10.01	4.727490095186311
10.02	6.088164281689114
10.03	5.073564678733098
10.04	3.783013541043989
10.05	2.752944657394206
10.06	3.9793273833658365
10.07	3.2410957549683035
10.08	3.527752944553815
10.09	4.04391215376474
10.1	3.29022806406061
10.11	1.7933719811774633
10.12	3.0304140532311115
10.13	2.263617517626237
10.14	2.229155403783819
10.15	2.9745763668688956
10.16	1.5154839525446961
10.17	1.2011635563212173
10.18	1.721124909108458
10.19	0.8009681013340312
10.2	1.0697981301098454
10.21	0.36133570347328814
10.22	-0.07213304764898676
10.23	1.8457701328427385
10.24	1.2781418017145394
10.25	0.6277634644833572
10.26	0.416284658215351
10.27	-0.17219495432352738
10.28	0.5065221644846184
10.29	0.27993338474391083
10.3	1.529548241666063
10.31	0.30357577719773576
10.32	0.31909195525146744
10.33	1.7310697198684921
10.34	0.5360090112961062
10.35	2.0470484965295084
10.36	1.27040744265785
10.37	2.445109922409562
10.38	2.1862244647187494
10.39	3.0262708356088277
10.4	1.9682248502631703
10.41	2.965673091551318
10.42	4.029191808521712
10.43	2.307042766242012
10.44	3.170541749914071
10.45	3.2921812663995005
10.46	4.64122178411929
10.47	4.11398241826301
10.48	5.335036960791776
10.49	5.387511914685585
10.5	6.033283039370374
10.51	7.02511754786252
10.52	5.944327873771281
10.53	6.894490687592357
10.54	6.763892427913397
10.55	7.5865145522143616
10.56	8.354835264236662
10.57	8.905065724039595
10.58	8.464442777149026
10.59	9.61047267307394
10.6	9.95193864936816
10.61	9.934819756854754
10.62	11.218924696095456
10.63	11.572417362225638
10.64	12.602037046293859
10.65	13.08061986402017
10.66	12.266416469105456
10.67	13.359085581243159
10.68	12.879390126069449
10.69	14.245974551310738
10.7	14.566016103517804
10.71	14.86915955906716
10.72	15.57930783385805
10.73	15.672760502378962
10.74	16.011248599162116
10.75	16.58803811611048
10.76	15.544908255881476
10.77	15.824672670384231
10.78	17.316538765563426
10.79	16.900124266559946
10.8	18.263715726276082
10.81	18.675479761521032
10.82	19.303481475599447
10.83	19.350056897982416
10.84	20.14451206390543
10.85	19.754410813854022
10.86	20.291989286303544
10.87	20.641312155066796
10.88	19.7623607285267
10.89	20.43847062595298
10.9	20.101475966358333
10.91	21.031505893061137
10.92	20.892407480624847
10.93	20.91334343544432
10.94	21.429590490392236
10.95	21.38398620140095
10.96	20.98002280755895
10.97	21.33552713388183
10.98	21.528566159228237
10.99	21.352503180502435
11.0	20.936855498779266
11.01	21.07722355690228
11.02	20.43130560062815
11.03	20.28820866878672
11.04	20.737735347183
11.05	21.308462381046354
11.06	20.78302734458327
11.07	20.162310141681214
11.08	19.990751856666467
11.09	20.454234773602714
11.1	20.562567913829778
11.11	20.098568469604135
11.12	19.299523601487955
11.13	19.00858144763062
11.14	19.427586760870582
11.15	18.381894199358513
11.16	17.812366167933906
11.17	18.37121863047215
11.18	17.756463926791103
11.19	17.252310722191336
11.2	16.914899383285334
11.21	15.608086779530607
11.22	16.023167054257343
11.23	15.368765108149185
11.24	14.759278305456212
11.25	15.606987584021908
11.26	15.10676232625985
11.27	14.199246329095509
11.28	12.843390518657111
11.29	13.4312480523582
11.3	12.447339324806928
11.31	12.376855367196317
11.32	11.446091793483905
11.33	11.193038852673364
11.34	11.017394090064002
11.35	10.20893973546463
11.36	10.075696966245099
11.37	10.105517915561327
11.38	10.023692348444174
11.39	8.772457722624107
11.4	8.762901513930954
11.41	7.487901223442586
11.42	7.942923893386642
11.43	6.686086927429417
11.44	6.206124489179485
11.45	5.6059816613072115
11.46	6.764195025307185
11.47	6.618717974519034
11.48	5.95902839839387
11.49	4.949375050153991
11.5	4.786799888729953
11.51	4.831838390766079
11.52	4.2737110432418595
11.53	2.817324695138582
11.54	3.322086386742818
11.55	4.371881673746176
11.56	2.9876885924604752
11.57	3.048131280654918
11.58	3.2575775746044306
11.59	2.634483203684234
11.6	3.202348539355314
11.61	2.44696805709467
11.62	2.5761375977285423
11.63	2.367204949493807
11.64	2.1384041149316757
11.65	2.474358933527947
11.66	2.275288427514025
11.67	1.596434854867012
11.68	1.1786958700941437
11.69	1.479910363569437
11.7	1.7435217320410579
11.71	1.503853837085494
11.72	1.2008887003919688
11.73	1.4259531718382008
11.74	1.2865055434081099
11.75	1.5933880225194952
11.76	2.3684083012592376
11.77	1.9004311265404372
11.78	2.3890629522043745
11.79	1.9888799486055395
11.8	1.8647682885728698
11.81	2.7343468445229213
11.82	1.9349991913616638
11.83	1.954364607127972
11.84	2.6542904769416964
11.85	3.2428559947489095
11.86	3.443377528110212
11.87	3.2049861741257235
11.88	3.443508755107349
11.89	3.9378263361076957
11.9	4.28383853058649
11.91	3.0203728668413032
11.92	2.991686935153273
11.93	4.242209226682311
11.94	5.59890086225945
11.95	5.676138163505297
11.96	6.320888952464001
11.97	5.63736291805741
11.98	6.048090531526329
11.99	6.213061124718906
12.0	7.269269738422824
12.01	7.662417940177509
12.02	7.0885888080202095
12.03	7.741938697276143
12.04	8.172004472034615
12.05	8.50881191412338
12.06	8.844246804480086
12.07	9.343343821238253
12.08	10.483819323239379
12.09	9.947482611496532
12.1	9.765817861360857
12.11	9.806950433530213
12.12	10.618977086121053
12.13	10.71798566360398
12.14	11.39793993668992
12.15	10.417034135949919
12.16	11.71248190897132
12.17	12.788393620939216
12.18	13.281784494882334
12.19	12.89225635147592
12.2	13.127071425603681
12.21	13.860976479827714
12.22	12.79441693005563
12.23	14.50283886091272
12.24	14.748568812297941
12.25	14.6178407669216
12.26	15.058736008064207
12.27	15.70594671233938
12.28	15.664587693154386
12.29	16.00485271788042
12.3	16.14052067209046
12.31	15.947276879000647
12.32	16.1542303088373
12.33	16.17640317088462
12.34	16.366179055419593
12.35	16.766653954347195
12.36	17.38899754814369
12.37	18.067496667855842
12.38	17.973150474909183
12.39	18.819251553941477
12.4	17.2774295938641
12.41	18.046933080909255
12.42	18.480976442808974
12.43	18.04562899433433
12.44	17.389808959210885
12.45	16.92402999905827
12.46	18.935527865724097
12.47	17.9486045466542
12.48	17.58642136409637
12.49	17.47559168730871
12.5	17.792005411001576
12.51	16.465424362144407
12.52	17.66321585437925
12.53	17.64264568356736
12.54	15.968897767592273
12.55	16.400381016825367
12.56	15.809856036727732
12.57	15.865366292686632
12.58	15.726343321546059
12.59	15.303402004430383
12.6	14.160898010901358
12.61	15.078317137400477
12.62	13.660406356084426
12.63	13.864376253921895
12.64	13.428817361906969
12.65	13.30074471863366
12.66	13.543424206420099
12.67	12.850032402681377
12.68	11.643706512683488
12.69	10.987428972479396
12.7	10.841449005179928
12.71	11.23400798193968
12.72	10.957733817240387
12.73	10.5683293169697
12.74	9.603899746379609
12.75	9.685020394563978
12.76	8.530404667662506
12.77	8.263268436181852
12.78	7.27541591250857
12.79	7.442003196529723
12.8	8.163314601612964
12.81	6.41325774853574
12.82	6.394500857032653
12.83	5.705516199737572
12.84	5.653872952521826
12.85	6.161213449074342
12.86	5.279861486562573
12.87	5.444105918225266
12.88	4.509633903582794
12.89	3.3606659195552897
12.9	3.700462374870147
12.91	3.011298284369367
12.92	2.7590929495576377
12.93	3.4113545387785034
12.94	3.647850529732703
12.95	3.273597267078204
12.96	2.59429139882717
12.97	2.556280021391678
12.98	1.8238305920828155
12.99	1.8605561544226084
13.0	1.5318150024395136
13.01	2.0019302770408216
13.02	1.6645270341831415
13.03	1.2553298144621388
13.04	0.9233359065466147
13.05	0.24958824650866068
13.06	0.6817769004627108
13.07	1.4404216966973076
13.08	1.488180809786373
13.09	1.5362465850778735
13.1	0.7686111018784674
13.11	0.7391236920074625
13.12	1.0695359275987117
13.13	0.6905752222360806
13.14	1.1010814379252403
13.15	2.4751630146073267
13.16	0.8162377739605695
13.17	1.0308292848788028
13.18	1.898521682184154
13.19	0.3719516226080215
13.2	1.3011569702236514
13.21	1.4525808580714994
13.22	2.747126358323213
13.23	2.737584377362481
13.24	2.188660648581457
13.25	2.603045067267727
13.26	3.1444810756273402
13.27	2.983559561381965
13.28	3.594280253787952
13.29	3.614319091534186
13.3	3.232698889740292
13.31	4.322938661659483
13.32	4.285362615268267
13.33	3.9081338403362995
13.34	5.555491650851399
13.35	4.570055941243625
13.36	5.836830741302154
13.37	5.857451745953473
13.38	5.734553645728822
13.39	6.06575944574242
13.4	7.896534069727961
13.41	7.763887190586947
13.42	8.317728119177868
13.43	8.564304013751517
13.44	8.742189001948592
13.45	9.043163940028474
13.46	9.598518051203746
13.47	9.743386803199545
13.48	11.730380336471022
13.49	10.522705028929169
13.5	10.54663565526596
13.51	12.827065175967265
13.52	12.083208829418977
13.53	12.610061395240033
13.54	12.981812860220858
13.55	13.497157758977323
13.56	14.686290389271116
13.57	14.294804497491578
13.58	14.841492519604287
13.59	15.683596979359534
13.6	16.602035927022797
13.61	16.68088661419749
13.62	16.091630107142777
13.63	17.35195895585137
13.64	18.95757374653028
13.65	18.36653238927732
13.66	19.98583835503506
13.67	19.862722228028296
13.68	20.763467172685015
13.69	19.56632115195684
13.7	20.989641297993305
13.71	20.94477438629295
13.72	20.41896011480187
13.73	21.409917652811302
13.74	20.47797976315251
13.75	21.485842315698484
13.76	21.677442940756556
13.77	22.74924208718729
13.78	22.167085075599505
13.79	21.358131943839965
13.8	21.270332210740563
13.81	22.240925797665756
13.82	22.430814373560445
13.83	21.35340557986117
13.84	21.81966510398047
13.85	21.53379921456442
13.86	20.011963900855775
13.87	21.268120831628398
13.88	20.412349028401135
13.89	20.3348552786732
13.9	18.574855087650942
13.91	19.58653079908634
13.92	19.454893800383985
13.93	18.536148091861776
13.94	18.10040103821196
13.95	18.58651931442354
13.96	17.942699210285376
13.97	16.389810296748117
13.98	16.25772454755121
13.99	15.209200831163415
14.0	15.137005233165146
14.01	15.677456166356336
14.02	14.57534626582103
14.03	14.143113893957741
14.04	13.337559312267054
14.05	12.964562030034175
14.06	12.279655133144264
14.07	11.563379017277763
14.08	10.794141598238008
14.09	10.49213110139688
14.1	9.52629149613376
14.11	9.921623907848645
14.12	8.938298676786202
14.13	8.603079620658258
14.14	7.769735479591893
14.15	7.799317373995247
14.16	6.689181080548352
14.17	7.5724416032804465
14.18	6.094691889896208
14.19	6.149167908139195
14.2	6.085243442431963
14.21	4.896789413594017
14.22	4.390359143422277
14.23	4.294698319104325
14.24	3.002014945412151
14.25	2.837128410903964
14.26	3.713108313480398
14.27	3.3839375640493206
14.28	2.355658403029583
14.29	2.1464116736417784
14.3	1.3634885200631144
14.31	2.328722644256203
14.32	0.5547331756201745
14.33	1.936388721856653
14.34	1.0695938443670343
14.35	0.9833587251325627
14.36	0.0023132224092142772
14.37	1.1667581254027364
14.38	0.6678394799632479
14.39	0.4508642898574774
14.4	0.6486174851018808
14.41	0.5954026848378293
14.42	1.4070224628845567
14.43	1.5687956677431032
14.44	1.7087015900438995
14.45	2.019225428985286
14.46	1.1893327280226553
14.47	1.425829257179684
14.48	1.2631582745690237
14.49	1.7037369652441934
14.5	1.7811177955727924
14.51	2.0866986310544964
14.52	1.643215512484992
14.53	2.281291828880453
14.54	1.6781891592137628
14.55	1.9086841895934437
14.56	1.7922476947127026
14.57	2.164713578862351
14.58	3.1904782961832927
14.59	3.7359658117448564
14.6	3.763262154212108
14.61	3.8857175935645056
14.62	3.240366592729224
14.63	4.87086042989274
14.64	4.4926016051201705
14.65	5.592279612196155
14.66	5.443368334696725
14.67	5.26096454696581
14.68	6.485070437110954
14.69	6.487419344456042
14.7	6.0772717780558505
14.71	7.1240232833162755
14.72	6.589318248360339
14.73	8.21121253635611
14.74	7.6370871863282375
14.75	7.9408791962167715
14.76	8.381704342603458
14.77	8.0927507295447
14.78	8.945365481375191
14.79	9.761570574899805
14.8	10.30496406487318
14.81	10.419380246967089
14.82	10.218652545834187
14.83	11.440343122122336
14.84	10.2906255841822
14.85	11.264484270260585
14.86	12.859292372898706
14.87	13.109395348993575
14.88	12.43130264387441
14.89	13.579218343954429
14.9	13.988710651586864
14.91	12.710258900874715
14.92	14.052562646912508
14.93	15.70254465333043
14.94	14.436680014613227
14.95	15.207145917410404
14.96	15.891329955450745
14.97	16.759632823604157
14.98	16.384972890088402
14.99	16.118780929807514
15.0	16.979480992176978
15.01	17.513659037575007
15.02	17.962005088716925
15.03	17.545139214520663
15.04	18.35746814576933
15.05	18.41600129470881
15.06	19.16851374943762
15.07	19.265098989992403
15.08	19.65946185208204
15.09	18.803894098398974
15.1	19.76328198528206
15.11	18.691728989084872
15.12	20.276375466755905
15.13	19.40386947034036
15.14	18.729381919453665
15.15	18.46141480801812
15.16	19.405460938619214
15.17	19.731361328690966
15.18	18.839718586247706
15.19	19.167458021935705
15.2	19.252859492022985
15.21	18.235456958912795
15.22	17.384417133583167
15.23	18.588805937461395
15.24	16.885549934077424
15.25	17.17806542684143
15.26	17.03390125564479
15.27	15.945688678341016
15.28	16.371043013317824
15.29	16.53617654568004
15.3	15.812404186429413
15.31	15.272815499489816
15.32	14.0672561946422
15.33	14.121969259066088
15.34	12.877814081550332
15.35	12.392351482002361
15.36	12.690940909748955
15.37	12.10886809101497
15.38	11.603310671105207
15.39	10.800938373886774
15.4	10.472344263268258
15.41	9.892901015538698
15.42	10.408487114894882
15.43	9.962554179535118
15.44	9.464868276530597
15.45	8.521767949122184
15.46	8.366214319439687
15.47	6.949165450661388
15.48	5.99518593481727
15.49	7.427559838268049
15.5	5.986352539970531
15.51	6.324338904640739
15.52	5.252215553965403
15.53	5.609223979579306
15.54	3.9679615796917305
15.55	3.634423141629786
15.56	3.5947489653025784
15.57	4.1268537559026335
15.58	3.6548355968234847
15.59	3.687047609479215
15.6	2.1219113224107127
15.61	2.7538101816840364
15.62	2.512955683641774
15.63	1.787608133660264
15.64	1.0975641184249638
15.65	1.0674228381253255
15.66	0.7385193437741229
15.67	2.3023674877867366
15.68	-1.0032608475869145
15.69	0.3526402149123727
15.7	0.6578040547701954
15.71	0.6707808082106379
15.72	0.15508017226464263
15.73	-0.6958431118805378
15.74	0.696800091588156
15.75	0.5593964198595665
15.76	0.47726538027574983
15.77	0.06884924943217775
15.78	0.23831565561463666
15.79	-0.35539892906486636
15.8	-0.2910392221485254
15.81	0.41886747789189926
15.82	-0.1815578677516676
15.83	0.1931113236918438
15.84	0.43531768990244224
15.85	1.0193188893612226
15.86	0.08388438722482272
15.87	2.396711871604867
15.88	1.2341938227413858
15.89	1.4240782136285812
15.9	1.7408272639329296
15.91	1.7881866870233403
15.92	1.8137993212717851
15.93	2.82443700525639
15.94	3.2017615780309567
15.95	2.533628860758922
15.96	3.4237542697640797
15.97	3.419602468493042
15.98	3.7364214167004395
15.99	3.2859236023310547
16.0	2.5147571320448807
16.01	4.315143895640994
16.02	5.429143311903088
16.03	4.656473177994748
16.04	5.229787161311375
16.05	5.525055301966392
16.06	6.659789373404273
16.07	7.048106222005181
16.08	6.582771201930808
16.09	7.352478165855481
16.1	8.022457068917808
16.11	8.405918158555965
16.12	7.841184513740434
16.13	9.154450848555827
16.14	9.515745036141087
16.15	10.862236881177287
16.16	9.030450088741743
16.17	10.622474069281521
16.18	10.240579101152747
16.19	11.850517278464302
16.2	11.807138355592082
16.21	11.444138230778785
16.22	12.075668545007213
16.23	12.25464356251115
16.24	12.810678410046936
16.25	13.709176677644935
16.26	13.58376715571415
16.27	14.689369639563907
16.28	14.447881036710259
16.29	15.111047878080345
16.3	14.970334674026926
16.31	15.353330508784087
16.32	16.187422942897243
16.33	16.677478442393415
16.34	16.29440827773207
16.35	15.252628586652039
16.36	17.32637031647802
16.37	17.44128218161572
16.38	17.04636636899324
16.39	17.859707225686755
16.4	17.42884569156349
16.41	17.889040872496615
16.42	18.166587659021882
16.43	17.53592955523675
16.44	17.885733706941352
16.45	18.17212937631572
16.46	16.95966179518665
16.47	18.380882219709104
16.48	18.346700467850134
16.49	18.39682305559121
16.5	18.252639234674035
16.51	17.303531045270773
16.52	17.217776615379385
16.53	18.10962107019688
16.54	17.885563232321307
16.55	18.182900942867224
16.56	16.92375006798495
16.57	17.70409504207844
16.58	17.018645477240483
16.59	18.0248346275982
16.6	17.027292389888977
16.61	16.384973718007217
16.62	16.604835434552495
16.63	15.982722430732663
16.64	17.01776733700142
16.65	15.709701824469445
16.66	16.152999540855905
16.67	15.1312855317701
16.68	15.320668654228635
16.69	14.077525563071228
16.7	15.316009854904785
16.71	13.60758634458719
16.72	12.428347357487924
16.73	13.488036368595946
16.74	13.230156322868172
16.75	11.352902212294289
16.76	11.518067105206516
16.77	11.639232705899856
16.78	11.505714603301561
16.79	9.954014218689606
16.8	9.927613140830159
16.81	9.617029275711191
16.82	9.029033257664352
16.83	8.416397374544431
16.84	8.768069519680447
16.85	8.00717016034598
16.86	8.01860537107983
16.87	7.2579315217783735
16.88	6.3735449036753105
16.89	5.3931571707017305
16.9	4.869757567210859
16.91	5.545694126123996
16.92	4.0195972378434845
16.93	4.472266150841368
16.94	4.270818827610759
16.95	2.980784369467405
16.96	3.741487255582139
16.97	3.2831580360377366
16.98	3.5102243613316104
16.99	2.7714902819896605
17.0	2.5273537566686963
17.01	1.8039632518101594
17.02	1.5960091768665845
17.03	1.5548667901645672
17.04	1.4788784358829237
17.05	1.1466770539130167
17.06	1.3869562210494146
17.07	-0.11970886654493518
17.08	-0.17574733216381122
17.09	1.1529366161399226
17.1	0.5766292576384443
17.11	0.5806132595761063
17.12	0.6805715892600113
17.13	0.6021094933870537
17.14	-0.07830096083845578
17.15	0.3517868155475112
17.16	0.6654361584698222
17.17	0.7858273402627555
17.18	0.3169564810278223
17.19	0.8071246797550677
17.2	0.48304719089522286
17.21	0.23680692584179236
17.22	1.930682196135862
17.23	0.5297863308742241
17.24	0.9478532710245525
17.25	1.0899545586987074
17.26	2.476855379645731
17.27	1.975804926065462
17.28	0.7105702598749601
17.29	2.1710696088858206
17.3	2.012047857918883
17.31	2.228245687458518
17.32	3.536001204967755
17.33	3.4089491525482103
17.34	2.9533288950389855
17.35	2.6848051027025286
17.36	3.750169132091849
17.37	2.9921391958300743
17.38	4.137825579770324
17.39	3.8509863130772115
17.4	4.167148172355827
17.41	5.524682752619304
17.42	5.1014026464815085
17.43	5.690372400582949
17.44	5.632372162748861
17.45	6.4917292733672625
17.46	7.515348502959883
17.47	6.913660225196907
17.48	7.589919796085985
17.49	7.800777318083691
17.5	8.75364126172256
17.51	9.301764066194783
17.52	8.736577991836175
17.53	9.32512405764333
17.54	10.126394668690978
17.55	10.946240562984853
17.56	10.331663211712247
17.57	10.990996741478718
17.58	13.007339903930742
17.59	12.629361074622835
17.6	13.519163144668449
17.61	12.626326674664577
17.62	13.130679760752303
17.63	14.651388736820063
17.64	14.337591423539948
17.65	15.080739263306082
17.66	14.404703425903607
17.67	14.817776985214913
17.68	15.637085216401255
17.69	15.23705690782507
17.7	16.19424004629749
17.71	15.962020885292517
17.72	15.711125930103927
17.73	16.270560901549093
17.74	16.836820068798396
17.75	16.874444359526365
17.76	17.36396587144784
17.77	17.02739045018153
17.78	17.09702398189261
17.79	16.981285651271214
17.8	16.334128905550056
17.81	16.8838817560125
17.82	17.96380685892409
17.83	15.831896765251418
17.84	16.878428342240298
17.85	15.87878514089992
17.86	16.98956307190479
17.87	16.271069890508134
17.88	15.299970611684461
17.89	15.81733574397787
17.9	15.835054209440537
17.91	15.099373070847424
17.92	15.15588070496277
17.93	14.694959134905861
17.94	14.197129312765165
17.95	13.533964092174632
17.96	13.629667731329015
17.97	12.92800795289875
17.98	12.952488231148587
17.99	12.869586979464374
18.0	12.705967070467656
18.01	12.288883393398814
18.02	11.649774860322378
18.03	10.754462158879202
18.04	10.838733968215399
18.05	9.694397585260514
18.06	9.941862919783572
18.07	9.9842624127881
18.08	8.807735879061745
18.09	8.427967646093713
18.1	6.6576943344630966
18.11	7.270832875024461
18.12	7.336138372281527
18.13	7.242070667251777
18.14	7.4716969954196175
18.15	6.122689143940029
18.16	6.350375546245256
18.17	5.47235444947959
18.18	4.6161700222040905
18.19	5.477024974993702
18.2	4.060220381701167
18.21	3.2239018989331365
18.22	4.63937677542169
18.23	4.674608031692654
18.24	4.455951612905796
18.25	2.33190196690963
18.26	3.8069019282294403
18.27	2.3185166644146737
18.28	1.7817081459580197
18.29	3.0869837960121416
18.3	1.8457724842883492
18.31	2.858795641320333
18.32	0.9571164693761546
18.33	2.554793045147421
18.34	1.7661186663203987
18.35	1.2808959211893298
18.36	2.6332118300226277
18.37	1.236351154690569
18.38	1.0614434523970493
18.39	1.4964867107667406
18.4	1.5983654008351962
18.41	1.6329570668224476
18.42	1.8769518037651862
18.43	1.9251008498375801
18.44	1.0637441428301868
18.45	2.3362430168518706
18.46	2.313843186501289
18.47	2.3660328663336765
18.48	2.290341013582066
18.49	2.022696292365141
18.5	3.964485182289549
18.51	2.4360401621395305
18.52	3.4370765544590856
18.53	3.496765050883156
18.54	4.172369460452557
18.55	3.7297378811152524
18.56	3.577546774758795
18.57	4.248554407816002
18.58	5.055644392665305
18.59	4.315558048158216
18.6	5.569020884888435
18.61	6.428949046065908
18.62	6.845477388036504
18.63	6.231436499067271
18.64	6.953230081256247
18.65	6.982506767244969
18.66	6.8054166984599025
18.67	9.131820519535507
18.68	7.570614358373156
18.69	8.835457668879462
18.7	8.614801571926703
18.71	9.91967833975927
18.72	10.187614395884202
18.73	9.660416067052621
18.74	11.06868474645184
18.75	11.416574880311462
18.76	11.62766705148133
18.77	12.257030270310418
18.78	12.13069210974641
18.79	12.08103030124457
18.8	13.053565850939414
18.81	14.568346806862234
18.82	14.118781163195003
18.83	14.697186342687584
18.84	14.73067475860279
18.85	14.31570152845972
18.86	14.50837029570506
18.87	14.434423690863582
18.88	14.651952700176295
18.89	14.988758455321989
18.9	15.911880016435042
18.91	15.992324248802278
18.92	15.324850157361093
18.93	15.821126116483105
18.94	15.506646558783729
18.95	15.54888329363746
18.96	15.80218255615374
18.97	15.597862028045322
18.98	15.587602963907615
18.99	14.806420523702547
19.0	15.11200601627378
19.01	15.255259116205625
19.02	14.885684209251826
19.03	14.672550774476461
19.04	14.217303570988983
19.05	12.363763139238024
19.06	13.45168533328862
19.07	12.254086417647542
19.08	13.751765005715304
19.09	12.16801204547001
19.1	11.386082775190712
19.11	12.616919104095675
19.12	12.044890938969782
19.13	11.841090801194694
19.14	11.505276039140634
19.15	10.853538187324737
19.16	9.79399649364743
19.17	10.339746221966703
19.18	9.363286740406561
19.19	9.032049539947222
19.2	9.416630821221542
19.21	8.218193178483986
19.22	5.742647379940566
19.23	7.84979696246253
19.24	7.112246918723026
19.25	6.819007439937304
19.26	5.938323051573148
19.27	4.912932928327227
19.28	4.737910106243483
19.29	5.76875452986621
19.3	4.922872294064968
19.31	4.49710487113259
19.32	3.796250900093681
19.33	2.677752528690644
19.34	3.9299476201996897
19.35	3.3942181879118256
19.36	2.2372464366348126
19.37	2.2296372088247582
19.38	2.455603334716261
19.39	2.1755598143878365
19.4	3.0922829952723663
19.41	1.8654453719526078
19.42	1.8453240635235906
19.43	2.0386925895797665
19.44	1.3161038732291588
19.45	1.6116311075634708
19.46	2.34744424157286
19.47	1.2216579101735903
19.48	0.9513674254356566
19.49	0.44763063763272193
19.5	0.5210177736730026
19.51	0.06510042222821555
19.52	0.19520267559492366
19.53	1.2609024100846413
19.54	0.14948895261914408
19.55	1.7814265042417015
19.56	1.1551652854065402
19.57	1.0999747049118451
19.58	1.237993064234506
19.59	1.181317323107547
19.6	0.7871304782734487
19.61	2.615242162106112
19.62	2.0195485265642823
19.63	3.33144971022365
19.64	2.880433648980901
19.65	2.939967447373426
19.66	3.5285909785661027
19.67	3.1937814516808776
19.68	3.9260163715702108
19.69	4.587654876422389
19.7	4.140735932427347
19.71	5.395316734627855
19.72	5.0622753550187545
19.73	6.561192473070965
19.74	6.0231323787220745
19.75	7.324225986162609
19.76	6.527206289040523
19.77	6.942615008802235
19.78	7.546523478550272
19.79	7.680900052046989
19.8	8.13815194499095
19.81	10.815464977384448
19.82	10.51341910449706
19.83	9.541382875545029
19.84	10.502423027964738
19.85	10.281822498377355
19.86	10.28272394474296
19.87	11.490152732794533
19.88	12.55788335415262
19.89	12.760038248006346
19.9	12.138018040720231
19.91	12.81296358686594
19.92	12.930329512503551
19.93	14.112470385641245
19.94	14.027890366442502
19.95	14.828963723624717
19.96	13.230631017612852
19.97	14.640376276129318
19.98	15.675659988666863
19.99	14.740258460821682
20.0	14.760426199669544
