10.01	28.925279667188253
10.02	29.199739025145217
10.03	28.23468709306111
10.04	28.100615818596268
10.05	27.40147692904132
10.06	27.070572613185256
10.07	26.480866277748014
10.08	26.299284594897692
10.09	25.590120740748755
10.1	24.78439714679426
10.11	24.112919387564265
10.12	23.814476897207403
10.13	23.221011688016027
10.14	22.050409174962244
10.15	21.30098434762507
10.16	20.755737016198136
10.17	19.830133330359963
10.18	18.883609929683747
10.19	18.383987604317724
10.2	17.041994669777257
10.21	16.619765278603758
10.22	16.07539625563784
10.23	15.243928190012793
10.24	14.61765628705826
10.25	13.368982267265194
10.26	12.761094745942762
10.27	11.623671123471418
10.28	11.366585783317007
10.29	10.889008444312395
10.3	10.706095322380506
10.31	9.81562913651391
10.32	9.284518875237922
10.33	8.492746846085275
10.34	8.459220736941292
10.35	7.414945506832359
10.36	6.902636936516083
10.37	6.632713709439996
10.38	6.457147794604487
10.39	6.108899088153625
10.4	5.482426963970437
10.41	5.718366410005747
10.42	4.950295924389468
10.43	4.548734294099632
10.44	4.531928296076067
10.45	4.249983592442937
10.46	3.9723147691412026
10.47	4.036181393105739
10.48	4.235238865550052
10.49	3.7947291314664704
10.5	3.5154363382430995
10.51	3.7268213833738217
10.52	3.8993730200715757
10.53	3.1203111733693114
10.54	3.2104557173220147
10.55	4.061920794600079
10.56	3.8301271472279845
10.57	3.6566311413402746
10.58	3.9288973854224034
10.59	3.8568117561567004
10.6	3.9690277193462378
10.61	4.46358971623992
10.62	4.978953141514115
10.63	5.127875728608014
10.64	5.2670412715469865
10.65	5.4622658832932265
10.66	6.14415349767045
10.67	6.499614073946314
10.68	7.326584687761269
10.69	7.739545503570218
10.7	8.193499284855337
10.71	8.932921567110421
10.72	9.437129814542006
10.73	10.206634606504517
10.74	10.921825606186426
10.75	11.955539512679074
10.76	12.571349953007838
10.77	13.755158008335634
10.78	14.15662184649778
10.79	15.27086670246877
10.8	16.054117052214007
10.81	16.668053028659767
10.82	17.547613924384592
10.83	18.72932990733229
10.84	18.876858398223337
10.85	19.819829099486427
10.86	20.893859816547305
10.87	21.743636964235016
10.88	22.465968982635932
10.89	22.611566786276335
10.9	23.443940289506102
10.91	24.048860352537144
10.92	24.770394716161803
10.93	25.684814183425487
10.94	25.89340914221727
10.95	26.466776703232664
10.96	26.97793757116551
10.97	27.69252429478687
10.98	27.430145930127363
10.99	28.24210360530893
11.0	28.873603607649695
11.01	29.574518543161393
11.02	29.26551470134346
11.03	29.728014302385212
11.04	30.077386181112853
11.05	29.843039754035853
11.06	30.199039462273685
11.07	30.43239971593768
11.08	30.549369732409048
11.09	29.971027648535035
11.1	30.510455188470804
11.11	30.364413967522484
11.12	30.722440455097008
11.13	30.74730789972704
11.14	30.223390818438286
11.15	29.704063103414647
11.16	30.801576418980577
11.17	29.76473356671401
11.18	29.740841162263326
11.19	29.663165126557782
11.2	28.839472763459163
11.21	28.862757298820256
11.22	28.351847088808423
11.23	27.993762960446507
11.24	27.636103253958872
11.25	26.63952874070555
11.26	26.42797120471883
11.27	25.44950190335869
11.28	25.57501925155263
11.29	24.512030742313886
11.3	23.97626546245777
11.31	23.85160993917598
11.32	22.8162714402243
11.33	22.026191378171237
11.34	21.389179853265954
11.35	20.714846996706136
11.36	19.709640054632015
11.37	19.049967650651123
11.38	18.23478666944462
11.39	17.822765994782696
11.4	16.766531491683004
11.41	15.73668482368634
11.42	15.047463411652197
11.43	14.570649390525157
11.44	13.651148314595721
11.45	12.390187407012197
11.46	12.269817658880502
11.47	10.9356796333252
11.48	10.475932875351079
11.49	10.171342945655296
11.5	9.32489949983628
11.51	8.427373024604867
11.52	8.000427815455996
11.53	7.363099003255684
11.54	6.9865172588518245
11.55	6.525390954266745
11.56	5.731088056169334
11.57	5.372698854556184
11.58	4.88813727036081
11.59	4.7484653928523
11.6	4.085587166144331
11.61	3.138473279437759
11.62	3.431405789617274
11.63	2.597409780768306
11.64	3.1396438712955517
11.65	2.6430789811394697
11.66	2.15990449514796
11.67	2.4999118631656234
11.68	2.4624787005742603
11.69	1.5219700437892048
11.7	1.3604264652228955
11.71	0.7973305701612097
11.72	0.9126005805570685
11.73	1.1874781816714233
11.74	0.9910661175404547
11.75	0.7901129188276537
11.76	1.023440561235483
11.77	1.0791028433890464
11.78	0.8861924692099424
11.79	0.9993195568909768
11.8	1.1326448722197626
11.81	0.9558643908049442
11.82	1.3983757501223295
11.83	0.859589080652202
11.84	1.352299495170348
11.85	1.1993205863004082
11.86	1.2870264214372344
11.87	1.204933557862517
11.88	1.7256442785184252
11.89	1.6847043952327045
11.9	1.4450969297745875
11.91	2.3388206599107226
11.92	2.1654361720597786
11.93	1.9672129848016982
11.94	2.7409201243760104
11.95	2.8880369031168724
11.96	3.520798856090602
11.97	3.465802873582596
11.98	3.4592759338157846
11.99	4.617565164465243
12.0	5.079789228651311
12.01	4.971828143676582
12.02	5.868020413494136
12.03	6.322542131629911
12.04	6.516470202294169
12.05	8.127959397474315
12.06	8.204730797883272
12.07	8.81804158646023
12.08	9.177313155362066
12.09	10.240676755673208
12.1	11.100972904848359
12.11	11.153228236948292
12.12	11.847241872319874
12.13	13.317196720508559
12.14	13.61825801674573
12.15	14.688856473430103
12.16	15.249415805280139
12.17	16.273327253188306
12.18	16.33395752575137
12.19	17.496451714074176
12.2	18.209174873143496
12.21	18.960811310160587
12.22	19.616699181316655
12.23	20.139383801295043
12.24	21.175682999606554
12.25	21.76076306104006
12.26	22.347286208362334
12.27	22.627076384014078
12.28	23.19153370284648
12.29	23.967346545588835
12.3	24.322575026263245
12.31	24.929563558406006
12.32	24.849670819210647
12.33	25.79934473973577
12.34	26.650389471301803
12.35	26.740006407487574
12.36	27.11920627566748
12.37	27.1384178697299
12.38	27.3570926096074
12.39	27.064150210666085
12.4	27.73819122355671
12.41	27.747539045709235
12.42	28.15298183178376
12.43	28.974363117851677
12.44	28.795837625690915
12.45	28.93417717027589
12.46	29.75120445013451
12.47	29.470797360152932
12.48	29.440940093222544
12.49	29.355445277221776
12.5	29.852947542963815
12.51	29.536952200763025
12.52	29.25567263510269
12.53	29.549489533123268
12.54	29.80909220672373
12.55	29.559719740565257
12.56	29.424253117116567
12.57	29.81084181117674
12.58	29.66660379232045
12.59	29.035681570044705
12.6	29.125276987975667
12.61	29.237739951404397
12.62	29.35133813159456
12.63	29.024971252460194
12.64	29.234457804965313
12.65	29.369710344813374
12.66	28.899874871786395
12.67	28.17326735571032
12.68	27.39779972062061
12.69	27.911012933529644
12.7	27.87410644811953
12.71	27.896378082699304
12.72	27.00291422466074
12.73	26.724290815904162
12.74	26.909320385156857
12.75	26.063433977972462
12.76	25.627356156690738
12.77	25.116572496703547
12.78	24.57419802167434
12.79	24.721275107762356
12.8	23.98467381810063
12.81	22.76613571412267
12.82	23.13356493770196
12.83	22.110221238347787
12.84	21.48737924120405
12.85	21.13099192352892
12.86	20.25888107243126
12.87	19.530420672279043
12.88	19.3621211463102
12.89	18.966525424639833
12.9	18.5555380105039
12.91	17.48063582536323
12.92	16.523274799114585
12.93	16.296895481589633
12.94	15.534003100879557
12.95	14.45738262355098
12.96	14.12811411119884
12.97	13.25710747713624
12.98	12.713911295151888
12.99	12.123246961879616
13.0	10.896623897010143
13.01	11.012404957166225
13.02	10.985515903155562
13.03	10.174951362522378
13.04	9.59964921006426
13.05	9.851943701842483
13.06	9.156609119177386
13.07	8.036351876571644
13.08	7.73070685847412
13.09	7.2105379444530096
13.1	7.31285381954708
13.11	6.69724410352467
13.12	6.519753099409137
13.13	6.712358361760877
13.14	6.186811310019746
13.15	5.786934513505246
13.16	5.062482249329153
13.17	5.352519639012516
13.18	5.163764562008029
13.19	5.1617866782321205
13.2	4.802608044621913
13.21	4.511517830475573
13.22	4.283761251839749
13.23	4.314619371284958
13.24	3.781470613543633
13.25	4.2527271996752765
13.26	4.1741047212580344
13.27	3.740956886482607
13.28	4.131547982702469
13.29	3.849610306337508
13.3	4.187178319836598
13.31	3.8456891066579084
13.32	4.485717631069991
13.33	4.417737712613603
13.34	4.100155706445907
13.35	4.36977673439413
13.36	4.6872187087480475
13.37	4.37925838229911
13.38	4.569666155062388
13.39	4.837710595739161
13.4	5.377436605095551
13.41	5.305640078912338
13.42	5.916283691019238
13.43	5.889754149139634
13.44	5.886854064405205
13.45	6.694482721871472
13.46	6.575114829000487
13.47	7.036458421698134
13.48	7.736266387229074
13.49	7.990959871942075
13.5	8.390844243630228
13.51	9.443966325684535
13.52	9.314978790680271
13.53	9.790533845878285
13.54	10.425605292065395
13.55	10.746662973536
13.56	10.910538570948415
13.57	11.943481210312738
13.58	13.07895896515109
13.59	13.454290948633178
13.6	13.941492790978833
13.61	13.879898264819321
13.62	15.463210789224656
13.63	15.824241422997842
13.64	16.393311087625506
13.65	16.647574876525937
13.66	17.40346647332437
13.67	18.141351632282635
13.68	19.00661313686331
13.69	19.416320998382
13.7	20.18811390038112
13.71	20.399420392961215
13.72	20.85500121398046
13.73	21.70671411270637
13.74	22.223830837522566
13.75	22.20440873558346
13.76	23.229284763301276
13.77	23.28288772603337
13.78	23.91044042416479
13.79	24.184631299862463
13.8	24.424836305862115
13.81	24.854734665083722
13.82	24.828775501618214
13.83	24.864481073845862
13.84	25.837030960662645
13.85	25.947277452718712
13.86	25.787799394628383
13.87	26.139439845912534
13.88	26.353238975080245
13.89	26.496592527472803
13.9	26.684707890848085
13.91	26.41500279121637
13.92	26.70350728122291
13.93	26.410479313815088
13.94	26.64850444201078
13.95	27.024414173312277
13.96	26.98406913361622
13.97	27.041323559270072
13.98	26.75552790849765
13.99	26.349251441431484
14.0	26.645690457171852
14.01	26.52396716949808
14.02	26.49070651773172
14.03	26.629001426460853
14.04	26.511762669137077
14.05	26.89157133434071
14.06	26.14929942132335
14.07	26.295453730453186
14.08	26.072269846087046
14.09	25.977473378895155
14.1	25.71642202193354
14.11	25.544641574056932
14.12	24.83377629842327
14.13	24.87493461245408
14.14	25.084578524867016
14.15	24.530020523008112
14.16	24.05833367294621
14.17	23.96361387150409
14.18	23.55827724389105
14.19	23.293427507545466
14.2	22.465800879749267
14.21	22.33504906630121
14.22	21.682921167281453
14.23	21.309212684456494
14.24	20.37877988251502
14.25	20.665163635357697
14.26	19.56178718371538
14.27	18.797163232490927
14.28	18.61402508516077
14.29	17.89324621795597
14.3	16.49761674919664
14.31	16.184440105843176
14.32	16.075887500458524
14.33	14.615281391645068
14.34	13.765598165043732
14.35	13.502400008549767
14.36	12.801573836154427
14.37	12.347209443135807
14.38	10.989449339611454
14.39	10.830587398034663
14.4	10.181351045045899
14.41	9.201572540692858
14.42	8.652941459284081
14.43	8.077377314212061
14.44	7.71822124216836
14.45	7.433126519754701
14.46	6.177501429503704
14.47	6.110764493162322
14.48	5.6888441525995965
14.49	5.109438249548515
14.5	5.030409210691014
14.51	4.463136477596899
14.52	3.8209552004282976
14.53	3.5916549725122104
14.54	2.4052934782477533
14.55	2.5727911793381892
14.56	2.8435758627384398
14.57	2.4410524182155853
14.58	1.913401052831564
14.59	1.7985433761792877
14.6	1.8015833784067599
14.61	1.432936406037836
14.62	1.6351333066167755
14.63	1.3502364039473198
14.64	1.0101180775428955
14.65	0.8373554497283915
14.66	1.1283164921716806
14.67	0.8480236448148503
14.68	0.9715741532937481
14.69	0.8784353487001892
14.7	0.9658945824767337
14.71	1.2266487885075743
14.72	1.2773448777803877
14.73	1.1874121680101095
14.74	1.2130162539068978
14.75	1.7640521606175175
14.76	1.5947723426838183
14.77	2.3421210575746767
14.78	2.4379714396275087
14.79	2.8414741615835717
14.8	3.184653386662667
14.81	3.1816608174790577
14.82	3.7100383623169666
14.83	4.477979529743826
14.84	4.920758615416519
14.85	5.190992896462012
14.86	5.565498374805358
14.87	6.6327527487778335
14.88	7.455450282576015
14.89	7.930822521413628
14.9	8.427359572988113
14.91	9.013200405666039
14.92	9.541040765589775
14.93	10.839606471782053
14.94	11.2238379723009
14.95	12.150751095653627
14.96	13.142721182448776
14.97	13.437509933399202
14.98	14.408441287576897
14.99	15.20247519383905
15.0	16.044584664378508
15.01	16.664900785086665
15.02	17.31540099553108
15.03	17.69040135117234
15.04	19.09693452439129
15.05	19.64460528784074
15.06	19.962298201812228
15.07	20.77992266403824
15.08	21.557104928396836
15.09	22.12926056605042
15.1	22.332158992224418
15.11	22.736339859215697
15.12	23.919021005230324
15.13	24.090708774605893
15.14	25.107789950469446
15.15	25.089990350879365
15.16	25.499161302065374
15.17	25.901391459150506
15.18	26.054754868517964
15.19	26.610032318118336
15.2	27.10533702957543
15.21	26.858818290029085
15.22	27.46136237253964
15.23	27.19549294198598
15.24	27.57132079983084
15.25	27.340162918872117
15.26	27.958249724720986
15.27	27.57159580025058
15.28	28.135820874079688
15.29	27.623114767755848
15.3	27.55911999392593
15.31	27.645426530536334
15.32	27.98727788697755
15.33	28.036329594264927
15.34	27.761199461971927
15.35	27.734974169744728
15.36	27.515995401381584
15.37	27.53665604809096
15.38	26.93170644883433
15.39	26.9022084887181
15.4	26.90761668896742
15.41	26.661866205558944
15.42	26.100553882629114
15.43	25.650388042167023
15.44	25.515302295004375
15.45	24.900949150029493
15.46	24.313707985982454
15.47	24.15107522390198
15.48	23.718270914855697
15.49	23.10115722662336
15.5	22.220787299660746
15.51	21.73758656457832
15.52	20.886131776448458
15.53	20.826753293237232
15.54	19.298101325271514
15.55	19.147327604197482
15.56	18.081826619204243
15.57	17.428504835829525
15.58	16.806598589668567
15.59	16.27691041898366
15.6	15.887195720842083
15.61	14.543185833867375
15.62	13.592035243551258
15.63	13.051756217157093
15.64	12.547170338416873
15.65	11.484629257042744
15.66	10.848518935969684
15.67	9.79012702680919
15.68	9.59961831705373
15.69	9.269118533318853
15.7	7.676531995311735
15.71	7.322003889293571
15.72	6.765572000105865
15.73	5.966614373617525
15.74	5.387994911437052
15.75	5.404486317286791
15.76	4.4547571794689365
15.77	4.691100548734972
15.78	3.7384280940432437
15.79	2.519975357183781
15.8	3.167648883619482
15.81	2.4592475256545985
15.82	2.158060450637273
15.83	1.925393319972514
15.84	1.6464253731951528
15.85	1.4341298654085401
15.86	0.7536924817431436
15.87	0.7505284934942976
15.88	0.28093984708319164
15.89	1.0089174769425715
15.9	0.8130203158263579
15.91	-0.12199219696088179
15.92	-0.011613455375059254
15.93	-0.04826556404292884
15.94	0.017396038306833478
15.95	-0.2646135346706674
15.96	0.15641794066868167
15.97	0.45350615025750246
15.98	0.10976735917207701
15.99	0.7577721699798698
16.0	1.0156245119265874
16.01	1.1440323555004857
16.02	1.4145779994550987
16.03	1.4292712786295885
16.04	2.1256792711400125
16.05	2.1144764004881194
16.06	2.997145157693169
16.07	2.9394468169961843
16.08	3.7791431042470323
16.09	4.256638582075306
16.1	4.373261069665225
16.11	5.86565138446741
16.12	6.250549616371191
16.13	6.0119235080350615
16.14	6.732622479732305
16.15	8.195122646461481
16.16	8.994464513927792
16.17	9.743560981415609
16.18	10.052048784757144
16.19	10.710810996501323
16.2	11.66866726957294
16.21	12.722888080612789
16.22	13.26768979542337
16.23	14.033621771845006
16.24	14.837121385438127
16.25	15.47235433895952
16.26	16.539995979945786
16.27	17.19099747639572
16.28	17.68316699576917
16.29	18.56677632241261
16.3	19.041467623055475
16.31	19.86803059775856
16.32	20.641024141147724
16.33	21.0049734113718
16.34	21.279530030090495
16.35	22.088360533199907
16.36	22.662202696407235
16.37	23.126779156493345
16.38	24.061833993219768
16.39	23.76826275467601
16.4	24.575531542554288
16.41	24.95445678027881
16.42	25.554145076936138
16.43	25.745151608399045
16.44	25.947873287299696
16.45	25.877649350666353
16.46	26.76663496026015
16.47	26.630360458277327
16.48	27.231079262886393
16.49	27.589979982738598
16.5	27.343139145726777
16.51	27.843533181702565
16.52	27.6909553020765
16.53	27.705319343540253
16.54	27.642860376353394
16.55	27.29421461393514
16.56	27.78499026929042
16.57	27.61735515265683
16.58	28.789970655220102
16.59	28.252963367535646
16.6	28.086832289659863
16.61	28.016631514362135
16.62	28.021699021012747
16.63	27.991489699082074
16.64	27.459515683693848
16.65	27.786051710369897
16.66	27.619796541264474
16.67	27.610433124760632
16.68	27.394950351712843
16.69	26.655058816536144
16.7	26.4037853362395
16.71	26.202827122767395
16.72	25.72624535960488
16.73	25.73924119024377
16.74	24.936125717978957
16.75	24.97018913475608
16.76	24.377019108109366
16.77	23.580656065771574
16.78	23.243067739837425
16.79	22.914723248460003
16.8	22.693387456679407
16.81	21.685149717488564
16.82	21.474100626158727
16.83	20.842877444687307
16.84	20.376957901122072
16.85	19.38731068455675
16.86	18.814857276431027
16.87	18.124022162237086
16.88	17.32413013077668
16.89	17.138092695949442
16.9	16.488150010508623
16.91	15.689797885241074
16.92	14.779311575560522
16.93	14.543487129161905
16.94	14.124965002936802
16.95	13.360900303060872
16.96	12.498983240272345
16.97	11.968097887324099
16.98	11.073656666732418
16.99	10.99369465483625
17.0	10.392843183439634
17.01	9.853475665153802
17.02	9.47829600371704
17.03	9.08734489319263
17.04	8.260168735003672
17.05	7.42826768524319
17.06	7.505980234007619
17.07	7.165910230796613
17.08	7.135516114811059
17.09	6.666548333962257
17.1	5.64817525680474
17.11	5.387575602556855
17.12	5.528580725625044
17.13	5.341560287390248
17.14	4.802262194928877
17.15	5.21568115491809
17.16	4.080564802762183
17.17	4.112129571252431
17.18	3.976120614257392
17.19	4.076509942294694
17.2	3.872040910984939
17.21	4.159933561602628
17.22	4.143368179639826
17.23	3.7428409658663515
17.24	3.917788845705062
17.25	3.6658724773076927
17.26	3.6068940508980067
17.27	3.635130061990415
17.28	3.8146597274886567
17.29	3.7469280763161956
17.3	3.9233677026819507
17.31	4.148521574338835
17.32	4.136018254864217
17.33	4.545104231787282
17.34	5.129683339848406
17.35	5.054712435843205
17.36	5.92110091223549
17.37	5.52720825530438
17.38	5.911911380045388
17.39	6.380857420109886
17.4	6.580293476937583
17.41	6.9024676871189685
17.42	7.658521352390705
17.43	8.005968501981092
17.44	8.899170820375996
17.45	9.147824399957535
17.46	9.978944906438173
17.47	10.295097680796024
17.48	10.878892993390059
17.49	11.620167305067534
17.5	12.414081419452836
17.51	13.093266853233573
17.52	13.893321732111353
17.53	14.986189860123533
17.54	15.351571666297268
17.55	16.097452677014804
17.56	16.599994444913772
17.57	17.163153991148956
17.58	18.22423243544137
17.59	18.678463106242294
17.6	18.878390140135355
17.61	20.206271042652997
17.62	20.761910254778492
17.63	21.06102191486637
17.64	22.145025615326077
17.65	21.81913275211376
17.66	22.67881099444079
17.67	23.62289290905457
17.68	23.79828077323014
17.69	24.384833804395587
17.7	25.18612794068148
17.71	25.262437092188293
17.72	24.97703239800194
17.73	26.033836657743628
17.74	26.221216077109947
17.75	26.24986867157999
17.76	26.69362416815832
17.77	26.822155996607666
17.78	26.709289077055708
17.79	26.88630576224561
17.8	27.26345781183414
17.81	27.133707629251905
17.82	27.531503863026323
17.83	27.720064546089738
17.84	27.339324893138485
17.85	27.708956354946718
17.86	27.099721433122227
17.87	27.24615215779108
17.88	27.269085230827148
17.89	27.220701223029984
17.9	26.759047683546054
17.91	26.709097085003286
17.92	26.620565324948828
17.93	26.176286579545454
17.94	25.866676109938535
17.95	25.79219132691337
17.96	25.17776789093322
17.97	24.03314952337809
17.98	23.90780735983086
17.99	23.53809389673467
18.0	22.91347165117251
18.01	22.31100495427286
18.02	21.71823828341798
18.03	21.709039203936598
18.04	20.74688735361452
18.05	19.194221823460314
18.06	18.770754598455692
18.07	18.524762055794668
18.08	17.819581006795065
18.09	16.815843424486708
18.1	16.302407489335188
18.11	15.75551037810638
18.12	14.745692114972488
18.13	13.70919108558088
18.14	13.334767282816163
18.15	12.892678504570176
18.16	12.057916132298512
18.17	11.9232376160003
18.18	11.209338265156507
18.19	10.967607025071905
18.2	10.177236246548484
18.21	9.81947922985539
18.22	9.094503844362722
18.23	8.18768602081552
18.24	8.079816211520946
18.25	8.349575340316399
18.26	7.509399705463126
18.27	6.526122068773595
18.28	6.601483820729964
18.29	6.211060224268482
18.3	5.8130284125611205
18.31	5.415843239177079
18.32	4.928264816981711
18.33	4.855366591217496
18.34	4.428754554195661
18.35	4.515234732481049
18.36	4.5127295519147586
18.37	4.314532155049234
18.38	3.731110181553901
18.39	3.5863214731151505
18.4	3.752651551608111
18.41	3.7747417652722324
18.42	3.9552518585210565
18.43	3.8897090633275115
18.44	3.5059161225411124
18.45	4.150452732683471
18.46	4.044889951610415
18.47	3.818482915604273
18.48	3.514226504662934
18.49	3.8360355604414407
18.5	4.111665558762346
18.51	4.2696951655177315
18.52	4.52052680832344
18.53	4.4174753852377835
18.54	5.044897995625385
18.55	5.160677087329894
18.56	5.580980733575427
18.57	5.7184245916506775
18.58	6.4644243431792505
18.59	7.317466345551982
18.6	8.211948107708224
18.61	7.791480612978456
18.62	8.648772636667616
18.63	9.747528218508446
18.64	10.07459843271171
18.65	10.817421615362628
18.66	11.481952934503482
18.67	11.936863266769436
18.68	13.617310534896735
18.69	13.598292812003109
18.7	13.426695824882424
18.71	15.361125277031363
18.72	15.8860590347928
18.73	16.66579268399203
18.74	17.4411568269771
18.75	18.112598689001327
18.76	19.295282773566573
18.77	19.511363861263256
18.78	20.375973337086474
18.79	20.576023847266985
18.8	21.85603078418638
18.81	21.9098589668611
18.82	22.84764721367113
18.83	23.50874797426042
18.84	23.703255326345676
18.85	24.66252454786399
18.86	24.9262257447743
18.87	24.983803503580667
18.88	25.280448065196808
18.89	25.82366382400991
18.9	26.308284831633486
18.91	26.51075614287525
18.92	26.27177216507292
18.93	27.015784744530333
18.94	26.890081021297092
18.95	27.37124002268652
18.96	27.630091789173704
18.97	27.7065148069981
18.98	27.899666061129153
18.99	27.664034052853253
19.0	27.87694903185724
19.01	27.422557618289805
19.02	27.824384336390857
19.03	27.561421495729178
19.04	27.738987138784225
19.05	27.446146175903518
19.06	26.99197243010154
19.07	27.401539060939918
19.08	27.26794442696657
19.09	26.711933419948924
19.1	26.44203221474465
19.11	26.275773770913535
19.12	26.034655196240013
19.13	26.162407085388498
19.14	25.751015985999995
19.15	24.789194948028445
19.16	24.99280205431817
19.17	24.029816885589867
19.18	23.677478334886423
19.19	23.454508786952047
19.2	22.959118975755537
19.21	21.99655310502831
19.22	21.769041822379982
19.23	20.909600198739543
19.24	20.709841757444302
19.25	18.956334542268333
19.26	18.875863358488715
19.27	18.4143319112926
19.28	17.621526303521584
19.29	16.53337013043457
19.3	16.597786678980096
19.31	15.519863544743089
19.32	14.81612181955506
19.33	13.640672646372032
19.34	13.07592983506428
19.35	12.598853248732938
19.36	12.009516379042925
19.37	11.377163484333435
19.38	10.631854157329368
19.39	10.167840823173993
19.4	9.350854715990144
19.41	8.542884928420884
19.42	7.899379718154241
19.43	7.149752289908942
19.44	6.37631467084028
19.45	6.605377169582077
19.46	5.689115319902861
19.47	5.313296175834302
19.48	5.383229060889518
19.49	4.1495901794538925
19.5	3.968351412867837
19.51	3.4024938780475322
19.52	2.4955749887193974
19.53	2.6094783937414188
19.54	2.3663250846653576
19.55	1.7845729813513502
19.56	2.0672575694609776
19.57	1.324135045926805
19.58	1.5728091323816813
19.59	1.9154939518106484
19.6	1.1521599047009572
19.61	1.1636236263566773
19.62	0.9133518418945094
19.63	0.6446013158980869
19.64	-0.1403237935102707
19.65	-0.24982574628827767
19.66	0.6467555963608284
19.67	0.604391541947707
19.68	0.15917161864169446
19.69	0.36830994383177934
19.7	-0.16502901898366304
19.71	-0.1063563333025463
19.72	0.7169515720781187
19.73	0.6912898461048067
19.74	0.6482656298937495
19.75	0.6625890050609651
19.76	0.6402394918166726
19.77	1.3204323741315143
19.78	1.5610590885097193
19.79	1.7652150011579475
19.8	1.5173781531202775
19.81	1.8314148564942894
19.82	2.327261308363281
19.83	2.1664372250454513
19.84	2.6572024787032276
19.85	3.4580176671517826
19.86	3.5252248052916393
19.87	4.439464967952293
19.88	4.704820199881754
19.89	4.881926005770664
19.9	5.5358561528748265
19.91	6.111796644462578
19.92	7.010846385807616
19.93	7.41941286143736
19.94	7.985944728757757
19.95	8.047890373785526
19.96	9.304566106147945
19.97	9.887977249821171
19.98	10.803585689201329
19.99	10.738604192772712
20.0	11.042904094278475
