10.01	2.5301193827347204
10.02	3.332864902817448
10.03	3.4774347759013544
10.04	3.3252309831056266
10.05	3.211604003154597
10.06	3.495996104061557
10.07	2.380686106717776
10.08	3.1186836736749344
10.09	3.2401397772430385
10.1	2.9211481693819588
10.11	2.791767200776599
10.12	3.7568331969498274
10.13	3.2246533762512826
10.14	2.1643227074312708
10.15	3.135907747997887
10.16	2.6315881701275474
10.17	3.2882802756750475
10.18	2.138180925375259
10.19	2.9956039719452208
10.2	2.7321307165809823
10.21	2.10198218886979
10.22	2.3982851449314744
10.23	2.420651778705839
10.24	2.182232595140214
10.25	2.098803646395081
10.26	0.31311099263468045
10.27	2.0152242301629535
10.28	1.8726715407967265
10.29	1.7641519510647115
10.3	1.8339609245937105
10.31	2.173851930782559
10.32	1.4590926597746028
10.33	0.8859235260297793
10.34	1.7826206495954862
10.35	1.4061751937566078
10.36	1.1154892367784368
10.37	1.0202397177994875
10.38	1.4425720294568176
10.39	0.1325990738566628
10.4	0.5964568605730998
10.41	0.2892699519090224
10.42	0.9299349798211627
10.43	0.3356595676499342
10.44	-0.8682295678611941
10.45	-0.04814926247331652
10.46	-0.34713191309346075
10.47	-0.38993594168921547
10.48	0.12461106177572806
10.49	0.454044518192709
10.5	0.49161301806034285
10.51	0.05546774754689213
10.52	0.020953269732721384
10.53	-0.015588834202331722
10.54	-0.2752961468620399
10.55	-0.08771977351315338
10.56	-1.0943289120806776
10.57	-1.2526692973124673
10.58	1.0010417189600083
10.59	0.4993220843017407
10.6	-0.043819479668667186
10.61	0.10781474414444223
10.62	-0.4307342908357319
10.63	-0.22487058011601316
10.64	0.062208823666564286
10.65	-0.01715999268860468
10.66	-0.5456188379276923
10.67	0.30414544992759796
10.68	0.1209083588882923
10.69	0.3258090092551249
10.7	0.25048688251956436
10.71	-0.7326541834651588
10.72	1.8746088996079355
10.73	0.47929272732338446
10.74	-0.3550311378214924
10.75	-0.14734274253044688
10.76	0.8599198796117208
10.77	1.1579844917887472
10.78	1.0000763736344518
10.79	-0.09280083769273073
10.8	0.6036822342346978
10.81	0.28795945877461476
10.82	0.42387653625703403
10.83	1.2271830867306561
10.84	0.5583348212722842
10.85	0.8835761922159092
10.86	0.5042848130260918
10.87	0.48690468240590135
10.88	1.1405556400251846
10.89	1.6670953051850224
10.9	0.7863269010451641
10.91	0.96352630175219
10.92	2.132805590469146
10.93	1.149282355281042
10.94	0.9139066942921592
10.95	1.6745889463102936
10.96	0.4351041911237452
10.97	0.40817397028155966
10.98	1.6523570996010235
10.99	1.90473106562835
11.0	-0.07000433814717255
11.01	0.6428137788551767
11.02	1.4039649239813603
11.03	0.8792975298710659
11.04	0.07397495461591086
11.05	0.909370396707308
11.06	-0.10995431334249162
11.07	-0.18915290722067435
11.08	1.1460040651174042
11.09	1.7852731250415976
11.1	1.1396158014112927
11.11	0.5193514093014079
11.12	0.4413664059688932
11.13	1.154135497147926
11.14	1.6604998813653538
11.15	0.7190083588489957
11.16	0.3996546273782134
11.17	0.854480315839002
11.18	0.47710129359719083
11.19	1.5761402639301567
11.2	1.6541700882820223
11.21	1.224445470572995
11.22	0.5948827186821194
11.23	1.0913715364221674
11.24	0.7198767277636562
11.25	0.7315911410017254
11.26	1.5717972889303118
11.27	2.0505098709973457
11.28	1.9916668206635246
11.29	0.9687168776901551
11.3	1.2978106958908207
11.31	0.9723712209711104
11.32	1.0436171998399781
11.33	1.4316692757170784
11.34	0.3340542702344136
11.35	0.9491002424127136
11.36	2.1963477605742034
11.37	1.0012887269520943
11.38	2.07390298558226
11.39	1.709738598994492
11.4	0.37905879396430153
11.41	1.2339621410053525
11.42	0.7215494103936202
11.43	2.3474202886949636
11.44	2.06478960908677
11.45	2.6465227950247026
11.46	1.6472413114106539
11.47	2.0187062440075607
11.48	1.8597792485913596
11.49	1.9641497982329945
11.5	2.7906122084337905
11.51	2.003006806049996
11.52	2.3201800614041854
11.53	3.0197670319031262
11.54	2.357667066924493
11.55	2.022332919865674
11.56	2.4263185488124797
11.57	2.7748083587303496
11.58	2.090840251725804
11.59	2.512726924244174
11.6	2.803359686773854
11.61	3.1133474403862413
11.62	2.9034698763790807
11.63	2.2819606139270374
11.64	1.7981198301332322
11.65	1.7855359355205551
11.66	2.1355649603706266
11.67	2.4305003305720767
11.68	2.027605970965282
11.69	3.8888748427639035
11.7	2.9773667151777703
11.71	2.467484268051827
11.72	2.35313384569064
11.73	2.2023570686761946
11.74	2.1998064623768085
11.75	2.3913396228408015
11.76	3.548254045506527
11.77	3.7120727201889796
11.78	2.1501762126745594
11.79	2.303716173942185
11.8	2.3108701739426327
11.81	2.7073905994569696
11.82	1.8251831405817796
11.83	1.5241598528035603
11.84	2.5369645483845105
11.85	1.7625692721463202
11.86	2.0950918678152393
11.87	2.3451981612810813
11.88	1.6280480708023657
11.89	2.1701604454493784
11.9	1.8419661619235013
11.91	2.0045168462718763
11.92	2.439321876886512
11.93	1.238128851916049
11.94	1.797652800395615
11.95	2.848520999121036
11.96	2.0305706327412674
11.97	1.9789778307177104
11.98	1.8808799706449584
11.99	1.7032657185634803
12.0	2.6862285144692906
12.01	2.256840902756548
12.02	2.7950200945880264
12.03	2.495508774206453
12.04	2.0971054924084753
12.05	2.4225049641596774
12.06	2.5261899790171625
12.07	2.329158277884197
12.08	2.289104068948685
12.09	1.715027698692841
12.1	0.4641503497935644
12.11	2.7670105761280763
12.12	2.599557145827999
12.13	1.3352497984429796
12.14	2.073210048946787
12.15	1.762571080163945
12.16	1.6843844175822
12.17	2.4114750517697887
12.18	2.628157154926954
12.19	1.260573059016346
12.2	1.6281185227445962
12.21	1.0226330264488497
12.22	1.908882878110969
12.23	1.9351842392560936
12.24	1.9988222164438245
12.25	1.153705813165944
12.26	1.802493223750813
12.27	1.0041827766445244
12.28	0.7738300589274081
12.29	1.6981505769568401
12.3	1.7398802839410883
12.31	1.2833370014191772
12.32	1.2374044386476986
12.33	1.3637240857883353
12.34	2.6207097380647055
12.35	1.9087598924778464
12.36	2.374523560242956
12.37	1.598496876830557
12.38	1.2984409307759077
12.39	1.4127738217275478
12.4	2.0253425304099673
12.41	2.417938180826856
12.42	1.7970345070171247
12.43	1.8394911651912715
12.44	1.6235334204993224
12.45	1.9571447688046881
12.46	1.8932599699963704
12.47	1.5581770711096483
12.48	0.9935722959225795
12.49	1.4785570759866533
12.5	1.534153137068852
12.51	1.7897471135951222
12.52	2.2154102843757384
12.53	1.7573619854597011
12.54	0.6868257355576073
12.55	1.1126912614701454
12.56	1.1455414090532816
12.57	2.2552807109752906
12.58	2.558758121106787
12.59	2.1164155362301345
12.6	1.5560440237610909
12.61	2.758328840304337
12.62	2.2750642118448887
12.63	2.694593503754286
12.64	2.6613510948115002
12.65	2.4176748303575644
12.66	2.650160822840696
12.67	2.702175611588371
12.68	1.6621401525396806
12.69	3.0527677867500542
12.7	1.8675178345029366
12.71	3.3302518898360596
12.72	3.6417905477091903
12.73	2.4877667243165265
12.74	3.7102000567999616
12.75	3.3167152040372065
12.76	3.123277881763124
12.77	3.593676472559403
12.78	3.293098993848807
12.79	3.5067362618408255
12.8	2.673944475084815
12.81	3.411855634002315
12.82	3.8780435723496027
12.83	4.157775651361227
12.84	3.5097991272667004
12.85	3.508091667405751
12.86	4.1300582638085075
12.87	3.380466852478359
12.88	3.4102160899585887
12.89	3.418824684429856
12.9	3.5193909887735884
12.91	2.6039012791025486
12.92	3.9831048857810396
12.93	3.2305138081492943
12.94	3.4392589560938314
12.95	3.6783034447287455
12.96	2.6222095318912477
12.97	3.8494447638169014
12.98	3.582921367001913
12.99	4.096317094713509
13.0	2.795888031208576
13.01	3.557093090266985
13.02	3.0209493935743286
13.03	2.000762463404793
13.04	4.252200753185504
13.05	2.808599336897103
13.06	3.3137485988140516
13.07	3.814157140693084
13.08	2.9734591675801227
13.09	3.5718837245967863
13.1	2.936723286176489
13.11	3.1990026244511136
13.12	2.2455084853798652
13.13	2.8575277861298116
13.14	2.1270877092634652
13.15	2.475556057308352
13.16	2.777500462245747
13.17	2.193528326290037
13.18	2.6107872107705017
13.19	2.0942115022654497
13.2	2.5196514863292725
13.21	3.8947299471562395
13.22	1.9571316310877607
13.23	1.8884190830710201
13.24	2.147690428635683
13.25	2.475924144070292
13.26	2.680730578040607
13.27	2.2329759029907805
13.28	1.5838298915014755
13.29	1.0614031587629114
13.3	2.783083833926982
13.31	2.4296738425314692
13.32	2.995400827181199
13.33	0.6252172174660211
13.34	2.705911366805526
13.35	2.155362956662678
13.36	2.856681372223721
13.37	2.3254784114454443
13.38	1.8282893042079738
13.39	1.6008685358279149
13.4	1.395407538548723
13.41	1.7042526802071423
13.42	2.220155800197783
13.43	2.574079611591054
13.44	2.2266131343318682
13.45	3.1275783855295543
13.46	1.2233778724288862
13.47	1.6299083569946764
13.48	2.6603888945624754
13.49	1.8819634787995734
13.5	2.800473642691656
13.51	2.2886633655029978
13.52	2.416868688808636
13.53	2.6312572858381036
13.54	2.710520529727746
13.55	1.7457525095624056
13.56	1.5471788499063288
13.57	2.5393315116768074
13.58	2.5840870510651692
13.59	2.4307275838967026
13.6	1.5569532790885323
13.61	2.6227586163721335
13.62	2.4146478075318347
13.63	2.3093793371071216
13.64	2.490365912360894
13.65	2.852615421695383
13.66	3.5255458268031283
13.67	3.3547100777339707
13.68	1.8910185464055957
13.69	2.958435985740314
13.7	2.3430476648058063
13.71	2.0717348376388762
13.72	2.6121665985192997
13.73	2.384543224205255
13.74	2.0583190382777543
13.75	2.859989802956411
13.76	2.973346917268895
13.77	2.37435614648394
13.78	3.698053894612315
13.79	2.8235563021909393
13.8	3.0327637672405525
13.81	2.7355196153831027
13.82	2.668536716837138
13.83	1.7919920965058056
13.84	2.305702603642291
13.85	3.8261616338058166
13.86	2.9589557692246267
13.87	2.6086697721507957
13.88	3.032049933775366
13.89	2.1012371294854955
13.9	2.413398091234136
13.91	2.276373991183934
13.92	2.2154630322252364
13.93	3.1222218465790927
13.94	2.95572999838031
13.95	2.5210380705071316
13.96	2.1355407562078934
13.97	1.8703414675075656
13.98	1.8681781237230963
13.99	2.443299921316078
14.0	0.970183787866394
14.01	1.2755608694713019
14.02	0.8531761520112466
14.03	1.4847535087143948
14.04	2.601999541311482
14.05	1.785458176404742
14.06	1.6421434125294039
14.07	1.3704253405774112
14.08	1.6020306766083803
14.09	0.35113504398132656
14.1	1.21190175793401
14.11	1.8521433992282894
14.12	0.6673646468892683
14.13	1.0256033980834214
14.14	1.6960736751760084
14.15	1.5409329750186158
14.16	1.5534598052196025
14.17	1.4798037427342356
14.18	1.0413080090166393
14.19	1.195433150536954
14.2	0.9725923251856752
14.21	1.1095262999540731
14.22	0.9484748129652827
14.23	1.8113348516206398
14.24	0.8019581775770981
14.25	2.917562374713323
14.26	0.5380224222194685
14.27	1.8089782441832112
14.28	0.7000416194419651
14.29	1.7378950476227555
14.3	1.5669652435216643
14.31	2.173886626820892
14.32	0.7814892617689904
14.33	1.264300781909966
14.34	1.2262210465455516
14.35	1.120932833764138
14.36	1.4968283870550976
14.37	1.592085998510438
14.38	0.6359281770781511
14.39	1.2088355603230045
14.4	1.2098885443759284
14.41	0.9790208386620218
14.42	1.8100233120534068
14.43	2.344216543118271
14.44	1.4705228430649533
14.45	1.747938979421171
14.46	2.0587231796453915
14.47	1.7069859975159314
14.48	1.3040055082323936
14.49	1.3707772257354292
14.5	1.7024446168103862
14.51	0.9613313078555435
14.52	2.301624388274257
14.53	1.7880156046307352
14.54	2.073949172965681
14.55	1.8176015230242506
14.56	0.8254842121268782
14.57	1.342190050738525
14.58	1.3796568125581292
14.59	3.152990702840709
14.6	0.574380060463931
14.61	1.2875968906102406
14.62	2.622776021330573
14.63	1.7696548826861935
14.64	2.199755416749178
14.65	2.143746579199965
14.66	2.0413278577965475
14.67	1.5903474110248474
14.68	2.129447212723509
14.69	1.818814320006867
14.7	2.2276374974118434
14.71	2.0769077348353626
14.72	1.337023074896934
14.73	2.405888867259898
14.74	1.8766350465391408
14.75	2.594844214634361
14.76	2.3431379001998893
14.77	2.6454368249666107
14.78	1.9881514490179848
14.79	1.857163519491316
14.8	2.3937132611885454
14.81	1.2079380181167345
14.82	3.0560489209787836
14.83	2.7923997109243106
14.84	3.009017047857303
14.85	2.593711102333063
14.86	2.571147719357852
14.87	1.341443168420248
14.88	2.861066428626442
14.89	3.2265129517640005
14.9	2.3901657313007694
14.91	2.2169191731111044
14.92	1.6943210124716561
14.93	2.7171380161259804
14.94	2.145557563817761
14.95	1.6794243740010268
14.96	2.2467684740472924
14.97	2.4740742024826385
14.98	1.843542734597414
14.99	2.1416448124448695
15.0	0.7354967395664246
15.01	1.2442141080572513
15.02	2.1822505180466067
15.03	1.523229004113201
15.04	2.275736597934221
15.05	1.1159777640118809
15.06	0.9066799815710559
15.07	1.228409279236405
15.08	1.0438528875134516
15.09	1.147896788970987
15.1	1.7257345437456466
15.11	0.6417861661042698
15.12	2.247477554774779
15.13	1.3554602131019826
15.14	1.7449720004998128
15.15	0.9341688826474357
15.16	1.5750155363912997
15.17	2.195004766005405
15.18	1.4924637469052648
15.19	1.2336611059708584
15.2	1.2983713221959343
15.21	1.6579470405751744
15.22	1.9689175866466604
15.23	1.162300079764119
15.24	0.7197208825980055
15.25	2.106659320861845
15.26	1.3611971357168207
15.27	1.8470695342080605
15.28	1.2706063157999234
15.29	1.0061027461509229
15.3	0.8796348332084749
15.31	1.179947030008755
15.32	1.0236822735437938
15.33	1.8566529953616908
15.34	2.717265394753126
15.35	1.607680639910932
15.36	1.0300509629586914
15.37	1.3207024271328602
15.38	0.9691533732753657
15.39	1.130787030864167
15.4	1.2694854413850294
15.41	-3.938004292858288e-05
15.42	1.2059241466025643
15.43	1.1481837358410147
15.44	1.1890566593734135
15.45	0.12658906186856367
15.46	1.1954820665487356
15.47	1.4008583893787059
15.48	0.4202427620111562
15.49	0.9585087039401516
15.5	0.3162496611880654
15.51	0.54198544772147
15.52	1.7667011274420883
15.53	1.26279477284266
15.54	0.2588785114321046
15.55	0.8465120950430483
15.56	0.8783421577581074
15.57	1.394950921850723
15.58	2.02856127417062
15.59	0.2558105765294366
15.6	0.6774114863104357
15.61	0.9819745296560672
15.62	0.48889083356576957
15.63	0.992762321584034
15.64	0.7071375487137495
15.65	1.2832471785330055
15.66	1.6571767342631067
15.67	0.8752005325791155
15.68	1.35107461908879
15.69	0.7287620581915639
15.7	1.0342415141596284
15.71	0.5217830614776506
15.72	1.553053898193309
15.73	1.650215485361441
15.74	1.4508496841220915
15.75	1.6713437607939026
15.76	2.6725307765555897
15.77	1.5555897604964661
15.78	1.6079824746593112
15.79	1.0609882294535715
15.8	1.2601728771270202
15.81	1.2650641177514335
15.82	1.4876535638169386
15.83	0.8919163932353549
15.84	2.046930964765662
15.85	2.3075165375459794
15.86	1.6724020415452334
15.87	1.7875787706929922
15.88	0.9542657268924346
15.89	1.2621106174405452
15.9	1.2229175069067415
15.91	2.0108087821258147
15.92	2.2201569486844703
15.93	2.301860840748431
15.94	2.0419425301123733
15.95	2.647764567015068
15.96	1.3705706517773844
15.97	2.193277332174188
15.98	2.736719097931152
15.99	1.3352172955910118
16.0	2.0083964905022347
16.01	2.165917784686949
16.02	2.373239907296439
16.03	2.3390605117403194
16.04	0.7870737755674007
16.05	1.4645806069414098
16.06	1.0228476152855404
16.07	1.991680182439207
16.08	1.600772093088683
16.09	2.413390060956755
16.1	1.3724376026396181
16.11	1.8762352842197645
16.12	2.228880582898988
16.13	1.9796174929027432
16.14	0.9724472375422983
16.15	2.4569147234946263
16.16	0.6806916099247377
16.17	3.0144690140075867
16.18	1.8776754880543254
16.19	1.3897407449543708
16.2	1.837357368528689
16.21	2.0484480612476474
16.22	1.1282977773137617
16.23	1.6595503357177874
16.24	1.3229906978144688
16.25	1.3540088751247263
16.26	1.7238068107100302
16.27	1.7132063034015002
16.28	2.2654553581561774
16.29	1.420603160316843
16.3	1.1115027530779995
16.31	1.099509556188743
16.32	1.8973425825690726
16.33	1.1693293192986012
16.34	1.6856752810741291
16.35	1.019205954964916
16.36	1.3572376099551973
16.37	1.6456104779671472
16.38	2.0942920200825257
16.39	1.4829778984526458
16.4	1.4521006846318882
16.41	1.034393453272532
16.42	1.0358020408575201
16.43	1.8302761890482373
16.44	0.9146770054469754
16.45	1.6514538428701249
16.46	1.0699987622239981
16.47	0.9743544908848145
16.48	1.1183013910641222
16.49	1.0520146637641739
16.5	1.6771162105600332
16.51	0.6500501938644515
16.52	1.4390055543244877
16.53	1.2231213042743605
16.54	1.436830326485351
16.55	1.8001547401129048
16.56	1.678504950131334
16.57	1.9831811241089274
16.58	0.6679164185290951
16.59	1.6783210123904422
16.6	0.5630330457288311
16.61	1.7436776456657541
16.62	1.4193963849412783
16.63	2.707474761086969
16.64	1.0073115408596771
16.65	1.1926128973721983
16.66	1.5656851069696718
16.67	1.1431278259992974
16.68	0.7768729796328118
16.69	1.388318804933114
16.7	1.6774393371408516
16.71	0.7640698853955424
16.72	1.8843425809071104
16.73	0.8065036118644462
16.74	0.9214208036303777
16.75	1.4385839261152467
16.76	0.29552575962375816
16.77	1.1624449620594723
16.78	2.136158266690448
16.79	1.3928047875891434
16.8	1.0773865287889193
16.81	1.8264716626468607
16.82	1.4391618103404953
16.83	1.0824020862258485
16.84	0.6208042755111911
16.85	0.9643953740529574
16.86	1.1917433152982762
16.87	0.5182131480434593
16.88	1.375723678673214
16.89	1.903725262160515
16.9	1.282992456798638
16.91	1.7117628247694314
16.92	1.0530721996287047
16.93	1.5197478262515314
16.94	1.247755079977845
16.95	1.8421927053223155
16.96	1.9189674128564222
16.97	1.7688516813912005
16.98	1.1011395273777567
16.99	0.8710367643276239
17.0	2.0255636359236293
17.01	2.2843774530356
17.02	1.435324001090132
17.03	1.6025875634112143
17.04	2.0472147691891918
17.05	1.9821228147765035
17.06	2.5252658417475913
17.07	1.5839233250419682
17.08	1.3889459980822676
17.09	1.791837652880517
17.1	1.8572336706564379
17.11	1.8256369383756408
17.12	2.401550040751922
17.13	2.221753320514731
17.14	2.0719197672104865
17.15	1.4114269946117997
17.16	0.47785675957959595
17.17	1.6441504899548276
17.18	1.9415698405350277
17.19	1.660179541758811
17.2	2.3485849989340157
17.21	2.61750603628364
17.22	2.2339223776813384
17.23	1.9009949966785353
17.24	2.1797315866369136
17.25	2.2308282049085184
17.26	1.9167717908819772
17.27	1.3463680669170253
17.28	2.4809549537552473
17.29	2.7820225726028447
17.3	1.589957675072752
17.31	2.843427332545721
17.32	2.370364297238557
17.33	1.674703352611349
17.34	2.5951835583101914
17.35	2.680723202068233
17.36	2.4641247216910256
17.37	2.5936412493096035
17.38	1.8611414717905088
17.39	3.4976898347935492
17.4	2.055597843241379
17.41	3.0135155642971347
17.42	3.356309812077539
17.43	2.3851644228930304
17.44	3.390424908349921
17.45	2.7165114656934968
17.46	3.064591050317263
17.47	3.1165578923000252
17.48	3.894383075740871
17.49	2.7672242510698974
17.5	3.3893262411643628
17.51	3.300889619373678
17.52	4.0234924595601855
17.53	2.9354338461171365
17.54	3.50062330214878
17.55	3.234917946220023
17.56	2.4322448452670313
17.57	4.264673654747364
17.58	3.9043611426049116
17.59	3.3299041894312182
17.6	3.490720491319205
17.61	3.3631716565125602
17.62	3.2870601334752063
17.63	4.071202335611543
17.64	3.5383919967052395
17.65	3.635602588028611
17.66	2.695567982755878
17.67	4.019363494980683
17.68	3.814116822457488
17.69	3.719623729836856
17.7	3.143072199002656
17.71	4.00210299320238
17.72	4.583372424634192
17.73	3.990962135358886
17.74	3.3558600503938476
17.75	2.8042172789509436
17.76	3.332478520093542
17.77	3.647767543125112
17.78	4.364420719807956
17.79	4.630165806129787
17.8	3.89839336166129
17.81	4.30446190295982
17.82	3.9449138048379786
17.83	4.576614150982243
17.84	3.1579317824258974
17.85	3.985293523704213
17.86	4.447122163900481
17.87	5.177157146355811
17.88	4.127687246560033
17.89	3.533608525528444
17.9	4.131616614921072
17.91	4.677751918205999
17.92	4.76424955339103
17.93	4.336775557378567
17.94	4.196987187366711
17.95	5.104696666014343
17.96	3.799266040650491
17.97	4.478084776877449
17.98	4.126016006706545
17.99	4.873613177255296
18.0	4.374470317234871
18.01	5.593462919999557
18.02	4.612811499355916
18.03	4.663007394834759
18.04	4.571886111969705
18.05	4.8377271856772275
18.06	5.787878041840953
18.07	4.576160797232672
18.08	4.455193016722992
18.09	4.579903066401734
18.1	5.487479375601055
18.11	4.824508242296424
18.12	4.3892194690067825
18.13	5.180089390265687
18.14	3.9890842839747265
18.15	4.467488876421987
18.16	5.708209012325076
18.17	4.586364745985907
18.18	4.055802262646997
18.19	3.960477630130289
18.2	4.909402948138663
18.21	5.479298349382885
18.22	4.757761054997167
18.23	4.221486536060499
18.24	4.232787508377882
18.25	4.795447943752717
18.26	3.6017261767049935
18.27	4.13192336183351
18.28	4.488106791115838
18.29	3.8836781339857454
18.3	3.6801978711367953
18.31	5.083514110801962
18.32	3.6617061596573146
18.33	4.470900008003309
18.34	4.2697812511350595
18.35	4.917433226813145
18.36	4.5223020232104965
18.37	3.1298586539202082
18.38	4.204619765994828
18.39	4.158629647212669
18.4	4.3968425007913
18.41	3.8433732729021686
18.42	4.3583780795549005
18.43	3.2671709434360205
18.44	3.457838086103311
18.45	3.936382463806474
18.46	4.141846327773351
18.47	3.3352590035298255
18.48	3.310932075112463
18.49	3.2052755232227956
18.5	4.008149291021491
18.51	3.7696321161122324
18.52	3.699367054768066
18.53	3.6534852280274674
18.54	3.275115429455368
18.55	3.988339325579644
18.56	3.2555761049183007
18.57	3.4984904014050886
18.58	2.5533351016028454
18.59	3.282630189478945
18.6	3.409347047397193
18.61	2.969511521168706
18.62	2.102031508490928
18.63	4.3627315105957285
18.64	3.2289234886337224
18.65	3.5283904795247105
18.66	2.4790439859567046
18.67	2.5332041613946363
18.68	2.479636414554654
18.69	2.0940655584783583
18.7	2.6843827748116915
18.71	1.5628408196220003
18.72	2.5486794311461614
18.73	2.3281358234805225
18.74	2.2877148919342853
18.75	2.1738293738499412
18.76	3.1712744617785633
18.77	3.4087774570688856
18.78	2.1817547080589352
18.79	2.8918478456914234
18.8	1.94109283226048
18.81	1.9784853981520434
18.82	2.4083876737252066
18.83	1.6389738328288783
18.84	2.4600469971735386
18.85	2.738347096009585
18.86	2.308993021505321
18.87	1.8296395373937933
18.88	2.591993861353173
18.89	2.4826931418120557
18.9	2.071653714178796
18.91	2.029234236372061
18.92	2.901216633684691
18.93	2.8113315853126344
18.94	3.2317278936539187
18.95	2.583974912898419
18.96	3.166424435616787
18.97	3.458178630730242
18.98	1.636472635732873
18.99	3.6089104101875034
19.0	2.8917355331431382
19.01	2.221281097243757
19.02	2.3853430478655246
19.03	2.9769899738639483
19.04	2.197802988412904
19.05	2.543316880281771
19.06	2.3793447813311306
19.07	3.3018906727817856
19.08	2.36185760147812
19.09	3.3784108496451353
19.1	2.4974310207012267
19.11	2.2652341512357776
19.12	2.999977337320984
19.13	3.7186215870572683
19.14	2.93663325396796
19.15	1.7107753708747593
19.16	2.562124758320923
19.17	2.13924783622701
19.18	2.180079003950686
19.19	2.201083093878382
19.2	3.110920648261147
19.21	2.4991947452227805
19.22	2.267205618226278
19.23	2.8520789110856155
19.24	2.9730617757472677
19.25	2.5165034155618664
19.26	2.6984640716338855
19.27	2.676080425569845
19.28	3.4303246695870353
19.29	3.2168950026628464
19.3	2.0229640389757013
19.31	3.3645214893072466
19.32	2.240631128952501
19.33	1.6409281059248868
19.34	2.7354373636592957
19.35	3.442356994684268
19.36	2.8388951967242693
19.37	2.771375480126349
19.38	1.97466283634752
19.39	2.4104513727509196
19.4	1.6035354515821034
19.41	2.8395491963951165
19.42	3.3104467101310133
19.43	2.8763939854036606
19.44	2.9485898079746033
19.45	2.279127603151224
19.46	2.842163671274667
19.47	3.104494553309496
19.48	2.343425616068163
19.49	3.7556055805475737
19.5	1.8605242364068197
19.51	2.3137655119052676
19.52	2.646526982458263
19.53	2.5144988209454695
19.54	2.7154253780493014
19.55	3.227394166751775
19.56	3.4824165869782213
19.57	3.58270064815766
19.58	2.621948462180511
19.59	3.094234708138186
19.6	3.001950168328362
19.61	3.5228702162032146
19.62	3.5844324028456365
19.63	3.8407588476618244
19.64	2.6294427733420385
19.65	3.291866527007957
19.66	2.9253812161667865
19.67	3.6271373608960737
19.68	3.0073217345154832
19.69	3.1153536413946763
19.7	3.22785143353825
19.71	2.928116377545236
19.72	4.1104604835949345
19.73	3.9292586412351556
19.74	3.3221148077817717
19.75	3.4273026255384664
19.76	4.068974924813882
19.77	3.017223690707243
19.78	2.723527703646921
19.79	3.8841261999977617
19.8	4.1257440492115975
19.81	3.4632661949007266
19.82	3.06594279677772
19.83	4.874314011536319
19.84	3.86222319250307
19.85	3.4882674720068656
19.86	4.974500152300966
19.87	4.380867555119358
19.88	3.3676714016258282
19.89	2.727827607025357
19.9	4.327539778948502
19.91	3.3748850183893304
19.92	4.438272116674419
19.93	3.152701643428446
19.94	3.775460675436772
19.95	3.728826753696928
19.96	2.9968848989888848
19.97	2.9150581308910075
19.98	3.068421407480476
19.99	3.1202906294294084
20.0	3.9575394065097758
