1.968503937	-97.82904721911383
1.970472441	-80.41779354332876
1.972440945	-74.40546470275481
1.974409449	-84.35329823651337
1.976377953	-107.86722612823404
1.978346457	-110.60835295647013
1.980314961	-92.63492629137353
1.982283465	-71.75083548894507
1.984251969	-73.50376608149924
1.986220472	-86.45806246038507
1.988188976	-91.38330226919336
1.99015748	-72.6850507217841
1.992125984	-55.01170107098483
1.994094488	-52.86539807968673
1.996062992	-67.52723462280869
1.998031496	-78.38560452964865
2.0	-76.29449239592753
2.001968504	-65.7976065607495
2.003937008	-63.978180370330726
2.005905512	-76.0175384143223
2.007874016	-91.4708852208121
2.00984252	-88.80194606633133
2.011811024	-79.29807269075052
2.013779528	-63.49871268984143
2.015748031	-64.23500051518903
2.017716535	-69.67261185681669
2.019685039	-72.7555553717752
2.021653543	-78.21361236237728
2.023622047	-83.92708567317483
2.025590551	-100.17840517311258
2.027559055	-106.92134495828691
2.029527559	-99.79379861733216
2.031496063	-82.77981893215062
2.033464567	-74.97010926472213
2.035433071	-91.41805064555146
2.037401575	-118.43885667325874
2.039370079	-117.31241211470027
2.041338583	-93.3949330715235
2.043307087	-72.48722095750402
2.045275591	-73.56793270894333
2.047244094	-101.34162890394043
2.049212598	-114.92241001816528
2.051181102	-107.09647041912832
2.053149606	-84.39734557975216
2.05511811	-80.9202373492025
2.057086614	-92.30987791495004
2.059055118	-102.89551937425989
2.061023622	-104.12980721736416
2.062992126	-100.7877342842368
2.06496063	-94.37191594713747
2.066929134	-96.72245417644525
2.068897638	-99.19075157900615
2.070866142	-96.57096051675792
2.072834646	-100.66869302869854
2.07480315	-110.92246445859124
2.076771654	-112.59661576383436
2.078740157	-98.147190572519
2.080708661	-77.6580735878198
2.082677165	-64.22316483633674
2.084645669	-79.0790924310628
2.086614173	-106.18068341575453
2.088582677	-113.06500266574639
2.090551181	-90.98091341238778
2.092519685	-73.54489686659419
2.094488189	-84.99989587140529
2.096456693	-118.82450393024153
2.098425197	-149.49151096436856
2.100393701	-144.25163467585415
2.102362205	-124.46906844803925
2.104330709	-110.79537942358861
2.106299213	-116.32064832154778
2.108267717	-119.4436832476728
2.11023622	-106.9750538899862
2.112204724	-91.34782933373694
2.114173228	-85.8764421758158
2.116141732	-95.20397259855909
2.118110236	-109.7257587920968
2.12007874	-115.43236957025664
2.122047244	-118.95320972145267
2.124015748	-112.44940091178516
2.125984252	-104.13317333124317
2.127952756	-100.93956685952072
2.12992126	-113.77879204714941
2.131889764	-128.09847870357063
2.133858268	-140.89227738096162
2.135826772	-124.26702167066303
2.137795276	-104.44814100952539
2.13976378	-91.25787574128061
2.141732283	-109.42299423505978
2.143700787	-132.85983499560345
2.145669291	-142.28152911716361
2.147637795	-126.7287351988964
2.149606299	-101.83920300705931
2.151574803	-91.03103150820331
2.153543307	-101.82576257057403
2.155511811	-118.09042863734373
2.157480315	-103.96724049745868
2.159448819	-77.18672243468293
2.161417323	-56.16760194770284
2.163385827	-63.936958977117044
2.165354331	-96.99149530184631
2.167322835	-125.75835250353336
2.169291339	-125.23337053303726
2.171259843	-99.38075652589697
2.173228346	-89.31958917416185
2.17519685	-103.93876100079876
2.177165354	-136.93270338218352
2.179133858	-152.27494848838992
2.181102362	-147.04426261559013
2.183070866	-127.13618707208197
2.18503937	-120.33330558812771
2.187007874	-130.89574267453852
2.188976378	-141.533994133026
2.190944882	-133.3331733232287
2.192913386	-103.51750021307295
2.19488189	-78.33226264657975
2.196850394	-81.15223317089816
2.198818898	-99.5429997409198
2.200787402	-115.17849088572794
2.202755906	-110.87220558043931
2.204724409	-99.8847840867793
2.206692913	-110.15383585999871
2.208661417	-130.37971062520242
2.210629921	-153.25978204413724
2.212598425	-153.64624041342861
2.214566929	-139.08415537199946
2.216535433	-124.00151504961171
2.218503937	-124.6764694576736
2.220472441	-138.87322114571955
2.222440945	-152.06493587828774
2.224409449	-144.90726166170722
2.226377953	-131.42414268027218
2.228346457	-122.90668012205688
2.230314961	-134.23153494356887
2.232283465	-140.02803466669735
2.234251969	-133.00515698182002
2.236220472	-119.3224498534875
2.238188976	-109.46145808152396
2.24015748	-107.879396201355
2.242125984	-116.04933430155737
2.244094488	-122.18421023017677
2.246062992	-123.54112309966462
2.248031496	-130.43543950363355
2.25	-132.90938310505325
2.251968504	-139.1511496222021
2.253937008	-131.90940057748116
2.255905512	-128.4308274580911
2.257874016	-125.87978407813235
2.25984252	-130.25359182602065
2.261811024	-136.93010848270177
2.263779528	-137.61808940440696
2.265748031	-136.09810851116532
2.267716535	-133.97957601147658
2.269685039	-130.8422013018183
2.271653543	-138.17955915681256
2.273622047	-149.9614735371008
2.275590551	-162.43373869382685
2.277559055	-152.8025164349397
2.279527559	-132.52990217517427
2.281496063	-113.33492058750107
2.283464567	-117.04155360190605
2.285433071	-135.06601255437678
2.287401575	-145.12228671399313
2.289370079	-132.17290415589667
2.291338583	-109.4133265699063
2.293307087	-103.9441249568725
2.295275591	-127.15723796578466
2.297244094	-153.0407541389039
2.299212598	-171.9722025337285
2.301181102	-166.12866088823114
2.303149606	-149.28386752543472
2.30511811	-143.35340603807913
2.307086614	-148.4503677155008
2.309055118	-153.3851408776726
2.311023622	-153.17281669051926
2.312992126	-137.50480789663092
2.31496063	-114.44426028461537
2.316929134	-104.48282357868244
2.318897638	-115.12014499800524
2.320866142	-136.6122974574416
2.322834646	-149.99706584318392
2.32480315	-146.6557848155139
2.326771654	-149.44975596502317
2.328740157	-164.03553692780778
2.330708661	-178.52757597288445
2.332677165	-172.22707597476435
2.334645669	-147.28932119987044
2.336614173	-136.60124522714943
2.338582677	-158.61031386155352
2.340551181	-182.79372079396165
2.342519685	-173.60695936004976
2.344488189	-135.0869126527987
2.346456693	-110.26428233834443
2.348425197	-137.06510023590596
2.350393701	-188.31006491789918
2.352362205	-208.62335884946575
2.354330709	-184.4118423053864
2.356299213	-145.6955483181726
2.358267717	-139.10723370673023
2.36023622	-175.57177094743378
2.362204724	-212.2341456683885
2.364173228	-213.28167601504663
2.366141732	-183.3664962148672
2.368110236	-162.98112450706813
2.37007874	-166.263579438397
2.372047244	-191.42256685113423
2.374015748	-206.7672786477245
2.375984252	-213.3653025983843
2.377952756	-216.2248197114683
2.37992126	-215.36059114587172
2.381889764	-210.82474808483062
2.383858268	-191.83923618819892
2.385826772	-179.4151529025652
2.387795276	-184.17362557857166
2.38976378	-198.22510093822646
2.391732283	-204.08190713043194
2.393700787	-194.43607347264836
2.395669291	-177.44154152837874
2.397637795	-183.40559300659584
2.399606299	-186.57853712581561
2.401574803	-188.02580680618948
2.403543307	-163.9604620176176
2.405511811	-142.8781632558066
2.407480315	-136.74975209400753
2.409448819	-140.13248146744212
2.411417323	-138.42427886530083
2.413385827	-123.87754277908293
2.415354331	-104.84083881822791
2.417322835	-90.61211732369077
2.419291339	-99.38722330614566
2.421259843	-126.48592911108324
2.423228346	-154.42842573441976
2.42519685	-150.42072386001624
2.427165354	-116.63616303320723
2.429133858	-77.92473244746184
2.431102362	-75.23100376252908
2.433070866	-109.28423312086473
2.43503937	-136.81168510507985
2.437007874	-126.22427260785457
2.438976378	-87.18226166621847
2.440944882	-68.21581403138583
2.442913386	-92.23383046994684
2.44488189	-137.93916191994202
2.446850394	-172.91629226030062
2.448818898	-168.20191657463005
2.450787402	-144.5232132412534
2.452755906	-125.32581523564062
2.454724409	-125.387303235761
2.456692913	-138.54676536914042
2.458661417	-141.96294721131574
2.460629921	-130.81649421029655
2.462598425	-109.785500906237
2.464566929	-100.21429276461558
2.466535433	-119.82028508043946
2.468503937	-158.20960413519765
2.470472441	-191.31711423373494
2.472440945	-219.05381905733492
2.474409449	-252.52102963256377
2.476377953	-315.64280346826774
2.478346457	-406.74175974827824
2.480314961	-483.5216082380573
2.482283465	-520.6358061769384
2.484251969	-544.4518698289662
2.486220472	-579.1506434637532
2.488188976	-633.7282799946049
2.49015748	-670.8805860246645
2.492125984	-662.7483864179001
2.494094488	-608.7225967431114
2.496062992	-548.7199081657234
2.498031496	-508.93620750880666
2.5	-471.35996322074556
2.501968504	-402.4863274068174
2.503937008	-304.6652419477309
2.505905512	-202.84634545154043
2.507874016	-126.55946778218589
2.50984252	-77.41854026199682
2.511811024	-47.366638890560274
2.513779528	-22.744475060132153
2.515748031	-11.767117346750679
2.517716535	-13.123497799359226
2.519685039	-22.243096081197255
2.521653543	-37.78378738177365
2.523622047	-60.81663302571735
2.525590551	-76.83048583624068
2.527559055	-76.33838038959401
2.529527559	-64.09125950862827
2.531496063	-57.5547611327314
2.533464567	-62.78211481969571
2.535433071	-70.9104632530291
2.537401575	-62.94855085359633
2.539370079	-36.234625031660904
2.541338583	-22.032501733425185
2.543307087	-32.493193587344216
2.545275591	-60.33570059087566
2.547244094	-70.43064919828637
2.549212598	-47.41086208507651
2.551181102	-19.780388716772077
2.553149606	-17.54780948398357
2.55511811	-37.06891641258604
2.557086614	-59.858582543238605
2.559055118	-52.00287640808559
2.561023622	-30.966240346769208
2.562992126	-8.461046877964757
2.56496063	-23.71474607182065
2.566929134	-56.92420120647881
2.568897638	-75.7739114197883
2.570866142	-71.64307394912497
2.572834646	-60.1606661483713
2.57480315	-60.55020637584967
2.576771654	-73.45770693441834
2.578740157	-86.20333908385483
2.580708661	-72.19895008847406
2.582677165	-46.687631749899
2.584645669	-33.59182261861524
2.586614173	-38.21104119488141
2.588582677	-55.424902272152615
2.590551181	-65.77505799935805
2.592519685	-62.5050407749318
2.594488189	-56.66595301107834
2.596456693	-58.95245167695583
2.598425197	-67.81645459315999
2.600393701	-82.0483032889371
2.602362205	-91.86287591926856
2.604330709	-98.91331986456214
2.606299213	-103.46573124883282
2.608267717	-97.93171775780799
2.61023622	-97.4251524956771
2.612204724	-105.18194511291284
2.614173228	-107.46218492573207
2.616141732	-104.02759173383365
2.618110236	-80.4786281706195
2.62007874	-69.91356902934824
2.622047244	-91.42711228105951
2.624015748	-126.65871532101013
2.625984252	-142.95244663796038
2.627952756	-118.39064086820277
2.62992126	-82.62135916938219
2.631889764	-73.48798381101703
2.633858268	-108.97992009150802
2.635826772	-153.71471566039247
2.637795276	-171.78182673229375
2.63976378	-151.37305854795449
2.641732283	-116.39879917537041
2.643700787	-96.92042658902695
2.645669291	-112.92308478312195
2.647637795	-144.4088922814894
2.649606299	-169.97584086200308
2.651574803	-171.92805679059316
2.653543307	-155.21858795764138
2.655511811	-132.4029032113349
2.657480315	-119.77545363550686
2.659448819	-131.49075734305785
2.661417323	-155.79278547128004
2.663385827	-173.63132872601074
2.665354331	-167.9794966225992
2.667322835	-154.64811870816501
2.669291339	-144.77120368178956
2.671259843	-149.5309671999935
2.673228346	-162.24295977307258
2.67519685	-172.2986295483841
2.677165354	-174.59717515892447
2.679133858	-182.48193953289413
2.681102362	-187.97019582227196
2.683070866	-202.5185688344875
2.68503937	-220.31849262836658
2.687007874	-227.20164525984876
2.688976378	-218.1010928165357
2.690944882	-195.93824272382275
2.692913386	-179.66280088852722
2.69488189	-182.8963296040314
2.696850394	-205.10693888606542
2.698818898	-212.04763606278317
2.700787402	-200.09811991463008
2.702755906	-173.60542368848306
2.704724409	-171.09675229858323
2.706692913	-195.4744637967023
2.708661417	-238.9444577278461
2.710629921	-256.05735051484754
2.712598425	-265.6115837687592
2.714566929	-266.1997790487208
2.716535433	-271.3028406867504
2.718503937	-267.71663229488405
2.720472441	-253.9281143660293
2.722440945	-229.8748601072947
2.724409449	-220.8083039467754
2.726377953	-233.12183794777604
2.728346457	-247.82653252948344
2.730314961	-245.34102346080476
2.732283465	-232.06825358793134
2.734251969	-227.40160659848362
2.736220472	-235.0395751474151
2.738188976	-253.25292785467553
2.74015748	-271.9567584824654
2.742125984	-278.21466864134874
2.744094488	-272.677595768277
2.746062992	-262.05339374398017
2.748031496	-251.02732696991828
2.75	-244.39616137781212
2.751968504	-238.60967391265194
2.753937008	-238.18020594679163
2.755905512	-242.95247139258683
2.757874016	-239.13687890220262
2.75984252	-232.07148119661085
2.761811024	-228.77431575556912
2.763779528	-227.58384139922688
2.765748031	-230.67641416089936
2.767716535	-226.78779870269233
2.769685039	-216.80902762929028
2.771653543	-200.94272547665057
2.773622047	-197.68643498239445
2.775590551	-196.11356393144968
2.777559055	-195.90256154114286
2.779527559	-183.13664283528342
2.781496063	-154.57955911146004
2.783464567	-135.80873659076244
2.785433071	-135.72079437646275
2.787401575	-152.18680307173713
2.789370079	-163.83044975299964
2.791338583	-150.66956054444427
2.793307087	-109.86787916568171
2.795275591	-77.95745877626068
2.797244094	-81.29825625382428
2.799212598	-98.81643740979122
2.801181102	-105.67652861522032
2.803149606	-85.43645511674093
2.80511811	-60.33955553435729
2.807086614	-48.851121643185586
2.809055118	-64.98885065766518
2.811023622	-83.29857574033778
2.812992126	-80.14312550251063
2.81496063	-56.24145353682221
2.816929134	-38.608378322472674
2.818897638	-54.4358100472461
2.820866142	-89.5025495557965
2.822834646	-110.06028053284595
2.82480315	-100.11709834885848
2.826771654	-74.22234898843173
2.828740157	-58.17838709412359
2.830708661	-71.31428745987238
2.832677165	-93.36674243501331
2.834645669	-107.95360496929761
2.836614173	-96.75552738217651
2.838582677	-69.92852268269245
2.840551181	-55.01598972080295
2.842519685	-61.237954802028476
2.844488189	-76.91486157227025
2.846456693	-86.37535914866771
2.848425197	-89.71743915259101
2.850393701	-86.13144868766477
2.852362205	-81.48504964248758
2.854330709	-83.20297605479723
2.856299213	-79.46024288132861
2.858267717	-76.79649576496179
2.86023622	-69.00291829785515
2.862204724	-71.66879207162482
2.864173228	-76.08082722283642
2.866141732	-83.88517536713034
2.868110236	-90.66210178282701
2.87007874	-95.77730765074388
2.872047244	-98.41469778771794
2.874015748	-99.32406247878849
2.875984252	-97.82613281270353
2.877952756	-108.87261321149487
2.87992126	-128.94748990926632
2.881889764	-138.74261610659707
2.883858268	-129.55153204447276
2.885826772	-107.70817725651949
2.887795276	-87.96569534552012
2.88976378	-88.48899795048969
2.891732283	-95.58434217441604
2.893700787	-103.36919890601907
2.895669291	-104.0184674085231
2.897637795	-97.92722578267649
2.899606299	-100.50950979638145
2.901574803	-114.24571035248455
2.903543307	-130.12270285121622
2.905511811	-136.14623439473658
2.907480315	-135.76390724025313
2.909448819	-128.6493400901833
2.911417323	-117.70630636577471
2.913385827	-113.37892529538952
2.915354331	-123.10696282525618
2.917322835	-135.93572199934476
2.919291339	-143.35270770983695
2.921259843	-126.90490988212144
2.923228346	-104.6931343051731
2.92519685	-99.69259767151907
2.927165354	-119.35912927153613
2.929133858	-136.80913806321377
2.931102362	-132.0507481778458
2.933070866	-109.05167986723066
2.93503937	-87.95941418721718
2.937007874	-89.45986185166213
2.938976378	-104.63377478663281
2.940944882	-107.16940002611834
2.942913386	-106.74421016216748
2.94488189	-119.21962235680328
2.946850394	-132.44675683082193
2.948818898	-134.02078515421135
2.950787402	-113.44050590170538
2.952755906	-94.16809158213466
2.954724409	-103.39333163606895
2.956692913	-136.44479168265264
2.958661417	-155.31354717934056
2.960629921	-136.38124733485904
2.962598425	-104.60425805456636
2.964566929	-92.17250493719845
2.966535433	-108.32821946699823
2.968503937	-124.66165317642277
2.970472441	-125.05750636440337
2.972440945	-112.43588529275904
2.974409449	-111.94180607872292
2.976377953	-111.10086430804674
2.978346457	-103.54197666945967
2.980314961	-82.80641089204994
2.982283465	-87.28733678023023
2.984251969	-117.59746061687129
2.986220472	-154.73888707017727
2.988188976	-163.61214319764926
2.99015748	-140.87515516038945
2.992125984	-113.28966647943135
2.994094488	-119.25842726384683
2.996062992	-147.36564223070178
2.998031496	-157.84047589130532
3.0	-138.83003721780878
3.001968504	-104.29317359859128
3.003937008	-85.13454036255025
3.005905512	-93.06450934547021
3.007874016	-111.06092674190539
3.00984252	-119.01804925578078
3.011811024	-118.60658745003428
3.013779528	-114.63811171193996
3.015748031	-116.8983337732104
3.017716535	-119.71173901861147
3.019685039	-117.71493376290351
3.021653543	-112.14299534964157
3.023622047	-115.84244242078547
3.025590551	-121.83803709223605
3.027559055	-123.09310831190945
3.029527559	-124.26489298320081
3.031496063	-120.99753502430859
3.033464567	-120.497373874264
3.035433071	-115.59793088869768
3.037401575	-119.86736820992567
3.039370079	-120.943306134718
3.041338583	-122.44577785313363
3.043307087	-115.41313000250663
3.045275591	-108.56231858835271
3.047244094	-105.35032831080753
3.049212598	-107.14035344646184
3.051181102	-103.95927989281323
3.053149606	-102.98979464521783
3.05511811	-105.05972141195893
3.057086614	-118.50449656028452
3.059055118	-135.1349593928658
3.061023622	-135.38983516830567
3.062992126	-126.18076648045363
3.06496063	-113.51391076605832
3.066929134	-118.82408931684763
3.068897638	-133.63078357201672
3.070866142	-141.97561840039035
3.072834646	-124.50458754847821
3.07480315	-106.28308274889297
3.076771654	-103.88674129701796
3.078740157	-126.59793053725045
3.080708661	-150.48038311920908
3.082677165	-158.83138377400385
3.084645669	-144.14068465364485
3.086614173	-133.56887630024585
3.088582677	-122.16470334922055
3.090551181	-115.17383347470152
3.092519685	-106.89012869896641
3.094488189	-111.26025630009
3.096456693	-126.59334149610171
3.098425197	-136.93484929519124
3.100393701	-127.61056822570092
3.102362205	-105.07374967427192
3.104330709	-105.7273458681984
3.106299213	-140.29984628739518
3.108267717	-176.50775272315886
3.11023622	-185.67818983400002
3.112204724	-155.83830254435154
3.114173228	-119.00763445945671
3.116141732	-107.17338447505058
3.118110236	-121.12798864534919
3.12007874	-133.99499865509915
3.122047244	-130.92820445474936
3.124015748	-125.91481706100707
3.125984252	-131.30688748759871
3.127952756	-150.31435599124265
3.12992126	-171.9526988193471
3.131889764	-183.48077689888618
3.133858268	-182.44178323707393
3.135826772	-189.48956494066462
3.137795276	-195.44558161185861
3.13976378	-203.88645583665735
3.141732283	-202.5206850724835
3.143700787	-180.6694870150209
3.145669291	-157.52584325621763
3.147637795	-152.63213308233668
3.149606299	-170.30973710330173
3.151574803	-191.34405651447696
3.153543307	-195.8124349694595
3.155511811	-174.93024251328308
3.157480315	-159.5287901914632
3.159448819	-160.891388823201
3.161417323	-182.65919267531342
3.163385827	-187.13558992739672
3.165354331	-168.99824714255544
3.167322835	-133.3368934318153
3.169291339	-118.64871151075836
3.171259843	-130.59156370765223
3.173228346	-147.71401784131174
3.17519685	-134.31193039361008
3.177165354	-105.81551461391268
3.179133858	-81.51988882486019
3.181102362	-84.50613458786687
3.183070866	-100.50090758411156
3.18503937	-103.00674701457451
3.187007874	-91.8585207465499
3.188976378	-75.45947418632268
3.190944882	-72.02143261551194
3.192913386	-85.52142321861925
3.19488189	-94.22700971257139
3.196850394	-92.71974244108573
3.198818898	-92.89335809894766
3.200787402	-100.69157321742188
3.202755906	-120.44533828005596
3.204724409	-131.71562912588502
3.206692913	-118.93768216951577
3.208661417	-93.48963647034961
3.210629921	-84.78408573205738
3.212598425	-102.41404605199374
3.214566929	-128.9929855999495
3.216535433	-130.22167300898366
3.218503937	-111.11209263994309
3.220472441	-90.02858472819217
3.222440945	-100.29877138156975
3.224409449	-133.4908053845524
3.226377953	-151.02870293699561
3.228346457	-144.34804218411932
3.230314961	-128.022576565593
3.232283465	-131.08279080673313
3.234251969	-167.2612240937857
3.236220472	-214.7616361056043
3.238188976	-258.5059530948999
3.24015748	-295.77298981088643
3.242125984	-344.1849448147234
3.244094488	-408.09869144862716
3.246062992	-476.6925689923323
3.248031496	-539.6244283303494
3.25	-573.3298114455023
3.251968504	-593.8064720418524
3.253937008	-600.8857444896331
3.255905512	-592.1760396402534
3.257874016	-570.6349054866944
3.25984252	-527.5918204778104
3.261811024	-462.6127142743375
3.263779528	-389.56799082045785
3.265748031	-307.240555544056
3.267716535	-226.02496976014783
3.269685039	-158.05397107511183
3.271653543	-94.46377615202978
3.273622047	-43.602577272009185
3.275590551	-12.54753814732615
3.277559055	0.1752316297209036
3.279527559	-5.396550490953521
3.281496063	-12.715081558265828
3.283464567	-19.230786019435953
3.285433071	-37.1707639906994
3.287401575	-71.25640393504973
3.289370079	-93.08050958825542
3.291338583	-93.88635889307633
3.293307087	-72.17960649377719
3.295275591	-60.540257300961294
3.297244094	-71.23746687877488
3.299212598	-89.12702224291918
3.301181102	-83.08873824650978
3.303149606	-50.1794759706659
3.30511811	-21.211410944622763
3.307086614	-20.72425090958126
3.309055118	-52.13224263518751
3.311023622	-71.53885360298746
3.312992126	-72.43761180977263
3.31496063	-57.4993007258545
3.316929134	-54.81851703219667
3.318897638	-61.31856127940622
3.320866142	-62.05596997467031
3.322834646	-53.507270219942455
3.32480315	-56.913045345673545
3.326771654	-79.55562415126066
3.328740157	-98.01303990733781
3.330708661	-92.7142861877343
3.332677165	-76.3514864001377
3.334645669	-72.523613077234
3.336614173	-88.69223762079591
3.338582677	-111.36517481308816
3.340551181	-117.52899005216781
3.342519685	-100.2652181994566
3.344488189	-76.13005093482431
3.346456693	-60.278385395505936
3.348425197	-71.85658547620426
3.350393701	-86.00944070958484
3.352362205	-103.34154873848945
3.354330709	-102.91583254214103
3.356299213	-91.89828960370401
3.358267717	-77.52911184580773
3.36023622	-78.88295155540358
3.362204724	-105.51350098605616
3.364173228	-127.82902078748621
3.366141732	-132.78793408539414
3.368110236	-112.42378868255301
3.37007874	-87.3618898717548
3.372047244	-98.34622684225619
3.374015748	-124.41942211008083
3.375984252	-139.9682070512546
3.377952756	-129.77665487406173
3.37992126	-104.09713823366101
3.381889764	-97.7379117598589
3.383858268	-115.86541892494157
3.385826772	-136.94320907622966
3.387795276	-145.22577773649994
3.38976378	-133.85135272393794
3.391732283	-125.68633860551547
3.393700787	-124.58015886318552
3.395669291	-129.92959271854676
3.397637795	-130.05150785345248
3.399606299	-133.48416798986705
3.401574803	-144.81135665382013
3.403543307	-157.37173678757406
3.405511811	-157.20772647329525
3.407480315	-153.88679017085522
3.409448819	-157.71635767564192
3.411417323	-165.29273430860013
3.413385827	-167.2413531863387
3.415354331	-159.755095485331
3.417322835	-154.19389806950554
3.419291339	-167.34774673953947
3.421259843	-187.082101648284
3.423228346	-188.44121884824824
3.42519685	-171.01784292701313
3.427165354	-153.966504912012
3.429133858	-171.2896564802491
3.431102362	-204.89798707560163
3.433070866	-229.57177579188885
3.43503937	-212.57725736603334
3.437007874	-175.2971987550889
3.438976378	-163.9913661013954
3.440944882	-179.7698043374544
3.442913386	-208.2289115217795
3.44488189	-218.17580388234325
3.446850394	-214.25960651913127
3.448818898	-208.32884712337378
3.450787402	-205.33573855404768
3.452755906	-209.7156990507031
3.454724409	-208.9009485957441
3.456692913	-211.968118943874
3.458661417	-223.20212509620902
3.460629921	-236.1088282921652
3.462598425	-243.17674641757404
3.464566929	-230.55947045953428
3.466535433	-219.03330843979364
3.468503937	-229.1738686233236
3.470472441	-249.0094836351118
3.472440945	-260.08782883224956
3.474409449	-253.67623556558758
3.476377953	-239.32378137280233
3.478346457	-237.03316552583365
3.480314961	-241.1127923213988
3.482283465	-251.60490393818623
3.484251969	-252.3037282947871
3.486220472	-247.99346824619508
3.488188976	-243.38131308570257
3.49015748	-247.12951278523965
3.492125984	-255.5068672657126
3.494094488	-263.73427495076186
3.496062992	-260.5006920726105
3.498031496	-255.41746809799943
3.5	-251.17099747268017
3.501968504	-253.51756672764353
3.503937008	-263.23136632869165
3.505905512	-267.40950872471655
3.507874016	-269.2101589711158
3.50984252	-264.1332132152449
3.511811024	-251.30202022728216
3.513779528	-242.90044194740923
3.515748031	-238.6696823428021
3.517716535	-247.35826893812492
3.519685039	-248.21912944236416
3.521653543	-243.9095519004349
3.523622047	-233.19718984636864
3.525590551	-224.26160095868065
3.527559055	-221.92494345981254
3.529527559	-227.50400095824958
3.531496063	-231.35509420938104
3.533464567	-217.73057026433415
3.535433071	-197.38651064027465
3.537401575	-177.98173352812734
3.539370079	-166.5099494537174
3.541338583	-161.93065453323118
3.543307087	-155.25325550272504
3.545275591	-140.1421481342541
3.547244094	-125.10211983114439
3.549212598	-110.05112162828708
3.551181102	-109.80887387218145
3.553149606	-114.29217866657088
3.55511811	-110.87288633087104
3.557086614	-105.22982820342759
3.559055118	-99.77091720601685
3.561023622	-102.99453362576966
3.562992126	-102.9272839139873
3.56496063	-95.31595090732506
3.566929134	-77.0705340556257
3.568897638	-65.18003292610511
3.570866142	-59.84163600115764
3.572834646	-58.763439437671025
3.57480315	-57.05926189764998
3.576771654	-51.21115634570318
3.578740157	-43.510387324883396
3.580708661	-38.24189610074984
3.582677165	-42.20828663709262
3.584645669	-51.45629555838352
3.586614173	-60.72641853835939
3.588582677	-61.60219665904333
3.590551181	-47.95519849634555
3.592519685	-31.301879460041345
3.594488189	-26.666699482054586
3.596456693	-43.97279739513963
3.598425197	-67.53247201721992
3.600393701	-77.3830773664352
3.602362205	-63.21244490536482
3.604330709	-49.969198303537425
3.606299213	-56.95553894125337
3.608267717	-84.99624250156474
3.61023622	-110.05943990493562
3.612204724	-105.73776464603324
3.614173228	-85.72620733026028
3.616141732	-66.90812329380913
3.618110236	-60.95514432145137
3.62007874	-72.45031833511959
3.622047244	-76.23658355620188
3.624015748	-64.09520827476825
3.625984252	-47.74279927483818
3.627952756	-44.630931434725554
3.62992126	-63.27087374128953
3.631889764	-81.15611564451302
3.633858268	-82.89269465548962
3.635826772	-79.37878452460122
3.637795276	-83.05769042608965
3.63976378	-102.27165456964345
3.641732283	-121.91253602726138
3.643700787	-121.49083274322395
3.645669291	-99.6981951007826
3.647637795	-81.42348411142737
3.649606299	-81.86733099823525
3.651574803	-92.74370990820542
3.653543307	-101.97180773425139
3.655511811	-95.4377182569263
3.657480315	-84.32972154307141
3.659448819	-92.44434094035259
3.661417323	-112.74028268435136
3.663385827	-124.4278652616867
3.665354331	-119.91972013914145
3.667322835	-100.94889966500499
3.669291339	-93.01897523322833
3.671259843	-113.91142516406507
3.673228346	-138.21466822976853
3.67519685	-132.65356802703397
3.677165354	-104.59407465017236
3.679133858	-76.66404328320255
3.681102362	-84.62229763333076
3.683070866	-116.70015770019118
3.68503937	-144.7866497715631
3.687007874	-142.8581590566058
3.688976378	-127.47113231664358
3.690944882	-116.3724207595939
3.692913386	-112.59538200834723
3.69488189	-117.81379517765711
3.696850394	-125.00261165139302
3.698818898	-124.03909132538358
3.700787402	-125.27887200896102
3.702755906	-115.93445808593822
3.704724409	-98.98930204362948
3.706692913	-90.24323843812937
3.708661417	-101.62016713751706
3.710629921	-125.9375164975479
3.712598425	-145.8188068095895
3.714566929	-137.81731156770104
3.716535433	-114.81699768236018
3.718503937	-100.29827673175956
3.720472441	-105.79931190787752
3.722440945	-121.65027823408293
3.724409449	-127.31406524808227
3.726377953	-128.7045338568982
3.728346457	-118.69655137485603
3.730314961	-124.3288454417909
3.732283465	-129.39305297585958
3.734251969	-130.16311914699185
3.736220472	-125.21988823160973
3.738188976	-131.97443212811993
3.74015748	-140.8717742842526
3.742125984	-138.3631448670763
3.744094488	-120.73465428611274
3.746062992	-100.23654368391796
3.748031496	-103.50271833755725
3.75	-117.1074082583665
3.751968504	-129.79114227050178
3.753937008	-123.36812130594532
3.755905512	-113.48862555113877
3.757874016	-110.94882406440703
3.75984252	-126.53525160879153
3.761811024	-138.75135350579623
3.763779528	-127.59795042060455
3.765748031	-117.43211892702531
3.767716535	-114.32732280390438
3.769685039	-122.9284632811508
3.771653543	-124.23372943186608
3.773622047	-111.61198930754222
3.775590551	-96.22695831598584
3.777559055	-100.15229105009094
3.779527559	-102.0990686009822
3.781496063	-104.82032358467724
3.783464567	-98.96536961513955
3.785433071	-93.86441681225493
3.787401575	-113.65421806357338
3.789370079	-129.4184923875657
3.791338583	-128.99671200617806
3.793307087	-113.77479673535974
3.795275591	-97.72108859046976
3.797244094	-106.48729470560596
3.799212598	-119.44353446043532
3.801181102	-127.01566148548113
3.803149606	-114.89185069084995
3.80511811	-101.78308821325119
3.807086614	-98.86050009670366
3.809055118	-101.19811103301333
3.811023622	-106.21050270695385
3.812992126	-113.70523089699093
3.81496063	-113.707359595533
3.816929134	-119.64144608259427
3.818897638	-126.44967327655087
3.820866142	-128.01413146691027
3.822834646	-127.58988298259568
3.82480315	-122.79679970057798
3.826771654	-118.80332008614515
3.828740157	-118.7402023402908
3.830708661	-118.97096635514666
3.832677165	-120.6755498086927
3.834645669	-124.17435044065415
3.836614173	-131.10115308966274
3.838582677	-132.63670567735474
3.840551181	-133.24828105541584
3.842519685	-143.54073601072224
3.844488189	-157.86425117390334
3.846456693	-177.04503024675148
3.848425197	-192.1600791812547
3.850393701	-182.14512051273178
3.852362205	-162.51783777791763
3.854330709	-140.73977230634898
3.856299213	-126.05066172113763
3.858267717	-127.99586676866183
3.86023622	-133.41374469146677
3.862204724	-140.71566158349142
3.864173228	-141.12972183840108
3.866141732	-139.35325969879509
3.868110236	-133.54600923739068
3.87007874	-143.42521515865934
3.872047244	-160.36050354416375
3.874015748	-176.40419759803422
3.875984252	-183.71781980606377
3.877952756	-185.6208815843636
3.87992126	-194.16472461748742
3.881889764	-203.46173751902987
3.883858268	-205.65841992916583
3.885826772	-197.30348398357168
3.887795276	-186.55218114949474
3.88976378	-193.8216659122578
3.891732283	-204.58871290076226
3.893700787	-206.45233918209198
3.895669291	-190.83409623553112
3.897637795	-166.89342760516436
3.899606299	-155.68463754640908
3.901574803	-162.1169516113148
3.903543307	-171.93299684431108
3.905511811	-166.97901352198767
3.907480315	-144.06466781149683
3.909448819	-124.01496346935869
3.911417323	-114.79434019138228
3.913385827	-115.94779788713161
3.915354331	-114.50554121424955
3.917322835	-111.73266227757559
3.919291339	-97.61193414519563
3.921259843	-88.55659802962839
3.923228346	-89.98995456973924
3.92519685	-101.52523718913356
3.927165354	-120.46211791472693
3.929133858	-122.54030179620894
3.931102362	-103.18778899128934
3.933070866	-87.86638388038833
3.93503937	-93.06565205748218
