10.01	28.307590642555017
10.02	30.863646022198935
10.03	28.143372123839182
10.04	27.373522128017484
10.05	28.54235446830578
10.06	27.940427633625674
10.07	26.46625141274013
10.08	24.142001288472166
10.09	25.247230593054773
10.1	24.288700483538292
10.11	22.449530581975665
10.12	23.809598753174992
10.13	18.484867505400288
10.14	20.449217886446682
10.15	20.690467937188213
10.16	23.53023381283897
10.17	18.09333235464355
10.18	19.97580488181047
10.19	18.589749775222977
10.2	16.45491267779338
10.21	17.12012514909109
10.22	15.731642864046933
10.23	16.603966628732426
10.24	16.246970543250185
10.25	13.542407122563798
10.26	14.301354259996915
10.27	13.442989079730403
10.28	11.430008782198575
10.29	9.8084580644488
10.3	12.465862394407463
10.31	10.570704648753235
10.32	10.822787688243885
10.33	9.69044403018384
10.34	5.934446812837945
10.35	7.856314850672852
10.36	3.332794866623873
10.37	7.822269535259345
10.38	8.463591687133391
10.39	7.581159807041551
10.4	3.7174607440152267
10.41	5.296551442412882
10.42	6.5113329331930405
10.43	4.239867330049744
10.44	5.638829270592828
10.45	4.881363106823392
10.46	4.846796069216857
10.47	4.000372541319217
10.48	3.912387889633619
10.49	3.978754322825928
10.5	-0.0052052864814369215
10.51	3.9110091735510055
10.52	6.569197301156509
10.53	4.99907853668587
10.54	4.429905081791033
10.55	5.229624447504123
10.56	4.793376559704455
10.57	7.233193474668606
10.58	2.3199750037832683
10.59	2.7052080718186238
10.6	5.999313860570156
10.61	6.334393973608884
10.62	5.682330746502412
10.63	6.030434109177056
10.64	5.853461900348621
10.65	6.830718332621485
10.66	6.496608546944184
10.67	4.494601578827589
10.68	6.378523676040284
10.69	7.574961454149296
10.7	7.839154090071602
10.71	8.393384072168573
10.72	9.93089428606812
10.73	10.381377895977169
10.74	10.164936455879324
10.75	9.66955474525881
10.76	8.998183646782692
10.77	15.003127104542811
10.78	11.19767872884688
10.79	16.382685330159223
10.8	15.94947168740808
10.81	17.655087365209027
10.82	16.036138961328298
10.83	15.454339811337604
10.84	19.343062634645644
10.85	19.761224254377904
10.86	24.12526114264486
10.87	22.164348288494676
10.88	21.16323079525834
10.89	24.54267214297002
10.9	23.996363537021853
10.91	24.413786117273617
10.92	24.893486978648983
10.93	25.594372593400273
10.94	26.33795189905594
10.95	24.602294087206342
10.96	26.00378967523679
10.97	28.20822597927676
10.98	26.838188441709057
10.99	27.78710128261634
11.0	28.50653974908323
11.01	27.3940021192819
11.02	29.327015805562212
11.03	28.926272700021237
11.04	29.64227015944924
11.05	30.73391379830059
11.06	31.184563139770148
11.07	31.52866143350682
11.08	30.14913154592655
11.09	27.63125054759007
11.1	30.061073504113143
11.11	29.497457010927146
11.12	31.56742884915773
11.13	29.94530098433183
11.14	31.349762983628928
11.15	30.030785292239145
11.16	29.36448220941714
11.17	30.439216892597095
11.18	31.26221033441641
11.19	29.869250094886127
11.2	28.78295614379097
11.21	27.573231621010777
11.22	28.718126046677003
11.23	28.95419327211954
11.24	24.908753395680694
11.25	28.048892117453654
11.26	25.49063204266611
11.27	27.413928343597657
11.28	25.255607294494045
11.29	26.165139090204047
11.3	25.084585856717304
11.31	24.620872910124685
11.32	24.546598352420023
11.33	22.962565297159536
11.34	22.031011075016707
11.35	20.66934066856723
11.36	20.95458858746644
11.37	19.03909906747288
11.38	16.926065363453752
11.39	18.710362740245944
11.4	16.975112338695485
11.41	17.792377906322134
11.42	16.245557272473363
11.43	15.241770401754641
11.44	15.695825417265056
11.45	13.677232685751571
11.46	13.221816069545344
11.47	14.721619993409854
11.48	9.411188523716588
11.49	9.381778801133459
11.5	8.224080814864855
11.51	8.063664912101098
11.52	10.074068880890795
11.53	5.731445614259861
11.54	7.26747979294071
11.55	5.62925334698518
11.56	6.88303004625909
11.57	6.011448628774351
11.58	3.9147571202311617
11.59	1.8290545076363882
11.6	6.326868283368481
11.61	3.6970758964728483
11.62	2.4490826312126996
11.63	2.204468672090797
11.64	2.2981424071695824
11.65	5.255651786210423
11.66	2.601670201853804
11.67	1.7520426475201534
11.68	2.785898398253962
11.69	1.6201664326581435
11.7	0.5364376287471828
11.71	1.3821655799474803
11.72	0.8361605159650954
11.73	2.0259368783000946
11.74	-2.0549301578770196
11.75	-0.37579988295504485
11.76	-0.8118969312531716
11.77	0.6178123235558584
11.78	1.2101516288740373
11.79	0.6109310515772696
11.8	0.34756707538598863
11.81	1.606048283844574
11.82	3.181324108885356
11.83	0.32552857695069115
11.84	1.9831276058768932
11.85	2.3913607527099217
11.86	1.702512515974051
11.87	0.8325735699537739
11.88	1.994584477247736
11.89	2.7156390936296018
11.9	0.7804975450319738
11.91	4.324221816457642
11.92	1.8401444121927244
11.93	3.392647833827366
11.94	5.41289021954512
11.95	1.2288043903142594
11.96	4.699380478589245
11.97	3.5096859227520887
11.98	1.0429112558273057
11.99	1.4618564526007298
12.0	2.7805902536435365
12.01	3.6182712766799385
12.02	5.746675002626772
12.03	5.505163280813625
12.04	8.31567064009471
12.05	6.074374970428198
12.06	6.8028670799719855
12.07	10.363106665538
12.08	8.490500615690388
12.09	11.11517076516805
12.1	8.019272660956355
12.11	12.336449280562109
12.12	10.134386433221941
12.13	15.277279093330423
12.14	11.140866143308712
12.15	13.55031560058228
12.16	17.119004959575886
12.17	17.65029019861713
12.18	14.530224846833512
12.19	17.390512647298873
12.2	21.673739915766838
12.21	20.443585347844277
12.22	20.15648957643642
12.23	19.324222348683918
12.24	22.064514374894134
12.25	22.16944682787019
12.26	22.068731848601256
12.27	24.34095262168051
12.28	22.66048410720941
12.29	24.54038771781542
12.3	25.466759874149858
12.31	24.347345103336618
12.32	25.064421866032102
12.33	26.37278105978111
12.34	23.531603653024067
12.35	28.39116156018046
12.36	29.304699415964492
12.37	27.71201719438834
12.38	25.704277240683133
12.39	29.487449536051564
12.4	29.265518552460378
12.41	27.332414606303654
12.42	28.10842001365827
12.43	27.8060333101744
12.44	26.595786626737446
12.45	28.65531714369869
12.46	29.357845523438726
12.47	29.21071216521826
12.48	28.431410233160076
12.49	31.302210066373743
12.5	31.01475616710046
12.51	28.899002824186507
12.52	31.206956555128777
12.53	30.42383082296877
12.54	28.31617269258232
12.55	26.64175574607122
12.56	27.728158682272017
12.57	26.64536900851085
12.58	29.05398033887065
12.59	31.583784871716407
12.6	28.390389130885364
12.61	27.077550832286796
12.62	27.408406584668484
12.63	26.769654173576335
12.64	28.543276206454404
12.65	29.62718314328867
12.66	28.58464347275155
12.67	28.54350596713275
12.68	30.791794709835013
12.69	28.883122920230548
12.7	28.37580229394695
12.71	29.225909955977855
12.72	28.65808020733368
12.73	27.60485580903509
12.74	26.356192068382136
12.75	26.018270155106034
12.76	27.250066827231567
12.77	24.248578276478213
12.78	24.11808564458802
12.79	23.346785719777642
12.8	21.166751196580293
12.81	22.558546338737226
12.82	21.43139703570947
12.83	22.294969599866626
12.84	22.49678115319656
12.85	21.847150198803497
12.86	23.320861813999045
12.87	17.10583218722323
12.88	17.95968156483111
12.89	18.29109259168748
12.9	18.067112059021603
12.91	16.478315527873963
12.92	17.24609906646227
12.93	17.215507818382967
12.94	15.311263125426523
12.95	14.278815607969532
12.96	13.678469374628087
12.97	13.27939069471686
12.98	12.546757211041264
12.99	14.187395169768303
13.0	10.87566177826135
13.01	13.05526624373815
13.02	12.45660305980287
13.03	9.03716184747252
13.04	11.19682734796609
13.05	9.765082767022243
13.06	10.319762538256605
13.07	10.874243869346886
13.08	7.288545388042851
13.09	5.969736518986798
13.1	6.736915074893523
13.11	9.12550707965874
13.12	6.185755494925417
13.13	6.524158286513353
13.14	7.047194047835316
13.15	7.385188544841453
13.16	7.112050669375819
13.17	2.523096042225111
13.18	2.273082296603205
13.19	5.131109932946192
13.2	2.654124905439669
13.21	7.193954783038722
13.22	4.641088405543824
13.23	5.0705916491282155
13.24	5.5244947931230275
13.25	5.066278963532233
13.26	3.810242366135498
13.27	1.4257704437163325
13.28	2.570653851961162
13.29	4.10948204223621
13.3	2.132925990774378
13.31	3.1581530422696185
13.32	3.5120170065153937
13.33	2.421831941307013
13.34	3.4353729398467925
13.35	2.8685465224371
13.36	0.7274710322864437
13.37	4.716960010349377
13.38	5.22009525964024
13.39	6.228163978035413
13.4	3.7812523882115086
13.41	8.002474559711688
13.42	7.102887385541932
13.43	3.192130586569534
13.44	4.581959131984181
13.45	2.920901175430903
13.46	6.898966515213703
13.47	6.358674717042921
13.48	9.190387733805238
13.49	9.280523074901492
13.5	9.948010833482806
13.51	6.725367165117291
13.52	9.11020189330845
13.53	9.652658558586118
13.54	12.418150240421932
13.55	13.683739268950466
13.56	12.646726375894431
13.57	12.709746679156183
13.58	12.594804741013522
13.59	12.082413405888824
13.6	16.724820906766407
13.61	15.773131278948142
13.62	14.769915803633642
13.63	17.242018286405738
13.64	15.069785302421487
13.65	17.843421616942233
13.66	13.51806197805243
13.67	15.808940280076403
13.68	17.62796925643449
13.69	17.84869671269954
13.7	21.362695588046158
13.71	21.835788537303227
13.72	18.672251602928398
13.73	20.217630873315596
13.74	23.862723382469188
13.75	19.870838072224895
13.76	23.711685146060105
13.77	20.114933702176558
13.78	21.598927661047878
13.79	24.13937099691362
13.8	23.105222641898727
13.81	24.115058960520173
13.82	24.54388966119003
13.83	26.730368457858333
13.84	26.766791553435887
13.85	26.026722652649983
13.86	28.209059070131275
13.87	27.370727022138077
13.88	27.72795917844642
13.89	25.367063153589175
13.9	27.752320270407427
13.91	25.80629842431536
13.92	26.00522406575372
13.93	29.47388922022015
13.94	26.190800620919948
13.95	26.496138058809194
13.96	24.155218781236357
13.97	26.131245267443088
13.98	27.286170661322764
13.99	24.33048246337203
14.0	26.175910328745765
14.01	26.504872213540562
14.02	27.580365484679316
14.03	25.85051373026675
14.04	26.673613880606805
14.05	26.194681093603908
14.06	25.742769431758543
14.07	27.496243619649164
14.08	26.538451724131722
14.09	25.388438156889038
14.1	26.756632922602705
14.11	27.326964320375186
14.12	28.26025511724297
14.13	22.683372240110767
14.14	26.1305688177829
14.15	24.542837508749468
14.16	25.69438335169201
14.17	22.94839641325583
14.18	23.98574519192174
14.19	21.634181626325308
14.2	20.06495688718408
14.21	20.84246951047429
14.22	19.2473263133078
14.23	22.727073362892177
14.24	19.798931628684667
14.25	18.931935517894196
14.26	19.48748534017237
14.27	18.7661563992864
14.28	16.985576033218884
14.29	19.302481491150964
14.3	13.092049719321068
14.31	16.49777833142175
14.32	14.656089586308553
14.33	13.695311611477987
14.34	13.317868427170525
14.35	12.936221165770872
14.36	16.09115251713102
14.37	10.990996697762682
14.38	13.007641449183867
14.39	6.477087696691068
14.4	7.289205739699577
14.41	9.710465671930974
14.42	8.643605141645516
14.43	10.092034080575916
14.44	7.300443494059201
14.45	6.321486287504893
14.46	5.290877111869946
14.47	5.371985709915115
14.48	8.508068487096569
14.49	6.509886819975826
14.5	7.198787634989964
14.51	3.918668978686454
14.52	3.7788895955886312
14.53	2.064489451799205
14.54	1.4649660965256024
14.55	1.2436567838219803
14.56	0.6198716284763066
14.57	3.4117443236044602
14.58	2.0884653659054955
14.59	-0.1513934037856548
14.6	-0.5028440123716056
14.61	0.02402259463346712
14.62	3.529547224124968
14.63	1.5783730229969635
14.64	0.35147856493785246
14.65	0.2222176380797556
14.66	-1.41892077685878
14.67	1.5256395220732295
14.68	0.6226920515348499
14.69	0.13945447178631243
14.7	1.0365709395381182
14.71	1.6479098491788182
14.72	2.4397307699671
14.73	0.73375277396096
14.74	2.1167802243456726
14.75	3.339588589676378
14.76	5.607104531808826
14.77	1.3695420942574112
14.78	2.884838414150005
14.79	-0.6930245336274568
14.8	2.9480705256407513
14.81	5.041853231277081
14.82	3.2355809293273
14.83	2.0106068282527825
14.84	4.380032899218315
14.85	4.675475498696609
14.86	6.6554771792792575
14.87	3.6006594338136635
14.88	6.202243790002422
14.89	8.019479299866529
14.9	6.24944571879515
14.91	7.129122275587463
14.92	11.8682215251981
14.93	12.704155134074778
14.94	12.819092803817563
14.95	12.446622841591706
14.96	12.0532878159586
14.97	12.6558068790511
14.98	15.439801646189403
14.99	13.51897139167587
15.0	16.446715715176996
15.01	14.692542651018483
15.02	16.34209189371227
15.03	19.19695565796834
15.04	15.275525107871367
15.05	19.279060020238024
15.06	19.281493629137323
15.07	22.013550572577458
15.08	19.895020996937184
15.09	22.141167548230385
15.1	22.085720334989283
15.11	22.406136120748993
15.12	23.538529839105465
15.13	24.853699659963727
15.14	24.83724941331632
15.15	25.886705524196667
15.16	25.395632879400917
15.17	25.19058407041388
15.18	29.087025381937913
15.19	21.985195882440035
15.2	28.035858092825034
15.21	30.003165098332033
15.22	26.962270104003622
15.23	28.055974519937504
15.24	28.970118017724175
15.25	26.456771635891407
15.26	26.711933429870975
15.27	28.25247674523036
15.28	28.59661514674433
15.29	28.699464753824326
15.3	27.578974881715368
15.31	27.436739978482326
15.32	29.720339877464795
15.33	33.194497090123136
15.34	26.537795482188745
15.35	27.000809834028516
15.36	27.74430129004882
15.37	24.373757845956774
15.38	29.258085546377416
15.39	29.483968914925804
15.4	24.866215496571048
15.41	28.098161150175905
15.42	26.616296044194403
15.43	26.609074603481318
15.44	26.465622603177085
15.45	25.081911153127326
15.46	23.68587750953684
15.47	24.516479199069465
15.48	24.696442542250857
15.49	23.886728817659634
15.5	21.302611744088342
15.51	22.054914434088705
15.52	21.693379154952282
15.53	18.76647148225224
15.54	17.196678816428804
15.55	19.258809394380624
15.56	18.00067054656482
15.57	19.011243000045596
15.58	17.488155277470916
15.59	19.01249482384498
15.6	18.351002415354724
15.61	15.089250896931878
15.62	15.062130392448733
15.63	11.189378846720881
15.64	14.501822635085272
15.65	11.797705001604406
15.66	9.417245673330923
15.67	11.454594596168121
15.68	8.531476275320413
15.69	11.25687488223314
15.7	6.191023181696941
15.71	5.449803611245244
15.72	7.558037235533509
15.73	9.191626066182353
15.74	3.152649072629581
15.75	3.500731236863797
15.76	3.0534732479903437
15.77	5.357781294137272
15.78	1.301031549702838
15.79	1.9546461531792199
15.8	2.988390973409769
15.81	2.407291425061706
15.82	3.2255613650674233
15.83	0.7166180680242928
15.84	0.8128837946200743
15.85	3.0795620914388575
15.86	-0.040826072039835015
15.87	3.185413857136059
15.88	-1.2963137490620424
15.89	0.10655191534497788
15.9	-0.7121415843574843
15.91	-1.6350145295591845
15.92	1.3829115150250737
15.93	1.8092301434853002
15.94	1.392843363532586
15.95	1.3335510475240815
15.96	4.347498273051692
15.97	0.5652624018527069
15.98	0.26916986796069864
15.99	-2.892078909520886
16.0	2.907675968241942
16.01	0.9354620904460499
16.02	2.0903976864065528
16.03	2.3231322530598626
16.04	0.1893526520068156
16.05	2.415653217263067
16.06	3.0342132012479763
16.07	5.863143162829174
16.08	2.146340355233327
16.09	3.684707186740251
16.1	3.573384765885539
16.11	6.155709325859162
16.12	6.2844917058675165
16.13	6.7246230807840846
16.14	7.6718109210947985
16.15	7.505132038253039
16.16	7.3510261603769225
16.17	10.537909992956433
16.18	10.278681923745026
16.19	11.70735595462313
16.2	14.297748999119626
16.21	11.044648054497161
16.22	12.449563927046507
16.23	15.810972237205243
16.24	14.559433783643946
16.25	17.191251727167923
16.26	18.52415638211835
16.27	18.16183998362108
16.28	15.96358236997523
16.29	19.009530025757655
16.3	17.522757127282844
16.31	21.33796554991483
16.32	22.09704014532632
16.33	21.674842077885636
16.34	20.899494876586257
16.35	23.459198259685945
16.36	24.710191019322195
16.37	20.790409159046398
16.38	24.372725690202763
16.39	22.369677039396308
16.4	25.68487161201934
16.41	25.168896802850593
16.42	23.728469830962478
16.43	25.29760972540265
16.44	24.801449631264767
16.45	25.192444266815656
16.46	25.993041543332925
16.47	30.772630648079893
16.48	27.96089877675085
16.49	25.279086011270575
16.5	27.13077333282666
16.51	28.189685514770762
16.52	28.787656819292405
16.53	29.60717749937348
16.54	26.40254431767305
16.55	27.40962660372486
16.56	26.722501090118406
16.57	26.222352482263407
16.58	26.210351685505046
16.59	29.51297821374103
16.6	27.002859761198454
16.61	28.084094254397296
16.62	29.36917911192442
16.63	27.632980849488295
16.64	24.73932283857571
16.65	27.285375083272193
16.66	25.987204814513785
16.67	26.803470593845205
16.68	30.71878550469079
16.69	29.53312038036659
16.7	24.65702400488868
16.71	24.58172109207272
16.72	25.515542217631776
16.73	25.27512064559329
16.74	23.5248222679563
16.75	26.37182311306687
16.76	23.49553901184423
16.77	21.987962933452344
16.78	23.023740934390776
16.79	24.48552439235713
16.8	20.213803887580696
16.81	23.362510901371014
16.82	20.07684556266332
16.83	19.351444231365882
16.84	19.79627013700112
16.85	20.53153799104473
16.86	19.905619378618937
16.87	19.731609507781386
16.88	17.521648749920647
16.89	16.299310761968744
16.9	14.689170035901164
16.91	14.953570277329986
16.92	14.501886737959648
16.93	14.022413357921922
16.94	14.496287520357019
16.95	9.847095927695607
16.96	10.825108523953952
16.97	11.746983609744683
16.98	13.531766300960436
16.99	11.491139070227835
17.0	8.783480128002726
17.01	6.965760358824749
17.02	9.033082342240444
17.03	7.839147293887191
17.04	11.473357132947061
17.05	6.605242587838776
17.06	7.806220856627102
17.07	7.649022732947806
17.08	7.576994307366967
17.09	5.708692972996061
17.1	5.035077489444738
17.11	3.8631148859498645
17.12	6.437771649174433
17.13	8.614612712385808
17.14	3.194983960188277
17.15	4.879694395708278
17.16	3.8321813915436698
17.17	3.4731086671426152
17.18	5.019471234069758
17.19	1.3399058475652832
17.2	3.2189475451858316
17.21	5.872893084852841
17.22	3.9765029995809713
17.23	3.8503551784780434
17.24	6.447227908992235
17.25	3.9748340920254726
17.26	3.2481281670421627
17.27	3.454857617687892
17.28	5.924856647455133
17.29	5.348874291700801
17.3	3.9841783011659317
17.31	4.0719310310324826
17.32	7.09200787994215
17.33	1.7854272602918981
17.34	3.1507304616958516
17.35	6.573095583925743
17.36	6.0002732314457266
17.37	8.527942717358926
17.38	6.287394219638479
17.39	6.175419985241776
17.4	6.095352859905689
17.41	5.694713250347455
17.42	9.912340434941784
17.43	6.097558672351614
17.44	9.205619261896711
17.45	7.990101978452101
17.46	9.656734546382864
17.47	9.756649641193803
17.48	12.0725335182295
17.49	11.409303622036896
17.5	9.631685104597791
17.51	13.231388808702814
17.52	18.012518582001025
17.53	13.677436970622448
17.54	15.696230953959587
17.55	14.92133511314935
17.56	14.315620899511762
17.57	14.02327004329711
17.58	17.94894138668274
17.59	19.820015530451414
17.6	17.651739766879647
17.61	20.15340363470543
17.62	20.007501392516733
17.63	21.958781308423706
17.64	21.41006259986626
17.65	21.35784763644779
17.66	23.179535180869863
17.67	22.56871615638401
17.68	22.05954418221573
17.69	23.268318682995563
17.7	23.424374315003142
17.71	24.029769175354463
17.72	23.925308788735265
17.73	25.943389175296083
17.74	25.816020056289233
17.75	25.070268690625852
17.76	27.57639919703322
17.77	25.44953812979692
17.78	27.12140779723895
17.79	31.239264822078223
17.8	27.171722952231992
17.81	26.651348396261536
17.82	25.506435091080853
17.83	27.594562558318106
17.84	28.487343471524703
17.85	28.76167560749858
17.86	26.858300966466874
17.87	27.166904204147176
17.88	26.174989625225454
17.89	27.699820573070117
17.9	25.467918212645486
17.91	26.754293612805267
17.92	23.518171895134277
17.93	28.0735564156296
17.94	25.005371169526878
17.95	24.438758630210927
17.96	24.689920395370628
17.97	29.016989180739902
17.98	25.994213333065243
17.99	21.932305049733543
18.0	23.145582755770306
18.01	20.014557114841654
18.02	24.226998949213105
18.03	21.870684076966686
18.04	18.851862431361663
18.05	17.562267758967753
18.06	18.459315102905787
18.07	19.69938368793715
18.08	18.710915977341227
18.09	15.744163329136926
18.1	17.97673916145714
18.11	13.259566968444675
18.12	15.21229678502457
18.13	13.596660893887645
18.14	14.432428809552595
18.15	13.052352098381277
18.16	14.519161486242066
18.17	11.749539088803273
18.18	11.342046332360775
18.19	11.892475479706928
18.2	9.630620290010913
18.21	12.013004424922173
18.22	8.799647530473889
18.23	8.595737990145865
18.24	9.509464065155893
18.25	8.182547442072268
18.26	7.525937970851576
18.27	7.016513584042722
18.28	7.515888764211183
18.29	8.96731170759819
18.3	4.7149809930779405
18.31	7.625275971379473
18.32	4.736166069935873
18.33	5.435137483539871
18.34	5.428637179796206
18.35	3.8957158476997944
18.36	4.831635331506131
18.37	3.9160449660701198
18.38	2.284354842827492
18.39	4.897463009681065
18.4	4.185380258694929
18.41	3.6195057435434186
18.42	6.211287685988593
18.43	2.506986266736554
18.44	3.3415564479517363
18.45	3.3253089321941802
18.46	3.7880419285061357
18.47	2.222558588257327
18.48	5.404884675603175
18.49	3.7462389910624028
18.5	3.8419845369595222
18.51	4.165436335756503
18.52	7.587412460006616
18.53	1.018763789556775
18.54	5.058173693714569
18.55	3.638466239812994
18.56	5.957736956343267
18.57	5.119408595808622
18.58	5.987039340582049
18.59	8.727815564194275
18.6	6.49928946186329
18.61	8.883958801838205
18.62	10.119380999713929
18.63	10.416989085482907
18.64	11.660276952714927
18.65	8.659446262115644
18.66	13.606290990267508
18.67	13.115286495816791
18.68	12.484186205787022
18.69	15.183960938411955
18.7	13.741462663032708
18.71	13.423336200248245
18.72	17.016830567943263
18.73	18.614677236378753
18.74	17.77537421820214
18.75	17.21423103350228
18.76	21.03356059593043
18.77	17.745839607547737
18.78	22.945846589449964
18.79	19.229058053678195
18.8	18.787502527068604
18.81	24.75734286715869
18.82	24.663934768847422
18.83	21.352220645330924
18.84	24.891753537544037
18.85	25.95156884838119
18.86	24.51314395848419
18.87	26.858974334818278
18.88	22.04434014739775
18.89	25.511850436901657
18.9	28.53852661912767
18.91	25.416774881661542
18.92	23.911478596662437
18.93	26.777156258887434
18.94	27.409017637858753
18.95	28.768843452131556
18.96	28.745869818320642
18.97	28.67876074055018
18.98	26.877311858474023
18.99	26.441791295970418
19.0	27.846457725541363
19.01	31.14771164556514
19.02	28.378566510167257
19.03	26.16706022639556
19.04	28.927852809836203
19.05	25.747895234240705
19.06	27.13014118350702
19.07	27.86426333823472
19.08	25.430220830932846
19.09	28.199044192784044
19.1	25.511014083063724
19.11	26.24632389628904
19.12	24.1682107089647
19.13	27.05593041238752
19.14	23.168480691983376
19.15	26.15080003769147
19.16	23.416563267632295
19.17	23.961741380569812
19.18	21.563074926599178
19.19	22.532886119548323
19.2	20.55897909043582
19.21	20.65542266790807
19.22	23.475228845606292
19.23	20.57378587341027
19.24	20.422736852252214
19.25	19.211280761466284
19.26	18.626168344110134
19.27	17.90036840965466
19.28	18.9150858776146
19.29	14.702381457816967
19.3	16.18378659613534
19.31	15.009100589457006
19.32	13.554235583628719
19.33	11.90564395530008
19.34	12.649820962778064
19.35	13.992555418778453
19.36	14.327998130005424
19.37	10.66908390948694
19.38	10.218955140661768
19.39	9.7209548741193
19.4	7.566299501878383
19.41	6.593678184938252
19.42	7.537518196205812
19.43	7.1242025562360904
19.44	5.062021187149362
19.45	6.487547992638684
19.46	5.042202053988659
19.47	4.258635819472715
19.48	5.569736359434059
19.49	6.166007369218898
19.5	6.5576297237747685
19.51	2.2465258389639597
19.52	3.715759535095988
19.53	4.473547187064766
19.54	-0.7078015924993655
19.55	-1.2851132873870292
19.56	0.5201523567736195
19.57	0.6899730505789186
19.58	-0.5799822253843085
19.59	-0.08637267262792703
19.6	1.298087211807328
19.61	3.0744168824886287
19.62	-0.27991600865634436
19.63	1.5836811000929527
19.64	0.7329645739828805
19.65	-0.8307062524993195
19.66	-0.1156439518471869
19.67	-0.18420794991397804
19.68	2.4786280359722657
19.69	-0.008788117672224401
19.7	0.8742073392198153
19.71	0.25989620857343315
19.72	0.461864820753525
19.73	-0.37189304480318586
19.74	0.7099266476889567
19.75	0.5466015624131231
19.76	2.1823594119743954
19.77	0.3913815344153846
19.78	2.206512127499348
19.79	2.319377165783593
19.8	1.236958526854993
19.81	2.1657606370719877
19.82	2.8626985712775292
19.83	0.6125494553230548
19.84	0.8999754937985758
19.85	0.9954033425816928
19.86	2.528152682684869
19.87	1.6399865624849737
19.88	3.080346385462656
19.89	6.234775540018478
19.9	6.182630220584215
19.91	6.153799666693727
19.92	9.501257739993484
19.93	7.84166570646885
19.94	5.6142634783249505
19.95	10.368561782829259
19.96	9.172440703081406
19.97	9.202180274742682
19.98	10.402881398147349
19.99	11.619534372173323
20.0	13.53829964140822
