10.01	4.561241234440261
10.02	4.34212818748274
10.03	5.3705203367883865
10.04	5.0608012619650715
10.05	2.929159133565548
10.06	3.5252169140363394
10.07	2.6260970106264447
10.08	3.2046388962138774
10.09	3.231387405154233
10.1	2.6308659730264807
10.11	2.138354034210954
10.12	2.716529724380027
10.13	2.8079508578968126
10.14	1.8800157005287812
10.15	2.833244929640032
10.16	0.9702954198053126
10.17	2.020327166439856
10.18	1.7839323547751496
10.19	1.5511563428795867
10.2	1.7711652526203783
10.21	2.3962561861828258
10.22	0.7851141702014883
10.23	0.8208188043421903
10.24	0.1239293803486552
10.25	0.349745657037611
10.26	0.9694713245400904
10.27	0.19825097213311899
10.28	1.1580158330614725
10.29	1.5697798093906574
10.3	0.7827648198982696
10.31	1.2856410641270797
10.32	0.8457620883282994
10.33	0.7329690996510855
10.34	1.1646546388714842
10.35	1.4461448824996004
10.36	0.4349984259620787
10.37	1.7064715478018875
10.38	1.3938526435095573
10.39	2.041003746597969
10.4	2.803398052666535
10.41	2.9426441487952295
10.42	3.1808955371216463
10.43	2.6657783383841016
10.44	2.860158610828092
10.45	4.177837940717915
10.46	4.257307643953829
10.47	4.347079496261119
10.48	5.4391891745842464
10.49	4.671320651166174
10.5	5.353790875706216
10.51	6.929510882537821
10.52	7.040714163733712
10.53	6.983055228220981
10.54	6.813038418571406
10.55	7.939293814681109
10.56	8.515831040813318
10.57	8.84879470402768
10.58	9.188390850009222
10.59	9.823538745186491
10.6	10.320907463840753
10.61	10.349650668931071
10.62	11.587567755928736
10.63	12.351283348045296
10.64	12.011724756889148
10.65	11.71835469896084
10.66	12.532902878364801
10.67	12.950438878769802
10.68	12.915382928028743
10.69	13.230264126023986
10.7	14.508109669448991
10.71	15.058746945822108
10.72	16.49142859792889
10.73	15.708737637075105
10.74	15.762058948005155
10.75	16.56363682983895
10.76	17.07935039146285
10.77	17.569006025674604
10.78	17.072859177431646
10.79	18.217263522228528
10.8	18.398553004815764
10.81	19.230994074057826
10.82	18.766895605532266
10.83	18.561983582483457
10.84	18.576844262912243
10.85	18.870461086824353
10.86	19.93856064240269
10.87	20.09256893162192
10.88	19.047320397093408
10.89	20.715583294389265
10.9	20.3388696896332
10.91	20.991592949097154
10.92	20.280759500102924
10.93	20.52569615027671
10.94	21.20675658272185
10.95	20.551232904662793
10.96	20.049189826357775
10.97	21.01398521768528
10.98	20.55246537075563
10.99	20.681348884007367
11.0	20.72723622289477
11.01	21.682852293659664
11.02	21.136681982384243
11.03	21.103309156205206
11.04	21.559519674334975
11.05	20.57375966823773
11.06	21.364146121991794
11.07	20.31061196092434
11.08	20.536779080851655
11.09	19.35247195113237
11.1	19.58239137893947
11.11	19.09643343580517
11.12	19.139950303258118
11.13	19.330567833253756
11.14	18.705059189331134
11.15	19.48469001123387
11.16	17.970874805136056
11.17	17.047733596250676
11.18	17.754889693486206
11.19	18.044660714206195
11.2	16.941309994119074
11.21	16.192221909164314
11.22	16.639837253245854
11.23	15.76397435966413
11.24	15.813238042810513
11.25	14.853303931064929
11.26	14.41663281925381
11.27	14.837327692445195
11.28	12.810679492232515
11.29	13.658279812039215
11.3	12.429748155827408
11.31	12.682289536458114
11.32	11.789352974655325
11.33	11.633259604949862
11.34	12.030720136282092
11.35	10.92132384449311
11.36	10.222263588617515
11.37	10.078892482828573
11.38	9.191624625377889
11.39	8.90183126967921
11.4	7.791923388322852
11.41	7.427511925585471
11.42	8.088334473188404
11.43	7.595490989185636
11.44	5.764935215350841
11.45	6.347111223562859
11.46	6.708778941523832
11.47	6.538761580852075
11.48	5.67032990984333
11.49	6.848223455989975
11.5	5.075723960413463
11.51	4.744506785706701
11.52	4.042938237690669
11.53	3.5888007999387326
11.54	4.413092208761721
11.55	3.605322692700166
11.56	2.6211489168919715
11.57	3.357912231492436
11.58	2.9630226953825853
11.59	3.173996516952302
11.6	3.3787769164957546
11.61	1.6757861438763395
11.62	2.3708775538473557
11.63	2.3660677843349887
11.64	1.813903181443109
11.65	2.6541799011942553
11.66	2.6052485371639866
11.67	1.4012600788913283
11.68	2.349754808315567
11.69	1.9307858740537243
11.7	1.3581112352285607
11.71	1.043288996124641
11.72	1.988061004177811
11.73	1.381601765873727
11.74	1.728960413588274
11.75	0.8449068400048718
11.76	1.759248342568924
11.77	0.8648740225186493
11.78	1.8727412055606196
11.79	2.5406153190071206
11.8	1.8751573706173197
11.81	2.7313250089834544
11.82	2.6305247705003096
11.83	2.4310733012344885
11.84	2.5641786976873915
11.85	2.786402325576729
11.86	3.0914509574693954
11.87	2.9694265838143044
11.88	3.1977596204242413
11.89	3.7134510037772808
11.9	3.9854094804699445
11.91	3.1882667596831737
11.92	4.683895951777903
11.93	4.881271080484599
11.94	5.370446863694561
11.95	4.253103208983181
11.96	6.066416579442484
11.97	6.56084956800099
11.98	5.78901935983423
11.99	6.58156827712786
12.0	6.294491489697416
12.01	7.266199897953707
12.02	7.048085162107293
12.03	8.171187048041045
12.04	8.076906449165381
12.05	8.437243254488056
12.06	7.882171276758911
12.07	10.24533585243379
12.08	8.996549118074578
12.09	11.146042752265172
12.1	10.07461149556287
12.11	10.071132749646544
12.12	10.703165362025025
12.13	10.737458512040876
12.14	12.025370348497283
12.15	11.631054911865213
12.16	11.866816970063267
12.17	12.617401631604794
12.18	12.9872082399035
12.19	12.119705931697553
12.2	13.013705927854316
12.21	13.42577764926131
12.22	13.523733331275336
12.23	15.087000117334213
12.24	14.498274073703168
12.25	14.355330281097427
12.26	14.923937046648557
12.27	14.782640997139842
12.28	15.635794983206702
12.29	16.017426424230877
12.3	15.401100516034742
12.31	15.527716081943664
12.32	16.28221491269179
12.33	16.494217110860184
12.34	17.087451958887314
12.35	16.95118479359198
12.36	17.558739784783942
12.37	17.03864848756037
12.38	17.634670214078298
12.39	17.481989388610984
12.4	17.180860728689773
12.41	17.34165811269695
12.42	18.427634525920205
12.43	17.27012916879178
12.44	17.124891167729334
12.45	18.166839569133558
12.46	17.648879190223393
12.47	18.10786131618724
12.48	17.680728007155018
12.49	17.959045009710696
12.5	17.634160107074123
12.51	15.730757491371131
12.52	16.421378348714136
12.53	16.50175672709119
12.54	16.170896006767528
12.55	16.766177383628314
12.56	16.820551861551362
12.57	15.288165690632951
12.58	15.393643213159999
12.59	15.792007282210648
12.6	15.47253165172583
12.61	15.031815661347947
12.62	14.951758516284157
12.63	13.15032373994507
12.64	12.820795433643434
12.65	13.491903222866181
12.66	13.322036098953694
12.67	13.338560794032581
12.68	11.590841477470509
12.69	11.996322759022224
12.7	12.44275820056342
12.71	9.814878920228583
12.72	9.094533814811488
12.73	10.297893888735796
12.74	9.598382644425747
12.75	9.329896130693067
12.76	9.392838834709725
12.77	9.284647895225639
12.78	7.137599823450753
12.79	7.459189208704436
12.8	7.228185102738329
12.81	7.821148473090219
12.82	6.658180189998472
12.83	5.179307487794117
12.84	5.759398471321486
12.85	5.147438369093338
12.86	4.209083811151761
12.87	4.802267237047769
12.88	5.398328192328823
12.89	4.411336003933526
12.9	4.572120428821577
12.91	3.232842873167891
12.92	3.8485948485998267
12.93	3.208921998091969
12.94	2.3378828337128734
12.95	2.67577877013183
12.96	2.4280229038152488
12.97	2.917592084571649
12.98	2.8297368522483657
12.99	1.700809929890024
13.0	1.6237715122330054
13.01	1.549117394560752
13.02	1.3078390665763204
13.03	2.433771263913559
13.04	1.5872101966284549
13.05	0.8655786509202412
13.06	1.08921049432244
13.07	1.196057020998322
13.08	0.7947428963719405
13.09	0.3357473749766182
13.1	0.3217179815499792
13.11	1.4833664715819557
13.12	1.955678646219173
13.13	2.436766198651277
13.14	0.8887085510554824
13.15	1.6512948274560388
13.16	1.2465897544429156
13.17	1.4661096796068516
13.18	1.80997299444048
13.19	1.1332163723066295
13.2	2.665760553556643
13.21	1.7791200144784114
13.22	2.5520314147112044
13.23	2.15542742837255
13.24	2.4722175414447873
13.25	2.517435474877876
13.26	3.0206789847344586
13.27	3.3902753504465855
13.28	3.4761839821105385
13.29	3.0190702318427185
13.3	3.393138284873012
13.31	3.277226833238104
13.32	4.5865751788968865
13.33	3.835487354256233
13.34	4.821127572112003
13.35	3.701236971312567
13.36	6.460214698493885
13.37	6.202992328285427
13.38	5.772103248171269
13.39	6.141830857234075
13.4	7.081334770719379
13.41	7.043190440947122
13.42	7.543649734908177
13.43	7.450429603344764
13.44	8.77828421501287
13.45	9.106577607811337
13.46	9.794382691936615
13.47	9.091725564815798
13.48	11.229543072345963
13.49	10.688159090416473
13.5	11.154398915651003
13.51	12.183149319358318
13.52	11.57534340930197
13.53	13.714517127591755
13.54	13.931507409242428
13.55	13.283339445999584
13.56	13.78013735094808
13.57	13.749714708136985
13.58	15.669729873936324
13.59	15.668810115515306
13.6	15.959690944862466
13.61	15.983366889894747
13.62	17.603150951365308
13.63	18.0439750665087
13.64	18.09549204489837
13.65	18.229043202337824
13.66	19.518572135374825
13.67	19.37046994446837
13.68	19.89035575105156
13.69	18.78477028964403
13.7	20.473369179963083
13.71	20.443872790084434
13.72	21.784948411263564
13.73	20.241484301398526
13.74	20.688965007589832
13.75	22.080548778324403
13.76	21.4663328765921
13.77	22.121197731233963
13.78	21.694122218691003
13.79	23.084317142190695
13.8	21.535167372312436
13.81	22.00334391976283
13.82	22.387387578210753
13.83	21.6302920903355
13.84	20.913802179547282
13.85	21.53922688236007
13.86	20.017208285461322
13.87	20.861131167249617
13.88	19.543094841645043
13.89	19.821578385497823
13.9	19.1578081971254
13.91	19.327436170369616
13.92	19.030956236658216
13.93	17.922798502404735
13.94	17.779602941284637
13.95	17.952363531458065
13.96	17.868044929701263
13.97	17.401645797111385
13.98	16.230175948319005
13.99	16.845350873810347
14.0	15.777489369440918
14.01	14.804391041860503
14.02	14.096288196143826
14.03	14.21889026124101
14.04	13.44545324839435
14.05	12.565197863249546
14.06	13.188526429717214
14.07	11.604586517427474
14.08	10.789725599316565
14.09	10.24851979990994
14.1	9.811201691264028
14.11	9.307074765901636
14.12	8.608559395346207
14.13	8.118723833962633
14.14	8.041818347163748
14.15	6.576184627448293
14.16	7.629241495806721
14.17	6.2147226289756095
14.18	6.105919847957631
14.19	5.128085830112758
14.2	5.966426802430766
14.21	5.319151843957196
14.22	4.159131578724614
14.23	3.138719027699621
14.24	4.045742361140594
14.25	4.790161938755377
14.26	3.9699282712018453
14.27	2.6353910884167746
14.28	2.2416223122154366
14.29	2.0422029569050477
14.3	2.7241302653322492
14.31	2.0069761157900055
14.32	1.2167317416688874
14.33	1.1335818396630541
14.34	1.4839294104416847
14.35	1.415934583583873
14.36	1.1238276133692593
14.37	0.8404972114386919
14.38	1.1699863468680403
14.39	-0.042741100886956485
14.4	1.6382368799705245
14.41	-0.13862512810223626
14.42	0.9099902809027515
14.43	-0.11673370831937446
14.44	1.1743212287673546
14.45	0.4623454908840381
14.46	0.9272663811737802
14.47	1.3482945795774912
14.48	0.8807411336305326
14.49	1.0283341686961807
14.5	1.2873304350317993
14.51	1.264407111276922
14.52	1.4941605296077292
14.53	2.214215283394565
14.54	2.7335899935132537
14.55	2.613020830074505
14.56	2.0963470908340107
14.57	2.644641971153076
14.58	3.653344823704706
14.59	4.075919979538545
14.6	4.188793001002529
14.61	3.8246581276128016
14.62	3.6627686595837807
14.63	5.076336885859726
14.64	4.898912709914502
14.65	5.614840536288945
14.66	6.032796925394674
14.67	5.832259254747987
14.68	7.336681749819397
14.69	4.854897289946754
14.7	6.362091740318771
14.71	7.076951540600073
14.72	6.130626304404398
14.73	7.32344815266299
14.74	7.620463839940027
14.75	8.455937507699463
14.76	7.809376609862794
14.77	9.035934349079493
14.78	9.30858000909323
14.79	9.871519447698809
14.8	10.097580215818098
14.81	10.38781559441219
14.82	10.48298989747073
14.83	10.537024228951278
14.84	11.09766178066424
14.85	11.39579335993015
14.86	12.505914070619768
14.87	12.919128696652802
14.88	12.879006404974774
14.89	14.179514814064863
14.9	12.329490160677237
14.91	14.086018007503775
14.92	13.412103230324186
14.93	14.116633234647121
14.94	14.069652781652083
14.95	15.245475827740602
14.96	15.349534514491088
14.97	16.376270722180212
14.98	16.183278279143728
14.99	16.985601204493854
15.0	17.095244086847753
15.01	17.32589389673572
15.02	17.324023843203673
15.03	18.79378932994853
15.04	17.801311204511325
15.05	18.37592464097112
15.06	18.497809135633883
15.07	19.29341260184202
15.08	18.117611109241594
15.09	18.760824582059985
15.1	20.090358919836884
15.11	19.289408368603613
15.12	19.025366224486675
15.13	19.681674182656423
15.14	20.08815450570025
15.15	19.858097413503238
15.16	19.63606065991003
15.17	20.02311466015956
15.18	18.46743908810979
15.19	19.837960429692778
15.2	18.574756321698118
15.21	18.439487807314094
15.22	17.88051790691618
15.23	17.853801777730485
15.24	16.740155829834865
15.25	17.15184542284835
15.26	17.386998184239204
15.27	15.855949097323125
15.28	16.30594035117539
15.29	16.733091825854203
15.3	15.471144175716253
15.31	14.92702079243353
15.32	13.561710951149205
15.33	13.861758710948042
15.34	13.22277433767848
15.35	13.345943863704516
15.36	12.264839238579746
15.37	11.753701177701158
15.38	11.7440840723696
15.39	11.421555866614908
15.4	10.561795955160704
15.41	9.885282709454073
15.42	11.431477980193492
15.43	8.876748372616557
15.44	8.884498117113822
15.45	9.39026007273272
15.46	8.387065411414886
15.47	7.255034902197498
15.48	5.905530985093292
15.49	6.956677692897717
15.5	6.629366889916357
15.51	6.423269126740612
15.52	4.368794545093482
15.53	3.8766180598667876
15.54	4.526530213170846
15.55	5.289286414128455
15.56	3.6241479249217248
15.57	3.651500778067113
15.58	4.250963712189821
15.59	3.1576312900714902
15.6	2.3058024972640845
15.61	1.843293845639903
15.62	2.5376979165670095
15.63	2.1452183893115033
15.64	1.2539302719204974
15.65	1.6261303877211999
15.66	1.8247465091906638
15.67	1.5744954160558398
15.68	0.19155750035511027
15.69	0.713449588030098
15.7	1.297744380489224
15.71	0.24511374696068947
15.72	0.26047932700446935
15.73	-0.20563285721095068
15.74	0.6928036090479327
15.75	-0.8326418144352881
15.76	0.08429499192143718
15.77	-0.27187979613083996
15.78	0.47304835287678504
15.79	-0.10685228871059377
15.8	0.09274645090639903
15.81	1.2235565035373164
15.82	0.7453404541117405
15.83	0.48103844398020607
15.84	0.10886144343042609
15.85	0.5519612544822804
15.86	1.1933288919799099
15.87	0.8954396202584577
15.88	2.0243842899630193
15.89	2.1992386482034916
15.9	1.797936137348208
15.91	2.42716195583457
15.92	1.962507101482323
15.93	1.5772246640177539
15.94	2.981670009488836
15.95	2.396898515305912
15.96	3.449163244510187
15.97	2.912141816568386
15.98	2.9171042533185894
15.99	3.399400587626853
16.0	4.392538224029607
16.01	4.777756057454123
16.02	5.273879942597914
16.03	5.858998114866878
16.04	5.165527203250129
16.05	6.168619811933113
16.06	6.70809421376036
16.07	7.020489429073906
16.08	5.387231735720363
16.09	6.16582831758711
16.1	8.276610280131807
16.11	8.329953522086232
16.12	9.55090459821166
16.13	9.73788854520223
16.14	8.90648753153154
16.15	9.933572386735536
16.16	9.757112700001185
16.17	11.873965055293558
16.18	10.834734525267832
16.19	11.481319224986818
16.2	12.184075264600914
16.21	12.62298253573386
16.22	12.936555561890053
16.23	13.42123629972581
16.24	13.021717999999487
16.25	13.239757645990757
16.26	14.69588387366506
16.27	14.739087768137237
16.28	15.349654240706355
16.29	14.777718087043565
16.3	15.867571829334013
16.31	16.154083384616968
16.32	16.101351115893465
16.33	16.01235004609327
16.34	15.152931042522178
16.35	16.288161328375345
16.36	17.97031767931843
16.37	17.122467398042303
16.38	17.07337998872526
16.39	16.9340926540331
16.4	17.525822151801272
16.41	17.758314260817162
16.42	18.40379480727472
16.43	16.54411296099436
16.44	18.75315469222328
16.45	18.30883378466562
16.46	18.435332621185488
16.47	18.464705634265457
16.48	17.19509530795787
16.49	17.83325442646526
16.5	18.00750438688144
16.51	16.757114063476802
16.52	17.972489414498064
16.53	18.668738795749647
16.54	18.40778323604512
16.55	18.678218447438198
16.56	17.978173868578
16.57	18.31147020901382
16.58	16.897527641671854
16.59	16.833663958645786
16.6	16.516668106389567
16.61	16.144183721289146
16.62	17.09495566999484
16.63	15.675783232907497
16.64	17.34293459224414
16.65	15.457680024493753
16.66	15.527268370612681
16.67	15.239064857527904
16.68	16.14952562553112
16.69	14.354629106300871
16.7	14.960857573018757
16.71	15.513518478380321
16.72	12.847906461131211
16.73	13.199799587332944
16.74	12.595156255073105
16.75	12.875730840165188
16.76	12.352172662622179
16.77	11.600534072742613
16.78	9.948447688951227
16.79	9.58905465544006
16.8	10.439290512699198
16.81	9.019537239156978
16.82	9.066689134878061
16.83	9.59848090569944
16.84	7.990931835004088
16.85	8.41987917770879
16.86	8.063344955920376
16.87	7.465562491391883
16.88	5.993948342171097
16.89	6.319919988470405
16.9	5.202667221435074
16.91	6.511350342268308
16.92	5.280066698069176
16.93	4.042225477094931
16.94	4.079881063688793
16.95	4.089649968025561
16.96	3.8894355295919234
16.97	2.732411644395564
16.98	2.3359478060600147
16.99	2.1862559479725086
17.0	2.7422984685724474
17.01	2.3111343395816846
17.02	2.210312781309094
17.03	1.6310531545080647
17.04	2.3466071344568644
17.05	1.810463768165365
17.06	1.2276270955523187
17.07	1.3084000150263093
17.08	1.542074690441223
17.09	0.21484280488956392
17.1	1.2386271059740026
17.11	1.4489555990036331
17.12	1.2126065644376762
17.13	0.35777123209283207
17.14	0.08101876856925416
17.15	0.6899348050307945
17.16	-0.011770988481974554
17.17	0.2614290448188812
17.18	0.8387931693512798
17.19	0.19226319768187022
17.2	0.7566674949429824
17.21	1.0407176699898453
17.22	0.538375206760725
17.23	0.3836294254402533
17.24	1.8903705625367666
17.25	1.738481268039436
17.26	0.01662667545321428
17.27	0.7244654233472021
17.28	1.6265807305989577
17.29	2.797040447986021
17.3	1.4343250657324007
17.31	0.9180457361079435
17.32	2.4074698819482885
17.33	2.6944358753368283
17.34	3.2283614830286544
17.35	3.1047183373953238
17.36	3.094022263953439
17.37	3.988503618398727
17.38	3.835820125787227
17.39	3.757384027870189
17.4	3.2399231757759672
17.41	5.055879986310276
17.42	5.572920428679439
17.43	5.223361551587086
17.44	5.997392734522114
17.45	6.4052175519043795
17.46	6.7460156285641215
17.47	7.360539781421333
17.48	7.996678924745653
17.49	9.011824099100293
17.5	8.487614730867014
17.51	9.368284914778226
17.52	9.386259048238566
17.53	9.600927557673787
17.54	9.536691983818713
17.55	11.043413002773349
17.56	11.896104483216464
17.57	11.30832836046828
17.58	13.004574965049231
17.59	12.217042646614976
17.6	13.053845344776754
17.61	13.002675110680734
17.62	12.94858013918333
17.63	13.729271708326305
17.64	14.521344182714971
17.65	15.268125147927226
17.66	14.854909830816887
17.67	15.233339152486995
17.68	14.515073815912455
17.69	15.007158760750864
17.7	16.385597317779023
17.71	16.85869607900985
17.72	16.38076008437594
17.73	15.36711583327547
17.74	16.443369574996176
17.75	17.529943832293103
17.76	17.324368498228733
17.77	17.27082473552139
17.78	16.96380461629919
17.79	16.891494680140777
17.8	16.73720227896343
17.81	15.925075340306083
17.82	16.355278866876123
17.83	16.134220206700352
17.84	15.862560507592953
17.85	15.272020315895654
17.86	15.570042733554711
17.87	16.68043437764569
17.88	16.574948385906946
17.89	15.555063574836788
17.9	14.946168079479035
17.91	14.748249141963367
17.92	14.70916967537644
17.93	15.059088933185954
17.94	13.37328095827008
17.95	13.93372801931001
17.96	14.774132153946868
17.97	13.807446052713257
17.98	12.451558454140727
17.99	13.511275809984866
18.0	12.276054623598453
18.01	11.73303857184543
18.02	11.07285863575586
18.03	10.559607483069785
18.04	9.969954014550686
18.05	9.858908013710433
18.06	8.92841141645177
18.07	9.692581804504862
18.08	8.9383803917165
18.09	8.956654735857569
18.1	7.73995656547745
18.11	7.204601461490885
18.12	5.6495114955592625
18.13	7.202708882913468
18.14	6.529923955199877
18.15	6.173976139175105
18.16	5.442535422187839
18.17	5.836591793318328
18.18	4.168612205576939
18.19	4.774995915990703
18.2	3.7860892761387883
18.21	3.264217315429608
18.22	3.42840706323264
18.23	4.102788078960023
18.24	4.42321999486121
18.25	2.6978181621092383
18.26	3.524132446469026
18.27	3.5424750894638874
18.28	1.8249759386937394
18.29	2.832845826292928
18.3	3.0067084140843363
18.31	2.554377369912305
18.32	2.9845206925260293
18.33	1.2654719617073482
18.34	1.6527920846364164
18.35	2.662530822650349
18.36	2.335474232940418
18.37	2.274716573767302
18.38	2.948518656387421
18.39	1.416862589708224
18.4	1.278297088010485
18.41	2.128950593470185
18.42	1.5729647172580004
18.43	1.4132010467546992
18.44	1.5343301506287386
18.45	1.8184141658203918
18.46	2.9259621917918412
18.47	2.4685132421156832
18.48	2.7723086073560506
18.49	3.6311258064879977
18.5	3.1214402081098007
18.51	3.1483548278615676
18.52	2.885516433321214
18.53	3.38686275210508
18.54	3.8337436143470343
18.55	3.430138602556702
18.56	4.6167103083490435
18.57	4.492472616001467
18.58	4.118645960373167
18.59	4.234960399866009
18.6	6.098758083656644
18.61	6.259391038055839
18.62	5.869090262747844
18.63	6.399720423953969
18.64	6.715017136877073
18.65	6.977833866245814
18.66	7.632960382048728
18.67	8.757632464121555
18.68	8.96278685102472
18.69	8.788769045640537
18.7	9.838857992718163
18.71	8.954353542716232
18.72	9.947758433304129
18.73	10.827637634332913
18.74	10.651958714343843
18.75	11.28747157058013
18.76	12.23669534478724
18.77	12.30673646093261
18.78	12.6826108145503
18.79	11.853121711423913
18.8	13.560335146996769
18.81	13.67377612251846
18.82	13.765627922207553
18.83	14.079211005920655
18.84	13.560563713024989
18.85	14.649588665726993
18.86	15.087807642546526
18.87	15.680504901111517
18.88	15.258783869397268
18.89	14.932505336344716
18.9	15.888034811984769
18.91	15.54322405797386
18.92	14.353703746801585
18.93	15.080470292169148
18.94	14.61074744338038
18.95	16.11209338407398
18.96	16.387648045478663
18.97	15.152383112564294
18.98	14.827529191721629
18.99	14.451254116037306
19.0	13.80738589845521
19.01	14.935522455889195
19.02	16.16586900492036
19.03	15.055384823188497
19.04	14.23080808419953
19.05	13.198688549536946
19.06	14.306945719342465
19.07	13.729608343273318
19.08	12.293690851642838
19.09	11.541874153660201
19.1	12.370909095575197
19.11	12.319357842902836
19.12	11.69890139165669
19.13	11.284510886295873
19.14	11.313161583808602
19.15	10.724530546582834
19.16	10.356455790402947
19.17	9.46952788770312
19.18	8.660096681085582
19.19	8.544705978570654
19.2	8.752358798039518
19.21	8.518447112062757
19.22	6.763319086975848
19.23	6.638312018333581
19.24	7.270781628548869
19.25	6.827533394232
19.26	5.4351267251747375
19.27	4.9313175110547105
19.28	5.413146072209438
19.29	5.332207892519721
19.3	4.594334759295378
19.31	4.810365115945842
19.32	3.5385795324382388
19.33	3.60536061293719
19.34	3.7320569160797903
19.35	3.283398603533955
19.36	1.9459282373934401
19.37	2.504144494297939
19.38	2.1032303216035655
19.39	2.6538463152114833
19.4	2.5263288461921007
19.41	2.225357648310573
19.42	1.8833469158958331
19.43	1.9349794771414892
19.44	1.8148827323826202
19.45	1.1330046151338489
19.46	1.4403156042084384
19.47	1.197692922593463
19.48	1.7289541763943415
19.49	0.5833171941543123
19.5	1.8597692115656679
19.51	-0.18440745884409093
19.52	1.7230871209059413
19.53	2.1872529849021145
19.54	1.1092913073245747
19.55	1.6654250980109955
19.56	1.5248718942075952
19.57	1.0574539606854172
19.58	1.9958366328424362
19.59	1.9073329183478291
19.6	1.58720322724658
19.61	3.662641579698419
19.62	2.768091449369855
19.63	3.5668059528447493
19.64	3.196270332195994
19.65	1.9302309586783017
19.66	3.304908388490603
19.67	3.9254634097580037
19.68	3.047619563606795
19.69	4.24902096103216
19.7	5.373091600148484
19.71	4.737203711834491
19.72	6.18067064235978
19.73	6.093938515957363
19.74	5.968431167952252
19.75	6.407739954202722
19.76	7.794629223253343
19.77	8.013979019202559
19.78	7.8386946923906
19.79	9.001379428617494
19.8	7.744566861219953
19.81	10.176153451292633
19.82	9.554232150640763
19.83	9.618291856201354
19.84	11.073907592578166
19.85	11.553098250991004
19.86	11.347834041274588
19.87	10.197297910307567
19.88	12.538906740836053
19.89	12.590858176800078
19.9	12.460050684835226
19.91	12.729977185038063
19.92	12.183130463523101
19.93	13.986809003501879
19.94	13.355098243686912
19.95	15.2956298165779
19.96	14.242962014938543
19.97	14.379401305926212
19.98	15.042294402953589
19.99	15.562071685975484
20.0	15.610833557639213
