10.01	9.706031100385278
10.02	7.322651646991042
10.03	10.833416743779352
10.04	5.646337655200942
10.05	8.501572215212219
10.06	4.491842608628654
10.07	9.610708519001085
10.08	7.9039121983264495
10.09	7.533928482107219
10.1	8.32422982837657
10.11	4.385908356507868
10.12	8.258727622611715
10.13	5.044660295962917
10.14	4.714503448219915
10.15	3.056474856537215
10.16	0.9578625997121684
10.17	2.92219076315129
10.18	3.9147632523969604
10.19	-0.8509356403419228
10.2	6.428802486245317
10.21	1.9137010609543088
10.22	4.063051817585682
10.23	2.261924337415669
10.24	5.167096363510614
10.25	3.8358369564450268
10.26	4.1050532931322925
10.27	1.8494836681073525
10.28	4.856555603149035
10.29	2.4402926931554
10.3	1.0292384516393887
10.31	-0.8491710582501151
10.32	0.8215393194354312
10.33	1.930901976784869
10.34	6.011177221263351
10.35	1.1515574446869463
10.36	0.8137135114425837
10.37	3.1004660690836614
10.38	2.7014676423534842
10.39	2.245170950614666
10.4	2.654673775617224
10.41	4.799651263044029
10.42	3.303222415612942
10.43	3.1054785989615814
10.44	1.9848530082115867
10.45	4.132877069665001
10.46	4.705100734667024
10.47	6.528215738975696
10.48	5.9579641014033395
10.49	9.704536004640117
10.5	6.49911947537794
10.51	8.291128690103237
10.52	9.553991315574214
10.53	9.31124970685597
10.54	9.81139758326766
10.55	8.932834718085573
10.56	10.634280687618071
10.57	9.80439353591387
10.58	10.0818149596544
10.59	11.197330081391632
10.6	9.729460541433102
10.61	9.28305589652585
10.62	10.978538996540877
10.63	10.582664825420801
10.64	11.887348865806308
10.65	10.293398029647044
10.66	13.882741521926164
10.67	12.5629730401056
10.68	13.171598805174598
10.69	10.678771080412336
10.7	11.961463095239601
10.71	13.713471520053798
10.72	15.325946487671892
10.73	12.647106384092261
10.74	11.187750716100998
10.75	13.436513456428521
10.76	12.237412592007887
10.77	12.022883589867018
10.78	8.891254297168286
10.79	8.778580122513016
10.8	10.078184816858474
10.81	11.48157461227277
10.82	7.359178552634376
10.83	8.92197056073473
10.84	9.512751349530475
10.85	9.143397754239901
10.86	8.232742046671968
10.87	8.369971757654973
10.88	8.197628082626819
10.89	6.205449513093644
10.9	6.5339639852613
10.91	6.812711700999867
10.92	6.880703434954619
10.93	6.993631514756299
10.94	4.132844810157707
10.95	7.352545257819996
10.96	5.99417920702191
10.97	3.3102317519622684
10.98	3.581006511911801
10.99	4.048895704178181
11.0	2.2572568685097307
11.01	4.674873326829631
11.02	3.0530102713938136
11.03	2.570065407399642
11.04	2.9696923762315945
11.05	3.832295258742766
11.06	2.1894213739993615
11.07	1.0841077014128555
11.08	2.1498914228986177
11.09	1.4399202351737919
11.1	0.7447459596989248
11.11	0.8172660220196057
11.12	4.790557995939274
11.13	1.2683188357268198
11.14	4.799543490911709
11.15	4.004970437800251
11.16	3.375374002699969
11.17	4.8493526131813525
11.18	5.45656343665972
11.19	5.211738417430189
11.2	6.312509951629592
11.21	5.902519420418467
11.22	5.362135746663728
11.23	7.016683252844198
11.24	5.803483461320278
11.25	5.867139683821952
11.26	6.4913615075451805
11.27	5.06632904058213
11.28	7.90915175423022
11.29	8.602457712562238
11.3	6.017694287938595
11.31	7.338209616019976
11.32	9.926485785764307
11.33	10.299716530445796
11.34	9.70707570796893
11.35	10.034590490861246
11.36	10.11081090197098
11.37	11.64655998635888
11.38	10.416237255403777
11.39	12.93715521210292
11.4	10.336960870827758
11.41	11.077565609242745
11.42	11.550764497836534
11.43	10.912715396632107
11.44	11.911062603272223
11.45	12.395631761447234
11.46	11.267841885937244
11.47	8.655319510408106
11.48	9.463273916179839
11.49	14.384661993417836
11.5	12.048930739251423
11.51	13.314953875964168
11.52	12.977960082910583
11.53	9.308919267168612
11.54	10.914253260163624
11.55	11.389784139800083
11.56	11.138334150221503
11.57	12.662322064528146
11.58	9.784383321095781
11.59	9.4311911943476
11.6	7.2383507503483715
11.61	8.153379627716145
11.62	6.723897479880264
11.63	10.058458973464301
11.64	8.868528544141478
11.65	10.360441057672382
11.66	3.394360878365973
11.67	6.841862590702054
11.68	6.200353968855752
11.69	6.369865816714542
11.7	6.612223286553319
11.71	5.088958899132897
11.72	4.279166233296341
11.73	6.485690346775965
11.74	4.1384028032526246
11.75	3.501300168451281
11.76	1.952669669596237
11.77	1.748615119674279
11.78	2.3239145521205975
11.79	1.5258450487736057
11.8	2.9556012861787684
11.81	0.4930932993581464
11.82	1.2790192027668312
11.83	0.5613310906135173
11.84	0.7116449899054667
11.85	0.7190147976456278
11.86	0.2973678588574067
11.87	0.8712449473264297
11.88	2.595985088035712
11.89	0.309160724555562
11.9	0.7721471373333689
11.91	-0.019038982066988064
11.92	1.7105831965204643
11.93	3.540946947712439
11.94	1.844474155665458
11.95	3.1425187787805964
11.96	4.806414067015849
11.97	3.508162477427112
11.98	3.084485969504762
11.99	3.0581275276636313
12.0	5.247754052825319
12.01	6.441727041558565
12.02	4.399448635205719
12.03	6.597848556347133
12.04	4.120616142086738
12.05	4.491651055618004
12.06	6.590189178559863
12.07	4.313699720474304
12.08	8.063532666366637
12.09	7.144065308863447
12.1	5.992143579276439
12.11	10.24747661833357
12.12	8.894209589819859
12.13	6.038165004152418
12.14	11.284682274600993
12.15	8.864947858702282
12.16	11.10241919808898
12.17	8.767570646843408
12.18	11.016221046629765
12.19	9.157821623800968
12.2	11.85947536118964
12.21	12.540894666413495
12.22	9.876838986138496
12.23	7.389707163576572
12.24	13.530927790661787
12.25	10.043260567103026
12.26	12.091046871342737
12.27	7.101023440202054
12.28	9.558645257850591
12.29	10.65342128585457
12.3	9.919241075663807
12.31	6.111346176606757
12.32	9.96452962078126
12.33	10.532758534704197
12.34	8.726862510469076
12.35	5.429594850705149
12.36	7.665286821356365
12.37	7.190141915038695
12.38	7.599639747553146
12.39	6.068182855740639
12.4	4.547876058510698
12.41	5.628697454063979
12.42	2.2980236582184235
12.43	5.028341457972501
12.44	4.151447399344677
12.45	3.251112671415375
12.46	4.524168599594196
12.47	1.7991609082570903
12.48	2.527250158184379
12.49	3.7085395540224395
12.5	1.7149935069074613
12.51	2.7156751016580722
12.52	-0.9628219090942669
12.53	2.33638435634609
12.54	2.354647162807533
12.55	3.186628060983586
12.56	-0.724811074622963
12.57	1.5561921149306768
12.58	0.6525786398403152
12.59	-0.7939568652791256
12.6	1.663719323617024
12.61	1.871689903172154
12.62	-0.9938452121799806
12.63	-1.1765675908515576
12.64	2.4580093148096394
12.65	-0.07986751191832797
12.66	1.9050698974273272
12.67	-0.6400742489437473
12.68	2.428884710760258
12.69	-3.0158697574703694
12.7	1.6264097929331425
12.71	0.4238418867373174
12.72	-0.10339908094579808
12.73	2.956135144790398
12.74	3.8634997468509047
12.75	3.4442564887337737
12.76	4.0843563455043785
12.77	3.632346047766884
12.78	3.0794651756817206
12.79	6.44741753094954
12.8	2.4059570881751235
12.81	3.090406918108477
12.82	2.9996014981657404
12.83	5.437639963505359
12.84	5.705873338841421
12.85	8.788534238008456
12.86	5.9902832190034045
12.87	5.285405271719647
12.88	8.429869718662317
12.89	8.150114328154599
12.9	10.823338602826096
12.91	7.5069227843120645
12.92	9.99853406753584
12.93	8.268347878605145
12.94	10.787626930423334
12.95	8.812662352842446
12.96	10.659238370494194
12.97	13.441542432405749
12.98	13.672696565232034
12.99	9.233509500948509
13.0	9.338208542377876
13.01	12.937146724450134
13.02	11.686194642493456
13.03	11.430136334467331
13.04	8.86241736458235
13.05	8.095569354668314
13.06	9.358326005279823
13.07	11.722776695436243
13.08	13.549569056650839
13.09	8.41718058324299
13.1	9.04667019268358
13.11	7.608283969561677
13.12	8.297539006634562
13.13	9.865307809365895
13.14	7.380833419012559
13.15	7.315876267400286
13.16	6.843659081622319
13.17	7.250058206078798
13.18	6.910065884469318
13.19	3.439965208793908
13.2	5.045934114832382
13.21	8.36330367151681
13.22	3.923938563405726
13.23	3.8225445833379776
13.24	5.849845688348281
13.25	1.9806470290016867
13.26	2.118207671991704
13.27	2.3584883192732007
13.28	-0.04716383153023873
13.29	4.140336707877396
13.3	1.517098947012262
13.31	1.8003064567462763
13.32	4.017921612555039
13.33	4.447209710771183
13.34	3.676516318654684
13.35	3.0739732913239917
13.36	-0.7254333819938039
13.37	-0.9719346973702849
13.38	1.5915122247427278
13.39	2.4963684771071426
13.4	0.7572366227744259
13.41	-1.9444120006120278
13.42	0.8444331191612013
13.43	1.2193382771672483
13.44	-0.7029972958015649
13.45	2.297168338756207
13.46	1.3948716551302642
13.47	2.707867414499383
13.48	4.508335994029004
13.49	5.018142465394389
13.5	3.791166629851169
13.51	2.635953120942833
13.52	1.1676405965386971
13.53	3.7767339890010434
13.54	3.4374752295817563
13.55	7.0838122028472
13.56	5.816065516889316
13.57	3.519004369116455
13.58	4.262674530870412
13.59	7.250253836865726
13.6	5.232412359125995
13.61	6.502253901462311
13.62	9.580801482941379
13.63	4.2683356199954385
13.64	8.328889487184098
13.65	7.35088176115944
13.66	8.76734870502623
13.67	9.767466072234868
13.68	11.659546637127931
13.69	8.552697528652779
13.7	7.409129679166485
13.71	9.494558664491553
13.72	9.948785677566335
13.73	10.840694572713048
13.74	7.847086200981805
13.75	9.07014333240502
13.76	6.922126221958532
13.77	12.160607189282032
13.78	10.413558440863785
13.79	9.257169386974871
13.8	11.398615181641219
13.81	8.913616416486525
13.82	9.609690450010524
13.83	6.95512929552215
13.84	8.639706627484864
13.85	7.981882426451607
13.86	7.443907284226633
13.87	5.887377965777084
13.88	6.529829273773525
13.89	4.9960703523604435
13.9	7.797732646474904
13.91	7.109504929827742
13.92	5.7613233573767495
13.93	7.187582723195334
13.94	5.762774548410342
13.95	5.479968008497003
13.96	4.867159890181757
13.97	3.693719183216888
13.98	1.4190035082844759
13.99	3.0117702006493072
14.0	2.3870782981384653
14.01	1.8470446376325511
14.02	2.5242287487744273
14.03	2.8828851445275325
14.04	0.14105600196719292
14.05	0.7513690082323943
14.06	2.340883467071841
14.07	2.80572496623708
14.08	1.0187932417312011
14.09	0.7838137426420541
14.1	2.1985584784607433
14.11	3.1875873162252857
14.12	1.0354921658096572
14.13	2.4245074715611015
14.14	0.45162234615632113
14.15	2.27303786579449
14.16	2.3010295480753373
14.17	4.887993517371643
14.18	4.221906346703857
14.19	3.933659223134752
14.2	0.5351757535096986
14.21	1.9900506251934447
14.22	2.702996556264714
14.23	5.0662407888801955
14.24	2.9739364441698344
14.25	1.4621119786832977
14.26	4.037399782082578
14.27	2.6075404829767512
14.28	6.319147153691384
14.29	3.6967857707751297
14.3	4.9421030693472705
14.31	7.710486596015391
14.32	6.66618089300995
14.33	2.36985582100936
14.34	6.751508278560903
14.35	7.919493753035989
14.36	8.021580534656668
14.37	4.114543146610984
14.38	7.86717992847523
14.39	9.92482065149793
14.4	7.228189237538061
14.41	7.77097048809425
14.42	8.152299503424707
14.43	10.391769218798132
14.44	10.518773709889803
14.45	10.797891374085946
14.46	11.339439659669234
14.47	6.289192902474014
14.48	7.677477821922562
14.49	10.137569775135566
14.5	8.916630039819825
14.51	6.249791833674898
14.52	8.427732418506876
14.53	7.18738597028776
14.54	10.013940519693563
14.55	10.157950491080635
14.56	6.472871063624133
14.57	9.36330474938277
14.58	8.584525209098146
14.59	5.978352115408227
14.6	5.7546607813019115
14.61	6.209292706441112
14.62	7.521947874324218
14.63	4.751503173238113
14.64	3.4568322617803395
14.65	4.175738470477464
14.66	6.278123579255475
14.67	2.217501239784385
14.68	3.9310587654464877
14.69	2.244365106008549
14.7	4.9131538648039985
14.71	3.539638750802264
14.72	3.6390980830886437
14.73	3.0636916807847294
14.74	2.3804719146037403
14.75	0.8371971104502525
14.76	2.8428574587031332
14.77	-0.21390449842563664
14.78	1.736441818678291
14.79	3.2378236558334743
14.8	0.8463917639453533
14.81	0.20794139856744587
14.82	0.1996639806878937
14.83	2.1743626418989943
14.84	3.5470439345498463
14.85	1.6693243902210977
14.86	-0.3517549610067008
14.87	2.218330130127385
14.88	0.5071209556304954
14.89	0.3260171921906845
14.9	4.321787115046674
14.91	0.7034019096532185
14.92	3.4426046260781735
14.93	4.596529301645017
14.94	3.7747547143659617
14.95	4.620731823636194
14.96	2.4810315877883724
14.97	4.901574921112758
14.98	7.131174978333583
14.99	4.323025299942601
15.0	3.9533661207771478
15.01	5.286165708313392
15.02	5.841956216604285
15.03	8.940296635344922
15.04	7.963034830270695
15.05	7.368174313984984
15.06	8.751548179060642
15.07	10.316145371314741
15.08	8.90177848083715
15.09	6.811882606253022
15.1	10.117525381627706
15.11	8.097765926965689
15.12	10.427650868506998
15.13	9.250188053685509
15.14	8.58952570811545
15.15	10.08257433317348
15.16	9.798317689404284
15.17	11.243540077565847
15.18	8.380508772171725
15.19	10.739895718428322
15.2	10.37347252793228
15.21	10.744857999901942
15.22	11.24717882184842
15.23	10.515395670505981
15.24	11.302844591292002
15.25	8.393973271267676
15.26	11.728719476296565
15.27	12.185494303097856
15.28	10.563015057914985
15.29	10.796788610394865
15.3	11.028860522195973
15.31	12.03673145308446
15.32	9.094824673348182
15.33	11.696854676974223
15.34	8.684270724214825
15.35	9.790383453412042
15.36	8.238296913701857
15.37	9.123190540655044
15.38	11.231771786689604
15.39	8.830910071298772
15.4	8.545592017362964
15.41	9.478626538007473
15.42	6.552735698177022
15.43	7.924242048583478
15.44	6.252674786882654
15.45	7.251508310896957
15.46	6.778019166327147
15.47	3.4966081816375194
15.48	8.435738476508368
15.49	5.946601823072837
15.5	5.449356586072235
15.51	4.8447020109027115
15.52	5.179940449681004
15.53	4.299555693484227
15.54	3.1358727214712814
15.55	4.088770921010861
15.56	-1.0736823746938389
15.57	3.733108744970817
15.58	1.0420174441087766
15.59	1.93945503208536
15.6	0.8150977663338579
15.61	2.3946427022214287
15.62	3.1509692766271002
15.63	-0.38492031211182265
15.64	1.631019272447039
15.65	1.288986406354957
15.66	-0.0008486521512187095
15.67	0.5180482321554507
15.68	-1.5401377139635835
15.69	-1.636907033729157
15.7	0.056443476194660655
15.71	2.162296004600294
15.72	-0.41193129106325355
15.73	-2.430554052822307
15.74	-0.17730695593008222
15.75	-0.619164413465164
15.76	-2.2963815428579686
15.77	0.35562468459588287
15.78	-0.8813673605468065
15.79	3.2190707116817245
15.8	-0.8523839609779273
15.81	1.9205402323432517
15.82	1.4848220249250954
15.83	1.432285288745005
15.84	1.577516414541713
15.85	1.2922007603049006
15.86	2.3906734055903764
15.87	2.3267859258946437
15.88	1.5842847733342698
15.89	1.4274948825858749
15.9	1.7104534419970192
15.91	4.087986048456532
15.92	4.931137582016747
15.93	8.87739632057951
15.94	8.646108014107565
15.95	6.386758728528783
15.96	7.4338536336282495
15.97	4.9810209220735295
15.98	6.4585497406906605
15.99	9.433735882841876
16.0	8.252561388106713
16.01	8.193695003700068
16.02	7.9518107693622095
16.03	8.460467920847433
16.04	8.842289887815264
16.05	7.065159816545484
16.06	8.48726954599425
16.07	10.908708644017757
16.08	6.655717116677902
16.09	6.703709647033327
16.1	6.227693633114233
16.11	7.66347403250468
16.12	7.691228643287535
16.13	7.863116170528685
16.14	9.101067805973324
16.15	8.469298203849469
16.16	9.437451760206226
16.17	6.347180165348098
16.18	10.664182583987442
16.19	8.531989382667147
16.2	6.608630694518405
16.21	8.301602725220322
16.22	8.25848313973768
16.23	3.6927232078862904
16.24	7.208265574970243
16.25	6.788198088408763
16.26	5.9450431623555495
16.27	5.1576326503414185
16.28	7.019050450045648
16.29	6.374777801249211
16.3	4.619941549433063
16.31	1.4995708189568009
16.32	3.0377664855849438
16.33	3.6841409655664963
16.34	-0.8099026585838818
16.35	3.7283645668705963
16.36	0.4826772001676878
16.37	2.2842422215579963
16.38	1.5158540289054774
16.39	0.5715617147858154
16.4	2.3767274162015894
16.41	0.09824812354046464
16.42	3.014361167289996
16.43	0.8561111722496079
16.44	2.3214332864738556
16.45	1.254392764651163
16.46	-2.252939327482031
16.47	0.9214557684565685
16.48	0.7639447842280022
16.49	-0.7614691575987644
16.5	5.014809972008948
16.51	2.763572200937582
16.52	1.5997758621540534
16.53	4.282657650745801
16.54	2.7745203303266757
16.55	0.8577708621960534
16.56	4.4590728584755315
16.57	2.078276221306583
16.58	4.079099960681697
16.59	2.638229945398254
16.6	4.427026283933506
16.61	4.044551311613126
16.62	4.732086886729729
16.63	5.173811682603097
16.64	5.949460475927301
16.65	6.2457153855833285
16.66	4.476585905584676
16.67	5.816443949883835
16.68	6.969388282641572
16.69	8.221256755944975
16.7	7.437816909605433
16.71	5.942398667170272
16.72	4.390965446982692
16.73	8.308320533259973
16.74	9.45902347868126
16.75	11.956202404284936
16.76	11.238218177635844
16.77	7.782918517497869
16.78	9.039697090993904
16.79	10.680222155625307
16.8	10.83711687759947
16.81	6.24370411992191
16.82	11.397102819634675
16.83	12.107278189829415
16.84	5.746368821403933
16.85	8.335318682303251
16.86	9.151804258365322
16.87	10.013112395308987
16.88	12.578339260246192
16.89	10.921693433572667
16.9	9.842154775482467
16.91	7.605990224936056
16.92	8.463287168441076
16.93	8.804639031290497
16.94	9.232974371265335
16.95	10.920545696838294
16.96	6.642496745319926
16.97	7.118661477717199
16.98	8.155214083302502
16.99	6.42482043970756
17.0	7.122285385177668
17.01	7.07177840973388
17.02	7.209886614208255
17.03	5.79372389651486
17.04	6.008526173823425
17.05	5.056660449921655
17.06	4.63365467785079
17.07	4.015811749940851
17.08	0.7107339575909659
17.09	4.076126457907818
17.1	3.4097475182819146
17.11	2.550188566164312
17.12	3.7247183666316865
17.13	2.398703828146788
17.14	4.369779079337766
17.15	2.293234889593344
17.16	2.5533119299239817
17.17	2.1354429243225286
17.18	2.7882284198988128
17.19	0.450421681471328
17.2	0.8187319503260078
17.21	2.638211256242863
17.22	2.299382964763199
17.23	1.6556486889740358
17.24	3.4214394219608737
17.25	3.930608954406555
17.26	3.3603832989655937
17.27	1.788296779784595
17.28	3.139215209846631
17.29	3.079735054183363
17.3	1.8524427197482876
17.31	4.358407948778855
17.32	4.572456863440178
17.33	2.5574305349505435
17.34	7.0353218363541465
17.35	5.211607618706598
17.36	6.379204774876898
17.37	7.136212641202476
17.38	6.708708428649428
17.39	8.228447397659373
17.4	8.161339647645352
17.41	7.632606284711203
17.42	6.743214777089866
17.43	8.158336968261638
17.44	7.686947292019471
17.45	9.653802997491736
17.46	8.857732401755717
17.47	10.113603293453446
17.48	8.386055300244506
17.49	9.890816675225798
17.5	9.681266242886677
17.51	10.518860723512795
17.52	8.166648712111297
17.53	7.4303624558046835
17.54	9.801891447906884
17.55	6.9558890121861
17.56	12.011596075096426
17.57	13.318514330856612
17.58	10.417753713851665
17.59	10.338702432208379
17.6	8.559897948060081
17.61	11.30571027511412
17.62	11.997433439798902
17.63	11.882083274596381
17.64	6.291909402052351
17.65	10.16884012158489
17.66	7.00089818946066
17.67	7.55188951393211
17.68	5.720108474098711
17.69	5.487714107775062
17.7	6.089569402760652
17.71	3.4947617586810225
17.72	5.4704189840786475
17.73	4.7718868977598765
17.74	5.710952523223514
17.75	3.4324575887483295
17.76	4.917727561168054
17.77	1.270487387616606
17.78	2.9274302431263273
17.79	4.057490603844429
17.8	4.590773425442498
17.81	-0.6909239160280634
17.82	2.377077267850442
17.83	6.050686761695351
17.84	0.5424951502813689
17.85	2.2858926189400632
17.86	-0.2816518926829126
17.87	0.4595131279231305
17.88	1.5088206710926764
17.89	0.13840967002508597
17.9	4.211272951881614
17.91	-0.06123944129039638
17.92	1.6881636267824158
17.93	-3.242414076054462
17.94	3.5493127645972073
17.95	3.277350551377829
17.96	1.8249272682555313
17.97	0.5279107713909279
17.98	1.3734302049359712
17.99	3.7428079453136434
18.0	0.08755424818272095
18.01	2.1025557825676033
18.02	2.0656085419321233
18.03	-0.08635951255215701
18.04	4.909953150586186
18.05	3.3390262814122007
18.06	4.631885208256703
18.07	3.7414634156701383
18.08	3.53641891865003
18.09	3.6544016978287104
18.1	5.273334492956017
18.11	3.389620772075844
18.12	6.764963223818889
18.13	8.647886718039159
18.14	4.018576103910109
18.15	6.262026202335781
18.16	7.812735175472405
18.17	7.294711193384668
18.18	5.52734077887965
18.19	7.079540715059179
18.2	6.878942700814804
18.21	8.534783979420158
18.22	5.893003125957462
18.23	10.28834150848352
18.24	9.402279812355339
18.25	7.285396596200752
18.26	8.934930751102236
18.27	10.681736641517327
18.28	7.3672204914336525
18.29	8.830348350937571
18.3	11.28269144615392
18.31	8.46323221670691
18.32	6.40790551612146
18.33	9.349571535151414
18.34	10.115331864437954
18.35	8.86624368366609
18.36	8.934068958800326
18.37	9.46094105741168
18.38	7.324760267314482
18.39	10.28192696316545
18.4	6.410482161569973
18.41	6.719356895719768
18.42	3.1509746666476035
18.43	6.45222400923463
18.44	7.270529305515403
18.45	5.334992382410107
18.46	8.400614727894585
18.47	6.932606026850264
18.48	4.628137655954176
18.49	7.257900785577467
18.5	1.3115248755192432
18.51	2.264728014175536
18.52	3.1727101197750542
18.53	1.3491960508947274
18.54	1.924071965216642
18.55	3.4342949256294366
18.56	2.1214522017847566
18.57	1.9960763211856332
18.58	-0.2992393859477316
18.59	0.27522072494108274
18.6	1.528958734164458
18.61	0.9051009871421034
18.62	1.7062771367839553
18.63	0.58603683846749
18.64	2.4246131192227813
18.65	1.0841872417751446
18.66	0.23364172602066613
18.67	-1.009691435100489
18.68	0.09740943062786855
18.69	0.8113371082837395
18.7	0.728267951055624
18.71	0.10212068289531273
18.72	2.063976053183207
18.73	3.0654221656594873
18.74	2.528244943784755
18.75	1.7986650559544963
18.76	0.9591499391710007
18.77	-0.5556419232868981
18.78	2.0038625090729862
18.79	2.3352874246492905
18.8	1.1239447176933393
18.81	3.258886143351273
18.82	0.5175238067650176
18.83	6.901271332081563
18.84	7.308334425303107
18.85	4.825229534154493
18.86	5.509241591844039
18.87	5.4514631211306055
18.88	6.015668732985934
18.89	8.154954028979345
18.9	6.605749880104804
18.91	7.409025356346698
18.92	3.053935605125059
18.93	7.502540593075445
18.94	9.070550682205463
18.95	7.704504751322196
18.96	9.883095988772999
18.97	8.434111721169746
18.98	9.101329221715035
18.99	11.114591506561679
19.0	7.8128797642338
19.01	7.7163779794658405
19.02	5.802969753720298
19.03	9.67678258420775
19.04	9.251320461749927
19.05	9.340296281358546
19.06	10.215813360392339
19.07	10.172125228120683
19.08	9.864349353595031
19.09	10.158848191297086
19.1	11.345612063603122
19.11	10.043247853386564
19.12	10.09865350257626
19.13	9.924111165796269
19.14	10.304589957299761
19.15	12.007342284939272
19.16	8.26932789466314
19.17	9.31759153710474
19.18	6.799574695334025
19.19	8.626404096234591
19.2	6.810375081159247
19.21	5.498001756733482
19.22	7.954892591811666
19.23	8.21838211619603
19.24	6.879052525147338
19.25	8.272843722601344
19.26	7.6057575082719
19.27	6.3030818652806335
19.28	6.2686529616583
19.29	3.839045878419399
19.3	4.3706748060684895
19.31	4.181077185897944
19.32	2.1111389354462125
19.33	2.6375895253921966
19.34	3.3964402986379096
19.35	6.277174016745023
19.36	5.951035825094669
19.37	0.6186041798228183
19.38	1.0769184033946722
19.39	0.9081499967161983
19.4	0.6024182895925696
19.41	4.0024312289928785
19.42	3.5435555883443577
19.43	4.386093966570511
19.44	3.924556512718177
19.45	1.8597938235997038
19.46	4.965457071088492
19.47	2.359340318169706
19.48	2.7904663473875817
19.49	1.1923174320835548
19.5	2.3805065642900587
19.51	3.2978066986642207
19.52	3.7377473781319916
19.53	4.454027483774071
19.54	2.062445701589217
19.55	4.396565301162266
19.56	4.707960367216908
19.57	6.755372359133181
19.58	4.294034100478276
19.59	5.745498438427479
19.6	7.052399315434138
19.61	7.989938016294239
19.62	6.582554070334359
19.63	5.375793207853027
19.64	8.155102836835136
19.65	8.670415378437516
19.66	9.94136762849325
19.67	7.830552549862237
19.68	10.610548702478642
19.69	9.90810064013414
19.7	11.81318681103993
19.71	12.705146567428924
19.72	10.408769262366118
19.73	10.877765227945632
19.74	9.422650802940831
19.75	8.975764152894968
19.76	11.968069149709306
19.77	13.492741476073212
19.78	11.586134497521106
19.79	11.14115875344627
19.8	11.874185586942327
19.81	11.568832899781237
19.82	10.509952346737503
19.83	10.0568716254589
19.84	9.562805054286732
19.85	11.190969040822292
19.86	16.14599665836387
19.87	11.050640797455182
19.88	11.307176836165752
19.89	13.941677643730333
19.9	11.42140123987562
19.91	10.251603562557042
19.92	10.55265535651998
19.93	13.02633230900565
19.94	11.608798755028953
19.95	10.108024276004492
19.96	9.299448323459814
19.97	9.002028014712106
19.98	8.950810320194584
19.99	8.379646327648718
20.0	8.257504705983326
