10.01	4.950833904044783
10.02	5.905162452763511
10.03	6.930278448930291
10.04	5.372187614809688
10.05	5.299046354084995
10.06	6.852385775057669
10.07	8.406167111910015
10.08	10.03711968876639
10.09	9.312823801373193
10.1	13.26750602879855
10.11	11.035520645868425
10.12	8.70282051290134
10.13	11.12116098597771
10.14	11.107692578747566
10.15	10.920134852664177
10.16	14.663920367023577
10.17	15.382836782218641
10.18	14.028789540158087
10.19	13.536340689450888
10.2	18.169349062230072
10.21	16.3605046572233
10.22	15.179221192641283
10.23	17.201906682496062
10.24	18.875078028443962
10.25	18.824327252285045
10.26	17.56340082688403
10.27	18.972693081896644
10.28	19.42192612197818
10.29	17.994864962435937
10.3	16.183349624831457
10.31	19.445143798400764
10.32	19.62195030555219
10.33	20.409322615040402
10.34	22.51839284725119
10.35	19.799922959004896
10.36	18.895498067493456
10.37	18.5289170828743
10.38	20.929547175057962
10.39	21.321870936451923
10.4	20.451069615714154
10.41	19.231196714818708
10.42	21.081071031627616
10.43	17.104815195069413
10.44	20.94238839581655
10.45	22.186264703059674
10.46	21.385010633041983
10.47	17.960694632703863
10.48	17.865339519593164
10.49	19.28566352976066
10.5	18.070934526514435
10.51	21.598864784947985
10.52	19.515754628580243
10.53	19.635820800752693
10.54	18.009241957964786
10.55	20.424653262807233
10.56	15.718245588726553
10.57	17.020888721816945
10.58	16.841043225362785
10.59	14.733722711936554
10.6	19.228751625340877
10.61	17.252801536243652
10.62	17.265567204143736
10.63	17.442249718268624
10.64	14.926757507514807
10.65	16.359376315822857
10.66	15.740921076807709
10.67	15.6060175442886
10.68	14.207439596059242
10.69	14.260811701942176
10.7	14.214077387391697
10.71	13.948101620681252
10.72	12.580018474545925
10.73	8.996528891887204
10.74	12.590805963927778
10.75	12.693361989860186
10.76	14.527309698261087
10.77	10.98759069341037
10.78	9.313310206277905
10.79	9.878549838526975
10.8	9.401087817940704
10.81	7.789030865647428
10.82	7.216660551866819
10.83	6.215154557438933
10.84	6.542326168019054
10.85	8.735113795177856
10.86	7.963312870994139
10.87	6.475483782164157
10.88	6.304514934824713
10.89	5.387990214713533
10.9	3.8660656251103624
10.91	6.6311374087548565
10.92	3.5399405191444044
10.93	3.387107898099062
10.94	6.226047967025703
10.95	3.2208415659075116
10.96	3.287202236250652
10.97	3.797505581701455
10.98	1.9886502747315942
10.99	1.363189370163225
11.0	0.2470757058642188
11.01	1.1744582905018324
11.02	4.453892051536551
11.03	1.9956700737993167
11.04	1.1248130732153043
11.05	2.7573231333049533
11.06	1.8607087089050875
11.07	-1.8299773166152118
11.08	1.258757280003785
11.09	0.6308844872125512
11.1	3.5295257548479517
11.11	0.24932626353610954
11.12	1.3534973815943525
11.13	3.53572763886534
11.14	3.5514826992342403
11.15	-0.8205449994732117
11.16	4.077690463706218
11.17	3.3896847931615577
11.18	4.739542367302992
11.19	2.838648908864835
11.2	4.373350937506846
11.21	4.515707821554026
11.22	5.1473003778561885
11.23	7.29479949736226
11.24	6.9903009689130995
11.25	8.139426511835287
11.26	6.402780792808777
11.27	9.204447813807315
11.28	9.23763155761742
11.29	9.456377312632753
11.3	10.222129188366992
11.31	11.071992289239583
11.32	12.077456685857623
11.33	14.085360825338391
11.34	13.480365238179749
11.35	11.596947376698191
11.36	13.630141494596172
11.37	14.570527709392014
11.38	14.582323176988611
11.39	13.820168578204724
11.4	16.06073429245951
11.41	16.310586148980693
11.42	18.07887367803752
11.43	17.25262360955172
11.44	19.00170752598287
11.45	19.158981413321875
11.46	16.65345891062215
11.47	17.3790227201432
11.48	18.663994998263085
11.49	19.715892109860253
11.5	19.484616506937307
11.51	17.66946561728055
11.52	19.946869071930035
11.53	18.935504585048353
11.54	22.417333794780788
11.55	21.326877223006623
11.56	20.138207916233313
11.57	22.15498210625098
11.58	20.980757359125136
11.59	24.75022064314424
11.6	21.900011847744793
11.61	21.349166716226918
11.62	23.561431173707327
11.63	21.153768771602802
11.64	20.836235014754912
11.65	19.084702417255475
11.66	20.757271246214614
11.67	21.08660900797439
11.68	19.573682837842423
11.69	20.708325983450987
11.7	19.901676117013082
11.71	18.27566000978464
11.72	16.624312603243798
11.73	15.017990416907592
11.74	18.120165959945993
11.75	15.37367607673154
11.76	15.770649151586232
11.77	16.12878519198452
11.78	14.050582390218471
11.79	14.193432789656848
11.8	10.946308918993799
11.81	14.921929425386955
11.82	15.060905490964664
11.83	11.478561850334229
11.84	14.008016570679269
11.85	8.53115709462606
11.86	9.855926906028913
11.87	10.848040294319444
11.88	10.179641419530716
11.89	8.625575144129666
11.9	9.441044274595837
11.91	8.612135100659392
11.92	7.900479252298741
11.93	8.445135971807153
11.94	4.032329716850625
11.95	3.3637227299738712
11.96	6.51329276847817
11.97	5.391431857510062
11.98	6.22269592516575
11.99	4.6665826192811535
12.0	1.5252891916457036
12.01	3.2325941002035594
12.02	4.716374498206792
12.03	4.352282552769673
12.04	3.440508667104075
12.05	3.173708626145187
12.06	6.098028152837667
12.07	1.1917421136652553
12.08	-0.005040390742713008
12.09	2.2269489801884665
12.1	4.154276748013805
12.11	2.133300393571064
12.12	0.6370509254577326
12.13	3.816467713778413
12.14	2.054876673031216
12.15	2.166763522162177
12.16	0.46853869748812005
12.17	0.963424598784435
12.18	1.496539745670086
12.19	1.0575466047288788
12.2	1.570081863137591
12.21	2.6907333370614674
12.22	3.863314687726484
12.23	1.6908578187671692
12.24	5.375303474717105
12.25	4.5350193706126785
12.26	3.3763938360151164
12.27	4.995314741240399
12.28	4.304377058283998
12.29	3.180147309931386
12.3	4.713312860838558
12.31	7.9681437986505905
12.32	7.103082984366765
12.33	4.4375704322052965
12.34	5.578648052605974
12.35	7.40843600464009
12.36	9.051028314472436
12.37	6.610503255200505
12.38	9.26383841854458
12.39	8.760219770265673
12.4	10.746686923789905
12.41	10.352319092788694
12.42	10.641144230644255
12.43	9.886682084891941
12.44	11.491380281048539
12.45	10.146520970792551
12.46	13.367656132834346
12.47	12.757138262666029
12.48	12.336046018129036
12.49	17.576772846255352
12.5	18.639789307750448
12.51	17.086439623623267
12.52	18.776047447158675
12.53	16.55630438616919
12.54	18.426470671524296
12.55	18.981829352610376
12.56	20.893937451456935
12.57	20.631013964771007
12.58	23.088914584142497
12.59	20.098267546276187
12.6	20.338488779194673
12.61	23.513348789903485
12.62	20.42404360911062
12.63	23.4068904884912
12.64	23.38916847302618
12.65	23.005740591621027
12.66	20.948370000284672
12.67	26.307330476550206
12.68	21.025754209537936
12.69	24.792729900329725
12.7	26.653266855234353
12.71	23.41732648073366
12.72	22.63128673465835
12.73	24.884829779025047
12.74	24.03720561831388
12.75	24.904203616415316
12.76	23.135676103927477
12.77	22.1537561367993
12.78	21.935707063187365
12.79	23.71333367880837
12.8	22.518209606198724
12.81	22.097928475778932
12.82	20.037746589701992
12.83	20.8258694656593
12.84	19.260852341874823
12.85	17.928108013516304
12.86	21.594714356814144
12.87	21.2283653729192
12.88	18.630283370154903
12.89	16.546932798765514
12.9	19.446454787726335
12.91	16.24684707469295
12.92	17.40286593582964
12.93	14.69026319956362
12.94	14.986744426712136
12.95	16.707220329671006
12.96	14.10169804019152
12.97	15.937335468984243
12.98	15.795441191149244
12.99	14.50347261122722
13.0	11.067316792998831
13.01	11.882128214236653
13.02	13.853183335068822
13.03	11.13769672185672
13.04	12.053347137267624
13.05	11.395701912327453
13.06	11.981593958173436
13.07	6.794525195029725
13.08	11.999526284776499
13.09	8.036574609604425
13.1	9.891152281262377
13.11	9.905706716734741
13.12	6.118570075420274
13.13	8.639895410126686
13.14	4.483736364475991
13.15	6.533652601706449
13.16	8.602865972602018
13.17	6.537083609968927
13.18	1.1184475003494274
13.19	3.892288332283369
13.2	4.974156051297589
13.21	3.0822756040720796
13.22	5.120636220943826
13.23	3.4685525238340666
13.24	3.9934660548265635
13.25	5.161812233945879
13.26	3.946586020477474
13.27	1.3303741206501507
13.28	3.185762702604522
13.29	2.166728167513935
13.3	0.7517791509997536
13.31	5.22469495957319
13.32	5.353565399426145
13.33	-0.022865974273869938
13.34	2.524749523959224
13.35	2.9069751161184763
13.36	3.9337359837449637
13.37	0.5878357072758646
13.38	5.016078205649388
13.39	1.6529151294672255
13.4	1.9193127780877777
13.41	1.5985315951550976
13.42	4.385518645993282
13.43	3.8739073575781013
13.44	5.480094848792065
13.45	6.845060277840059
13.46	6.922202307811402
13.47	4.277702175502355
13.48	4.565371203472606
13.49	4.580472944277066
13.5	8.05875930888274
13.51	8.413420223035018
13.52	8.082171953605323
13.53	5.972900008725758
13.54	9.546694035514074
13.55	8.9639933636737
13.56	10.309061059471777
13.57	9.670458345175449
13.58	9.179995271010172
13.59	10.039335125233453
13.6	12.27779208581868
13.61	13.682818570696078
13.62	13.715568780524697
13.63	11.46122098171026
13.64	13.64615535920614
13.65	13.487692549155197
13.66	18.036446374578592
13.67	16.7713477839617
13.68	16.316473889788504
13.69	17.32741030027095
13.7	14.14412298292856
13.71	13.9736740287123
13.72	17.233712740545347
13.73	17.84317163346566
13.74	17.226481851598848
13.75	19.898069118239754
13.76	17.524336878266638
13.77	19.25712860465454
13.78	16.932671347504893
13.79	19.050696772982196
13.8	19.251431108230868
13.81	19.919852196623232
13.82	16.570273998975978
13.83	21.45097869835346
13.84	19.652988102600926
13.85	20.853799600865607
13.86	17.403729170247885
13.87	19.184169192229977
13.88	18.978036514414587
13.89	19.58902584180987
13.9	19.59514440261241
13.91	18.93405937845213
13.92	18.875042531031827
13.93	18.97829950799388
13.94	20.2363558099213
13.95	19.25006861264246
13.96	17.445245328845548
13.97	19.890265796517813
13.98	16.76517969064748
13.99	15.59682304747889
14.0	19.482744406806873
14.01	16.55598516397683
14.02	17.05284820785971
14.03	17.630391206291776
14.04	14.8705788085921
14.05	16.043502196720688
14.06	13.689116785914939
14.07	14.411017984054832
14.08	16.58164133845687
14.09	12.934742224786477
14.1	14.863110968585174
14.11	12.984408097790062
14.12	14.097543027175004
14.13	11.242715977835363
14.14	13.354371214796256
14.15	9.734456725110372
14.16	11.519316373741601
14.17	10.925543512324216
14.18	8.034743819167149
14.19	9.246362477070385
14.2	6.620189592036835
14.21	6.282878751819416
14.22	7.052864036892584
14.23	6.784669165615264
14.24	6.403150599830633
14.25	6.736412456072509
14.26	6.387266048966692
14.27	2.514355789153963
14.28	4.626062233568941
14.29	4.0859561477109265
14.3	5.211839045205966
14.31	3.368854221001984
14.32	5.795863438081108
14.33	0.9788387549699744
14.34	2.5247159403764003
14.35	3.4525771961273364
14.36	2.9796427360764217
14.37	2.9211787076528206
14.38	1.1090840254841037
14.39	4.156529775529874
14.4	0.4495928537802607
14.41	5.321612784547323
14.42	2.1583508224403873
14.43	-0.20624487025306348
14.44	0.9157862269679313
14.45	2.646863512562636
14.46	-1.3504272037917988
14.47	2.882600986161977
14.48	-0.1271799301915939
14.49	0.3798918895125082
14.5	1.6485184229630412
14.51	1.444449089431433
14.52	-1.5920568510599198
14.53	0.22631201447377625
14.54	-0.11330957790571605
14.55	1.4531458175376668
14.56	-0.8637251552614871
14.57	0.8246475100724425
14.58	1.5396877157675442
14.59	3.297779811579944
14.6	2.129568001472976
14.61	2.8213131988755995
14.62	-1.2567269380707793
14.63	3.7668865971397363
14.64	1.522153210570313
14.65	4.945967999269076
14.66	4.068953005912931
14.67	6.679593646785089
14.68	4.752924716029969
14.69	4.506237814058537
14.7	4.733964978259351
14.71	5.6359298472062624
14.72	3.7333557652852023
14.73	7.098906522941097
14.74	8.370863353502425
14.75	5.723964277283231
14.76	8.061916465402426
14.77	10.302571192017254
14.78	10.23027179842606
14.79	8.09981994315446
14.8	12.092115248492178
14.81	9.129059151652706
14.82	8.698703125300879
14.83	10.882139678225826
14.84	13.625590177921522
14.85	8.802704066853154
14.86	13.185724928620237
14.87	10.018635532494537
14.88	13.003851528818121
14.89	12.624363701229678
14.9	13.062947149733873
14.91	11.604645705999596
14.92	15.305401218619236
14.93	14.273440477486247
14.94	14.60893859766698
14.95	18.778716630088226
14.96	16.336974381992608
14.97	13.082997188657197
14.98	15.65271252974206
14.99	14.239864794006573
15.0	14.672827308249209
15.01	18.325412814615056
15.02	18.048769345603624
15.03	14.236670558101334
15.04	11.697862598149449
15.05	14.722467170228384
15.06	15.40463585836258
15.07	15.25520039747049
15.08	14.767079017156062
15.09	15.29564004423294
15.1	16.07290724961078
15.11	16.143869739687513
15.12	14.428240487596101
15.13	14.567642562912297
15.14	14.099647687217955
15.15	14.715256087774673
15.16	14.682038735347323
15.17	18.14641131933345
15.18	14.084546819290773
15.19	15.972335438437286
15.2	17.52897788607324
15.21	16.495395322130506
15.22	14.782851578179297
15.23	15.014306094746278
15.24	16.439841242789754
15.25	18.668631370259963
15.26	16.033856747901808
15.27	16.787256970392715
15.28	14.280385223990164
15.29	16.35435325456629
15.3	15.836309343442641
15.31	16.265451169470012
15.32	16.013347936492295
15.33	17.81464294696351
15.34	16.410431218501383
15.35	16.79157855462397
15.36	14.957255195356689
15.37	15.721248951170633
15.38	16.83742016310833
15.39	16.029997576698168
15.4	14.8297858544248
15.41	13.739286241416272
15.42	16.879602601811484
15.43	14.604981843727526
15.44	15.90568741961305
15.45	15.394565591624835
15.46	12.567345391571244
15.47	8.916459889901663
15.48	12.50297605307411
15.49	15.33094746991586
15.5	11.108636922115016
15.51	10.143975239812052
15.52	8.86163434603042
15.53	10.472464047339727
15.54	9.015264472483196
15.55	8.149731110455415
15.56	7.711742556569788
15.57	9.23268566625169
15.58	8.110509195552623
15.59	7.938830228439018
15.6	4.640885511051254
15.61	7.083200879647219
15.62	5.037011870953866
15.63	4.99724539920778
15.64	6.302056761321053
15.65	3.9603478953477036
15.66	4.1587841594828
15.67	4.244777921560953
15.68	2.618749112486874
15.69	0.11180068313232372
15.7	2.020195773526916
15.71	0.8184914449906362
15.72	2.860978234532204
15.73	-1.1263115065523859
15.74	3.1801648807673493
15.75	-1.4681011948047882
15.76	-0.6418220320777097
15.77	0.09242536160598624
15.78	1.445050214502929
15.79	0.018251261179815126
15.8	-0.7055440902807445
15.81	-3.3260816164899563
15.82	-1.9787677470626117
15.83	1.9422520800532421
15.84	1.5344747414117408
15.85	1.0156591637494192
15.86	0.8814085523523124
15.87	-1.317630629495476
15.88	0.31500012079671613
15.89	-0.5342021205132884
15.9	3.321818285249079
15.91	2.2789426850886234
15.92	0.16286589072651325
15.93	2.1039388530351504
15.94	2.3568011470662986
15.95	1.4851813441039121
15.96	2.4009068118371935
15.97	5.913149631101175
15.98	4.285736418486151
15.99	5.295545228177267
16.0	2.3931854643889046
16.01	3.139877308276124
16.02	4.052685760229503
16.03	6.512519355870981
16.04	5.552904074504413
16.05	7.998250262706893
16.06	6.272048490590078
16.07	7.422860202803831
16.08	9.02832405198808
16.09	8.33084370414199
16.1	8.763867508591758
16.11	10.48025984532338
16.12	9.111197980164508
16.13	11.789185472308063
16.14	10.8769728836084
16.15	10.950987755267946
16.16	12.96085219739738
16.17	13.178018274196216
16.18	11.155042152607283
16.19	14.371685889352657
16.2	13.361916185912957
16.21	15.844425426407506
16.22	15.239730594064147
16.23	16.795834340909206
16.24	16.207005015704624
16.25	12.461037663625234
16.26	14.402823367391099
16.27	15.12311626305464
16.28	14.957727241682779
16.29	14.794773675288301
16.3	17.112051605292926
16.31	17.203565476641835
16.32	17.36138607667198
16.33	14.489878444396886
16.34	13.418116119920402
16.35	17.794734935950647
16.36	17.775309461997104
16.37	16.15645072713873
16.38	15.920618947886812
16.39	17.134124130154273
16.4	14.602492087604528
16.41	16.35178574104049
16.42	16.177467301399414
16.43	15.475312705210518
16.44	14.361822391982486
16.45	14.358769804926778
16.46	12.957454532255237
16.47	13.995372567313535
16.48	15.990816989683966
16.49	12.700970572939106
16.5	13.119549947743618
16.51	11.24338954532163
16.52	14.440558884200863
16.53	12.325390817457835
16.54	10.060312065500344
16.55	11.175428854345903
16.56	11.794219211276626
16.57	14.14947170281017
16.58	9.306394148246069
16.59	9.42650485825498
16.6	8.978737572905377
16.61	8.381528849656462
16.62	10.047079333291984
16.63	7.9958741633691295
16.64	9.680466407243276
16.65	9.4507187607616
16.66	9.263996228941005
16.67	7.76786067428986
16.68	6.691567467560413
16.69	5.102352580141096
16.7	5.2581119775010725
16.71	5.6450551307345975
16.72	3.544330031402073
16.73	4.6576374732177594
16.74	3.944571322039326
16.75	4.238142313589276
16.76	3.547109438062885
16.77	3.2455758960264354
16.78	5.004872298032032
16.79	-1.0399341798940585
16.8	2.425631350406571
16.81	4.06994683271129
16.82	0.06910260094512166
16.83	0.24614682267199894
16.84	0.5854489405188086
16.85	0.5887961596130626
16.86	0.799913743306252
16.87	3.5063247126995765
16.88	2.1325629659276477
16.89	-1.5395254908925844
16.9	2.022113685236304
16.91	4.4098906749342035
16.92	0.11560244200973169
16.93	1.7667248085945266
16.94	0.740443052916459
16.95	1.4489807903795737
16.96	-0.09110681337489357
16.97	1.1591180021528558
16.98	2.354947734972912
16.99	-1.3029072348614075
17.0	1.4441006352370724
17.01	2.308954536921333
17.02	3.645512412446707
17.03	5.0161604486554445
17.04	2.180497753849388
17.05	2.0591715363735066
17.06	1.565502427340263
17.07	2.54572397511242
17.08	4.520628935865043
17.09	6.022544513791081
17.1	3.244858937028544
17.11	7.885406789727355
17.12	7.428820321715668
17.13	6.947148039522631
17.14	6.093817050331708
17.15	5.868645341850851
17.16	10.270248928585968
17.17	10.292524994684404
17.18	8.78793930168159
17.19	5.259318931307088
17.2	11.12967419413248
17.21	11.994792284537533
17.22	12.299412696336127
17.23	11.244129689509595
17.24	10.364387000264138
17.25	15.328289697983937
17.26	12.969682141252404
17.27	15.22360436463785
17.28	14.462813439530205
17.29	13.848345594369977
17.3	16.614386910572208
17.31	14.605473848010524
17.32	15.589781073021237
17.33	15.821780196942232
17.34	15.428610111517486
17.35	15.922703674478642
17.36	16.9220459107847
17.37	17.52381150453049
17.38	15.490658284122377
17.39	15.946373754893198
17.4	14.920027985644252
17.41	14.370595242115234
17.42	15.702004535521265
17.43	15.977711129057777
17.44	13.955696626382554
17.45	18.67630594561173
17.46	18.986650704442063
17.47	16.36271117679976
17.48	17.689766090832745
17.49	17.19656163638507
17.5	17.419194508864805
17.51	16.18801831319095
17.52	15.1259104088713
17.53	16.165541494203666
17.54	16.852396850734372
17.55	16.05022780384722
17.56	16.545756739025077
17.57	13.504439963311448
17.58	17.214684001724365
17.59	15.449225586307584
17.6	16.74311614091385
17.61	15.247501331701208
17.62	11.60346199520022
17.63	14.713178540613926
17.64	12.16780573521492
17.65	13.687164368468972
17.66	11.97874091576519
17.67	13.236367145845254
17.68	11.7948216600081
17.69	12.43679451907386
17.7	11.221043303954723
17.71	12.124315009844459
17.72	9.08281800513177
17.73	10.840137363367404
17.74	9.439609717943107
17.75	9.119380000394752
17.76	8.3526402607173
17.77	7.384405789213916
17.78	8.45007440241968
17.79	8.307904711937537
17.8	6.4723572588043465
17.81	8.527852994762004
17.82	7.016004204110142
17.83	5.2793148124415765
17.84	4.011972658473499
17.85	4.029469745416169
17.86	4.457257773888764
17.87	4.808298348844368
17.88	5.882297669559135
17.89	4.031237500282323
17.9	4.4374283023817185
17.91	2.1251471263942587
17.92	2.247488148852378
17.93	-0.010129029902943287
17.94	1.9332219115020233
17.95	2.288115377026386
17.96	4.072281561314874
17.97	0.6316945914051724
17.98	2.492413152236561
17.99	-1.9186349467801658
18.0	-0.4207576717865773
18.01	2.871962842213044
18.02	0.05159236343555107
18.03	2.408720700539041
18.04	0.573015785435556
18.05	1.5509538956418947
18.06	0.7807830763025948
18.07	0.4104733223526426
18.08	-0.514390368073893
18.09	1.7563728826129328
18.1	-1.7552916336761553
18.11	0.24297760003880275
18.12	3.5540097744643164
18.13	2.0381492773279706
18.14	0.30050108677386367
18.15	0.5812266142119726
18.16	0.3645747962289967
18.17	2.100132090314143
18.18	1.3777037741753633
18.19	2.5711469822102653
18.2	2.469512645188837
18.21	4.7967196356869515
18.22	4.9242985661348975
18.23	3.976181816481635
18.24	2.8084868074649485
18.25	3.0867953647842974
18.26	7.95127806080869
18.27	4.7347191862015965
18.28	2.688811412767819
18.29	8.10479791823565
18.3	5.994184413580317
18.31	4.38772602325986
18.32	7.786005949984099
18.33	8.585368536314334
18.34	9.899076227023023
18.35	8.292022628023291
18.36	8.604352630264911
18.37	9.167964217735086
18.38	13.583673127046513
18.39	11.034420972718463
18.4	13.107956023592042
18.41	13.791664984848177
18.42	13.740383923546496
18.43	17.124625067063622
18.44	12.731143860701689
18.45	12.608915613211115
18.46	14.997086796616912
18.47	15.06623749887068
18.48	13.342805618551868
18.49	16.048568256636216
18.5	15.566157454822143
18.51	13.489270387496312
18.52	18.932371940148354
18.53	15.443216458765832
18.54	14.212855175487446
18.55	17.312469839703883
18.56	17.396609617141152
18.57	16.973787812314093
18.58	13.686059705255712
18.59	16.42894332770664
18.6	16.299061189126647
18.61	18.389892822385093
18.62	14.735037554219133
18.63	17.27041027852118
18.64	17.106680667928103
18.65	16.142469783516766
18.66	14.237139735839019
18.67	17.03954011489442
18.68	16.72468112769316
18.69	16.92333815564915
18.7	13.913479470989264
18.71	14.484086860488137
18.72	16.985400277685777
18.73	14.654402512999207
18.74	17.366698060002253
18.75	16.441155863248127
18.76	12.534037692998682
18.77	13.026880152043677
18.78	11.948030751600418
18.79	10.347231078292245
18.8	12.060520479582143
18.81	10.407297409583766
18.82	10.724870846848717
18.83	10.54085344602535
18.84	10.915471760240429
18.85	8.94640676101612
18.86	9.793217722612834
18.87	7.939115242165012
18.88	9.681970753601059
18.89	7.863104265660611
18.9	9.85972616288396
18.91	6.554103020226259
18.92	9.016783483053892
18.93	4.345781603834597
18.94	5.594019257887983
18.95	2.764691635971398
18.96	6.208561966738626
18.97	4.689155318013906
18.98	4.984703686533667
18.99	3.8219320287663994
19.0	3.3723384922269632
19.01	5.1008663649694626
19.02	1.935910695793187
19.03	2.7194611789862173
19.04	2.9700924526986405
19.05	0.2600552062231445
19.06	3.3004885855575683
19.07	0.0852601360945735
19.08	1.6623380265596142
19.09	1.1623606134833047
19.1	-3.8390764739612933
19.11	-1.3058523479659536
19.12	0.3610261133713922
19.13	-0.7269586760257161
19.14	-0.46842250234033767
19.15	1.3468797855855286
19.16	-1.420062523090862
19.17	1.150005223345012
19.18	1.6636466056923003
19.19	1.020450300500709
19.2	1.189116030150889
19.21	2.3081771285837767
19.22	-0.6724320041806197
19.23	0.37391741059559747
19.24	0.0819335286934868
19.25	1.9397446062436914
19.26	-0.13872671219280464
19.27	-0.4037266101060045
19.28	-0.06315734569219078
19.29	2.5263771799929087
19.3	2.34767920559833
19.31	1.0926207024606875
19.32	-1.6721190573065345
19.33	3.726434895093947
19.34	2.6157627621565496
19.35	3.0440541006285753
19.36	3.1826474701213074
19.37	2.509805682624269
19.38	4.491745191183134
19.39	5.713734166956616
19.4	3.4767363268213503
19.41	8.062333644904943
19.42	6.463264464091411
19.43	4.831207215792862
19.44	7.943961152685645
19.45	6.6592507971457415
19.46	10.442766115723376
19.47	7.371135294948599
19.48	8.801616382933728
19.49	11.076412157460332
19.5	8.714142167013716
19.51	10.43809946699372
19.52	10.467572561285818
19.53	10.718214409489311
19.54	12.822740676635368
19.55	11.707854044235077
19.56	10.601195009689018
19.57	12.401769726840064
19.58	12.506296844401534
19.59	13.658770958996323
19.6	15.58126727978591
19.61	12.747756474840834
19.62	12.45669827607748
19.63	14.799442672660849
19.64	16.23582291645544
19.65	18.3863697554197
19.66	19.369940368400908
19.67	16.93024988647841
19.68	16.19257982638658
19.69	15.399487545799206
19.7	15.54693662999781
19.71	14.118483953767454
19.72	15.041649479412664
19.73	18.12154933494196
19.74	16.095029629144207
19.75	20.97219405666175
19.76	19.5131456881607
19.77	19.32054173270071
19.78	17.480377077470585
19.79	19.01241714454236
19.8	17.263243404114068
19.81	15.191474639845522
19.82	16.2178723680765
19.83	14.53918551515218
19.84	18.16866889954346
19.85	17.57320500068208
19.86	17.721262977113824
19.87	17.345077279326773
19.88	14.267493612307069
19.89	17.298072992444784
19.9	16.961823829055955
19.91	14.272575983905373
19.92	15.086366772932582
19.93	14.262382260507039
19.94	11.857770469937297
19.95	14.728815213284431
19.96	13.62864379966917
19.97	14.102290973426001
19.98	14.059317166524275
19.99	11.48491597573934
20.0	12.146869494087403
