10.01	3.335904366384095
10.02	2.5953537785422873
10.03	2.4930100981272516
10.04	3.240055773385883
10.05	3.6966163095425744
10.06	2.718032605790276
10.07	2.46463609769372
10.08	2.682704601076053
10.09	2.686132318834207
10.1	2.044762103717598
10.11	2.588600001041944
10.12	2.628072246136401
10.13	2.3621655434611064
10.14	2.878231548592751
10.15	3.023845833096464
10.16	1.3587652876044467
10.17	1.5748764891308817
10.18	2.3830255337706077
10.19	2.4641691923631543
10.2	3.105671632864545
10.21	2.3135589977214286
10.22	3.3485720734946876
10.23	2.0526247411326355
10.24	2.402760670505372
10.25	2.3494328963357654
10.26	2.474726103101151
10.27	1.2521324867650836
10.28	0.9223139909370877
10.29	1.111914928891577
10.3	1.36445095288733
10.31	1.2752623148212408
10.32	2.0261218576094904
10.33	2.118974895465323
10.34	1.0502606431477128
10.35	0.5414514995201978
10.36	0.7737738343618052
10.37	1.3322165139811402
10.38	1.1104571806015084
10.39	-0.04414645232309067
10.4	0.7701223602663563
10.41	0.06557713382217412
10.42	0.9382809533534682
10.43	-0.5002871369337931
10.44	0.29348153431611546
10.45	-0.00897236208395591
10.46	0.5566905962794412
10.47	0.007544941999572008
10.48	-0.6227490474381482
10.49	-1.0211261129007156
10.5	-0.45052001149343573
10.51	0.3044642803002933
10.52	0.16571447943856918
10.53	-0.5969553229987927
10.54	0.7001086507403432
10.55	0.37559326224931255
10.56	0.8238528002187969
10.57	0.5560487174657567
10.58	0.3604814480808387
10.59	-0.018253582180766257
10.6	-0.01604673459287221
10.61	0.6617003692486937
10.62	-0.9222924596729498
10.63	0.4793363585096495
10.64	0.8252906528608501
10.65	0.22766299751920863
10.66	0.10126743775215372
10.67	0.1824337789325448
10.68	-0.5673515761815004
10.69	0.5809821141542
10.7	-0.4117210127853243
10.71	0.5078588864769714
10.72	0.20081862744500872
10.73	0.3444285636725687
10.74	0.733746903463653
10.75	0.9525627743472895
10.76	0.41725837401818133
10.77	0.5628139038467321
10.78	0.5066060469186546
10.79	0.8605566000303104
10.8	0.5657124110514008
10.81	1.3033076829229218
10.82	0.1886413968912044
10.83	0.6245970054473111
10.84	1.0802228776261438
10.85	0.07872980890431802
10.86	0.647719088066441
10.87	1.0858835761116625
10.88	1.3377065863106377
10.89	0.9674293646271799
10.9	0.20897532588278056
10.91	1.063946316996019
10.92	1.424075807970759
10.93	0.8647888418774531
10.94	0.9875901226566087
10.95	1.4517634012181613
10.96	1.3236265780938585
10.97	1.0082269524291856
10.98	0.6582816338099036
10.99	0.2801015476286697
11.0	-0.22563274661529065
11.01	0.23063970949233126
11.02	0.36727228880974794
11.03	0.43943151486700677
11.04	0.8539307671467875
11.05	1.2660078070411178
11.06	1.1662520082358243
11.07	1.0775364770163882
11.08	1.2086915693283629
11.09	1.506442512541531
11.1	0.8729044144338745
11.11	-0.40049734691435923
11.12	0.9735358044512719
11.13	0.2046754076026066
11.14	1.1882771041791194
11.15	0.6810819978688935
11.16	1.1976573813706028
11.17	1.2260045256637941
11.18	0.5088069111395663
11.19	1.1941425406528534
11.2	0.4851739630084465
11.21	0.9793519715545281
11.22	0.42221476849512146
11.23	1.7182367750830432
11.24	0.8214430730562945
11.25	0.9960753733603417
11.26	0.9983931259693459
11.27	1.5557615490462133
11.28	0.47835082794254635
11.29	0.8262826537656901
11.3	1.184493166196362
11.31	2.173143666220317
11.32	1.0500880029081987
11.33	1.330943523034903
11.34	1.9927407231719358
11.35	1.6064372403496545
11.36	1.5102791983011676
11.37	0.7885135503428646
11.38	2.279626849902228
11.39	2.1124917887449355
11.4	0.8927482159033419
11.41	1.8390575502411162
11.42	1.5856001571250615
11.43	1.9957710016141903
11.44	2.2172505797371764
11.45	2.238313289194036
11.46	2.648904602832362
11.47	1.4709505976013628
11.48	2.30049117008129
11.49	2.1527660733988534
11.5	1.473969735507711
11.51	2.8616048072350173
11.52	2.9388047586624877
11.53	2.737986983215205
11.54	2.6723068509812355
11.55	3.1633053820963686
11.56	2.22498873531134
11.57	2.440968084831881
11.58	1.4283494478635428
11.59	3.2133044935166546
11.6	2.132864493071639
11.61	2.4106885265131854
11.62	2.4789187835421824
11.63	3.049911536089189
11.64	2.043045931793843
11.65	2.335811970328634
11.66	2.645810554686871
11.67	2.23488997726205
11.68	1.9979036212727546
11.69	2.6421528337775757
11.7	1.987171805399125
11.71	2.5435816334374475
11.72	2.8160872144236224
11.73	2.193765625546298
11.74	2.79696610290883
11.75	2.1352084303058385
11.76	1.7414983235019121
11.77	2.987143376098661
11.78	2.713983310664195
11.79	2.600276524460219
11.8	2.57293808270298
11.81	3.0072516631535304
11.82	1.879493502802304
11.83	2.0497708163398354
11.84	2.4553422897234425
11.85	2.2101433129397217
11.86	2.9036013207066365
11.87	2.3179458921900777
11.88	1.3138648660548116
11.89	2.1060426838229667
11.9	2.0318602875742933
11.91	1.8973105260034306
11.92	2.1171264356803774
11.93	1.412514252336782
11.94	2.1001643525253386
11.95	1.2067982178150802
11.96	2.327687410703722
11.97	2.039770282644128
11.98	2.2546616080088935
11.99	2.87450590351742
12.0	1.9180919227546414
12.01	1.5846109157908144
12.02	1.709581243257122
12.03	2.3107480750313076
12.04	3.007494493575063
12.05	2.4895325648157294
12.06	2.4868037744941205
12.07	3.152564694956214
12.08	2.2164957828945675
12.09	2.647999034713343
12.1	2.316760665609945
12.11	1.7608464107956165
12.12	1.7511654651309454
12.13	1.526127625790584
12.14	2.5047298220038603
12.15	3.20625890872941
12.16	1.8388095098002863
12.17	1.9450530118511307
12.18	2.2822647767944018
12.19	2.413171149948041
12.2	2.063241038898053
12.21	2.4561525399948683
12.22	2.2339843112805404
12.23	2.491439380135361
12.24	1.6991425595405503
12.25	1.0024375296795833
12.26	1.31660842125611
12.27	2.0947458127583336
12.28	1.7235584975119327
12.29	1.0975025943733023
12.3	2.551782991760171
12.31	2.657092944673065
12.32	1.3234195983639834
12.33	1.8618448125006783
12.34	2.4228104239102026
12.35	1.9829387523170023
12.36	2.488711084212049
12.37	1.6575390762987627
12.38	2.5914696930950933
12.39	1.8038599837810596
12.4	0.4956856465895618
12.41	1.3384321250262383
12.42	0.9076921732077192
12.43	2.4367741313629585
12.44	1.1596317592988217
12.45	1.894610793524961
12.46	1.4659777536210925
12.47	2.3163302627708204
12.48	1.82096766117944
12.49	2.05145028633012
12.5	1.5148815855463356
12.51	2.4451336149672067
12.52	1.8520800431267732
12.53	1.5843182002068024
12.54	2.030615140745243
12.55	1.557434509196939
12.56	2.326343430207427
12.57	2.1390212005197293
12.58	3.693053915949826
12.59	1.943632682416291
12.6	2.4085331332455144
12.61	3.00588697823283
12.62	2.1763976408269268
12.63	3.0057885953643644
12.64	2.3561661912601157
12.65	1.8835193705061166
12.66	2.0785654655939787
12.67	1.8204159104627518
12.68	3.2541635722139812
12.69	3.114036403243631
12.7	3.394102291479713
12.71	3.6311438085801644
12.72	3.0554555223982285
12.73	2.0948165909848995
12.74	3.1704209856694807
12.75	2.532082995850015
12.76	2.851107213660072
12.77	3.50095990837145
12.78	3.6786238910340767
12.79	3.0104572092532615
12.8	3.8563594588712062
12.81	3.9014618951298576
12.82	2.9631902440960562
12.83	3.997680994618473
12.84	3.294667405062204
12.85	3.404154454646168
12.86	3.697213584723559
12.87	2.8825093392850794
12.88	3.5670139202323683
12.89	3.7325479230608645
12.9	3.4644835417682125
12.91	3.569767222857745
12.92	3.0044681813747127
12.93	3.153605477318773
12.94	3.675357304785456
12.95	3.10188149612754
12.96	3.1452243130128306
12.97	3.7270647784146824
12.98	3.0692762015088424
12.99	3.62008746436743
13.0	2.627387864975939
13.01	4.140625163012787
13.02	2.755684667499128
13.03	3.780836155174554
13.04	3.647365437995854
13.05	2.7988648661650335
13.06	2.589633255359156
13.07	3.7716745896436104
13.08	3.5137735424121117
13.09	2.738591978548185
13.1	2.1885646539170995
13.11	3.5845975398945322
13.12	3.271958496517304
13.13	3.638070461315811
13.14	3.1405433295831022
13.15	1.9640482558063872
13.16	3.6674188218042594
13.17	2.253629144738572
13.18	2.7393807668778187
13.19	2.099102318396553
13.2	2.000815172132295
13.21	2.1804794929485487
13.22	3.296996833428782
13.23	1.7504593928847494
13.24	3.467626870693435
13.25	2.2211035133649326
13.26	2.031960335154557
13.27	3.6214234033013915
13.28	1.6576688424606818
13.29	1.7584871215550533
13.3	1.2701279915195793
13.31	2.3142039736993483
13.32	2.3891299963376462
13.33	2.13913982411271
13.34	2.2925901511532363
13.35	3.265915462983533
13.36	2.929297025892809
13.37	2.262370506536081
13.38	2.3757613546312686
13.39	1.9775430934002005
13.4	2.054806136322285
13.41	2.718013410755538
13.42	1.8727315334616352
13.43	2.3338317474156107
13.44	1.9571048599654555
13.45	2.594574856222149
13.46	2.61576642475131
13.47	3.028574048054703
13.48	1.7016212861528737
13.49	2.3990091613185776
13.5	2.4548895168779974
13.51	2.1948603835083977
13.52	3.0053208033477614
13.53	2.9096391129832275
13.54	2.2092275685460576
13.55	1.5230438243600362
13.56	2.7395231198632812
13.57	2.522217252522891
13.58	2.0307688358872955
13.59	2.4270868046176934
13.6	1.7746131801976994
13.61	3.5245619010181697
13.62	1.407834179226855
13.63	2.535215806027621
13.64	2.468065145073727
13.65	2.146355070775675
13.66	2.121778631453488
13.67	2.632515535495997
13.68	2.7152330958159623
13.69	2.6119875109452138
13.7	2.4510786982401607
13.71	2.896701825799879
13.72	3.4243912833235424
13.73	3.4349659557721037
13.74	3.412616722619546
13.75	3.6005072469165924
13.76	3.2311283067156804
13.77	2.285215516088812
13.78	3.6038675024407985
13.79	2.722722775267122
13.8	3.5796249453813305
13.81	3.2466088273094993
13.82	2.4745032907358655
13.83	2.48874933850935
13.84	1.930441139598436
13.85	3.079343678309648
13.86	3.221027697617315
13.87	2.770308813765857
13.88	2.8728074069216705
13.89	2.668157772257805
13.9	1.7918842019245549
13.91	2.351810772696678
13.92	2.5139767031656324
13.93	2.0283054879197544
13.94	2.9536384393899304
13.95	2.198913230496647
13.96	1.8758319094504439
13.97	1.480097757906262
13.98	0.9923839218620258
13.99	1.1992788354635575
14.0	1.362445915663979
14.01	1.5712521360758336
14.02	1.6816886853941497
14.03	2.295766653473845
14.04	1.4606022250311133
14.05	1.0453814957037801
14.06	0.5344417251603091
14.07	1.9712477278180431
14.08	1.3427640728241614
14.09	1.666679858033183
14.1	2.2638158744463834
14.11	0.8321689441199311
14.12	2.0753328980255867
14.13	0.49413619929531494
14.14	1.7619321316342182
14.15	0.6682296135379554
14.16	0.5571648892325618
14.17	0.6777645833298337
14.18	0.9344494379518156
14.19	0.8108900469628704
14.2	0.4846116603022641
14.21	0.3574244164352466
14.22	1.453958427400892
14.23	2.811540042814484
14.24	2.0009239083279744
14.25	0.13837451148217572
14.26	1.6172811746472493
14.27	1.917276580358819
14.28	1.4475726288304276
14.29	2.177326497135737
14.3	0.885139712314295
14.31	1.4021358755924915
14.32	0.18240106569566095
14.33	1.7039927039685392
14.34	2.099730377470232
14.35	1.11939739657125
14.36	1.2753425232009363
14.37	1.676890724880795
14.38	1.9928346962200831
14.39	1.5286975475788087
14.4	2.1449419566076355
14.41	1.5426708267935945
14.42	1.1816867179411283
14.43	1.8913003885713537
14.44	1.560561472328363
14.45	1.7206457571366984
14.46	1.3306302277095927
14.47	1.1236576918818253
14.48	1.5394721224941663
14.49	1.4889413080497298
14.5	2.2745893969998177
14.51	2.471022617608341
14.52	0.9629246524951229
14.53	1.7450152297419423
14.54	1.8416640007797376
14.55	0.8820126820464036
14.56	1.3569976828888914
14.57	2.004702842751193
14.58	2.3405745744810513
14.59	1.3841244832336166
14.6	2.1370695202178345
14.61	1.5316356126943398
14.62	2.49421323494085
14.63	1.616684396393022
14.64	1.9545097640455826
14.65	2.7474777186614223
14.66	1.258590044831696
14.67	2.068968245778361
14.68	1.3779001536279387
14.69	1.5855657728984822
14.7	1.793802729812925
14.71	2.9095681619727802
14.72	1.971235568478514
14.73	2.8467298957154132
14.74	2.8900808534822784
14.75	1.5595398493813886
14.76	2.779997984435654
14.77	2.1617261749593992
14.78	2.1875028615477254
14.79	3.1670587932741596
14.8	2.2685875122120107
14.81	1.7528003631396991
14.82	2.730896287652051
14.83	2.7778603866564633
14.84	2.86461097524046
14.85	2.166264332191885
14.86	1.3267239871576662
14.87	1.272514304198162
14.88	2.828181374505439
14.89	2.2121694517164974
14.9	2.564044586403483
14.91	1.8082919902767958
14.92	2.453941621988505
14.93	2.9224884599651784
14.94	2.4496338764627255
14.95	1.7157932768358881
14.96	2.1135219438412305
14.97	1.7275691998452765
14.98	2.4337668212188293
14.99	1.8847487273215455
15.0	1.7166732961855105
15.01	1.6034257135965795
15.02	1.6545533207429035
15.03	1.5894174363067415
15.04	2.173381264658598
15.05	2.628606327854949
15.06	2.413973311068062
15.07	1.8187323415390355
15.08	1.5161138155743228
15.09	1.0494757462516762
15.1	2.04116069559374
15.11	1.5064494920106095
15.12	1.2681010287974663
15.13	0.7379849590767498
15.14	1.8898227426525294
15.15	0.8785962968760821
15.16	1.1399538636988227
15.17	0.9527021813252262
15.18	1.309970873922343
15.19	1.0755438711072038
15.2	1.3154513180123715
15.21	1.5506032837166188
15.22	1.9730893897544672
15.23	0.45419123669725026
15.24	1.6347582531929121
15.25	1.2535126086137507
15.26	1.523290319100806
15.27	0.9174705679436044
15.28	0.6665222409190654
15.29	0.47519921030182555
15.3	1.4785693875697463
15.31	0.8272449643289835
15.32	1.6737381108555245
15.33	1.5519501672301335
15.34	1.7148680234539964
15.35	1.5216947404525174
15.36	1.0240574074312823
15.37	0.7025031793232102
15.38	0.9265570908447912
15.39	1.6467042832336303
15.4	1.8247822923796997
15.41	1.4972151466266592
15.42	1.1531421974033291
15.43	1.1754644498828077
15.44	0.5356830344674051
15.45	0.7613019437092607
15.46	0.48686690307438774
15.47	1.2465993288485906
15.48	0.3367156014211521
15.49	0.14409140165112777
15.5	0.758064403257591
15.51	1.4646095987037786
15.52	0.5854060917826639
15.53	1.1704047348963302
15.54	0.7472707770102849
15.55	1.412421362819236
15.56	1.4739395435442704
15.57	1.2763471392376209
15.58	1.6826261414202857
15.59	-0.9629797786165023
15.6	0.9029997390108779
15.61	1.0812270495994054
15.62	-0.10512786398975549
15.63	0.5983922174786765
15.64	1.1926915873441304
15.65	1.3767056412182606
15.66	0.49566758711104353
15.67	0.3470950603855689
15.68	1.443357556137025
15.69	1.6111558079523953
15.7	0.5556945938683135
15.71	0.6839853548829806
15.72	1.1664621087580542
15.73	1.6067036494059252
15.74	0.8035543204435771
15.75	1.1897285764109282
15.76	0.9599652132393794
15.77	1.7534780070926947
15.78	1.3117690115425262
15.79	1.7111316638080107
15.8	1.6457242754797141
15.81	1.2404368671320951
15.82	2.0232332075743087
15.83	0.8670152949625104
15.84	1.8411601895419534
15.85	1.5258056575356282
15.86	0.6075952702819072
15.87	1.4788581250613078
15.88	1.3556907924683448
15.89	1.9743085503776345
15.9	1.332529600139919
15.91	2.3121264276364397
15.92	1.8053373667255608
15.93	2.2313212600091443
15.94	0.9173347917646428
15.95	1.8268029261749714
15.96	2.211417270870238
15.97	1.9344585368683622
15.98	1.3634235730046276
15.99	1.3775719356686538
16.0	2.22959843668363
16.01	2.215480109197908
16.02	1.0738293989073546
16.03	0.911565356054406
16.04	1.9058815049531623
16.05	2.3755663576529646
16.06	0.732490920351708
16.07	1.7321964933222451
16.08	0.6352090186365458
16.09	3.03030787187405
16.1	3.053542979801785
16.11	1.2322622580258304
16.12	1.5724995481647255
16.13	1.5330981899289755
16.14	1.3968462615371262
16.15	1.571992865613724
16.16	1.3884216317127864
16.17	1.0048456414756295
16.18	1.849404475732085
16.19	1.5725533796082984
16.2	1.0398633016986092
16.21	1.2333141859474352
16.22	2.0046277107351713
16.23	2.103042604383911
16.24	2.2734598547244773
16.25	0.9774256547250475
16.26	1.2632852787736613
16.27	1.8600044444161896
16.28	1.6730437527834467
16.29	0.8049457982467316
16.3	0.6879167470808607
16.31	1.5050991646473457
16.32	2.2830635908809236
16.33	0.6869270577855662
16.34	1.7054126973421289
16.35	1.1974808075116834
16.36	1.7864268342489793
16.37	2.2359035158265295
16.38	1.8799240663971832
16.39	1.5413153787502767
16.4	1.3940275801105342
16.41	1.5438267615216894
16.42	0.9788563293199726
16.43	1.4683142441717247
16.44	1.3358105693420697
16.45	0.8031817704987109
16.46	1.805999232511502
16.47	0.9416972540231433
16.48	0.8581527608887956
16.49	1.8947337043115033
16.5	0.9314764847982835
16.51	0.489237981372169
16.52	1.0898485338267574
16.53	1.3406205412165617
16.54	1.942787520834643
16.55	0.9306671331247778
16.56	2.11344467231458
16.57	2.208351840724339
16.58	0.8190967832895268
16.59	1.0112360536185219
16.6	1.3901277451726861
16.61	1.2273506968549563
16.62	1.146694011938735
16.63	1.2340531228806377
16.64	2.063857499098381
16.65	2.3442040711125096
16.66	1.0509223958844385
16.67	0.28662363246198086
16.68	0.7990330185082346
16.69	1.462970689313124
16.7	1.0616368458159446
16.71	1.4021004446711751
16.72	1.759352262047866
16.73	0.726626422783187
16.74	0.930643600899571
16.75	0.8341232481852482
16.76	0.6045143373007837
16.77	1.1068502544303391
16.78	0.7652561921088148
16.79	1.186811055840617
16.8	0.641259263279803
16.81	1.3095455538176566
16.82	0.469002906763362
16.83	1.1515632293417637
16.84	0.7938752256340358
16.85	1.7229147428952696
16.86	0.48034016940243296
16.87	1.7770463252908217
16.88	2.4104707651144923
16.89	2.1609677585539635
16.9	2.25841835211725
16.91	0.7923920665511278
16.92	1.7899630695972968
16.93	2.3439423306374962
16.94	2.1328931801009117
16.95	0.9430086732699972
16.96	1.1426734877861686
16.97	2.5272566489208756
16.98	2.410901248862932
16.99	1.8374655999965583
17.0	1.1616429265160633
17.01	1.5710065263049602
17.02	1.0011738420481495
17.03	1.9001307275903347
17.04	0.9161444384272295
17.05	2.0138695787393788
17.06	0.87714771599121
17.07	0.9782476522668903
17.08	1.6894697191142993
17.09	2.0584853258327582
17.1	1.8862760236266674
17.11	2.023790204661863
17.12	0.9864634600026174
17.13	2.5626397648351187
17.14	1.3208780428482152
17.15	1.6838762008301942
17.16	1.3764705281423812
17.17	2.4374680737795864
17.18	1.2958541092384772
17.19	2.6392339946327246
17.2	2.778054711131474
17.21	2.094351657671649
17.22	2.303759002652805
17.23	2.5917209709402083
17.24	1.5776797267696567
17.25	2.3709217550405666
17.26	3.756984412928705
17.27	2.5327075523442795
17.28	2.0259370562830976
17.29	1.7742107008729155
17.3	2.6290778918730764
17.31	3.0682701414199656
17.32	2.2569394469814448
17.33	1.7476672648442748
17.34	2.6701898068516443
17.35	2.4223933210458526
17.36	2.3572102123354255
17.37	1.8851125504074482
17.38	2.2445327316460966
17.39	2.434400346459714
17.4	2.323934846545929
17.41	1.840029723435191
17.42	2.5319749542825964
17.43	3.4631621516912405
17.44	2.6654665774220025
17.45	2.6647095954740156
17.46	2.8900725949933244
17.47	2.749982596962784
17.48	2.356659244679002
17.49	3.607738028635885
17.5	3.2722136738082566
17.51	3.8940463341105183
17.52	2.308019992356653
17.53	2.7078843842335893
17.54	3.1610791998670833
17.55	3.892962190177505
17.56	2.505437569889075
17.57	3.8410488264116993
17.58	4.083169361919781
17.59	3.9780539531473793
17.6	3.8927378422230605
17.61	3.900142702593752
17.62	3.654179369149782
17.63	3.7247378444471235
17.64	3.0953576827008105
17.65	3.4851233728335247
17.66	4.3595934339686355
17.67	3.274151942392492
17.68	4.660358377505593
17.69	4.373084537424255
17.7	4.00438565641905
17.71	2.9037487341679173
17.72	3.3362129648143886
17.73	3.702367911629848
17.74	3.716514855689035
17.75	3.8043074902597405
17.76	3.8660139341015567
17.77	4.177707790901743
17.78	3.6597490878410484
17.79	4.189517315224487
17.8	3.739844024464732
17.81	4.150240032292357
17.82	4.746237974500693
17.83	4.600973701022501
17.84	4.557250365028372
17.85	5.206000828920298
17.86	4.921038596205992
17.87	5.079994276036458
17.88	4.618340830534757
17.89	4.194356846922522
17.9	3.403520008374193
17.91	4.773886747772452
17.92	4.4464658292048345
17.93	4.4461347906881485
17.94	3.956374266818892
17.95	4.604209234036715
17.96	4.109766379892562
17.97	4.545838130952552
17.98	4.17440381773342
17.99	3.4429254352316447
18.0	4.970951873473465
18.01	4.213478987592284
18.02	5.174679579810419
18.03	4.7382836125133485
18.04	5.587002271975169
18.05	5.324096156485316
18.06	5.507407529203052
18.07	4.5341424625891085
18.08	5.242246370928481
18.09	3.785279320145572
18.1	4.390947264120979
18.11	4.512761423334764
18.12	4.298208242710128
18.13	5.90719957025742
18.14	5.002543256247313
18.15	4.820864843932406
18.16	5.22304726840517
18.17	4.090516203511635
18.18	4.752330151537469
18.19	4.240837346411989
18.2	5.2726543565921835
18.21	5.404084440404846
18.22	4.059274107628448
18.23	3.920406522900694
18.24	4.32755063697427
18.25	3.6149469098450124
18.26	4.541492953525388
18.27	5.011165717480831
18.28	4.041165553403216
18.29	4.09220157348981
18.3	3.9951111334024643
18.31	4.225370985798
18.32	3.7054948267786063
18.33	3.8245695937719955
18.34	3.741966109580391
18.35	4.124812675115241
18.36	3.111262135410524
18.37	4.519269344468446
18.38	4.014708126036247
18.39	3.142619116121849
18.4	3.5492050644682553
18.41	3.3533191222700247
18.42	3.4430545644967627
18.43	4.174700523508105
18.44	3.8306473713861005
18.45	2.7613487852836514
18.46	4.010680226710631
18.47	3.8486402791092433
18.48	3.7899840286096484
18.49	3.277760189654078
18.5	3.786397341081696
18.51	3.584759446932539
18.52	3.6909542921631253
18.53	2.9059781840262073
18.54	2.226221717956002
18.55	3.4289278884119705
18.56	3.2283256006616465
18.57	3.087826869523408
18.58	2.4700020214395124
18.59	2.968010516414618
18.6	1.8581026692416445
18.61	2.407449523584612
18.62	3.4949156915232287
18.63	3.4529989430994767
18.64	3.45463320499482
18.65	2.0256271729511406
18.66	2.214667951912423
18.67	3.5517385464873668
18.68	3.154050393950918
18.69	2.0028037136180434
18.7	3.317184349010274
18.71	3.021451854303886
18.72	2.5703652634750918
18.73	2.7838413457815534
18.74	2.5966659994029957
18.75	2.1122455846568338
18.76	2.18820309497169
18.77	3.356270900301354
18.78	2.574968339496545
18.79	2.2643836901339998
18.8	2.1155371046379905
18.81	2.984406044368327
18.82	1.9259752090603448
18.83	2.9283518038092113
18.84	2.600990745965919
18.85	2.7217623001985007
18.86	1.0281572748417187
18.87	2.8726865157628856
18.88	2.589297342720764
18.89	2.178132667746298
18.9	2.9394050149599744
18.91	1.8649180666226575
18.92	2.8316918753087323
18.93	2.399274758266686
18.94	3.2203685222914147
18.95	1.9710744102844822
18.96	2.04141521765773
18.97	2.393078301135735
18.98	1.55228688536396
18.99	2.059008715869663
19.0	3.106375771501007
19.01	2.7046130350850075
19.02	2.4184182457613175
19.03	1.8912980765867728
19.04	2.1646929520677687
19.05	2.854900430677493
19.06	3.7046659815413916
19.07	2.999140897312102
19.08	2.0437964087217027
19.09	2.1823227983330953
19.1	2.9210163436027763
19.11	2.2150573711023975
19.12	3.550940734169564
19.13	2.9646742854474177
19.14	2.993782922464597
19.15	2.6612925913217516
19.16	2.635669823178711
19.17	2.6732581002037765
19.18	3.568189548384425
19.19	2.551960742494796
19.2	3.3488956731266244
19.21	2.588058457258232
19.22	2.146629430320549
19.23	3.1553628496758437
19.24	2.9409588858326234
19.25	2.762259041764736
19.26	2.137677694344064
19.27	2.947013130946702
19.28	2.1804308852946024
19.29	2.274085032973531
19.3	2.670477448466732
19.31	3.6295223204828053
19.32	2.9398127943247503
19.33	1.1965719195210935
19.34	2.266674733501759
19.35	2.591933395571966
19.36	3.132114844863648
19.37	2.192376193234543
19.38	1.8456019839420152
19.39	2.192662321572874
19.4	1.9775050083281227
19.41	3.2194396166341015
19.42	2.5081041784469678
19.43	3.1016268708660295
19.44	2.7498658487084136
19.45	1.9495143228102068
19.46	2.897006628094393
19.47	2.108080984485232
19.48	2.7998165598859637
19.49	2.6158269073882607
19.5	3.305229257760557
19.51	3.2140325561758747
19.52	3.0354354895611215
19.53	3.5954805557436025
19.54	3.861772222459012
19.55	2.2978117507181706
19.56	3.1450310191166047
19.57	3.5638301024877164
19.58	3.1783316657207386
19.59	3.465873969139223
19.6	2.2599780216074725
19.61	3.9648086483831713
19.62	3.4959253052775905
19.63	4.139813447660545
19.64	3.988995524411092
19.65	2.535762264442915
19.66	4.127992651282076
19.67	3.824593051912255
19.68	3.7258944370078058
19.69	3.3292702668615726
19.7	3.254015832001759
19.71	2.464741536304587
19.72	3.798920561205834
19.73	4.113812173150294
19.74	3.772847079906416
19.75	3.682197447296883
19.76	3.731700341753697
19.77	4.12932250006724
19.78	4.137081530975973
19.79	3.8590776766651675
19.8	4.190242266176058
19.81	2.905254571772915
19.82	3.7523896857297663
19.83	3.7657062329478967
19.84	3.6981411800604054
19.85	2.962553172061558
19.86	3.50286454538905
19.87	2.9169431022000634
19.88	2.5925184182736367
19.89	3.2512335204135137
19.9	3.8697067439126123
19.91	4.114635920797854
19.92	3.7636434276991286
19.93	4.474838741847276
19.94	2.7714832363881703
19.95	3.3300139535571995
19.96	3.2596530244028767
19.97	3.5745067591696835
19.98	3.1294324389348187
19.99	3.33008517576368
20.0	2.8552363249929695
