10.01	6.615307383261632
10.02	6.256532588747487
10.03	6.707239391876889
10.04	7.225288486264685
10.05	7.518890970126234
10.06	8.558541314986151
10.07	9.286268505939393
10.08	8.97117282821679
10.09	10.257711685014598
10.1	10.71837284403989
10.11	11.108321295472617
10.12	11.342511264988335
10.13	11.518380934895855
10.14	12.104491051019476
10.15	12.152760505323842
10.16	13.226294756893314
10.17	13.988055031648582
10.18	13.383008637057022
10.19	14.69440282999847
10.2	15.374016767642738
10.21	15.524485748906898
10.22	15.967859300191732
10.23	17.26216086244246
10.24	16.883852355473756
10.25	17.731533686750822
10.26	17.231951752516068
10.27	18.109006880523896
10.28	17.626942450246425
10.29	17.55243253060668
10.3	18.009776209647008
10.31	19.044173001957454
10.32	19.38077131856584
10.33	19.551833969820798
10.34	18.67950561567282
10.35	20.185872791526712
10.36	19.472510949929962
10.37	19.43435366435646
10.38	19.503651849864184
10.39	19.465083160882035
10.4	20.491313350928422
10.41	19.48047996699908
10.42	20.02731378240947
10.43	19.403082282271377
10.44	20.363355264403605
10.45	19.69497941843288
10.46	19.215989644452435
10.47	19.345948859345288
10.48	18.842488406636452
10.49	18.699561847018074
10.5	20.394994326282372
10.51	19.58207782176877
10.52	19.867760313649907
10.53	19.293291055505268
10.54	17.458627425380033
10.55	17.843434617890974
10.56	18.335587839054995
10.57	18.05291836577156
10.58	17.335873939913284
10.59	17.685225968402754
10.6	18.314308589225238
10.61	17.373931459048713
10.62	17.150939309824413
10.63	16.241621148270532
10.64	16.79072294565657
10.65	16.904532829498972
10.66	15.658684822276971
10.67	14.630397033213617
10.68	14.619615266481814
10.69	15.314570552541937
10.7	14.183969271818661
10.71	14.401496228900573
10.72	13.067489216061913
10.73	11.893091675313505
10.74	13.04831741942884
10.75	11.587608210870508
10.76	10.902370648800872
10.77	9.95892096936722
10.78	10.702238611386003
10.79	9.706042735023447
10.8	10.307014767113637
10.81	9.433842690297395
10.82	8.278742042995177
10.83	7.379518290566534
10.84	7.751647066812411
10.85	6.283330951987877
10.86	7.127575183738241
10.87	6.139367118450123
10.88	6.047736358311139
10.89	5.127709966515639
10.9	4.810132665076578
10.91	4.269600425160616
10.92	4.512995991091491
10.93	4.728588914399469
10.94	4.077946636402101
10.95	3.1788872788965787
10.96	3.8786491490472623
10.97	3.059843441586374
10.98	3.009027815284408
10.99	3.094579203355273
11.0	1.4842867013831675
11.01	2.08374032915297
11.02	2.5021326846526426
11.03	3.8188837203221917
11.04	1.4317255342737716
11.05	2.3254335787240734
11.06	1.154726038692345
11.07	2.739527041036254
11.08	1.9394624913480745
11.09	2.6592651356480053
11.1	1.2384441472807868
11.11	2.521286140935978
11.12	2.230896615850331
11.13	2.5126242316437932
11.14	3.1665013374661277
11.15	2.7779524952472134
11.16	3.4997868413675906
11.17	3.447909198495856
11.18	4.332749004847139
11.19	3.962796513017596
11.2	4.343705720950268
11.21	6.197832623321727
11.22	5.3159302043076515
11.23	5.909179857300807
11.24	5.909980943124349
11.25	5.8960430484607675
11.26	7.333022750209807
11.27	7.904386846733905
11.28	9.050313338837396
11.29	9.492520179992866
11.3	9.266878707313326
11.31	9.818771000113614
11.32	10.982961772833049
11.33	13.236403093085885
11.34	12.760537121012002
11.35	12.467313671648983
11.36	14.048531731635912
11.37	14.976869987584637
11.38	13.67458285201801
11.39	15.38439632618044
11.4	15.643765581705303
11.41	16.309177854011068
11.42	16.80171724257856
11.43	17.517396339067677
11.44	17.23921390849685
11.45	18.217358060704697
11.46	18.164686707434115
11.47	19.258898403149928
11.48	19.94331495664718
11.49	19.60620048482622
11.5	19.785506619745984
11.51	20.2661273873916
11.52	21.299377630655055
11.53	21.04516514514305
11.54	20.98080630412272
11.55	21.67834361644248
11.56	21.107759292986245
11.57	21.901599841965638
11.58	20.945875582326412
11.59	20.50273490936328
11.6	21.455013165019437
11.61	21.41075348874853
11.62	20.029880462463098
11.63	20.424284748800854
11.64	20.387598993779203
11.65	20.755311663209536
11.66	20.748061368561554
11.67	20.217561670211783
11.68	19.630816787344514
11.69	19.800542610419086
11.7	18.955089556604715
11.71	18.882978838241932
11.72	18.653275154729318
11.73	17.402975161266607
11.74	17.149544583787957
11.75	16.853303500183348
11.76	15.930439146053077
11.77	16.222344988060588
11.78	13.868529146645727
11.79	14.995897166648962
11.8	13.550585612609552
11.81	13.872792316994794
11.82	12.98202969219248
11.83	12.940421733432936
11.84	12.459352161202709
11.85	11.125984988669156
11.86	12.33992145595702
11.87	10.041634950920118
11.88	10.615468041586333
11.89	9.997328317216294
11.9	8.8021596968641
11.91	7.221714316547353
11.92	7.822924313253724
11.93	6.811562975131907
11.94	6.905019388839037
11.95	5.441464703905336
11.96	5.4600046770748
11.97	4.40077296124799
11.98	5.17915883860605
11.99	3.792962404130775
12.0	4.531895031424142
12.01	3.4198647944933924
12.02	4.46900119015071
12.03	3.161619818271684
12.04	2.673465687485407
12.05	2.5843814656447663
12.06	2.4149623862831584
12.07	2.7057239428789255
12.08	3.0525915367733827
12.09	1.8420275188656932
12.1	2.77941030056764
12.11	2.4001745375482537
12.12	1.893270613808547
12.13	2.4481941084880603
12.14	1.9413997610880536
12.15	1.6246469627366023
12.16	2.5465552657903823
12.17	2.0905385928045845
12.18	2.831055075910041
12.19	2.9277795842651093
12.2	2.103664387153697
12.21	2.928806125519624
12.22	2.1669822561156327
12.23	2.1531242384559954
12.24	3.8610570603659453
12.25	3.6282417498798134
12.26	2.5933493049967287
12.27	4.709739395641255
12.28	4.4243311547296855
12.29	4.535661060445728
12.3	5.900375253917232
12.31	5.4091045069116435
12.32	6.509806936838733
12.33	5.569476081346115
12.34	6.745133437543002
12.35	7.339481997891145
12.36	7.009266663960711
12.37	8.32173258738982
12.38	9.236187680156988
12.39	10.145573322144863
12.4	10.471783087181837
12.41	10.754591197800217
12.42	11.176892041193275
12.43	11.256669136446737
12.44	13.2452433669223
12.45	13.492811860071908
12.46	13.826113724209602
12.47	15.011698861751439
12.48	15.12470240147275
12.49	16.014714236775802
12.5	16.529668354394808
12.51	16.92296571133368
12.52	17.58718795933332
12.53	17.477029477369275
12.54	18.658550371916693
12.55	19.44441856861494
12.56	19.169162287192318
12.57	20.517237188051556
12.58	21.285741395074965
12.59	20.89135178134043
12.6	21.65677087107167
12.61	22.359076599878367
12.62	22.2026592270203
12.63	22.782241300089318
12.64	22.551557725678073
12.65	23.40390362525264
12.66	22.942468119279383
12.67	23.02835065131193
12.68	23.498812852792888
12.69	23.032662212462476
12.7	24.493044260519568
12.71	24.506577301831726
12.72	22.328457154893776
12.73	23.779050901429056
12.74	23.780102443252684
12.75	23.077997301384077
12.76	22.81871808346529
12.77	22.042529876366984
12.78	22.019753868520752
12.79	22.864454211483203
12.8	22.791876594879458
12.81	21.743285565760413
12.82	22.0980269307171
12.83	21.410470764383188
12.84	21.22553143973881
12.85	21.971245376762003
12.86	19.601487703477233
12.87	20.65025948655554
12.88	19.646682054734733
12.89	18.92868531579509
12.9	18.422858979216127
12.91	17.90369767794024
12.92	18.028132463218903
12.93	17.017049465550766
12.94	16.88610316105926
12.95	15.95514727817602
12.96	15.634772917147606
12.97	14.71181513006728
12.98	14.619650546243138
12.99	13.922118989245698
13.0	13.076706873332038
13.01	12.997084953157401
13.02	11.94491182981206
13.03	11.71700963546559
13.04	10.684283736801483
13.05	10.91573172942676
13.06	9.922155679506034
13.07	10.502186319053886
13.08	9.037656946922867
13.09	9.117482889501606
13.1	8.088330656878442
13.11	8.688406952443268
13.12	7.446588615252836
13.13	6.795799979368568
13.14	6.189352745777303
13.15	6.806445289304232
13.16	5.5818345626604335
13.17	6.060495030766792
13.18	6.251749380397977
13.19	5.279991753086333
13.2	4.583341048635633
13.21	4.59339097762415
13.22	4.6150588654265015
13.23	3.8170395956867265
13.24	4.081887081068871
13.25	3.021236850490065
13.26	2.6526690238359985
13.27	3.48688587519344
13.28	3.1779584860532992
13.29	3.5470757778079074
13.3	2.7663493951894904
13.31	2.9851350966836687
13.32	3.6594125075350927
13.33	3.6909332761266573
13.34	2.080604425295079
13.35	2.7969227332651196
13.36	2.810149887633185
13.37	2.0778605158758094
13.38	2.424719850340105
13.39	4.144869723552694
13.4	3.237877020784951
13.41	4.79816788996514
13.42	4.394530868773055
13.43	4.93369573894868
13.44	5.706340759045704
13.45	4.2633558713516
13.46	5.365099672442056
13.47	5.346978713466733
13.48	6.2960076145825
13.49	5.687491834465997
13.5	6.665516486913645
13.51	8.253292881701725
13.52	8.3327912632818
13.53	8.631427142413163
13.54	9.833241930537735
13.55	9.950262724755719
13.56	10.139470315433316
13.57	10.340643343410074
13.58	11.184722086501598
13.59	11.642958667269486
13.6	12.670478221268219
13.61	13.371759965575611
13.62	13.301510780747277
13.63	14.007166262718853
13.64	14.334818224508199
13.65	14.37631186032926
13.66	15.998115003371225
13.67	16.03320655212384
13.68	16.553749489980724
13.69	16.82908294756803
13.7	16.96148713668964
13.71	17.47206194164831
13.72	17.8742778750261
13.73	17.433368382664995
13.74	17.835010924079068
13.75	19.56097207052978
13.76	18.296282444049236
13.77	18.49689627286243
13.78	18.723507850136766
13.79	20.17637570800083
13.8	18.34255016202292
13.81	19.366257196695994
13.82	20.614291079718676
13.83	19.77032534255962
13.84	18.770263358927213
13.85	19.02467409471412
13.86	19.76723455086525
13.87	19.487699429682387
13.88	19.70958171712689
13.89	19.781586592042146
13.9	20.496241449138935
13.91	19.010618569396925
13.92	19.480094194892445
13.93	19.439831717545363
13.94	18.515410239096667
13.95	17.558467563329998
13.96	18.61198622106788
13.97	17.53375482672836
13.98	17.459588516517677
13.99	18.037627601407646
14.0	17.204562603857518
14.01	16.61655785537705
14.02	16.896239397028175
14.03	16.085817549159284
14.04	16.89845535471973
14.05	15.53343740725104
14.06	16.875667583895286
14.07	15.45332180137814
14.08	14.01065390172714
14.09	14.19849789266831
14.1	13.044921057027922
14.11	12.698126113065966
14.12	12.900330095906678
14.13	12.212560937982802
14.14	11.254352979687106
14.15	9.98906034194915
14.16	9.946019364679595
14.17	9.777420196335932
14.18	9.147794356869028
14.19	9.17256378499456
14.2	8.84921935051132
14.21	8.22038386051577
14.22	6.9429614899805845
14.23	7.580350321293264
14.24	5.551956855571384
14.25	4.835871847912596
14.26	5.711194226969347
14.27	4.24930700519352
14.28	4.687032693528629
14.29	4.6263748410876495
14.3	4.071953722034936
14.31	3.4298879083450404
14.32	3.2709725381598473
14.33	1.9704434975875094
14.34	3.214250929953687
14.35	2.3593293933907757
14.36	1.6355505487349866
14.37	1.8403451728817883
14.38	1.7936601477142986
14.39	1.8856200045869607
14.4	-0.20358030641396274
14.41	0.10850932913099054
14.42	2.2588986262606077
14.43	0.8662198696990444
14.44	0.9711883279431371
14.45	0.9199694799098362
14.46	1.1294086630236253
14.47	0.743664506890324
14.48	0.9764167326105109
14.49	0.05472252811705436
14.5	0.8310264939383262
14.51	1.433633111077035
14.52	1.0919700543300708
14.53	0.621254523774207
14.54	1.3832194038294567
14.55	1.5599709707931366
14.56	1.1588967741621228
14.57	1.8334822352797007
14.58	1.2880669993584348
14.59	2.122500304411717
14.6	2.6896860882759692
14.61	1.7521498005118108
14.62	2.1740714098312015
14.63	3.3749598662218245
14.64	3.024966802602238
14.65	3.4170787352687264
14.66	3.4156040337868596
14.67	4.246321570436265
14.68	4.295649944916512
14.69	5.033626721302181
14.7	5.066985648373919
14.71	5.614913548873424
14.72	5.453722815290597
14.73	7.039915887638031
14.74	6.363875620484599
14.75	7.835133323411227
14.76	8.641721081541945
14.77	9.72557235956895
14.78	9.581541487107726
14.79	9.998292210749353
14.8	10.194966450653446
14.81	9.83976803785267
14.82	10.451056296848568
14.83	10.881853660209453
14.84	11.424693420838041
14.85	11.717093330162331
14.86	11.935296777399303
14.87	11.780516476579454
14.88	12.80196985220234
14.89	12.759537794381835
14.9	12.847542535509078
14.91	13.799369468555188
14.92	13.517135067700513
14.93	13.57021613584608
14.94	14.084681403818534
14.95	14.777723186417113
14.96	14.408400978820465
14.97	14.713845681946943
14.98	14.588385698264009
14.99	15.678069727083296
15.0	15.037915576561524
15.01	14.2326240804657
15.02	15.292177725392044
15.03	15.802106505220669
15.04	15.587214185315911
15.05	15.432173703543288
15.06	15.728814866901368
15.07	15.69555837034228
15.08	15.817084460112246
15.09	16.150073937009484
15.1	16.27440667139202
15.11	16.822283319335856
15.12	15.8331064386174
15.13	14.772468107987319
15.14	17.310404768570404
15.15	16.206597844217303
15.16	15.702010578793544
15.17	16.16502964464913
15.18	16.687089139344174
15.19	16.60350387138687
15.2	16.40248173509253
15.21	16.608602825989106
15.22	15.429871516831435
15.23	16.786505687398165
15.24	16.489515357467294
15.25	16.730139463115986
15.26	16.81048066354049
15.27	16.002782664921234
15.28	15.560084810082667
15.29	16.791608582245093
15.3	15.952097110208111
15.31	16.505058987964414
15.32	16.5118534851783
15.33	16.36302551421034
15.34	15.685674044306229
15.35	16.103340785063136
15.36	14.567276731414024
15.37	15.524219049674361
15.38	15.812237970959595
15.39	15.60026117027256
15.4	15.107557308370993
15.41	15.11904634770357
15.42	14.089764451095464
15.43	14.300525557408262
15.44	13.998825631130567
15.45	13.124999242524568
15.46	13.027489314361448
15.47	11.756899348451551
15.48	11.724572426707551
15.49	11.528497447717507
15.5	10.868310280670546
15.51	11.03970754071277
15.52	9.467913787539182
15.53	9.611215316763488
15.54	8.9032449023526
15.55	8.83130695568861
15.56	7.994384972842907
15.57	8.92013677344053
15.58	7.425121722876875
15.59	7.110964902410263
15.6	6.398889669152144
15.61	4.939404440865243
15.62	6.101531972471605
15.63	5.152865602428264
15.64	5.8688811727427055
15.65	3.4063015112431723
15.66	2.850631505640246
15.67	2.8947893146091634
15.68	3.333288387991237
15.69	3.395996099972064
15.7	3.3621585841837955
15.71	2.520868452439097
15.72	1.26942850948434
15.73	0.6389426638924122
15.74	0.8127642557931337
15.75	0.6871067937419352
15.76	1.4508451036387195
15.77	0.25984285936953094
15.78	0.08719837242584882
15.79	0.47955922029307757
15.8	0.24530670119297737
15.81	-0.22400399715659175
15.82	0.4600909837003987
15.83	0.4172407804480492
15.84	-0.2975439425642239
15.85	0.4191528159106744
15.86	1.1534166168515214
15.87	0.542720928650722
15.88	0.5589667694949934
15.89	0.0486457580278723
15.9	0.7784071560750095
15.91	0.9453879509507985
15.92	1.2706231727809243
15.93	1.8811604392516372
15.94	1.4613883108968015
15.95	2.605280301510213
15.96	3.7384453722328272
15.97	2.978036165885776
15.98	3.969306899944942
15.99	3.991437784047611
16.0	4.200271585914365
16.01	4.15372785221054
16.02	5.391363440414015
16.03	6.528813252677355
16.04	7.017632069765362
16.05	7.12863372268995
16.06	7.714316555466585
16.07	8.530007852247504
16.08	8.677944909811842
16.09	9.690761324902365
16.1	9.717742014106916
16.11	9.963229730367836
16.12	10.633071618614172
16.13	10.59920363307738
16.14	11.312578100642504
16.15	11.593759816196195
16.16	13.14599992590224
16.17	12.697611284717073
16.18	12.243082776475932
16.19	13.462597685660079
16.2	13.450663424847775
16.21	14.15781049258256
16.22	14.697654911375913
16.23	14.116615865568098
16.24	14.577786874742268
16.25	15.00341278291311
16.26	14.711942235835343
16.27	14.566506319793959
16.28	14.636602082929112
16.29	15.16145766627793
16.3	15.934576776052724
16.31	15.650225941333694
16.32	15.140690096333499
16.33	15.845542101867837
16.34	15.180276364717443
16.35	15.101014246097032
16.36	15.468270004978413
16.37	15.405618951425797
16.38	16.179204097326863
16.39	16.15525132234461
16.4	15.940376753433942
16.41	15.100395701110191
16.42	15.719855666837145
16.43	14.178189435482228
16.44	14.182819532150786
16.45	14.561064653845616
16.46	14.628639054213837
16.47	14.015573675838734
16.48	13.705683586726138
16.49	13.261323773523346
16.5	13.260003902652885
16.51	12.652572138627775
16.52	13.591730658720182
16.53	11.726654211393818
16.54	12.213925643707631
16.55	11.60343506905087
16.56	11.326270642676459
16.57	11.177798176511036
16.58	10.247321659354565
16.59	9.692849349941124
16.6	9.728420837529978
16.61	9.890037724155546
16.62	9.315184258874726
16.63	7.271711540763181
16.64	8.507583564841386
16.65	6.8110301480200475
16.66	6.791335664953892
16.67	7.054855993305222
16.68	6.165513528860565
16.69	5.826500483571683
16.7	5.634453758044839
16.71	6.097160756908246
16.72	4.712664857251564
16.73	4.570252228145914
16.74	5.480002624361415
16.75	4.489754670956815
16.76	3.3024067911395916
16.77	3.2065158992449283
16.78	2.8231093731382724
16.79	1.932668734141444
16.8	2.8397590907177683
16.81	1.8834616109642004
16.82	1.9067940533875867
16.83	2.086692352544886
16.84	2.2235823710632294
16.85	2.2647509718809484
16.86	1.5961573512813239
16.87	1.535750208276758
16.88	1.5040587528646576
16.89	1.735327274915437
16.9	1.069392449658707
16.91	0.8491768395208684
16.92	0.16483241442512875
16.93	0.5070053970861957
16.94	2.129635181859806
16.95	0.7899527645905613
16.96	1.7333923563972347
16.97	0.9707423657271413
16.98	1.753480007349287
16.99	1.8807243375571752
17.0	1.1404997519215399
17.01	2.5311840744893486
17.02	1.7711316015824772
17.03	3.528664644511589
17.04	2.2655927625921253
17.05	2.694848090402879
17.06	3.9725957999016703
17.07	3.748926751479436
17.08	4.23424875308182
17.09	4.684537560497676
17.1	5.513400304380327
17.11	5.68754205073846
17.12	5.760972509533674
17.13	7.4129776226696755
17.14	8.153212616542685
17.15	7.354424756684163
17.16	8.570650398688183
17.17	8.225535179681598
17.18	10.111603355150965
17.19	9.09858402424495
17.2	9.256801264169106
17.21	10.835524549263477
17.22	11.30292369661934
17.23	11.493770444517684
17.24	12.06005074863169
17.25	11.729192376707863
17.26	12.52239295384642
17.27	13.617076633588486
17.28	14.251346644106485
17.29	13.176893220650065
17.3	13.932063944847558
17.31	14.772108124142644
17.32	13.86866964208439
17.33	16.088934621723897
17.34	14.998421999717255
17.35	15.614343121738724
17.36	16.504560830768348
17.37	17.008264483885394
17.38	16.78567117860294
17.39	16.04841373347342
17.4	15.979492397257571
17.41	16.63447827951528
17.42	16.607789730011813
17.43	17.27246067848697
17.44	17.183519946941583
17.45	17.257474212156797
17.46	16.47807647212517
17.47	17.10625977462307
17.48	16.34455787680883
17.49	17.022594664265657
17.5	16.59843726541822
17.51	16.58241148851126
17.52	16.523845422256716
17.53	15.792665238152566
17.54	16.677589165850218
17.55	15.50978687789027
17.56	15.881289954342806
17.57	15.681052842681543
17.58	15.423406611852414
17.59	14.480015765942598
17.6	14.260700149521888
17.61	14.779890530957031
17.62	15.016951543105762
17.63	13.180868474103345
17.64	13.444622640542175
17.65	12.987366431095333
17.66	12.34009537987021
17.67	11.95344704586281
17.68	12.49900596775343
17.69	11.460251731982723
17.7	9.906308450838306
17.71	10.37473646021023
17.72	9.330256851842352
17.73	10.245959187834826
17.74	8.674234886316805
17.75	8.453150209127303
17.76	7.880615457421911
17.77	6.951426588806048
17.78	7.700486974625977
17.79	5.586884836184444
17.8	5.457406718709036
17.81	5.676162670141341
17.82	4.90462701481693
17.83	4.943046736486778
17.84	5.382116788365905
17.85	4.48601825579224
17.86	4.244193303509387
17.87	3.467739397897943
17.88	2.721106568562088
17.89	3.457666890238116
17.9	3.901199039221585
17.91	2.815828119366665
17.92	2.3939853339526467
17.93	2.8458237275613865
17.94	2.234541976293389
17.95	1.5792636864247507
17.96	1.4951781821201104
17.97	1.2628526279097303
17.98	1.655476529227032
17.99	0.8487215376307962
18.0	0.9188186730211126
18.01	0.7553770464175125
18.02	0.7100506026684679
18.03	0.7986186804427512
18.04	0.9107198847767299
18.05	-0.009306972250100576
18.06	-0.4812159300345821
18.07	0.8958890942148048
18.08	1.5851586351960323
18.09	1.8289802906322388
18.1	0.6240033966766544
18.11	1.0842934944098381
18.12	1.5096758665152026
18.13	1.0111904339179718
18.14	1.25770661566488
18.15	0.9460521586640545
18.16	2.1234574294898754
18.17	2.02999232384648
18.18	2.6750830348119523
18.19	2.9286332713448044
18.2	3.0059332190367165
18.21	3.533164592105793
18.22	4.198083373681665
18.23	4.919840147083607
18.24	3.398560506755381
18.25	4.848356535110479
18.26	5.2155926894147076
18.27	5.385921679506028
18.28	5.176819886762384
18.29	7.2323582512385665
18.3	7.021311969720567
18.31	7.558684816639209
18.32	8.422807330087494
18.33	8.325428301422273
18.34	9.255244820063028
18.35	9.227322037502846
18.36	8.666161425605063
18.37	10.432156068890079
18.38	10.908113185897184
18.39	11.47633141071849
18.4	12.080282762740673
18.41	12.422834761854476
18.42	12.308853495557013
18.43	13.082043634915228
18.44	13.051082438249496
18.45	13.523758109294821
18.46	14.209082378043083
18.47	14.345082848750545
18.48	14.497482420140896
18.49	14.230432463269656
18.5	15.29877634976516
18.51	15.566129761302557
18.52	15.147979259556802
18.53	15.124833544168743
18.54	15.420427292976756
18.55	15.796600201364994
18.56	16.397195844173066
18.57	15.388422044127028
18.58	15.864485599126155
18.59	16.26950507471851
18.6	16.47738093448893
18.61	17.469329219328024
18.62	16.603549062598464
18.63	15.745181706692739
18.64	16.807441056424164
18.65	16.100418687138973
18.66	15.310669266147535
18.67	15.737422150068552
18.68	15.280010307446215
18.69	15.597100474197829
18.7	14.708075329506833
18.71	15.888638813343398
18.72	14.848960292927329
18.73	15.144881529638733
18.74	13.403047734181683
18.75	13.78703166310336
18.76	13.430442533226708
18.77	12.500322694515395
18.78	13.763103361381734
18.79	12.881105071285969
18.8	11.318974812426077
18.81	12.093092191782324
18.82	10.947005859236716
18.83	10.859784340318456
18.84	9.515267173234353
18.85	10.467540442924305
18.86	9.258872425329397
18.87	8.792527127755832
18.88	8.240203814562465
18.89	7.588700226421143
18.9	7.953188852125734
18.91	7.545742577022051
18.92	7.196018475119074
18.93	6.764714875028561
18.94	5.919711049406146
18.95	5.428256658777264
18.96	5.185279414941582
18.97	5.356495801054399
18.98	4.426377213584124
18.99	3.5948767753808024
19.0	3.7890686116672017
19.01	3.248750965662776
19.02	2.6412143496811895
19.03	3.651415543641591
19.04	3.1341507424049686
19.05	1.782097372649078
19.06	1.6960658497971117
19.07	2.614874014922428
19.08	1.3182882792571748
19.09	1.0283283613547738
19.1	0.24120141704079068
19.11	0.3872115605658794
19.12	1.1958290275693961
19.13	0.08104599077800995
19.14	1.473393510768417
19.15	0.5312600256206884
19.16	0.15440698213053022
19.17	-0.3261538560141447
19.18	0.283302957875897
19.19	-0.5232227345778037
19.2	0.41579195980379563
19.21	0.05355267138591231
19.22	0.29629904705944066
19.23	0.3491777228144586
19.24	0.5714573664599442
19.25	0.7411575365934764
19.26	0.8482602720851063
19.27	0.7349165509120987
19.28	1.0925125430084799
19.29	0.9083572092240181
19.3	0.41726201823244247
19.31	2.09583689120351
19.32	2.1694171291633415
19.33	2.873338763334991
19.34	2.524358734275438
19.35	2.510553708005464
19.36	4.044051732372749
19.37	3.353212223654114
19.38	3.8447581172079834
19.39	5.031519527171126
19.4	6.1288240767141975
19.41	5.473147132300601
19.42	6.362374792554491
19.43	6.303348685480226
19.44	6.967198891500148
19.45	8.188052489791328
19.46	8.004779033858693
19.47	8.732424036585876
19.48	8.710490124270258
19.49	9.894592542131855
19.5	10.294411265985081
19.51	10.719827443497438
19.52	11.438703935433473
19.53	10.673174280713381
19.54	11.547416765023996
19.55	12.417382516046892
19.56	12.61542556496464
19.57	12.663838498937759
19.58	14.265202760333056
19.59	14.263181916805907
19.6	14.005805795620862
19.61	14.84797949435567
19.62	15.144623696282922
19.63	16.448854454598585
19.64	15.249567553725216
19.65	15.858506878755588
19.66	17.285159562826315
19.67	17.142676164414404
19.68	16.711405352236522
19.69	17.07880294710477
19.7	17.324711328171258
19.71	17.991298710598443
19.72	18.78099083682335
19.73	17.058739064702287
19.74	16.530691766346973
19.75	18.17893244627677
19.76	17.554515893438165
19.77	17.43257032391339
19.78	17.71369503318753
19.79	18.095239373617027
19.8	18.572263756682265
19.81	18.231995211476406
19.82	17.973440924092763
19.83	17.857833489581157
19.84	17.172591892293866
19.85	18.11276069923688
19.86	17.047875345586757
19.87	17.343116134548417
19.88	16.924769904512257
19.89	16.477475180279882
19.9	16.08019591418993
19.91	14.823716644663985
19.92	15.843218673412862
19.93	16.231006729369238
19.94	14.92785975951689
19.95	14.372095699266534
19.96	14.099004635683636
19.97	12.831673791866708
19.98	14.014505269227323
19.99	12.806419379262255
20.0	11.930285885215048
