10.01	29.49181520153722
10.02	26.956794178971005
10.03	28.43374505088516
10.04	25.97362553083137
10.05	29.023487197298415
10.06	25.751849673799338
10.07	27.345653135069572
10.08	25.477717974162953
10.09	23.174888599023657
10.1	26.532080510675918
10.11	24.870477153136274
10.12	22.687930243094616
10.13	21.668397899608845
10.14	22.14681839255564
10.15	20.594931626499026
10.16	24.439524751450595
10.17	17.183231383239555
10.18	19.020359870245404
10.19	16.41397170409495
10.2	18.76195796301428
10.21	17.480493225368722
10.22	14.801871984977891
10.23	14.785480829991682
10.24	13.046438160458749
10.25	14.365321356229426
10.26	10.528937971971985
10.27	11.384725847919933
10.28	9.733010220942738
10.29	11.66863630004314
10.3	10.720970413342963
10.31	11.451865448292383
10.32	9.159457895454976
10.33	8.944822023196576
10.34	6.725433352937781
10.35	7.811560367763843
10.36	9.512160775479503
10.37	3.1861381532816333
10.38	5.367213594647863
10.39	7.279061311462782
10.4	5.250645281859589
10.41	7.3129136879164935
10.42	5.0041677615425835
10.43	3.0232097118177426
10.44	2.4260685264990416
10.45	2.803739678606923
10.46	6.327847775474153
10.47	6.8079766669624195
10.48	3.855978110356468
10.49	7.301813243836108
10.5	4.466156883612034
10.51	3.6835856356764722
10.52	2.1695460739914036
10.53	4.773417266102908
10.54	0.6833580991603863
10.55	2.466209805910012
10.56	3.4843215722145846
10.57	2.3689388347682674
10.58	5.15935574687704
10.59	2.3371164250732477
10.6	6.144907939627251
10.61	6.02863189069867
10.62	5.824410228641899
10.63	3.3960402141769412
10.64	4.361721914877943
10.65	4.98178730592403
10.66	7.072738685899848
10.67	4.471331739447242
10.68	5.499139111068671
10.69	5.226605466692524
10.7	9.47563837415569
10.71	12.640555798813331
10.72	10.688527657735373
10.73	9.49463658948436
10.74	11.565435735337555
10.75	10.763674226915368
10.76	12.261662658585623
10.77	11.361526584629027
10.78	12.104620059785933
10.79	13.550867329451426
10.8	15.231598146979838
10.81	15.918266582338978
10.82	18.382965449721503
10.83	20.827197343726933
10.84	15.74828430787093
10.85	21.569109928967922
10.86	19.397835910494702
10.87	19.315009522855647
10.88	22.107775862642868
10.89	22.854607394405647
10.9	22.186675922962845
10.91	23.050284419301097
10.92	28.214169767135186
10.93	24.149293064636794
10.94	25.594504569599106
10.95	26.440340433516962
10.96	25.27163492057245
10.97	26.505145949162692
10.98	25.220048484834717
10.99	31.413651475967228
11.0	28.472534989137937
11.01	29.00610962997638
11.02	28.47699432314619
11.03	28.554579572217907
11.04	32.04170922484566
11.05	30.685007100791804
11.06	27.735437492957338
11.07	30.720936580238508
11.08	27.987782493617146
11.09	32.1258958930031
11.1	29.117262374844646
11.11	32.43354266938114
11.12	28.8877580304707
11.13	30.319620829317618
11.14	31.465842745633303
11.15	29.243577339509848
11.16	30.0339477787005
11.17	32.49452312116036
11.18	30.164229348949924
11.19	30.723479531920738
11.2	28.637224386243254
11.21	28.915359037572113
11.22	29.459625747865076
11.23	25.95793096761576
11.24	28.697806561316103
11.25	28.041083976984197
11.26	27.623748509137076
11.27	26.543980587219746
11.28	25.058077711587693
11.29	25.82959816661505
11.3	25.310363050656203
11.31	24.180768355249782
11.32	21.495530147102546
11.33	21.37333534267215
11.34	22.86620820097391
11.35	19.02915362523335
11.36	19.33519648019616
11.37	18.259471717396668
11.38	17.670634873236
11.39	17.45905304940077
11.4	15.962814743318452
11.41	13.651872267427386
11.42	13.355209214732056
11.43	13.008578412632625
11.44	12.928843769640723
11.45	14.936861724743885
11.46	9.145762009944782
11.47	7.769044574483138
11.48	11.502337529729186
11.49	10.503830112287785
11.5	8.338106194259998
11.51	8.804424231807065
11.52	7.673492536894553
11.53	5.730600027087808
11.54	8.379267156451789
11.55	5.330195981313986
11.56	6.586752415415011
11.57	3.506326128018316
11.58	7.043952804330776
11.59	6.61896438971117
11.6	4.898160855517687
11.61	5.342755207210592
11.62	3.710033323745518
11.63	3.683367351114502
11.64	2.9819034364752857
11.65	4.2133708232237925
11.66	2.351975963111083
11.67	1.9906532320852055
11.68	2.7991357682980813
11.69	1.256034311714466
11.7	0.7792979704416114
11.71	1.1559283824824023
11.72	2.496940533187689
11.73	3.7028209475091325
11.74	-2.1448826609514446
11.75	0.628880123383897
11.76	2.9099839457358634
11.77	0.1815507178599135
11.78	-0.9672585743924016
11.79	2.692061979720222
11.8	0.09807234910828011
11.81	0.8499017472596122
11.82	3.6064735210696046
11.83	-1.532893979918423
11.84	0.6726863732840127
11.85	0.7841992804102738
11.86	-0.8892198949368779
11.87	-1.2342945009185566
11.88	0.8771238449332165
11.89	2.150920665953908
11.9	1.9154677428617568
11.91	2.2226854345681026
11.92	4.459577407904499
11.93	2.066639178472792
11.94	2.0640946542868637
11.95	0.6318212195907131
11.96	5.970780207300757
11.97	2.700115164277813
11.98	4.029280589382143
11.99	3.873699950605521
12.0	7.461736119452203
12.01	6.270733931771511
12.02	8.113352872973293
12.03	6.9337508945364394
12.04	7.314502432830279
12.05	5.366715575031708
12.06	9.192587920742126
12.07	11.018045673429354
12.08	9.704411788286265
12.09	10.21756903808623
12.1	11.412157442411617
12.11	12.14818303805827
12.12	15.608652007573705
12.13	15.598311390260658
12.14	15.449615202062287
12.15	17.311446212194802
12.16	16.653606103213708
12.17	16.17507779290933
12.18	16.12616271426023
12.19	17.736678021337564
12.2	19.281220957915142
12.21	18.151832246215314
12.22	21.020401683377308
12.23	20.541028431392355
12.24	23.282924699646298
12.25	20.871154976044792
12.26	21.186757316140966
12.27	23.88716866790022
12.28	23.460161145800704
12.29	22.24224857934557
12.3	25.11863605498991
12.31	26.881245620237944
12.32	22.532954480705303
12.33	27.56596299145377
12.34	25.331372800932847
12.35	26.386928316609115
12.36	27.132143860602714
12.37	26.71927106405506
12.38	25.884324861054544
12.39	29.655624220223
12.4	27.89877073676304
12.41	28.26241172232136
12.42	31.067737843593402
12.43	25.762861112268986
12.44	27.906937044145774
12.45	29.2597547157498
12.46	29.963743332726615
12.47	27.24101643419174
12.48	27.535755761127593
12.49	27.06856643203256
12.5	30.589402172589384
12.51	29.36489086171065
12.52	28.796138814057507
12.53	29.07198264328758
12.54	31.148010168813723
12.55	27.260283729811487
12.56	27.01682338437861
12.57	28.94266702381445
12.58	30.124147042865324
12.59	29.90572618935949
12.6	28.79602320807427
12.61	30.71222115645815
12.62	28.12063635517444
12.63	29.722876210735862
12.64	27.290658175369572
12.65	28.9049666869736
12.66	28.191799160077384
12.67	28.80925589632978
12.68	26.026696277096576
12.69	27.84754253572168
12.7	25.533114703988943
12.71	27.804652693347617
12.72	27.195357641752853
12.73	27.253809221434896
12.74	29.280555812669075
12.75	21.08987136364287
12.76	26.597866408776987
12.77	25.185402669942604
12.78	25.033373911381236
12.79	22.303761529734366
12.8	23.695290777274245
12.81	22.612357332397224
12.82	20.024434020305364
12.83	19.14709476459896
12.84	24.110931011343837
12.85	22.750704444252374
12.86	20.901894715430057
12.87	19.643514342324604
12.88	20.5453377529058
12.89	17.16365933828871
12.9	17.03140499782002
12.91	17.783635853951935
12.92	16.458451035168807
12.93	15.009394661130898
12.94	16.07371201347823
12.95	14.073315733714628
12.96	15.89731212631779
12.97	13.013475332922978
12.98	13.322361962847289
12.99	11.755852291874442
13.0	11.563370949365536
13.01	10.411164208104951
13.02	11.835733920646824
13.03	9.91061500081131
13.04	5.3952138888142125
13.05	9.624913835045694
13.06	8.319240919645166
13.07	7.774392823492065
13.08	7.943782084171247
13.09	6.115907631540858
13.1	6.565527670900714
13.11	7.2349075591988425
13.12	6.053426893872291
13.13	4.499455933156396
13.14	5.828149059630287
13.15	3.4400130105756843
13.16	2.7241683954302514
13.17	5.534227140497161
13.18	4.546334568929673
13.19	2.569283393707318
13.2	4.92949828612054
13.21	3.7582604815019574
13.22	3.7627868959259505
13.23	0.19359387145844487
13.24	5.100559964783225
13.25	5.500693571473578
13.26	6.7425910485788485
13.27	4.774957782474325
13.28	4.7694490809794665
13.29	4.6429114198780805
13.3	4.497679960518528
13.31	3.921208082937895
13.32	4.3721019006053154
13.33	3.778328739389418
13.34	3.410614814960796
13.35	4.965081698233604
13.36	3.337006729849132
13.37	4.21414015692834
13.38	7.650828758401957
13.39	6.064496787439655
13.4	3.9818258044322876
13.41	4.620309970067329
13.42	5.588338095020549
13.43	6.304826979466014
13.44	5.0718928960678005
13.45	5.084465429695451
13.46	6.577041109018964
13.47	8.594350325114624
13.48	5.9839345623995825
13.49	8.259190775200988
13.5	8.18101728697798
13.51	7.597402925956514
13.52	10.813352204973295
13.53	9.898334338470507
13.54	9.757242543046267
13.55	8.61671197037389
13.56	10.701797007737166
13.57	8.651036243361709
13.58	11.997330682233018
13.59	14.159140817634219
13.6	12.940730596876929
13.61	15.587910071602291
13.62	15.781211763526375
13.63	15.85581904176486
13.64	13.799565747933624
13.65	18.044896662001065
13.66	15.893300052066854
13.67	20.37787849663424
13.68	18.52896362280122
13.69	20.585350527249577
13.7	21.244439900927095
13.71	18.410752244609494
13.72	20.251710726969606
13.73	23.673163565259564
13.74	21.82748310693188
13.75	22.372126987448596
13.76	23.291022046871642
13.77	22.477830079053177
13.78	19.6868417686455
13.79	24.423397276508613
13.8	24.058636245347678
13.81	22.692477975638155
13.82	25.692669482097912
13.83	23.610452658495642
13.84	25.85059859574492
13.85	27.06908424274589
13.86	25.339586043996825
13.87	22.112038921940947
13.88	28.12188500287652
13.89	27.100531709155312
13.9	27.734430950519364
13.91	25.581893665457585
13.92	26.445575425467744
13.93	25.866234688837373
13.94	25.13975180079418
13.95	27.198322957230218
13.96	27.059931958500417
13.97	25.44846926479018
13.98	25.423822156797144
13.99	25.01842375659557
14.0	27.067221451574593
14.01	25.63016728074134
14.02	28.677984623775956
14.03	25.623177910044195
14.04	27.510978605604095
14.05	29.099127385177372
14.06	25.012415225624032
14.07	28.772520172545654
14.08	27.37484213713226
14.09	26.889093946076464
14.1	25.58535931482321
14.11	23.81070641772694
14.12	21.725441147243863
14.13	23.636456403686758
14.14	25.213618060532248
14.15	24.90582156799947
14.16	22.975279635737117
14.17	22.78925605206758
14.18	24.6775980990464
14.19	24.808906955373377
14.2	23.25305685996784
14.21	23.121125853710744
14.22	20.80681271611526
14.23	23.2892681781716
14.24	19.398479607698626
14.25	23.25179818175623
14.26	19.932155594946483
14.27	17.54596374245077
14.28	21.3065922633914
14.29	16.83629452160712
14.3	15.7394731859647
14.31	17.569790537969922
14.32	14.945789419252423
14.33	17.414216803719114
14.34	16.684678953636382
14.35	15.194290964577748
14.36	14.111929549345298
14.37	11.956987113477632
14.38	11.543107285083268
14.39	9.208864900241819
14.4	7.7840137086211065
14.41	7.54249484343964
14.42	11.156618204184804
14.43	5.433930821969762
14.44	9.103438009381179
14.45	6.59586094715025
14.46	6.672298170807345
14.47	4.876371621691675
14.48	4.900743308526363
14.49	4.220739386934818
14.5	3.6812330357911094
14.51	3.9812900715016566
14.52	2.4765826071897994
14.53	1.9818848378542908
14.54	-0.7603352830516386
14.55	1.5156775677892864
14.56	3.579721965136652
14.57	1.1024225199269773
14.58	3.0789111372822475
14.59	2.178336616092099
14.6	1.0423616347101552
14.61	2.173555018033965
14.62	2.2818856913315555
14.63	1.2958122140147332
14.64	1.1202615715373747
14.65	0.9816122968205903
14.66	1.7413982314635312
14.67	0.7424910729806319
14.68	-0.7336038910906473
14.69	1.8458038036089282
14.7	2.463953525766614
14.71	4.537771641997504
14.72	2.2617189958084296
14.73	2.1452619154848445
14.74	2.747984449652639
14.75	-0.13186269380998206
14.76	4.1638299497701325
14.77	0.5640885580714057
14.78	4.791489750775408
14.79	4.303126844019085
14.8	2.8211949838149404
14.81	2.954540439467634
14.82	6.024721613829888
14.83	3.3623753365513296
14.84	4.958792404997727
14.85	7.839358085978405
14.86	8.264055334609255
14.87	5.2770860606691565
14.88	7.674967040520723
14.89	9.041632304546779
14.9	10.079938063627825
14.91	9.652072821919445
14.92	10.204281694886875
14.93	10.392976158749624
14.94	8.270826273151636
14.95	14.729836374209999
14.96	15.296002338487071
14.97	12.385641544311293
14.98	13.99060995448082
14.99	17.182352976760807
15.0	17.741663699926022
15.01	16.347809165387755
15.02	17.906826309865313
15.03	15.200372962483154
15.04	21.548528243797882
15.05	21.19893140042489
15.06	20.841967403063606
15.07	23.864223100197425
15.08	21.98556723567588
15.09	24.537947190539434
15.1	22.78542524521817
15.11	23.38046674767174
15.12	24.443493482796594
15.13	21.989227767489357
15.14	23.81468278843567
15.15	26.4116664533952
15.16	24.59142467296936
15.17	23.59568736402897
15.18	26.011029873674836
15.19	26.59491815236354
15.2	30.64296034332251
15.21	28.192958688415207
15.22	27.249167681521737
15.23	26.7956960121762
15.24	26.04645107679789
15.25	28.778280124570742
15.26	29.88365851431179
15.27	27.601619857073636
15.28	29.146517281415903
15.29	32.19017879518138
15.3	26.899567402296086
15.31	29.953905661104084
15.32	28.986616600840765
15.33	26.415646770078112
15.34	27.863044803789975
15.35	25.066703764355196
15.36	27.74328226467605
15.37	28.647011440654243
15.38	29.139669505168964
15.39	27.551245953877206
15.4	31.15275984181476
15.41	25.35380746062043
15.42	25.78099866156814
15.43	26.14704217593456
15.44	24.004893739215273
15.45	24.67348287302836
15.46	24.70976948528055
15.47	23.422197649430707
15.48	26.183621733818462
15.49	23.450243518435236
15.5	21.150338150651436
15.51	19.784619363360463
15.52	22.14726345310914
15.53	20.844373219485185
15.54	19.42150769470403
15.55	19.790736248115635
15.56	16.994562136843452
15.57	16.457267277574374
15.58	13.405924880347856
15.59	16.694255786838053
15.6	17.48716315931851
15.61	13.133208944654273
15.62	11.23276661494937
15.63	11.369246959915857
15.64	10.823842551273838
15.65	10.13447694685506
15.66	12.251358805929005
15.67	8.896473769875588
15.68	8.430222904975045
15.69	6.135076612327772
15.7	6.654046101748213
15.71	9.301230609758155
15.72	6.867381336180765
15.73	5.585244818922359
15.74	4.483658446413994
15.75	6.322133526533187
15.76	3.9320837625247353
15.77	3.917988171208245
15.78	1.6468843407484899
15.79	0.9891194296806851
15.8	3.596372678236156
15.81	1.4936551647687026
15.82	2.4797799692920157
15.83	0.17928996069604453
15.84	1.4519897676589337
15.85	2.8919610115003422
15.86	-1.8364050541163524
15.87	2.049671586579071
15.88	0.07253643434511309
15.89	3.2622122305314605
15.9	1.3692679977602937
15.91	0.719764765018754
15.92	-1.0715152072315497
15.93	-0.46594736039080753
15.94	-1.214844081106123
15.95	1.4001177638324986
15.96	-0.22892491463206296
15.97	-0.008413491078110513
15.98	-1.139108154066286
15.99	3.608755901314298
16.0	0.5497928675246908
16.01	-1.077175822190628
16.02	2.917074827359752
16.03	-0.3347373335097532
16.04	2.3347239664392285
16.05	5.622708704554672
16.06	3.7059554721140997
16.07	1.6317210270232985
16.08	2.8141037396387962
16.09	3.370734651837474
16.1	2.902294660804847
16.11	4.442867938710618
16.12	5.249264320988539
16.13	6.305224196493359
16.14	9.43317911927431
16.15	7.5940127578531715
16.16	9.360339501260931
16.17	8.069387854771602
16.18	8.573469108863986
16.19	10.63636976768288
16.2	10.583140225350622
16.21	15.099520870438985
16.22	12.367888164928178
16.23	13.119105059584136
16.24	19.5311345026377
16.25	15.498382841845352
16.26	17.41291157872195
16.27	18.19131689663896
16.28	16.305283548279895
16.29	17.09175071503912
16.3	18.366025029456498
16.31	18.109731092349524
16.32	20.834304039482372
16.33	19.92927126894705
16.34	23.076779983948704
16.35	21.54266712309209
16.36	22.211570533485705
16.37	23.635784701155043
16.38	25.04345798982949
16.39	24.761283944069508
16.4	23.80615079190692
16.41	25.763974006041018
16.42	24.34617440105078
16.43	23.90513499878882
16.44	25.894323804051997
16.45	24.96739431901005
16.46	25.560370190732247
16.47	25.473127228647098
16.48	29.162801043241302
16.49	25.5387741141632
16.5	27.23381359811359
16.51	25.264179403937625
16.52	27.986825710025617
16.53	28.04495333452897
16.54	26.69088360131742
16.55	26.196283917184576
16.56	28.461080850671443
16.57	27.734081134694176
16.58	29.564760429007713
16.59	32.16022776964034
16.6	28.862499146584938
16.61	29.368590683749034
16.62	28.788241255874247
16.63	27.99133756844368
16.64	29.67283613516981
16.65	28.83484305602034
16.66	30.32364836235411
16.67	26.94614313299762
16.68	29.18343013322321
16.69	26.683662929344422
16.7	27.47318090028302
16.71	29.65705598533278
16.72	28.12345650765804
16.73	26.551563750180467
16.74	25.694792991855426
16.75	25.95521074063519
16.76	25.64215791293987
16.77	24.371628259662693
16.78	24.109667355876514
16.79	21.684871795781163
16.8	20.467646257079643
16.81	20.839734587221677
16.82	22.239371480280067
16.83	23.27208308484299
16.84	19.93158723396188
16.85	20.302617048445843
16.86	20.04466674756689
16.87	21.196022286452877
16.88	18.28124653724199
16.89	16.916515202887624
16.9	17.042506798150495
16.91	13.204883516717716
16.92	18.480404579080528
16.93	14.194231188651212
16.94	15.165610713003337
16.95	14.54746026721327
16.96	10.556812680729562
16.97	15.80393803619432
16.98	9.603493041165159
16.99	8.801348542511239
17.0	11.023638682975223
17.01	9.183944475880043
17.02	8.612926621371637
17.03	8.975658992602947
17.04	5.622282386496716
17.05	7.998212253973577
17.06	8.357104536751859
17.07	5.143487695615835
17.08	4.690622897113423
17.09	7.477623996079973
17.1	7.638050837680167
17.11	6.816556858195598
17.12	6.5239307155359345
17.13	4.953652100708652
17.14	5.01462175242792
17.15	4.523415061108394
17.16	3.550500934253937
17.17	3.108631175348081
17.18	4.454849232933397
17.19	3.26104022940686
17.2	2.271642251221447
17.21	5.1344687860869165
17.22	3.4502564411896794
17.23	5.236600417084942
17.24	4.581708173411451
17.25	5.714809265737298
17.26	7.632157053380705
17.27	2.1534808535217316
17.28	4.715683824756929
17.29	4.891960360462434
17.3	5.506122374489116
17.31	3.8958865252352837
17.32	6.4695765168473764
17.33	3.2607708632331507
17.34	6.3592894160885525
17.35	8.203533084887304
17.36	6.974219981510018
17.37	7.187121750568985
17.38	5.604791975739896
17.39	6.769080118024489
17.4	7.041344962756333
17.41	6.100877239499537
17.42	8.212585906727353
17.43	8.032189432194388
17.44	10.130815648530469
17.45	7.163450846522585
17.46	9.819408185814988
17.47	10.292838138608854
17.48	11.997084345692084
17.49	10.57827144237366
17.5	14.795131723565405
17.51	10.203791890931942
17.52	14.964253877334798
17.53	16.45593467509738
17.54	17.10555063799556
17.55	14.547427801619042
17.56	19.26893826294021
17.57	14.664222217609625
17.58	17.470064039429992
17.59	18.19429191701432
17.6	18.038742168470776
17.61	18.29454487164412
17.62	20.87677177439657
17.63	24.648396342360385
17.64	23.583049073111155
17.65	21.183786043432406
17.66	22.65210496918743
17.67	20.262699828729595
17.68	27.482951933962543
17.69	25.49364272142916
17.7	24.27491228846213
17.71	26.26750476572253
17.72	25.19046323610638
17.73	27.457646168313225
17.74	27.133419244630023
17.75	27.28240607233054
17.76	26.468210504054916
17.77	26.00225486326377
17.78	28.102931617539753
17.79	23.825270562211028
17.8	25.035501005066546
17.81	27.538479811406713
17.82	27.11710557638427
17.83	25.83058265188034
17.84	26.180384769319094
17.85	28.318910149570936
17.86	27.565527518765837
17.87	27.341665574079446
17.88	26.656806776023934
17.89	29.273259105605938
17.9	27.080022281684297
17.91	25.77646242889053
17.92	25.118471806075704
17.93	29.761407693161917
17.94	26.74045260348089
17.95	23.963686459440034
17.96	27.012481659718304
17.97	23.400768282418078
17.98	22.742832423215063
17.99	23.771366280366017
18.0	21.593422136706344
18.01	22.860670506000563
18.02	20.728811392556683
18.03	21.02184463979128
18.04	20.86712108302902
18.05	18.084002005347315
18.06	18.245270210090116
18.07	16.95137352163155
18.08	20.1373121345933
18.09	17.78149690151052
18.1	18.340341774609268
18.11	14.269704659037028
18.12	15.921457231196719
18.13	13.552894222510282
18.14	12.492633438993739
18.15	13.116676423010492
18.16	10.735536088593792
18.17	13.843385228675164
18.18	11.453882058068714
18.19	10.1405415201196
18.2	7.485547892240881
18.21	10.294840997679202
18.22	10.315044075643671
18.23	5.934425653292264
18.24	8.331243622714558
18.25	5.901811227422067
18.26	6.955212585650386
18.27	5.596456424510358
18.28	3.427621646272012
18.29	5.540509508587691
18.3	7.981237307906269
18.31	4.28403099573117
18.32	3.8923767399627724
18.33	5.135200966067019
18.34	5.097542304070847
18.35	1.5212275055459066
18.36	3.553964896222964
18.37	5.2666314745064575
18.38	3.5501721591507245
18.39	3.1527663526266054
18.4	2.637058366507769
18.41	3.11215313294371
18.42	3.244507983950479
18.43	3.4346063109870757
18.44	6.745545418198837
18.45	2.49084181156942
18.46	4.034967547683278
18.47	1.1569825685348434
18.48	4.882150454897417
18.49	3.564922659420177
18.5	3.8836833134491697
18.51	3.21748159895414
18.52	5.128680145089591
18.53	4.341166431755343
18.54	5.259874890330619
18.55	2.9038498005241418
18.56	4.801687201565602
18.57	6.015094137385649
18.58	5.306121849801756
18.59	7.789362163957435
18.6	3.110265394529929
18.61	6.69961193209556
18.62	5.2536088251710265
18.63	12.364678216918275
18.64	9.92906304083406
18.65	11.85206187663055
18.66	9.567409765191826
18.67	10.532114924132081
18.68	12.319587546872386
18.69	12.617655205339826
18.7	14.877995753714718
18.71	13.600982321855573
18.72	14.488348166354006
18.73	18.35681844848005
18.74	15.341136248787631
18.75	18.985510413658194
18.76	17.38425275389827
18.77	21.97965516701169
18.78	19.02658416198893
18.79	21.261861967577683
18.8	22.56761577278727
18.81	20.431826078709296
18.82	26.246668696257625
18.83	24.65714229061558
18.84	19.51018277251995
18.85	22.843482966161808
18.86	25.17350801691239
18.87	25.051646498352294
18.88	24.478824078364404
18.89	28.055024567522395
18.9	27.20762326357403
18.91	26.42770842732086
18.92	25.793090195918587
18.93	26.58730611365147
18.94	24.897518895082193
18.95	25.60793175269365
18.96	25.910878282071973
18.97	27.699726328835723
18.98	28.80986078882302
18.99	28.40052679071925
19.0	26.656179066490033
19.01	27.329416558650273
19.02	27.005788093928757
19.03	26.320459829466827
19.04	27.980117930264615
19.05	28.884726124991055
19.06	27.07304817963746
19.07	25.904701133844664
19.08	27.357532995718607
19.09	26.496759092041163
19.1	27.66298766821544
19.11	24.590477486657033
19.12	27.45216005348929
19.13	26.69524479534791
19.14	22.661985546791712
19.15	24.70771734707051
19.16	26.02326179275123
19.17	23.88866277962961
19.18	22.108627228658065
19.19	27.969565319123664
19.2	22.967421706266137
19.21	22.822158438171098
19.22	20.758057544480486
19.23	21.94227240290543
19.24	18.09183764865238
19.25	18.101051796266397
19.26	19.57233017906224
19.27	20.650713360304447
19.28	17.420899460404833
19.29	16.69336386278742
19.3	18.347834905099525
19.31	14.602099079459403
19.32	10.194779032604728
19.33	13.912030204233483
19.34	14.386070200656773
19.35	12.591363190453935
19.36	11.234444252479802
19.37	11.826100164990125
19.38	7.955615048266999
19.39	8.487751316608954
19.4	11.237430027704866
19.41	7.731539472717306
19.42	10.035681086741405
19.43	9.801672499596592
19.44	5.300483570554755
19.45	8.613629659829801
19.46	3.3367753781813287
19.47	7.416191049862931
19.48	4.962911006685378
19.49	3.3205012686801494
19.5	4.046887080105989
19.51	3.2840610952644345
19.52	1.9530120903817094
19.53	3.6013072141636666
19.54	1.779546683992523
19.55	-0.5976046788766207
19.56	-0.946554465008774
19.57	2.159502202599429
19.58	2.6077363254556447
19.59	1.6139408874717867
19.6	3.29126928705999
19.61	5.491297496525975
19.62	2.276944700941394
19.63	0.2930321127709695
19.64	0.6333553213486451
19.65	1.3835130274195488
19.66	-1.3590401061514128
19.67	0.6722008080694134
19.68	1.5035694568555626
19.69	0.9112925534037796
19.7	2.2424648037890913
19.71	-1.686550671895949
19.72	-0.1909576447798096
19.73	-0.3995467475255785
19.74	1.861553909880618
19.75	1.410027729823461
19.76	0.7033414837470617
19.77	1.3484839520793153
19.78	2.1921735768497967
19.79	0.31896086639472454
19.8	3.0085849464553442
19.81	1.2002006454023006
19.82	3.839238966010492
19.83	0.20455084312576277
19.84	3.0528916389497134
19.85	4.181612411286336
19.86	4.778290560312492
19.87	3.8715980262301444
19.88	3.39026843483978
19.89	2.403978961218103
19.9	4.897759225176499
19.91	6.771807691794406
19.92	5.531215673181899
19.93	7.08801484919512
19.94	8.220454138937647
19.95	7.299303591597846
19.96	11.682934006461991
19.97	10.180430361079592
19.98	11.52333415339174
19.99	8.502318771244266
20.0	13.329519996971042
