10.01	1.9015193000511101
10.02	5.58981339741742
10.03	7.8524890813998605
10.04	7.307028774601462
10.05	7.765678187712255
10.06	7.9486665945697705
10.07	9.087481513691547
10.08	7.305853511962892
10.09	11.011251882215994
10.1	7.179701041747723
10.11	10.546579617949092
10.12	11.749690156252212
10.13	12.391149698654033
10.14	13.543784684415105
10.15	13.866911167110928
10.16	10.797150582241239
10.17	12.410576535993124
10.18	12.187280628137025
10.19	14.243871228484009
10.2	14.446602304745133
10.21	14.929469898843008
10.22	18.480941927467118
10.23	14.84093265935211
10.24	17.329688161372363
10.25	19.725398113580283
10.26	18.328633031218107
10.27	16.880254840290167
10.28	15.585673099587376
10.29	16.530464211510537
10.3	15.470709424680443
10.31	19.64613521525057
10.32	18.192496579711744
10.33	19.47191918567558
10.34	18.973048534478366
10.35	18.027622048990718
10.36	16.898914334841468
10.37	19.03727857783423
10.38	17.62378706041934
10.39	19.959001969210426
10.4	22.068402387077356
10.41	20.000469445697075
10.42	20.261077650380884
10.43	22.126944981822913
10.44	20.426919331579658
10.45	17.044243301272004
10.46	19.00207599215098
10.47	20.42718007782491
10.48	20.068547199225417
10.49	21.131431235401784
10.5	20.786386962571694
10.51	20.339451200772157
10.52	16.980288638584284
10.53	17.68349884001481
10.54	18.757443837823896
10.55	18.246181134197368
10.56	21.282974985919573
10.57	16.858223353436422
10.58	18.471422773424795
10.59	17.622710048296387
10.6	15.043209874858842
10.61	14.584238732728473
10.62	17.4180435728694
10.63	15.69969298507057
10.64	15.366850033798357
10.65	16.183808636514218
10.66	15.687312394342374
10.67	17.314302560610884
10.68	17.393144986737838
10.69	16.260986822044096
10.7	15.021982168732563
10.71	12.444280634168674
10.72	12.455633961703754
10.73	13.80648291930649
10.74	12.255418781877877
10.75	11.436422509481535
10.76	13.58567183548125
10.77	10.990090612884046
10.78	8.810692812471347
10.79	11.116301027853696
10.8	11.699076400869556
10.81	10.210417118613803
10.82	5.8388580089910835
10.83	8.783381477494627
10.84	6.073507022171539
10.85	7.374794937275963
10.86	8.07081395255958
10.87	5.625666765032717
10.88	6.577870234439995
10.89	2.895119192840789
10.9	4.9760186944196745
10.91	7.426972145562648
10.92	3.2287536421098384
10.93	4.046654611003092
10.94	3.2378463272875804
10.95	3.0452676608249005
10.96	3.4882222515213472
10.97	4.1876274203320705
10.98	5.714670445885079
10.99	1.1946381566954722
11.0	4.42972640738383
11.01	5.687119009603123
11.02	3.44093858459913
11.03	1.9012064990735915
11.04	0.2857168054629058
11.05	1.939240773802244
11.06	5.237832047181109
11.07	0.2746234771113203
11.08	0.10290196447334621
11.09	3.618070606567841
11.1	0.5592657535468626
11.11	-0.13225471950146828
11.12	3.5880430205073908
11.13	3.346827502703394
11.14	4.357191708838943
11.15	3.6242767909911073
11.16	4.386533266025853
11.17	5.924493428976234
11.18	2.0103246880851033
11.19	5.339879278127022
11.2	2.5752846298163012
11.21	3.261069480478488
11.22	3.9232876679815742
11.23	6.89724251543731
11.24	5.950856418293572
11.25	7.838219842170594
11.26	5.290601699937987
11.27	8.150004506422754
11.28	9.79269457349776
11.29	6.6503777231190675
11.3	10.394328727923643
11.31	10.684400019093163
11.32	6.436186038438456
11.33	13.124015635119772
11.34	11.7761392386586
11.35	10.458715232603494
11.36	14.177912025903199
11.37	15.614091276887194
11.38	14.99327632129478
11.39	15.748675284979628
11.4	12.962487588083054
11.41	17.081376338736135
11.42	16.948416511645288
11.43	16.670832154610498
11.44	18.14586800952197
11.45	16.496049440044946
11.46	19.22132338858349
11.47	16.9111415441125
11.48	17.92053031979556
11.49	20.094429916889464
11.5	16.76352595015304
11.51	22.112309401979143
11.52	20.043604781049023
11.53	21.188318943763782
11.54	23.984463003365573
11.55	21.442567810007727
11.56	18.7101729081708
11.57	22.785589386365462
11.58	21.943304093779666
11.59	19.991865812801677
11.6	23.135897761932952
11.61	20.49151625708566
11.62	19.375468743346858
11.63	19.80143952017507
11.64	19.729718973297274
11.65	23.08272335213282
11.66	21.588495980704668
11.67	22.927854834373633
11.68	17.557930950684923
11.69	20.739289593037828
11.7	19.74896987737445
11.71	19.640972932410822
11.72	15.020810031241979
11.73	17.879014917264076
11.74	16.445945566188012
11.75	17.487932482647672
11.76	15.661625092904604
11.77	17.574822514399592
11.78	15.670570401619358
11.79	13.557840833465383
11.8	13.877354130385317
11.81	13.113050565339563
11.82	14.048036248757255
11.83	13.501200564627197
11.84	10.15304335930463
11.85	11.469894058165428
11.86	11.64986334363039
11.87	10.493239716670255
11.88	10.276504103487351
11.89	9.017875819457199
11.9	6.7714072627827555
11.91	9.723685462964475
11.92	7.681426397726037
11.93	6.394115949769949
11.94	5.8271480836193135
11.95	8.300997618154295
11.96	3.355391473089553
11.97	5.422316573123105
11.98	4.056174195259607
11.99	1.543996503320963
12.0	0.29716336868949034
12.01	0.8148627227297851
12.02	3.5366339807891283
12.03	3.7606757213884903
12.04	3.613183375578504
12.05	1.4247789727749198
12.06	1.761067653024706
12.07	1.6644543424392182
12.08	3.4648165271242686
12.09	1.9359075358695503
12.1	2.7599532186582802
12.11	2.1053653967482804
12.12	2.856487970101272
12.13	2.024981304828887
12.14	0.5525041740213066
12.15	4.44087436254633
12.16	3.9989428827980062
12.17	1.4802024774614329
12.18	2.148356693175153
12.19	0.9606431823128649
12.2	4.651097796408219
12.21	4.692144091903051
12.22	3.588082400609483
12.23	4.802649788427012
12.24	1.7129144275104333
12.25	1.8273822441482364
12.26	4.353191249590244
12.27	4.581020062535233
12.28	3.288607848331428
12.29	3.9888384648820807
12.3	3.9291666222315564
12.31	6.068095394266338
12.32	4.781854497307862
12.33	7.533367525402111
12.34	7.003806541835805
12.35	6.556202866067072
12.36	6.8485691330384615
12.37	8.933477108252207
12.38	6.343777096809503
12.39	9.775729890920461
12.4	10.505237758007334
12.41	9.581078253086673
12.42	12.605693643751762
12.43	12.031362984377758
12.44	10.445701428239364
12.45	13.224928622826091
12.46	12.966496338111792
12.47	15.191346566865253
12.48	16.83930367298333
12.49	15.177275328880814
12.5	19.220426211443133
12.51	16.521691747300775
12.52	18.66172285546013
12.53	17.586453826656548
12.54	15.03048658138624
12.55	18.18255604487174
12.56	20.239124484166773
12.57	23.985192349010966
12.58	21.492703269602902
12.59	17.76452519928278
12.6	20.679192230631294
12.61	19.306468787772403
12.62	20.426028627765177
12.63	22.367087709894218
12.64	20.21835826682413
12.65	22.908285697076654
12.66	21.12359153441079
12.67	23.350720152147122
12.68	23.90993219899071
12.69	24.243451687066013
12.7	23.217361008100326
12.71	26.515493898741106
12.72	24.484956944958956
12.73	20.883260193071816
12.74	22.152605902534194
12.75	24.572664712798577
12.76	24.786543059575138
12.77	22.325400486951526
12.78	21.086276583158398
12.79	23.04670105286896
12.8	23.545501191573372
12.81	22.93136251458492
12.82	21.47435449680107
12.83	21.77621296735164
12.84	20.593220695172256
12.85	21.45854911664327
12.86	17.24122720045766
12.87	22.242475779652665
12.88	21.391507173802154
12.89	19.52641340350277
12.9	17.909531295585246
12.91	17.54718992706737
12.92	17.66857989411301
12.93	17.177273529329064
12.94	17.630387709666678
12.95	13.928706881564331
12.96	16.3108793474013
12.97	15.300741893913276
12.98	15.300364873029347
12.99	13.078762192460674
13.0	13.096396552121877
13.01	11.74653209266227
13.02	15.84389395802441
13.03	12.228899453420523
13.04	12.037765028714091
13.05	10.840604754099248
13.06	8.543505828526047
13.07	7.882352223961598
13.08	10.807614793597896
13.09	7.900001703607032
13.1	6.044855179208767
13.11	8.938806228292547
13.12	8.94812532707494
13.13	6.128549545806669
13.14	4.996202657734171
13.15	5.11194589176819
13.16	4.0052486292354805
13.17	6.417029685775269
13.18	3.5515564229614105
13.19	6.292968172580937
13.2	5.763816413672651
13.21	5.8457181993588705
13.22	6.195317718473541
13.23	4.379916973831186
13.24	3.722944108067047
13.25	6.267248063249821
13.26	1.7948952153766906
13.27	1.8503433067021486
13.28	2.0973007421800034
13.29	4.782643846607897
13.3	4.500220180978047
13.31	6.460665952304325
13.32	3.436584374367852
13.33	1.5744967860517567
13.34	2.9922703399715074
13.35	1.986293370785615
13.36	3.358282055851099
13.37	0.7455487537922032
13.38	2.37333238137894
13.39	5.516684650874581
13.4	1.3267739985033125
13.41	3.622099604824728
13.42	7.939007495426836
13.43	0.20284036838352115
13.44	4.992835745710534
13.45	3.1497282954949775
13.46	5.259317174403936
13.47	5.21275567776133
13.48	6.248328105769312
13.49	5.4814874917170755
13.5	7.826302581669044
13.51	9.535159926844543
13.52	10.966160585295626
13.53	9.600186487070182
13.54	9.979238941519101
13.55	10.112930965031854
13.56	12.626999218495436
13.57	11.326690298857892
13.58	9.561830579430387
13.59	11.618245068458316
13.6	12.616868164744243
13.61	12.761546223937575
13.62	12.666582807203072
13.63	14.001941400257456
13.64	14.243325081396508
13.65	15.763671417066242
13.66	14.082373947173322
13.67	15.717427035624612
13.68	16.052243867656863
13.69	15.443444381706772
13.7	19.287309275393042
13.71	13.498173430619037
13.72	17.300972686360936
13.73	18.5901351732921
13.74	19.02782652512222
13.75	19.556522521242442
13.76	17.355593742879847
13.77	19.394401296242894
13.78	19.648566251435003
13.79	19.13656275982211
13.8	20.103319994866098
13.81	19.172076193658423
13.82	18.601269967254794
13.83	18.44569574593752
13.84	19.324193045957127
13.85	18.08394242042846
13.86	20.724814638212454
13.87	18.367360945864817
13.88	18.297558804772255
13.89	19.259172172264037
13.9	20.254720208260146
13.91	19.218178324326168
13.92	17.60944560653559
13.93	19.42990014620241
13.94	21.601624818452237
13.95	17.42457957614837
13.96	17.93170207018934
13.97	20.309899218616046
13.98	19.235545153961198
13.99	18.264348559436694
14.0	18.578441805435805
14.01	16.079572785236152
14.02	16.264593095540587
14.03	18.343459449059374
14.04	15.43729606759969
14.05	15.125333125558944
14.06	14.416750738542277
14.07	14.25275512226306
14.08	16.496496345725273
14.09	17.93217301551766
14.1	12.181895952698579
14.11	10.762975461622196
14.12	11.712355637098977
14.13	12.524276333158886
14.14	11.117426908034874
14.15	10.071092187874289
14.16	9.41533018312771
14.17	10.644231354430136
14.18	10.280076387069993
14.19	8.333146234478876
14.2	7.133671321980885
14.21	5.617967862959366
14.22	6.312808957810879
14.23	8.621518578279792
14.24	5.85382316314803
14.25	5.302093084818914
14.26	4.337370352309956
14.27	1.8560668866997134
14.28	4.35117150650776
14.29	6.072758569726628
14.3	1.5220062571771318
14.31	3.7887822223650702
14.32	2.0393492926264223
14.33	4.235387535744685
14.34	4.291474934990886
14.35	3.0940852247174018
14.36	2.9736895779537087
14.37	0.25434261682429793
14.38	2.407000404134647
14.39	0.6315865026086181
14.4	0.1554614968094694
14.41	1.9877464847079418
14.42	1.7410147429024545
14.43	-3.1440132665487828
14.44	0.944475254317398
14.45	-0.3661742889666719
14.46	0.5997295863346732
14.47	1.867720131871224
14.48	0.5321990562661595
14.49	1.7111822194277586
14.5	0.9410392828389658
14.51	-0.2538912529172156
14.52	-0.020053596881214886
14.53	2.209260635158
14.54	0.7176695560942743
14.55	1.4320737167881237
14.56	2.506261053403934
14.57	0.5538603048077503
14.58	0.4646501837970729
14.59	-0.4056880856282392
14.6	0.7829835106461445
14.61	0.9914986669145713
14.62	4.085060715718777
14.63	3.723480554699834
14.64	4.147279714329464
14.65	4.410006301580068
14.66	2.48754083116428
14.67	2.6008684274157083
14.68	4.711549286471053
14.69	4.98032575864568
14.7	5.18648583847008
14.71	5.347904235033025
14.72	4.913340425041673
14.73	4.654952318236207
14.74	5.479076426598813
14.75	8.036261018747037
14.76	6.268175641771496
14.77	7.455416248824128
14.78	8.505297485719439
14.79	9.099254357005906
14.8	10.125006190042301
14.81	9.980147303412561
14.82	10.976356404856897
14.83	11.004055660170659
14.84	10.269318505845668
14.85	14.992987170224964
14.86	12.954992027363511
14.87	13.964059429169518
14.88	11.777235054009905
14.89	13.012407378863575
14.9	13.681132992930987
14.91	12.753433943174041
14.92	13.523141468738421
14.93	13.196755925939144
14.94	14.562844787881433
14.95	13.789546031448365
14.96	18.01683436832827
14.97	13.400380110379647
14.98	13.309313931588292
14.99	13.259616712528151
15.0	15.697908083935552
15.01	18.677760050129777
15.02	13.354642061860854
15.03	14.771571275254203
15.04	16.72410688833199
15.05	13.829325426051668
15.06	14.462345673789546
15.07	14.985333784908022
15.08	14.68067113766825
15.09	15.06961596913472
15.1	16.031060733870774
15.11	17.292756805337785
15.12	18.525561996306187
15.13	17.826948657510627
15.14	16.808968517180073
15.15	18.831191549057657
15.16	16.086445387935974
15.17	14.527030649479068
15.18	17.4215573658163
15.19	16.375046006027706
15.2	17.448119457194192
15.21	16.838362511080998
15.22	17.215637557996324
15.23	16.86747504434844
15.24	14.056762328115967
15.25	17.940297024661945
15.26	17.249597314090966
15.27	13.733790580412546
15.28	15.550635353293336
15.29	14.914876301326377
15.3	15.957130127045515
15.31	14.836956748984063
15.32	16.47054085011128
15.33	16.37433576603042
15.34	14.317933539471206
15.35	13.523174951794765
15.36	14.304402100426824
15.37	16.523590494367525
15.38	14.896652073278549
15.39	17.20829277660763
15.4	16.36044933956764
15.41	16.476798953901643
15.42	17.131531054185256
15.43	14.042538856889275
15.44	13.69601050838844
15.45	11.223060394540488
15.46	14.71155600364884
15.47	9.09762113584032
15.48	13.685798118994677
15.49	10.643636194249801
15.5	9.729147908812676
15.51	10.2021613574247
15.52	10.30671556672187
15.53	9.238888767155572
15.54	8.761669143841136
15.55	10.064723855029664
15.56	5.068645058431397
15.57	8.143021859458951
15.58	6.379412186395772
15.59	4.077725418823047
15.6	6.05387902004383
15.61	7.987261355117624
15.62	8.025573302965809
15.63	7.645309389682583
15.64	2.255577366638265
15.65	5.584857807065118
15.66	1.3916439586317009
15.67	3.4650674271665456
15.68	2.560133449247997
15.69	2.366033232904155
15.7	4.359247238405463
15.71	1.5307260730699603
15.72	-0.09928633938001852
15.73	2.4477685714112165
15.74	1.3642052573680803
15.75	2.374601512345582
15.76	0.5514359626661863
15.77	0.49583983918712266
15.78	0.5237181954104898
15.79	-0.5056894458608056
15.8	-0.6038408740302715
15.81	-0.3484736357920039
15.82	-2.945472560635826
15.83	0.7808826276705959
15.84	1.0018880320808266
15.85	0.7173714378699373
15.86	0.6774323746030481
15.87	-1.0978049243891537
15.88	2.3737340086887544
15.89	0.2844610367501416
15.9	3.1197658328026927
15.91	-0.7079903351588552
15.92	3.995135970966599
15.93	2.7721827136051256
15.94	3.362812924847164
15.95	2.145452782207585
15.96	6.0346097765368825
15.97	1.1319454867677687
15.98	5.5139443396507275
15.99	2.437907221498022
16.0	2.9728745815925093
16.01	7.326122168672061
16.02	6.866992671829932
16.03	7.5314959586086605
16.04	8.727210457420249
16.05	5.275791254390861
16.06	8.246765153501492
16.07	6.726300942908209
16.08	8.491873583479832
16.09	8.724804110707055
16.1	8.344169338263557
16.11	9.594966834115747
16.12	7.755219948317185
16.13	11.837356874077342
16.14	14.409989543256966
16.15	9.656743649574326
16.16	11.217824482633002
16.17	14.447049062182831
16.18	15.45270041394365
16.19	11.523118933096262
16.2	11.801535311805544
16.21	15.731198380760386
16.22	13.882727475742165
16.23	11.659677274010791
16.24	12.781680103748425
16.25	14.721946059362693
16.26	13.341504915143549
16.27	18.321854363459416
16.28	13.27366118135583
16.29	14.075938171229028
16.3	15.50716846832322
16.31	16.370653251883205
16.32	15.135025759458175
16.33	14.664109604408786
16.34	13.765479385808668
16.35	14.902038779562249
16.36	17.366302573232513
16.37	16.433938343913983
16.38	14.463350413716093
16.39	15.311827035508394
16.4	17.14225313814271
16.41	13.984822808309032
16.42	17.47438937541467
16.43	14.877410644826252
16.44	15.155912308184794
16.45	15.073265201254017
16.46	11.822800643176468
16.47	15.761710300659542
16.48	14.148467307042738
16.49	11.201223929922424
16.5	13.911786470825351
16.51	12.119781882527784
16.52	12.46869115284272
16.53	10.517739456254464
16.54	7.97759734541536
16.55	12.78945010967409
16.56	11.346332106548664
16.57	11.948181855843677
16.58	13.992175315319503
16.59	10.520313963154475
16.6	12.289662332260265
16.61	11.260602806210054
16.62	9.104563926160868
16.63	7.735156105965849
16.64	7.442578960687859
16.65	7.930296895413448
16.66	7.095392722277218
16.67	6.2017595111586274
16.68	4.86221423483114
16.69	7.308565046512595
16.7	8.3767036620237
16.71	4.576647416497629
16.72	6.1440627861021095
16.73	5.004438036533791
16.74	4.244596629806095
16.75	3.8179888378977385
16.76	2.731693423980868
16.77	2.4712275784680804
16.78	4.907142790255147
16.79	2.724611097936338
16.8	4.1353815242027965
16.81	2.1443923501692663
16.82	3.0622257491397376
16.83	1.085634086304838
16.84	2.631631736920717
16.85	1.3042117264184796
16.86	1.2557658147611874
16.87	2.2697638865122074
16.88	3.16124351478617
16.89	2.1132732361536286
16.9	1.7749068998397917
16.91	-1.7865341227106306
16.92	0.2245689262085364
16.93	0.32059919377846424
16.94	-2.5261212688924255
16.95	-0.7486188404459895
16.96	1.7223925525049841
16.97	1.3947905220736556
16.98	0.7546892922413312
16.99	2.125134386113404
17.0	-0.23783744866864343
17.01	4.219577202495563
17.02	6.157633650403005
17.03	2.2877771905179873
17.04	2.311606491869215
17.05	2.3394377447271952
17.06	3.8703341505748963
17.07	3.817555173073773
17.08	4.617980467977385
17.09	4.731560605031206
17.1	6.054451162226777
17.11	5.36941237370652
17.12	6.015037953489149
17.13	5.374375807554268
17.14	6.0876837565160855
17.15	5.897737004024795
17.16	5.932800257346188
17.17	9.011198944010388
17.18	11.224552524872768
17.19	9.23422078703181
17.2	10.296697577657454
17.21	11.13099627418429
17.22	11.399620342572787
17.23	10.520670327574392
17.24	11.937019750141175
17.25	15.418696527032386
17.26	17.457783807064544
17.27	12.79061464911289
17.28	14.569369515419169
17.29	12.439971170759902
17.3	15.20112945967217
17.31	12.265959720730164
17.32	12.505655483243071
17.33	16.06779727378657
17.34	16.103640930962435
17.35	14.2399140955909
17.36	12.631677345017486
17.37	13.65009405011988
17.38	16.92847326367389
17.39	15.055224100825631
17.4	15.537384292699226
17.41	17.22107243130705
17.42	17.881507380099464
17.43	18.392767557119697
17.44	18.065666391718853
17.45	16.961512158519863
17.46	18.820743993698773
17.47	15.051260832261304
17.48	15.688446872573628
17.49	14.899015120812505
17.5	16.0489281649657
17.51	16.68134952588898
17.52	17.748357485113104
17.53	14.277576725105158
17.54	12.811727247577913
17.55	17.6827229663479
17.56	15.720556422764872
17.57	16.472796830312465
17.58	15.42810949736386
17.59	12.823431171988009
17.6	14.049268222289387
17.61	13.470866004212988
17.62	12.648229877591378
17.63	11.856521235448591
17.64	12.96795254358489
17.65	12.020440024621022
17.66	12.77475363295008
17.67	12.057710721522621
17.68	12.670994766587562
17.69	9.477206393606728
17.7	8.906055498674194
17.71	12.860243289203261
17.72	12.558755964925904
17.73	9.020005617296144
17.74	11.26825036634925
17.75	7.841183350945524
17.76	7.683597893166549
17.77	7.715690326970436
17.78	8.006652479182398
17.79	4.4943074102633
17.8	7.219456510325504
17.81	2.2554866056512246
17.82	6.865510026867154
17.83	3.967556895089083
17.84	4.6604634206927775
17.85	4.789606083590174
17.86	6.503832914955975
17.87	5.422044542189306
17.88	2.3470165332413115
17.89	2.555097094142194
17.9	-0.9421340350644223
17.91	4.11638761313447
17.92	5.094186572402066
17.93	1.9361955184969364
17.94	2.320312076382958
17.95	-0.9819977312350938
17.96	3.6511492744884406
17.97	1.6104241268492772
17.98	2.4414645061768763
17.99	-0.5373134481147286
18.0	-0.5240544214071599
18.01	0.37121074311331304
18.02	0.3244949801652398
18.03	-1.0822136674816907
18.04	0.8175297212353522
18.05	-2.2806659364335466
18.06	1.4594233110452808
18.07	0.48579526098086395
18.08	0.5307415337614306
18.09	2.095256804609173
18.1	2.7210990607363668
18.11	0.08311054215115377
18.12	0.6772989213863847
18.13	1.8470786637118661
18.14	2.329021132122643
18.15	2.505581003206285
18.16	1.4316126553663209
18.17	3.2075484907442693
18.18	1.4734858306784937
18.19	1.2302143485914416
18.2	6.304098224027053
18.21	2.674160217394984
18.22	2.0995562708335864
18.23	4.985857654402498
18.24	2.9902703436576585
18.25	5.558789347375478
18.26	5.646753373588868
18.27	5.126945718551255
18.28	7.825891760111997
18.29	6.03091334322102
18.3	5.71697852592702
18.31	7.940048259675848
18.32	9.251189649697032
18.33	8.033790964359723
18.34	10.023200219979778
18.35	9.822522477803545
18.36	10.662665609759895
18.37	11.518524902989785
18.38	9.686094070889583
18.39	12.535302084131935
18.4	11.42745657185001
18.41	11.774821817324463
18.42	7.572065035364899
18.43	11.681867520907524
18.44	12.14978112955138
18.45	14.798423499223913
18.46	16.040430161855316
18.47	14.574512537003775
18.48	13.050068992652783
18.49	14.3395334018964
18.5	18.986655344575137
18.51	17.006680235490748
18.52	16.117435879243086
18.53	14.804737526247314
18.54	15.353913284332089
18.55	14.674957652377335
18.56	16.77358519336922
18.57	18.64517065177641
18.58	15.818760064936813
18.59	16.658372514255262
18.6	15.907625938113018
18.61	15.680277235040984
18.62	16.617027910809043
18.63	15.894846223455469
18.64	18.51300923667577
18.65	16.068721883952925
18.66	11.615918396232123
18.67	16.418462786179553
18.68	16.067818798872363
18.69	14.712876952447361
18.7	15.333373972589738
18.71	16.355183032887595
18.72	14.80439776670518
18.73	13.239023186978798
18.74	13.97750633804781
18.75	15.288960217139138
18.76	15.58112600677345
18.77	14.68545262678103
18.78	11.405173991247597
18.79	13.115851979116721
18.8	12.409536040152869
18.81	12.516831486582436
18.82	11.562217484962273
18.83	9.409357805404182
18.84	10.98942634943684
18.85	9.480238873931777
18.86	9.69790964850192
18.87	8.690292667448198
18.88	6.891780685611317
18.89	9.029787838298528
18.9	4.433854189746318
18.91	8.600187091564312
18.92	9.83505666635277
18.93	7.322852666200986
18.94	4.500095652722775
18.95	2.5129939459706048
18.96	3.1225074398355996
18.97	4.5489558612202865
18.98	4.1449424255421725
18.99	4.386637057858171
19.0	3.404863609112309
19.01	3.4410786867520406
19.02	2.861130824968377
19.03	3.41850667572714
19.04	0.36020060916901775
19.05	2.577179718400435
19.06	0.10351638550973719
19.07	0.39442599035619996
19.08	2.668414965082098
19.09	2.802313177015013
19.1	2.904962896979481
19.11	0.15973733194052542
19.12	0.3715023182626128
19.13	-0.8960824319133458
19.14	3.2920243467743413
19.15	0.6192777753623429
19.16	1.2025361112634063
19.17	1.1791599642272899
19.18	0.18454942397114443
19.19	-3.0924661376476568
19.2	-2.439091662209991
19.21	0.7580935005923018
19.22	0.6110730965489186
19.23	0.6144358745401806
19.24	1.1779301216054612
19.25	-0.2852183425126389
19.26	2.379595785333608
19.27	-0.26035845134233193
19.28	-0.6943071972151345
19.29	-0.7288851318804457
19.3	-0.8127994423124667
19.31	4.661784457602331
19.32	1.9954071632255874
19.33	1.5210310630492387
19.34	-0.6524913671194126
19.35	-0.6870902610690677
19.36	4.107880888201729
19.37	2.533221956649918
19.38	6.164074704508327
19.39	4.883148433382284
19.4	6.408203102017422
19.41	5.647761062277092
19.42	8.320501171887065
19.43	9.132813231695618
19.44	8.543829061523855
19.45	6.154056886099344
19.46	9.203471743329551
19.47	9.433941773817278
19.48	10.016125715924158
19.49	9.452061349853324
19.5	12.031998350977215
19.51	12.658168891152975
19.52	12.18274875345861
19.53	11.812723000687772
19.54	10.65605988321349
19.55	15.485248367154036
19.56	9.39882780631762
19.57	14.022075205792666
19.58	13.289422961004682
19.59	12.049189809169986
19.6	16.631515218927266
19.61	10.636435500175942
19.62	15.518592643758458
19.63	15.828994058940125
19.64	16.11228831951333
19.65	20.968613948358318
19.66	12.85886250338479
19.67	16.016105421614235
19.68	14.43774567752773
19.69	20.45599133711949
19.7	19.661284019233282
19.71	18.88810024745182
19.72	18.08964228572972
19.73	16.729243498661152
19.74	17.60519198469333
19.75	15.25996612749292
19.76	17.697640580066363
19.77	17.758449005056033
19.78	16.91947073677273
19.79	19.007404962506275
19.8	20.522952196648813
19.81	18.535416472948206
19.82	16.789185110408443
19.83	17.08852705482283
19.84	18.995346544845088
19.85	19.040608292044823
19.86	18.563735646519426
19.87	16.16478792041595
19.88	14.683235636193666
19.89	15.696950018081806
19.9	16.718084623336768
19.91	14.577389612292242
19.92	15.224527565013416
19.93	14.724418499132588
19.94	13.863793483561873
19.95	16.497117472621706
19.96	15.00636884710012
19.97	16.688395645962796
19.98	14.29642684761168
19.99	14.621953692879053
20.0	12.899749452131244
