1.968503937	-95.67838001779245
1.970472441	-80.30613936338669
1.972440945	-71.97804751667879
1.974409449	-85.7446844193027
1.976377953	-107.01672095168381
1.978346457	-109.72468337968881
1.980314961	-91.87341064559824
1.982283465	-73.44837523264208
1.984251969	-74.67375850592622
1.986220472	-87.68162648154205
1.988188976	-89.0997226610745
1.99015748	-73.44233569057707
1.992125984	-54.7363547475232
1.994094488	-52.21648230197379
1.996062992	-66.08499317325905
1.998031496	-79.80681912292502
2.0	-76.61541453832704
2.001968504	-64.77173912567129
2.003937008	-61.47151797087765
2.005905512	-72.8865158324928
2.007874016	-88.18588334728058
2.00984252	-92.23431656143023
2.011811024	-79.08912072938172
2.013779528	-64.03972103475412
2.015748031	-62.997107669940085
2.017716535	-70.51651611055739
2.019685039	-72.95713622384663
2.021653543	-73.92950518480208
2.023622047	-82.70380075525154
2.025590551	-99.01106681041873
2.027559055	-109.06385158329306
2.029527559	-99.82870559289262
2.031496063	-80.7537477593855
2.033464567	-75.93706497712914
2.035433071	-93.91211779377217
2.037401575	-116.6707324361877
2.039370079	-116.71145232211018
2.041338583	-94.36364552132457
2.043307087	-71.98894157960761
2.045275591	-75.89435819103971
2.047244094	-98.22441205587539
2.049212598	-113.14382956390835
2.051181102	-104.39787458780249
2.053149606	-85.12140099572083
2.05511811	-77.71498874707183
2.057086614	-89.50875723526256
2.059055118	-104.02992550742945
2.061023622	-106.74725772026827
2.062992126	-100.28163576568832
2.06496063	-94.51151781846377
2.066929134	-95.73711798543148
2.068897638	-96.98140588069866
2.070866142	-96.98209560090488
2.072834646	-99.51103613059446
2.07480315	-108.19524039633268
2.076771654	-112.61252461602166
2.078740157	-100.58831965526952
2.080708661	-74.92667846165259
2.082677165	-63.55119614113732
2.084645669	-79.86653161065166
2.086614173	-106.05952656085555
2.088582677	-112.28531948147335
2.090551181	-93.29920693617247
2.092519685	-73.02442468383828
2.094488189	-84.70890726446252
2.096456693	-120.5551593521622
2.098425197	-146.6484985861226
2.100393701	-143.60634804670886
2.102362205	-122.85036861218455
2.104330709	-111.59549363654767
2.106299213	-116.7527032892643
2.108267717	-119.65063019987375
2.11023622	-107.67298121763363
2.112204724	-91.6776691071528
2.114173228	-85.73239657696827
2.116141732	-94.67720728890804
2.118110236	-108.93349047998205
2.12007874	-117.29732790980913
2.122047244	-115.68414221770392
2.124015748	-109.86791385133189
2.125984252	-104.50518938615852
2.127952756	-103.4905666661037
2.12992126	-112.59286394425973
2.131889764	-129.3025866441759
2.133858268	-136.83021440484552
2.135826772	-125.25479747210066
2.137795276	-103.87500039983759
2.13976378	-92.98253665289018
2.141732283	-109.73579181606503
2.143700787	-133.51441375049262
2.145669291	-143.50466342679775
2.147637795	-125.52604870900436
2.149606299	-98.16367782948923
2.151574803	-89.63268664517985
2.153543307	-103.59431536222993
2.155511811	-115.4169865563758
2.157480315	-106.71222485508069
2.159448819	-76.54837099024928
2.161417323	-55.8450563777038
2.163385827	-64.6991558013782
2.165354331	-98.09649843798555
2.167322835	-124.51570357615323
2.169291339	-122.71047198806183
2.171259843	-100.97885800898437
2.173228346	-88.36446102854346
2.17519685	-104.92628334497988
2.177165354	-135.38858408007266
2.179133858	-155.12174522090672
2.181102362	-148.56855442390128
2.183070866	-127.89893217878705
2.18503937	-120.11529430370015
2.187007874	-131.57850901790272
2.188976378	-142.78803412196143
2.190944882	-132.73022172129967
2.192913386	-103.77449976151364
2.19488189	-78.91789871493081
2.196850394	-79.75641954987147
2.198818898	-98.4230430727865
2.200787402	-112.61163158615324
2.202755906	-110.1595093222711
2.204724409	-102.63869283985649
2.206692913	-108.27665614153926
2.208661417	-133.35212587052777
2.210629921	-154.55401532152806
2.212598425	-154.845455871791
2.214566929	-138.97522916311266
2.216535433	-123.4725875892592
2.218503937	-126.47000389298313
2.220472441	-141.89895824715177
2.222440945	-153.0686413648449
2.224409449	-145.11516617938008
2.226377953	-129.34349071353128
2.228346457	-124.69309593476804
2.230314961	-132.89017132922547
2.232283465	-138.2719307564795
2.234251969	-136.09159217717846
2.236220472	-119.43221582807564
2.238188976	-108.42277092771083
2.24015748	-109.94283789009654
2.242125984	-117.0568807764498
2.244094488	-122.91434067932153
2.246062992	-124.21692061823661
2.248031496	-128.82196154233023
2.25	-135.27666424236284
2.251968504	-137.76279370722438
2.253937008	-133.07854060940107
2.255905512	-127.2861523555432
2.257874016	-128.285628619701
2.25984252	-131.66878476988808
2.261811024	-135.175532613638
2.263779528	-136.67936162580017
2.265748031	-135.11912227507574
2.267716535	-131.93725495988022
2.269685039	-131.63790156493474
2.271653543	-137.0765341616866
2.273622047	-149.6884456477792
2.275590551	-159.497989908284
2.277559055	-152.94972067610354
2.279527559	-131.5055627810724
2.281496063	-112.17546187386655
2.283464567	-117.22775642756521
2.285433071	-137.52870551922376
2.287401575	-146.30870244260961
2.289370079	-132.12356955608334
2.291338583	-110.02583948944638
2.293307087	-104.8477917377777
2.295275591	-125.35761477024755
2.297244094	-152.9637390056606
2.299212598	-167.64118431261699
2.301181102	-162.86286721452964
2.303149606	-150.32096968008392
2.30511811	-143.1251118483095
2.307086614	-144.6655070657589
2.309055118	-153.91665498434548
2.311023622	-153.3730323101842
2.312992126	-137.5873706569775
2.31496063	-113.90846929138903
2.316929134	-102.8218613379477
2.318897638	-114.87440578249088
2.320866142	-138.32412715542102
2.322834646	-148.54867419437346
2.32480315	-145.36186578839465
2.326771654	-148.9502227884587
2.328740157	-163.33365234236075
2.330708661	-178.74992183158105
2.332677165	-171.57093695019714
2.334645669	-148.04062340342875
2.336614173	-137.3782250588592
2.338582677	-158.10381209415453
2.340551181	-180.8900024581245
2.342519685	-172.3593277807248
2.344488189	-135.32731768826892
2.346456693	-112.05313303657229
2.348425197	-136.28039458540454
2.350393701	-185.78987304158366
2.352362205	-209.98524590221615
2.354330709	-183.02071351387548
2.356299213	-142.66839339005648
2.358267717	-137.2735205187469
2.36023622	-174.8319200885825
2.362204724	-212.75142134431994
2.364173228	-215.30715528040463
2.366141732	-184.8791777019276
2.368110236	-162.25714708306793
2.37007874	-168.9031215753714
2.372047244	-189.9355457793802
2.374015748	-206.57396233879928
2.375984252	-212.6963739701215
2.377952756	-217.08146216302163
2.37992126	-219.2409404775344
2.381889764	-209.47985012968041
2.383858268	-190.05657510586997
2.385826772	-175.29466516973378
2.387795276	-183.52017858691644
2.38976378	-200.4256110956747
2.391732283	-204.5841870036792
2.393700787	-192.40457923876667
2.395669291	-179.23709947675965
2.397637795	-180.5527188224091
2.399606299	-188.93444773551545
2.401574803	-184.28174311759446
2.403543307	-164.72975731565174
2.405511811	-143.47736384404587
2.407480315	-136.22197195488022
2.409448819	-139.9101721604598
2.411417323	-138.71295086405925
2.413385827	-123.83820767752799
2.415354331	-102.85590033985207
2.417322835	-89.44158308502368
2.419291339	-97.89437820878292
2.421259843	-127.80662806242326
2.423228346	-153.7284581657351
2.42519685	-151.23957084457527
2.427165354	-116.5802050845269
2.429133858	-78.4298016079071
2.431102362	-75.3685982223913
2.433070866	-106.49391639193678
2.43503937	-134.79026062700137
2.437007874	-125.1278345260165
2.438976378	-89.18184545073683
2.440944882	-68.58672542533274
2.442913386	-91.68645608360403
2.44488189	-141.1456466919326
2.446850394	-173.3302690545789
2.448818898	-169.18253559568626
2.450787402	-143.10063297936165
2.452755906	-124.55961896732394
2.454724409	-124.97871239016841
2.456692913	-137.8734177231492
2.458661417	-142.6127054136501
2.460629921	-130.94540843387412
2.462598425	-111.98957844217239
2.464566929	-102.84767057723018
2.466535433	-119.25920830429601
2.468503937	-155.9075364739968
2.470472441	-193.0601852761152
2.472440945	-217.7859263169757
2.474409449	-250.76872587142242
2.476377953	-313.9471199804678
2.478346457	-404.7619173117463
2.480314961	-483.0583680248116
2.482283465	-525.0117725724704
2.484251969	-544.5891589198409
2.486220472	-579.2952963791726
2.488188976	-634.2864596386837
2.49015748	-675.1426309990225
2.492125984	-663.5098584167661
2.494094488	-606.7053914879921
2.496062992	-547.5102387050017
2.498031496	-507.82846168396713
2.5	-470.4632412542943
2.501968504	-402.16704306689485
2.503937008	-304.01036660236883
2.505905512	-202.79600201663885
2.507874016	-127.04867895787795
2.50984252	-77.87270415161305
2.511811024	-47.872381370921744
2.513779528	-25.583440527000537
2.515748031	-11.960631032542556
2.517716535	-11.076166992734702
2.519685039	-21.539307441042784
2.521653543	-40.361729453289705
2.523622047	-60.55708768931431
2.525590551	-75.41049371250794
2.527559055	-75.28074752494757
2.529527559	-64.68936974443822
2.531496063	-58.51110210830579
2.533464567	-63.84597184162995
2.535433071	-71.20571929162422
2.537401575	-62.95931775588162
2.539370079	-38.10901682603031
2.541338583	-21.855753886162436
2.543307087	-32.304442855588036
2.545275591	-57.927192131906914
2.547244094	-67.26700121104234
2.549212598	-49.14862021051041
2.551181102	-19.74485524829962
2.553149606	-15.80462362538135
2.55511811	-37.77860469896272
2.557086614	-60.372640557384685
2.559055118	-55.17186422711434
2.561023622	-27.002499311738852
2.562992126	-8.650884200653353
2.56496063	-21.76393617347792
2.566929134	-53.85772320896034
2.568897638	-77.17304377916048
2.570866142	-73.71271721535413
2.572834646	-58.62256585235119
2.57480315	-58.34154009038018
2.576771654	-73.00403978906053
2.578740157	-83.4133706411128
2.580708661	-74.0083615922237
2.582677165	-47.23616779046079
2.584645669	-30.531272938966307
2.586614173	-38.26841957167648
2.588582677	-56.94546855463178
2.590551181	-66.14313171891035
2.592519685	-61.974101905175964
2.594488189	-56.633058967057224
2.596456693	-57.44273576754762
2.598425197	-69.15941175795486
2.600393701	-81.21974205575704
2.602362205	-92.96581451841145
2.604330709	-101.30533818363251
2.606299213	-104.07326472088121
2.608267717	-100.76248641636928
2.61023622	-98.12484121809625
2.612204724	-103.9504809942619
2.614173228	-108.80324277592462
2.616141732	-100.26121993945699
2.618110236	-79.00316599995404
2.62007874	-69.45537724021528
2.622047244	-91.98092833194477
2.624015748	-128.4992850251138
2.625984252	-142.92769192525816
2.627952756	-118.4034248917853
2.62992126	-80.0962929567157
2.631889764	-71.83078655212346
2.633858268	-107.65535507578846
2.635826772	-155.85022784500902
2.637795276	-173.67702596399886
2.63976378	-151.729075660164
2.641732283	-114.9748223374705
2.643700787	-99.38897388613829
2.645669291	-113.6025914090824
2.647637795	-145.47391831028182
2.649606299	-170.5014603090753
2.651574803	-172.8125085785541
2.653543307	-155.6606787868069
2.655511811	-129.97887805685957
2.657480315	-118.6742553701705
2.659448819	-131.5591551405568
2.661417323	-155.40691691518782
2.663385827	-169.1970466848553
2.665354331	-167.11633655147492
2.667322835	-154.38686453958078
2.669291339	-145.23060995069775
2.671259843	-149.5602838162099
2.673228346	-159.9215003939436
2.67519685	-170.85853239524062
2.677165354	-177.00407971661843
2.679133858	-179.47017115316737
2.681102362	-186.1613235097534
2.683070866	-201.17500684446986
2.68503937	-219.90505933404734
2.687007874	-228.24394080056427
2.688976378	-217.89721939392703
2.690944882	-195.70702233814168
2.692913386	-178.97696421896933
2.69488189	-185.38568208096711
2.696850394	-204.3282159785028
2.698818898	-214.6945977891244
2.700787402	-199.8411132082105
2.702755906	-175.27498501019656
2.704724409	-172.2347684075842
2.706692913	-198.17883706395295
2.708661417	-235.45639912739423
2.710629921	-259.0057265127223
2.712598425	-264.2454196161862
2.714566929	-264.5506331508018
2.716535433	-269.34365317619137
2.718503937	-269.28129177590387
2.720472441	-252.68500016861458
2.722440945	-231.0443422301323
2.724409449	-222.8568927601661
2.726377953	-231.0434045265894
2.728346457	-245.9195137268396
2.730314961	-245.7479945582426
2.732283465	-232.80925418111235
2.734251969	-224.33771146172975
2.736220472	-234.4136508925411
2.738188976	-253.87934919696886
2.74015748	-270.2785766102804
2.742125984	-275.9878014837075
2.744094488	-270.86520733566266
2.746062992	-260.39276869211716
2.748031496	-250.20761689996303
2.75	-243.5218197467912
2.751968504	-240.14609452754138
2.753937008	-241.299982987296
2.755905512	-242.26393589249068
2.757874016	-240.0683077482802
2.75984252	-233.96348669901676
2.761811024	-228.66743724539293
2.763779528	-230.55130069498588
2.765748031	-232.07381214403364
2.767716535	-227.6901483306071
2.769685039	-216.04811820892945
2.771653543	-202.66471252444464
2.773622047	-195.7704389479569
2.775590551	-195.92410408366325
2.777559055	-194.91441673431967
2.779527559	-181.20328832750505
2.781496063	-155.43758758589658
2.783464567	-135.28975649064623
2.785433071	-134.28478976864818
2.787401575	-151.94224434262037
2.789370079	-164.24739378825817
2.791338583	-147.59208064206658
2.793307087	-110.61984779487489
2.795275591	-80.90316502355405
2.797244094	-79.88621423762069
2.799212598	-97.10663808384261
2.801181102	-104.57634734044954
2.803149606	-87.03240287706646
2.80511811	-61.145756876559
2.807086614	-50.943900429162234
2.809055118	-64.21523925702205
2.811023622	-80.9632726862622
2.812992126	-78.44422599181532
2.81496063	-56.17639039562732
2.816929134	-41.6411411976548
2.818897638	-55.728638744924766
2.820866142	-88.31029454517395
2.822834646	-109.56253680213123
2.82480315	-100.16152247599283
2.826771654	-74.81027543460117
2.828740157	-60.29992180719192
2.830708661	-71.07900351219772
2.832677165	-96.25820985966666
2.834645669	-108.21602780188493
2.836614173	-96.03840737175017
2.838582677	-71.71194267391519
2.840551181	-54.53018517582658
2.842519685	-59.490071505981625
2.844488189	-75.24328291337956
2.846456693	-87.11928556220833
2.848425197	-90.10221387889352
2.850393701	-85.25963788570806
2.852362205	-83.42516877369856
2.854330709	-83.69458888566346
2.856299213	-80.63038779568386
2.858267717	-74.46659659303269
2.86023622	-70.25118403893572
2.862204724	-71.6160216809105
2.864173228	-76.90205330766658
2.866141732	-82.76551706476872
2.868110236	-90.85342455543325
2.87007874	-95.41443710468835
2.872047244	-98.22863660033
2.874015748	-97.17899405409676
2.875984252	-98.43014619613986
2.877952756	-110.5363218499536
2.87992126	-127.76227411732822
2.881889764	-136.88113169628718
2.883858268	-127.69322516874384
2.885826772	-106.50419621989829
2.887795276	-88.29286730262994
2.88976378	-87.4352757341389
2.891732283	-97.39583986117526
2.893700787	-104.48292839398194
2.895669291	-100.99176478975693
2.897637795	-96.36617475570766
2.899606299	-101.52357658478344
2.901574803	-112.83638935094415
2.903543307	-127.59348591318792
2.905511811	-136.7383017933345
2.907480315	-137.00710250439067
2.909448819	-128.93487095921745
2.911417323	-117.040363932465
2.913385827	-111.7113018487329
2.915354331	-120.51311196236307
2.917322835	-137.51330097343057
2.919291339	-142.0120996072485
2.921259843	-127.29452691270453
2.923228346	-103.7543311402635
2.92519685	-100.4751589983187
2.927165354	-119.00811618169583
2.929133858	-138.03197489088464
2.931102362	-132.33625675873952
2.933070866	-108.28450760231001
2.93503937	-89.82200588071817
2.937007874	-90.8336982295999
2.938976378	-101.91632039984226
2.940944882	-107.73128886573429
2.942913386	-108.00442535634241
2.94488189	-117.96288740344724
2.946850394	-132.90771544116217
2.948818898	-134.8574062711897
2.950787402	-113.73530869027803
2.952755906	-95.71911855906454
2.954724409	-106.27504199392577
2.956692913	-137.1764291155568
2.958661417	-154.19112190375893
2.960629921	-136.38392244710133
2.962598425	-104.87734565002872
2.964566929	-92.73220594890505
2.966535433	-109.13716675020366
2.968503937	-124.46894740935956
2.970472441	-123.55804784228351
2.972440945	-112.95388235609025
2.974409449	-110.916717781852
2.976377953	-112.99372155196889
2.978346457	-101.90074845256653
2.980314961	-86.23038053198026
2.982283465	-86.599781388193
2.984251969	-118.22761156833293
2.986220472	-155.75944193269558
2.988188976	-163.52772355150017
2.99015748	-138.4228126997324
2.992125984	-113.40233081516773
2.994094488	-120.74525642330164
2.996062992	-147.4312435292462
2.998031496	-158.950282017335
3.0	-138.17562222281813
3.001968504	-103.1297027583
3.003937008	-86.2270246102079
3.005905512	-93.91023879236346
3.007874016	-111.1818119250405
3.00984252	-118.89000788242485
3.011811024	-118.87973635197179
3.013779528	-116.91708150630417
3.015748031	-118.06922484276016
3.017716535	-119.00650853409853
3.019685039	-117.51865264456028
3.021653543	-115.0671298305105
3.023622047	-117.01108293523473
3.025590551	-120.83340492611289
3.027559055	-125.49922916098349
3.029527559	-123.60205881532238
3.031496063	-121.4719617625103
3.033464567	-118.19847438041754
3.035433071	-117.75401275540688
3.037401575	-121.56167742686571
3.039370079	-123.75489123992939
3.041338583	-122.4435583937697
3.043307087	-116.42977400972516
3.045275591	-108.85239794405797
3.047244094	-106.15888426304578
3.049212598	-106.19984322972927
3.051181102	-105.3158010680311
3.053149606	-103.21665062193705
3.05511811	-105.81361470600565
3.057086614	-119.43059787939
3.059055118	-134.8498393689633
3.061023622	-137.8547474817697
3.062992126	-124.78362688183347
3.06496063	-112.17271111822389
3.066929134	-119.21472267225269
3.068897638	-135.4483779334651
3.070866142	-141.27466558333072
3.072834646	-127.26862848069811
3.07480315	-105.640004281747
3.076771654	-106.81593089599217
3.078740157	-129.44190809096614
3.080708661	-151.87234144945583
3.082677165	-156.30432470469088
3.084645669	-144.66296680038994
3.086614173	-132.25801276977833
3.088582677	-123.14254755574272
3.090551181	-115.3910537845354
3.092519685	-108.5050756940072
3.094488189	-112.90349161661244
3.096456693	-126.94631507132654
3.098425197	-135.50184994749836
3.100393701	-126.58697920957009
3.102362205	-107.32400989029668
3.104330709	-106.5088675112615
3.106299213	-137.78187672109652
3.108267717	-176.16776720622406
3.11023622	-185.54803416589226
3.112204724	-156.92552854783608
3.114173228	-119.76616852330656
3.116141732	-107.7569675263039
3.118110236	-120.43261499505857
3.12007874	-136.06043611801528
3.122047244	-133.9207318187549
3.124015748	-125.79822294811537
3.125984252	-130.9183823725401
3.127952756	-150.22796367184694
3.12992126	-171.99618763366783
3.131889764	-181.86574215735527
3.133858268	-183.86967777989696
3.135826772	-186.13695337606367
3.137795276	-196.59935537524663
3.13976378	-204.62310802291435
3.141732283	-200.30857088557286
3.143700787	-181.53096576622943
3.145669291	-157.3398286198823
3.147637795	-152.7444669594935
3.149606299	-169.33032039692227
3.151574803	-191.2925877599779
3.153543307	-194.66967977753197
3.155511811	-177.29041606257198
3.157480315	-160.07720539575064
3.159448819	-160.67936420423567
3.161417323	-181.16856631196703
3.163385827	-187.7464792219285
3.165354331	-166.75797610371987
3.167322835	-132.4035250813679
3.169291339	-118.44616641363137
3.171259843	-130.465858444001
3.173228346	-145.5759836142736
3.17519685	-135.01574039719816
3.177165354	-105.47556545321916
3.179133858	-83.28390509022579
3.181102362	-85.39801908264602
3.183070866	-99.2458885065944
3.18503937	-102.34319579011472
3.187007874	-90.80338199784474
3.188976378	-76.74608758335455
3.190944882	-75.14344826611348
3.192913386	-85.08443407008602
3.19488189	-94.8108101774557
3.196850394	-93.61352861406807
3.198818898	-92.49073369990079
3.200787402	-101.10414320360823
3.202755906	-120.88979351767331
3.204724409	-132.0513066583777
3.206692913	-120.24003585096058
3.208661417	-94.19943694906846
3.210629921	-83.77062508507866
3.212598425	-101.50553579148269
3.214566929	-128.4328561708119
3.216535433	-130.86601807545446
3.218503937	-107.89998104545916
3.220472441	-89.58162063394477
3.222440945	-101.68863879617082
3.224409449	-133.0054760133913
3.226377953	-152.17553949896057
3.228346457	-143.71403178817974
3.230314961	-126.03157913424347
3.232283465	-132.35580668839486
3.234251969	-168.0440180598357
3.236220472	-215.05278077445527
3.238188976	-256.94186036992187
3.24015748	-294.8246361300272
3.242125984	-342.6270997981787
3.244094488	-407.1282643644747
3.246062992	-477.5133150314696
3.248031496	-536.8314812990648
3.25	-575.9810579283358
3.251968504	-593.3444017667457
3.253937008	-599.4318902199738
3.255905512	-592.394568544712
3.257874016	-569.9113483565833
3.25984252	-526.8940333716266
3.261811024	-464.54737013056575
3.263779528	-386.7048217132051
3.265748031	-305.98409564370485
3.267716535	-227.15069544926953
3.269685039	-158.5404632849648
3.271653543	-95.3301822047466
3.273622047	-43.310913826848406
3.275590551	-10.300507555274981
3.277559055	0.19781472973171366
3.279527559	-3.336752832411805
3.281496063	-10.431798209879137
3.283464567	-18.899765711251238
3.285433071	-38.17626382050478
3.287401575	-68.13926458867948
3.289370079	-94.40197346370378
3.291338583	-94.30542071739866
3.293307087	-73.5219594834578
3.295275591	-57.78891064353626
3.297244094	-68.60610649126338
3.299212598	-90.07422532931335
3.301181102	-84.3762811688846
3.303149606	-52.12801149804714
3.30511811	-20.241772648184426
3.307086614	-20.927833793522964
3.309055118	-51.233407219782656
3.311023622	-72.84678351315905
3.312992126	-70.95184045722588
3.31496063	-58.01280188143025
3.316929134	-55.700444121504084
3.318897638	-61.719410593240845
3.320866142	-59.69687967917655
3.322834646	-53.310188618105855
3.32480315	-58.96499280705038
3.326771654	-78.58278719258624
3.328740157	-97.3861926202008
3.330708661	-93.9464293630554
3.332677165	-76.77055674065853
3.334645669	-70.7671350182205
3.336614173	-88.71813576957702
3.338582677	-112.02208151960484
3.340551181	-116.50093136727254
3.342519685	-97.40878863780407
3.344488189	-73.73271894549909
3.346456693	-63.78422436510286
3.348425197	-71.65355070346024
3.350393701	-88.41164971707487
3.352362205	-103.96953229093279
3.354330709	-104.94832881449425
3.356299213	-90.57380353415309
3.358267717	-77.17324499720436
3.36023622	-80.58867498918312
3.362204724	-105.33478513977022
3.364173228	-132.52561902707274
3.366141732	-134.14232836969052
3.368110236	-112.76604853206061
3.37007874	-90.53890869938935
3.372047244	-96.51678276831494
3.374015748	-124.58771933711544
3.375984252	-142.17967215376072
3.377952756	-128.5652136414912
3.37992126	-103.82956835257646
3.381889764	-97.20361595437161
3.383858268	-117.21866715854308
3.385826772	-137.91960301992498
3.387795276	-144.04053194552955
3.38976378	-133.22668960274902
3.391732283	-125.59042321073518
3.393700787	-126.11825710951926
3.395669291	-129.10641608960657
3.397637795	-131.74170591065553
3.399606299	-134.22533254179197
3.401574803	-145.37469027576688
3.403543307	-156.30084439548554
3.405511811	-157.47940903833285
3.407480315	-156.53403645108529
3.409448819	-159.50915762637803
3.411417323	-165.77888864103957
3.413385827	-168.86853517195559
3.415354331	-161.4401482225677
3.417322835	-155.71976553100487
3.419291339	-166.7683474043077
3.421259843	-187.4157761016392
3.423228346	-190.5004079662253
3.42519685	-171.62627143721707
3.427165354	-156.10991011694588
3.429133858	-170.76115644547946
3.431102362	-206.29142645986943
3.433070866	-227.81181119158785
3.43503937	-211.6068757823539
3.437007874	-177.72517983108142
3.438976378	-163.7972483277144
3.440944882	-181.2469679367461
3.442913386	-208.75049821514833
3.44488189	-220.8719479300413
3.446850394	-213.32430119057065
3.448818898	-206.41765037191283
3.450787402	-207.67633377279233
3.452755906	-210.86834244096138
3.454724409	-210.01642804914732
3.456692913	-211.29304024982068
3.458661417	-222.84204215178605
3.460629921	-238.74584820895137
3.462598425	-242.3251091822624
3.464566929	-231.64579917379868
3.466535433	-221.44245406289747
3.468503937	-227.01884667491484
3.470472441	-246.61518411968527
3.472440945	-261.06944748400787
3.474409449	-255.06683981627307
3.476377953	-239.91992092032888
3.478346457	-233.77934063062776
3.480314961	-240.96791633723367
3.482283465	-251.70409758595852
3.484251969	-254.78232909158373
3.486220472	-246.65151262678137
3.488188976	-240.82574839985085
3.49015748	-244.71876084964816
3.492125984	-255.42075325877946
3.494094488	-261.6655319118523
3.496062992	-260.1013617629486
3.498031496	-255.3110369139662
3.5	-251.98868864973042
3.501968504	-254.54617410582733
3.503937008	-263.48230068424726
3.505905512	-270.0248732043992
3.507874016	-270.4858490946091
3.50984252	-263.50613436353916
3.511811024	-250.7629580646519
3.513779528	-240.65225838043534
3.515748031	-238.71266638822775
3.517716535	-246.26793849850517
3.519685039	-249.08665017829713
3.521653543	-243.95716807466084
3.523622047	-232.0154608466637
3.525590551	-224.2871678416601
3.527559055	-224.26916572773425
3.529527559	-229.32035133487483
3.531496063	-229.97906873840566
3.533464567	-219.05297440834934
3.535433071	-198.69457888539975
3.537401575	-177.47666183435257
3.539370079	-165.7233761511556
3.541338583	-162.33461018880894
3.543307087	-156.21725517684865
3.545275591	-142.82788669587993
3.547244094	-122.94952845937016
3.549212598	-111.50396399867977
3.551181102	-109.74686039773961
3.553149606	-114.06540379194784
3.55511811	-112.69129985685662
3.557086614	-104.85205181810905
3.559055118	-98.45227834943198
3.561023622	-101.38352259612964
3.562992126	-103.70486132051562
3.56496063	-95.52842336321977
3.566929134	-78.25126333605215
3.568897638	-63.33241026881334
3.570866142	-58.16302154818393
3.572834646	-60.702748401827265
3.57480315	-59.3721519217922
3.576771654	-52.41303193020781
3.578740157	-42.23317957371057
3.580708661	-36.58905193083371
3.582677165	-38.789202174685975
3.584645669	-48.756682406373464
3.586614173	-60.27044953353967
3.588582677	-60.176488362750625
3.590551181	-47.81021613753071
3.592519685	-30.36867731849516
3.594488189	-26.058171813880357
3.596456693	-43.30707104345315
3.598425197	-67.51992944718121
3.600393701	-76.2862715549875
3.602362205	-63.639966799075566
3.604330709	-49.26500838350092
3.606299213	-57.70400371340077
3.608267717	-84.35052506334473
3.61023622	-108.9351062888968
3.612204724	-107.82791161733061
3.614173228	-84.98852215728128
3.616141732	-64.60993387482243
3.618110236	-62.906244520062266
3.62007874	-74.60799779527281
3.622047244	-77.28431116769089
3.624015748	-63.519674345652476
3.625984252	-45.019542120833805
3.627952756	-43.47965765605993
3.62992126	-61.60092859635134
3.631889764	-80.47412142328676
3.633858268	-84.0750328011838
3.635826772	-78.74938079319278
3.637795276	-81.46763150699057
3.63976378	-103.62328379015084
3.641732283	-122.04393653722853
3.643700787	-122.46154153584195
3.645669291	-101.12303375295278
3.647637795	-81.20577155924664
3.649606299	-79.99036528807669
3.651574803	-92.68294704008149
3.653543307	-100.1620843771937
3.655511811	-92.226103724813
3.657480315	-83.19151238350896
3.659448819	-89.84737403279892
3.661417323	-111.06078318199458
3.663385827	-126.18930957801163
3.665354331	-118.61367766087095
3.667322835	-98.85359310702022
3.669291339	-94.6888648634353
3.671259843	-115.21569587585726
3.673228346	-137.54629513450206
3.67519685	-133.89752776642635
3.677165354	-104.10295136045843
3.679133858	-78.4886821568795
3.681102362	-86.4380334488522
3.683070866	-116.34017764878085
3.68503937	-145.75020376353567
3.687007874	-145.55183179255278
3.688976378	-128.2209556320514
3.690944882	-115.65428367291682
3.692913386	-113.5188760205669
3.69488189	-117.01165675843528
3.696850394	-122.37490539489578
3.698818898	-126.07157763960646
3.700787402	-124.16013449347896
3.702755906	-114.6663360247638
3.704724409	-99.08341766884239
3.706692913	-89.09551847649891
3.708661417	-101.35032136735317
3.710629921	-128.5946008145756
3.712598425	-147.3924406573496
3.714566929	-139.30209980707116
3.716535433	-114.0630220318935
3.718503937	-98.79622239224686
3.720472441	-105.90762568439102
3.722440945	-122.94471514343998
3.724409449	-131.59141579556294
3.726377953	-127.59531161905679
3.728346457	-120.84475186632228
3.730314961	-123.41216791301396
3.732283465	-129.8334208184528
3.734251969	-130.51516113596875
3.736220472	-128.25379700288212
3.738188976	-131.64563392142216
3.74015748	-140.20281161761065
3.742125984	-136.29726135680974
3.744094488	-118.55715096169752
3.746062992	-100.76656908814314
3.748031496	-100.56766932241892
3.75	-116.83170895551828
3.751968504	-128.49244204157856
3.753937008	-122.26774988539323
3.755905512	-112.13983910216878
3.757874016	-112.78098285867291
3.75984252	-126.77453333790359
3.761811024	-137.37951513068228
3.763779528	-129.35494108431917
3.765748031	-116.30899835795975
3.767716535	-115.37387954209552
3.769685039	-123.30983225216764
3.771653543	-123.71487512854401
3.773622047	-109.53885501996761
3.775590551	-96.1362687705807
3.777559055	-97.7577290837252
3.779527559	-106.11149936722724
3.781496063	-106.27492682367829
3.783464567	-96.51938170002579
3.785433071	-93.90274212773367
3.787401575	-111.67496895046486
3.789370079	-129.56141676924426
3.791338583	-130.33099688164648
3.793307087	-113.31065815495695
3.795275591	-99.5621319542686
3.797244094	-103.98855153823254
3.799212598	-120.27782714790467
3.801181102	-126.12599229493017
3.803149606	-115.81895989158376
3.80511811	-99.95934047926556
3.807086614	-93.78039272112184
3.809055118	-99.03375121637869
3.811023622	-105.35089057148087
3.812992126	-109.83845119219437
3.81496063	-113.91542228154343
3.816929134	-118.33589962361584
3.818897638	-124.56267019509458
3.820866142	-127.92699599014404
3.822834646	-125.61864365945398
3.82480315	-122.34040135735053
3.826771654	-119.41330370929627
3.828740157	-119.0982018486147
3.830708661	-119.98907955943925
3.832677165	-121.04674004594733
3.834645669	-125.20358049301005
3.836614173	-129.78175309967165
3.838582677	-131.76245990980166
3.840551181	-133.71954478544586
3.842519685	-139.96698648101713
3.844488189	-156.78305170459635
3.846456693	-179.27557344928115
3.848425197	-191.57650912885111
3.850393701	-184.7266893446627
3.852362205	-163.4728554479226
3.854330709	-140.05208066934745
3.856299213	-128.01951664040084
3.858267717	-126.94827942496678
3.86023622	-134.05875988366483
3.862204724	-139.19427019142415
3.864173228	-141.0680748128246
3.866141732	-137.12394141096328
3.868110236	-134.99960706258068
3.87007874	-143.9700706434715
3.872047244	-158.16478521700884
3.874015748	-174.22082037473683
3.875984252	-184.58814240434108
3.877952756	-187.5459027371864
3.87992126	-193.46093393635024
3.881889764	-202.37913293398793
3.883858268	-203.8392767279907
3.885826772	-196.54317139802802
3.887795276	-186.50523920010272
3.88976378	-188.8129296989507
3.891732283	-202.34837782444544
3.893700787	-207.57610205176783
3.895669291	-190.48364757038206
3.897637795	-164.7274149622621
3.899606299	-153.9690313025001
3.901574803	-163.06468202552963
3.903543307	-173.88023994873512
3.905511811	-166.3962370822998
3.907480315	-143.5485842305801
3.909448819	-123.5320434056072
3.911417323	-114.55964790874857
3.913385827	-113.87140330808134
3.915354331	-115.1147839499057
3.917322835	-110.94671182228288
3.919291339	-99.05531434275747
3.921259843	-88.04185190806646
3.923228346	-88.61494383054523
3.92519685	-102.84833967077479
3.927165354	-120.35992936847228
3.929133858	-120.00298657844182
3.931102362	-102.81630341965472
3.933070866	-87.15185037336637
3.93503937	-93.85995220950707
