10.01	0.32129830775490636
10.02	-0.5243413885551907
10.03	1.6414111185420386
10.04	1.07561516220676
10.05	-1.4755060368763018
10.06	-0.32581225220508314
10.07	0.812285525478889
10.08	0.15609840976522588
10.09	0.9071478961334403
10.1	1.3258215773910558
10.11	2.0210784382806324
10.12	-0.809408283013841
10.13	-0.0995623289441232
10.14	0.6784544166500627
10.15	1.737063944982438
10.16	-0.868662629131424
10.17	1.6002327719988672
10.18	-0.43795494044687033
10.19	1.0440857942333759
10.2	1.5503683905781322
10.21	2.3103249949020976
10.22	1.2436128827061463
10.23	-1.1148167383186645
10.24	1.8360640291757528
10.25	2.0760006356362486
10.26	-0.6926280046767247
10.27	-1.6140872828607935
10.28	-2.249134628614981
10.29	3.0959434227615446
10.3	0.8081441685057067
10.31	-1.3781557432244917
10.32	0.06257485874151475
10.33	-1.8565187629644226
10.34	1.8730868583709248
10.35	2.0512281130043553
10.36	-1.0116503885156747
10.37	1.065356774186574
10.38	1.554781205646524
10.39	1.436170047228171
10.4	-2.2365550492939406
10.41	-0.31561333035850037
10.42	1.6658366129933984
10.43	-1.814237942056519
10.44	-0.38702088479291563
10.45	2.2838743292104025
10.46	0.17961601671823746
10.47	0.17783927808859745
10.48	0.9364472545896783
10.49	0.7803285272021465
10.5	-0.17995068346358883
10.51	1.9577843342503947
10.52	-0.45517016851498904
10.53	-1.608527580903505
10.54	1.7512261576710126
10.55	1.2205068145265057
10.56	-1.5036893598042598
10.57	4.329576695530812
10.58	-0.1596238872875364
10.59	2.5142691233307928
10.6	0.8468503741294491
10.61	-0.33125609254717714
10.62	-1.4791025273083254
10.63	-0.0006568405943935263
10.64	1.2219062910223335
10.65	-1.7343320271738363
10.66	0.9357306719950322
10.67	-1.5935180375913243
10.68	1.4239642866919804
10.69	-0.764046490217322
10.7	1.5671982469402408
10.71	0.6791827765847225
10.72	-0.9719955742940324
10.73	0.534468621769287
10.74	-0.285975735722664
10.75	-0.17200007077650803
10.76	-1.0925458850034784
10.77	-0.8431082803401043
10.78	-1.0431941102611546
10.79	-0.975968742310838
10.8	0.0719313243504699
10.81	-0.23852219587677104
10.82	-0.5599358506985387
10.83	0.03166293841965001
10.84	0.3337890308388558
10.85	-2.6029554220400444
10.86	-0.2496230304554925
10.87	-0.831855639994548
10.88	-1.838724993628853
10.89	0.5056033094135384
10.9	-0.7285394511497324
10.91	1.7770248207201735
10.92	0.40981186540973263
10.93	1.1247322556733486
10.94	2.809873906253362
10.95	1.1810025949166776
10.96	1.4042671485111096
10.97	0.9183460574713425
10.98	0.598390409021381
10.99	-0.01452666798422042
11.0	3.3775199907933664
11.01	-0.3694268852311221
11.02	0.8932996069225504
11.03	-1.6416490531974905
11.04	0.28871104937062386
11.05	-2.6192606131396605
11.06	1.5296698316547173
11.07	-2.496994105202383
11.08	1.54967530121584
11.09	-0.692471321474493
11.1	-0.8294637707829957
11.11	1.888795815824241
11.12	-0.6469228947198743
11.13	2.375537415026963
11.14	2.39887049020337
11.15	3.124685807931623
11.16	2.3114708594027733
11.17	-0.9067849686731662
11.18	2.603997279292562
11.19	2.281696894782171
11.2	0.7806027319551876
11.21	0.7531977847916521
11.22	-0.34664408246343115
11.23	0.8039495750156568
11.24	0.8112085827705943
11.25	0.2900751179645531
11.26	1.461022515817067
11.27	-1.9138543157640382
11.28	-0.11560718763027944
11.29	1.7894076290614445
11.3	-0.20356417157022932
11.31	1.3098151376565927
11.32	0.037216972342600185
11.33	-1.0352231423899307
11.34	0.8406945523490238
11.35	1.090511019817684
11.36	-0.5810268974671127
11.37	0.05974055346703849
11.38	3.0007366242885696
11.39	-0.9661547871611771
11.4	0.808298034343246
11.41	-1.1157422943287536
11.42	-1.3592344500315563
11.43	2.577305772102451
11.44	1.2745894075395219
11.45	2.2225019759124613
11.46	0.24445358084027313
11.47	-3.6216371172998025
11.48	0.0800521306463341
11.49	-0.5978307149027121
11.5	-0.14445439874582655
11.51	1.446729999309462
11.52	0.08900856622454772
11.53	0.3870271520212027
11.54	-2.206936363235433
11.55	0.17790093148685632
11.56	-0.7952824113933901
11.57	-0.10369356434156007
11.58	1.0676272539961527
11.59	1.0302141217969418
11.6	-0.492432757059274
11.61	-1.668490240362055
11.62	1.960461149088462
11.63	-1.1792227803419792
11.64	0.7069598100013739
11.65	2.019603728167471
11.66	0.923835767713685
11.67	-5.417767717713323
11.68	0.6810482164125196
11.69	-3.587978810898875
11.7	0.5481434718240457
11.71	1.7585177177963578
11.72	-1.2969501758376043
11.73	3.4962520663107304
11.74	-0.3312725101934871
11.75	1.2282456957874965
11.76	-0.10161267803086046
11.77	-2.328916147705521
11.78	-0.4568824377217477
11.79	4.403667214953724
11.8	0.08800225191580308
11.81	3.8637427576795087
11.82	0.4734169814718673
11.83	-0.1518204265780253
11.84	3.3434119790707015
11.85	-0.40631295512610266
11.86	2.904449318274964
11.87	0.2099308089546718
11.88	0.3307643347864043
11.89	0.4083042045792289
11.9	0.9493963281735076
11.91	-1.3145512803441353
11.92	-0.9192607226988012
11.93	-1.8012592940349688
11.94	0.7818884146162643
11.95	-1.297460223847595
11.96	2.092885760856369
11.97	0.4304187907128991
11.98	-1.6521762051795532
11.99	0.7639954840384503
12.0	2.3802021333246595
12.01	-1.1533163203977999
12.02	1.1508114274810946
12.03	-1.7827200593415666
12.04	3.5201283306860995
12.05	-1.4711833757173391
12.06	-0.23180073650163036
12.07	-0.3196645386447492
12.08	0.10853445756713367
12.09	-0.9682629635711233
12.1	1.66288759501961
12.11	0.8443786947308791
12.12	-1.234733564355242
12.13	2.043362698533307
12.14	0.06229870431951662
12.15	-1.0120300687541097
12.16	-0.5458034379290725
12.17	0.10027885003449613
12.18	0.5285578294782218
12.19	-1.6884357572693514
12.2	-0.3731026882273737
12.21	0.36445737841864273
12.22	-0.7455470121290655
12.23	0.6505808918822655
12.24	-0.2841356313682767
12.25	-0.19343881240727756
12.26	0.25344776217276976
12.27	-0.7539103806696639
12.28	1.4893504872974044
12.29	-0.316877838918977
12.3	-0.15003450615231867
12.31	0.9886625041510331
12.32	-3.4919471797069064
12.33	-0.9880252307445581
12.34	1.2961510034194874
12.35	0.6531634305349743
12.36	0.9694369696486758
12.37	2.450243927219241
12.38	-0.40853179992712985
12.39	0.6012424542678599
12.4	0.3358018609073885
12.41	1.0708633824360139
12.42	-2.285987342747312
12.43	1.420494027799647
12.44	-3.1979155839340416
12.45	0.9685162834188772
12.46	0.17326778131027312
12.47	0.854242431027435
12.48	-0.6475861675596872
12.49	-2.8106757025947418
12.5	0.13877714486551457
12.51	-0.5093761671168
12.52	-3.976676493793722
12.53	-1.6354084995258333
12.54	-0.5806142539019326
12.55	-1.0168719300948044
12.56	3.1136776394702452
12.57	-0.8723724618437878
12.58	-1.5861624826146967
12.59	-0.15551605553391412
12.6	2.1473703012819207
12.61	1.8357344917640974
12.62	1.2626286899013406
12.63	-2.3818231830450856
12.64	1.82683443154908
12.65	0.2583479634586448
12.66	-1.6186416516832185
12.67	0.4610239343362016
12.68	0.30354293865253046
12.69	0.9800804273499633
12.7	-0.7689707362658034
12.71	-1.1219296031613644
12.72	0.07595534872037435
12.73	1.0023948955797222
12.74	3.425673044176641
12.75	-0.6053152194673976
12.76	1.0207487367547237
12.77	2.206463468612185
12.78	-1.3327289201224715
12.79	0.42317145409381496
12.8	1.3451696218575144
12.81	4.044772630797932
12.82	2.3594794084493746
12.83	1.099200605352823
12.84	-0.09906116164302381
12.85	-2.002102158478825
12.86	1.102381122345621
12.87	0.8145545471657201
12.88	-0.4238312721824247
12.89	-2.2504251408443574
12.9	0.11110303269877163
12.91	-0.41240539223418765
12.92	1.3287036920018114
12.93	0.3062777164296475
12.94	-1.0897228752104935
12.95	1.548156190447836
12.96	-2.0866211941004082
12.97	-1.2269174908959595
12.98	-0.48872040219634444
12.99	0.08582900833417215
13.0	0.5389362049739332
13.01	-1.15432199848801
13.02	4.0745126726641585
13.03	-2.118235439468031
13.04	1.2825909432110172
13.05	1.2876110720359666
13.06	0.8028638925929239
13.07	-2.5833282615936146
13.08	0.10641660134584635
13.09	0.524418936635642
13.1	0.7128731575019145
13.11	2.369586022721979
13.12	3.8696607401727183
13.13	-0.07943765596085811
13.14	0.41710899030477333
13.15	0.9867765790164793
13.16	-2.000754179541257
13.17	-1.3898428350335046
13.18	1.8578742632869272
13.19	0.39465080083121973
13.2	-0.49348640523299964
13.21	2.539932921839557
13.22	1.9114882000545084
13.23	0.9696852774352871
13.24	1.5920049740005247
13.25	3.4881532300637113
13.26	-1.1656765949194405
13.27	-1.508610933892162
13.28	-1.2756578886552226
13.29	3.001210215743561
13.3	-1.281237148258201
13.31	-1.0170368932687393
13.32	-0.1261834810047337
13.33	-0.46978057350352537
13.34	-1.2410227980000725
13.35	-0.766298033869053
13.36	-2.383294800021106
13.37	1.518642776218027
13.38	1.631734434844008
13.39	-1.352546071853111
13.4	0.44675086776838635
13.41	1.505177324463869
13.42	-2.531166824332786
13.43	0.15718169206665653
13.44	-1.3235794468511153
13.45	1.1436910470275246
13.46	2.433984130045655
13.47	0.20962905268567064
13.48	1.1413757143164867
13.49	-0.06581793966129806
13.5	2.975555418911542
13.51	-1.0566633553615932
13.52	0.07169339848080161
13.53	1.915662682707085
13.54	3.246186491158052
13.55	1.9811780081422223
13.56	1.287352641321677
13.57	1.8150411794533003
13.58	1.8396271626747127
13.59	2.1338513632759772
13.6	-0.0718293391098585
13.61	-0.3677088664017362
13.62	-0.36316149111766444
13.63	-1.9822857535582727
13.64	0.6681605370522181
13.65	-1.8259280516382659
13.66	-2.2385295564943446
13.67	-0.049470019829722545
13.68	-1.1907795465272724
13.69	-2.37915197214645
13.7	0.38839976282325817
13.71	0.18342802939688255
13.72	-1.1569253810838758
13.73	2.2337523159135784
13.74	1.269133006320191
13.75	-0.06167234323811949
13.76	-0.3064852968091623
13.77	1.2698385803859966
13.78	-0.71259267468639
13.79	-0.5506888740767919
13.8	-1.7773471265583554
13.81	0.3574343469928581
13.82	1.5512557638775781
13.83	-0.08268181548765394
13.84	0.6569864250546228
13.85	3.1093147558927754
13.86	0.020928792581567643
13.87	0.6780317088223167
13.88	0.9193449621835883
13.89	0.14882773329330595
13.9	3.2963086272323903
13.91	0.8950935173318242
13.92	-0.19857200000029235
13.93	2.0257540744531517
13.94	-0.47223808589268274
13.95	-3.392719976300296
13.96	-0.48293260189877757
13.97	-0.5998048605950712
13.98	-1.252842501650593
13.99	1.4776665146325059
14.0	-0.17135696753938945
14.01	-0.7175931666108848
14.02	-2.023153533466461
14.03	1.0497133021853402
14.04	-0.5969472585432929
14.05	-1.0316988446866096
14.06	0.36389899707084195
14.07	0.005344531586080892
14.08	-2.6760218014783126
14.09	-1.5651164059112108
14.1	0.7014047483796266
14.11	-0.46959797396153885
14.12	0.9692652181411554
14.13	2.376316452891023
14.14	-1.9610576542011082
14.15	0.43832670239338395
14.16	1.6538188135058152
14.17	-0.9919118236169133
14.18	-1.1837903760557196
14.19	-1.441325322748273
14.2	0.35414107580861465
14.21	-0.8852918691181635
14.22	0.7990977247319908
14.23	-0.44813206192648875
14.24	-1.75437728727634
14.25	1.1580182963113812
14.26	-0.45235178888477595
14.27	-0.5960991483456166
14.28	-1.9174930047776182
14.29	1.2055551783750245
14.3	0.7614488969633506
14.31	3.0017831773268924
14.32	-0.5606079054921991
14.33	2.593908151902242
14.34	-3.2585019899396417
14.35	-1.6336826119116719
14.36	-1.1217009365068102
14.37	0.9725130895366751
14.38	2.8068383857535637
14.39	-1.291609243597892
14.4	1.006432973739047
14.41	0.014558823862202364
14.42	2.824998138153661
14.43	-2.496642812322067
14.44	0.1688146666338278
14.45	1.1085519377093438
14.46	-1.0774696036932538
14.47	3.1927169745832336
14.48	1.2488940788986107
14.49	-1.9455561620938435
14.5	1.020941164852297
14.51	1.954026442854634
14.52	0.6425188812869371
14.53	0.7089087707140123
14.54	-1.973189401255203
14.55	-1.0337814947019988
14.56	-1.4894592152132022
14.57	0.10942322496459629
14.58	-0.26490670701956853
14.59	-0.23216665287116794
14.6	0.5157779660685435
14.61	3.055203948113804
14.62	-0.15907032565685564
14.63	-1.7298395916372336
14.64	-0.6698491710675212
14.65	-0.5321318623656373
14.66	-1.4191747143967683
14.67	0.8597743117925161
14.68	0.011973297571712477
14.69	-0.3480199810553958
14.7	0.6084069546415563
14.71	2.1892545281146063
14.72	-2.089462444781666
14.73	1.4996749376749878
14.74	0.5920929696798298
14.75	-2.0202217350177403
14.76	1.3299238677340328
14.77	0.14841742379594594
14.78	0.2889342897509626
14.79	-1.8437891024280317
14.8	-0.6222842366607548
14.81	2.552405016193992
14.82	2.819217036364015
14.83	-0.4228698825198896
14.84	1.3784977096118183
14.85	-0.6985161992298918
14.86	-0.3201169643516234
14.87	0.703911360795767
14.88	-0.46790803378601975
14.89	2.8093973456930286
14.9	-0.06020157793162037
14.91	-0.3872214123225664
14.92	-1.5139236011808015
14.93	2.20941200984548
14.94	-1.7557296223298235
14.95	2.686406184998604
14.96	-2.086560786483322
14.97	-0.8051097844945148
14.98	1.1399653767391942
14.99	-2.3689255100918865
15.0	0.2638402803810276
15.01	-2.5110503808229128
15.02	-2.404195272261404
15.03	-0.5185020228614854
15.04	-0.08966091559466133
15.05	0.250779064516808
15.06	-0.7065073223328171
15.07	1.0341636566150398
15.08	2.3533022866182183
15.09	-0.6833332931331286
15.1	-1.8939561734889265
15.11	1.9553792233322391
15.12	-2.271559905529475
15.13	-2.436756229687914
15.14	-1.4766388649021955
15.15	2.2606995257544344
15.16	-1.853228222373693
15.17	-0.37902370515429157
15.18	-0.24248956551681788
15.19	-1.7631583777900117
15.2	-0.8101472396793306
15.21	-0.24708894001411696
15.22	0.04680487661375031
15.23	-0.8480351713055607
15.24	1.244415464993842
15.25	-1.7152802841200074
15.26	1.1771428796678007
15.27	1.1848152896139146
15.28	-1.5489869250999462
15.29	-0.14671698187390286
15.3	-0.7599155118591279
15.31	-0.1814923507842815
15.32	-0.5692137556488583
15.33	-1.1242526654905725
15.34	-0.7685916972801285
15.35	-1.0969454937988803
15.36	-0.11527981822541905
15.37	1.985840741223665
15.38	0.2749729901688928
15.39	-3.589105090224763
15.4	0.7075701201496196
15.41	1.6170140514564493
15.42	-0.1339074639106292
15.43	0.44553592506005246
15.44	-4.243838641557124
15.45	-0.6529482828934674
15.46	-1.1002248123047491
15.47	0.14634911581288446
15.48	1.801741261637186
15.49	1.8108516882927377
15.5	-0.5786848166398566
15.51	1.0973937225118207
15.52	-0.300077294446105
15.53	-0.24754904320961002
15.54	0.5098094838996019
15.55	-1.0904488299568238
15.56	1.0373772488603628
15.57	-1.635496177340653
15.58	0.9148709166242495
15.59	-1.3833228925446954
15.6	-1.6311754149309179
15.61	-0.07707640354297246
15.62	-0.5188093633125352
15.63	1.7188995511144307
15.64	1.1108207982187308
15.65	-1.006908426793157
15.66	0.7974797823849988
15.67	0.8823076678208372
15.68	-1.6227651434116823
15.69	0.48934455316055897
15.7	0.3133435154596062
15.71	2.018967392952465
15.72	1.306632425521008
15.73	1.324239155239929
15.74	-0.4205277538752617
15.75	3.7233498727272147
15.76	-3.217174132315252
15.77	2.5757267708160856
15.78	1.0705012782177796
15.79	0.8680856237177914
15.8	-3.04453789681219
15.81	-0.9594608573165699
15.82	-2.3095588147459907
15.83	1.7053796678482989
15.84	-1.4339666646921025
15.85	-1.2923744357711624
15.86	2.033607098740865
15.87	1.5220601950181636
15.88	1.2432900723511984
15.89	0.21950699188039668
15.9	2.0448758942807204
15.91	0.40211179105639233
15.92	2.9184239384860464
15.93	-2.0495271472184617
15.94	-0.6330185638970753
15.95	1.7763519352206167
15.96	0.5007090385861241
15.97	0.168108127124023
15.98	-0.5348217615628807
15.99	-1.68594340227839
16.0	1.1352927320157677
16.01	-1.5994310375338183
16.02	-0.49172395592174784
16.03	-2.799389542303617
16.04	-0.8827036792781258
16.05	0.18980679714664547
16.06	-0.18653821240254032
16.07	0.16459092977175785
16.08	0.052664276899154996
16.09	-2.0615676831203897
16.1	-0.7264472323504629
16.11	-1.114207938810268
16.12	-1.5704158954427707
16.13	1.3119849956733003
16.14	-0.34095872901855173
16.15	1.8179574356493673
16.16	-1.9473216367276338
16.17	-0.4037073389283226
16.18	-0.6890823487056669
16.19	-0.8251477833834311
16.2	2.0878506360186115
16.21	0.6507491850395875
16.22	-0.3076732067091518
16.23	-0.42851695535190376
16.24	0.7256472641026803
16.25	0.3971204819079046
16.26	-0.45054360924978537
16.27	0.36991442129181185
16.28	-0.2683186885888555
16.29	1.148395165898436
16.3	-0.8969919485106612
16.31	1.3346492310410984
16.32	-2.340953874954114
16.33	3.583565026268447
16.34	-1.5793638863226072
16.35	-0.5337259295583765
16.36	1.5023442448226756
16.37	0.1059979677708709
16.38	-0.06887401851523661
16.39	-0.05471072975906888
16.4	-0.6665288691852699
16.41	-1.497960880208948
16.42	-0.9542714475240536
16.43	-0.536491381276201
16.44	0.7661688946494725
16.45	0.12102793753657352
16.46	-1.6379394164931202
16.47	0.0545942251575542
16.48	-0.5994134201006276
16.49	-0.15968626174441103
16.5	0.5956205316891204
16.51	-1.275600129698822
16.52	-1.6724603701787077
16.53	-1.2076020498601308
16.54	1.6661085690574313
16.55	0.8845369013669143
16.56	0.15563214517850565
16.57	-4.008032118198714
16.58	1.1808130510065649
16.59	0.6211360399938787
16.6	-1.913920752469434
16.61	2.3137848829766954
16.62	-0.3650025900055405
16.63	0.31223015869018306
16.64	0.8236561247197487
16.65	-0.9576583358645476
16.66	-1.4971631733072726
16.67	5.178189318002672
16.68	3.2528435961159845
16.69	1.3167653642224535
16.7	-1.0633849842264553
16.71	1.311797454971383
16.72	-0.7230816032626918
16.73	-0.6563123434262338
16.74	0.9386608720546619
16.75	-0.39954696009654417
16.76	1.0574548826966483
16.77	1.56842766338135
16.78	0.30693270575107645
16.79	-0.7519201505274677
16.8	-0.12558912229952565
16.81	4.200881188425239
16.82	2.37776910062
16.83	1.3050279396316213
16.84	-1.7030262517754875
16.85	2.252172549331461
16.86	-0.1082186680488752
16.87	-0.4038335084597986
16.88	1.2618222976138829
16.89	1.5957835360106383
16.9	-1.2977907705725709
16.91	-0.455340593111162
16.92	-1.3123989979015191
16.93	1.2487648917744771
16.94	0.8818410528842362
16.95	3.221517624415807
16.96	-1.3995538214137992
16.97	0.4721768693176685
16.98	-0.02161682569949595
16.99	-0.3368716893308127
17.0	0.06966043149225663
17.01	-1.89654842586057
17.02	-0.5599472915520154
17.03	1.244618568720329
17.04	0.43826054726873476
17.05	-1.026221667934399
17.06	0.15837541214728387
17.07	2.247956772606299
17.08	-2.0724039062021378
17.09	-0.866661637374115
17.1	-1.803597549537167
17.11	1.2358347709142543
17.12	1.879072343325668
17.13	-0.2879700720582791
17.14	0.8643448157661842
17.15	-0.09205190714246167
17.16	-3.0784412813698308
17.17	-0.8942368447618035
17.18	-1.2851451996598113
17.19	0.21318132627657888
17.2	-0.1667649174375238
17.21	2.163571673631751
17.22	0.8821637940197713
17.23	-0.30498680657372
17.24	2.4233113412559066
17.25	-0.7618147634939066
17.26	-0.5701305556028615
17.27	-2.238113215038245
17.28	0.49127565109667576
17.29	-0.44829366831255874
17.3	-0.8762661855134846
17.31	0.18554312571876888
17.32	1.6270642413362326
17.33	-1.4087540488701482
17.34	1.4398833025467481
17.35	0.09025585010456497
17.36	-2.0763589002328273
17.37	1.77033385996709
17.38	0.6279860168596515
17.39	-0.4757718052681005
17.4	0.6972386051212565
17.41	1.5928680036688971
17.42	-1.3738149973897484
17.43	-0.05031769588482711
17.44	-0.10622799468938263
17.45	0.6189083370961468
17.46	-0.9036668985699021
17.47	0.1927553094052744
17.48	0.8718489843615588
17.49	-2.5656976841827532
17.5	-0.020187509499278375
17.51	-4.559364054999416
17.52	1.3249439754621628
17.53	2.373697408717563
17.54	-0.9556681774771947
17.55	0.8498740418405029
17.56	1.730832322173116
17.57	0.9795250117809148
17.58	-0.5727623421076788
17.59	1.6962287033929724
17.6	0.8495736180047275
17.61	3.2840001362249636
17.62	0.047211831542067775
17.63	0.24107006291216934
17.64	-0.0807960619896658
17.65	1.8028301375674576
17.66	1.2396141136012027
17.67	0.7857014242962452
17.68	0.710524013656872
17.69	-1.5728637066877007
17.7	-1.8142965379057672
17.71	-0.3797694983954329
17.72	-0.33180583963373195
17.73	1.5501153796114635
17.74	-0.9493729783221911
17.75	1.2005167804233878
17.76	3.813816667094365
17.77	0.03594318834116675
17.78	-1.0245814385794343
17.79	0.14789265359541132
17.8	-2.0351190457169452
17.81	-2.238801478900928
17.82	0.2767929007026594
17.83	-0.6403982659353673
17.84	2.14245814085202
17.85	-0.3008639589159031
17.86	-0.7848770392383628
17.87	1.6014499545628174
17.88	1.2579132798771928
17.89	-1.0663399971054557
17.9	-1.526341704798471
17.91	1.2360186055235711
17.92	1.7157250719508386
17.93	-1.1859543613864127
17.94	-0.1817837094986362
17.95	-1.363642928574798
17.96	1.9411195585091983
17.97	-0.7115115446147284
17.98	1.9655682667141114
17.99	-0.8793748142941171
18.0	1.1813352320735793
18.01	-3.0026923459685277
18.02	0.1979039297370858
18.03	-0.44478526069957125
18.04	2.1304425226544956
18.05	-1.4817007119067567
18.06	2.852281298332917
18.07	2.318012252718565
18.08	1.8971620998885599
18.09	-1.1349494852041615
18.1	0.7224495029079567
18.11	-0.2211086130770471
18.12	0.25378485406765006
18.13	-0.5928405607457212
18.14	0.7582767533103614
18.15	1.45153844855977
18.16	0.34145902974875186
18.17	-1.425590408316408
18.18	1.701303235584852
18.19	-0.7531660374905583
18.2	1.9837837437873511
18.21	0.6421892287863753
18.22	-0.6311128440736108
18.23	1.0363186254257122
18.24	3.247563375468544
18.25	0.0772273646915917
18.26	-0.2751200062531056
18.27	0.25531677681339937
18.28	0.6749770196505207
18.29	2.7014297835980163
18.3	-1.4238832933882581
18.31	1.573833447648072
18.32	-1.405454439090955
18.33	-1.3878263571796574
18.34	0.32102912908624226
18.35	0.5080695550397284
18.36	2.0649487829143873
18.37	-0.4761536520143387
18.38	-0.4339785449852148
18.39	0.594283665119569
18.4	-1.5450113166910215
18.41	-0.03358043016011869
18.42	2.243264617121758
18.43	-1.3505233104051455
18.44	0.1632865370628771
18.45	0.05276848279954968
18.46	-0.5802480275906018
18.47	2.0417272845452823
18.48	1.6524525506488201
18.49	0.7188479283515791
18.5	-1.3425575342651128
18.51	-0.40450595077424145
18.52	-0.1285107275115014
18.53	0.8080494463249265
18.54	1.5379663289504726
18.55	2.936076425473775
18.56	-0.08437599410416419
18.57	0.13038593644183538
18.58	-2.2672322565030205
18.59	1.3596757893530567
18.6	-1.4088732639660804
18.61	2.0156181900424976
18.62	0.21818828054919487
18.63	2.702912582408496
18.64	-1.7382166170015263
18.65	0.2380090416343194
18.66	3.3474456320946198
18.67	-0.11148025114584514
18.68	2.1259086254579818
18.69	2.404557514460349
18.7	1.0329810448809655
18.71	-0.7868091941729675
18.72	3.9987355422228483
18.73	1.4851018505789377
18.74	-1.443391320188944
18.75	-1.931127835483783
18.76	-0.417585876325376
18.77	0.6370918783941635
18.78	-0.9708719192483878
18.79	0.45638893553974436
18.8	1.3872070340723532
18.81	0.21710261878454346
18.82	-1.9639270586959396
18.83	-1.1324160362127498
18.84	-1.0936311353590922
18.85	1.7965696948167618
18.86	1.6919572368332507
18.87	-1.432093025032584
18.88	-0.016377280154307616
18.89	1.4973367330015466
18.9	1.0279006257842536
18.91	2.5337737000691405
18.92	-1.140254114807722
18.93	-0.5578383182030832
18.94	1.5872631260360723
18.95	0.8689551571024641
18.96	-0.25358202749062597
18.97	-0.7590600482292004
18.98	0.2530836162107193
18.99	-0.8274531998775295
19.0	0.45953558546875295
19.01	3.8569118432226963
19.02	3.568675313923279
19.03	-0.02089735180802632
19.04	3.1526817713749233
19.05	-2.8165810786056746
19.06	1.8186060894160634
19.07	-3.264687536352711
19.08	1.1984975577308008
19.09	-1.0519050370168714
19.1	-0.7873455039661977
19.11	0.863879708788162
19.12	-3.7251034896304116
19.13	-1.2556354783984065
19.14	-1.6450276662038847
19.15	0.592754959799803
19.16	-1.169902767979346
19.17	0.2781474728020743
19.18	-1.560843094834619
19.19	-0.73263265333209
19.2	2.2902779521054475
19.21	-4.414016196270821
19.22	-0.6869521343393551
19.23	-0.5509405557889714
19.24	-1.0582896860990187
19.25	2.59600378661701
19.26	-0.23275159619144759
19.27	0.2391696130795739
19.28	-0.9826423733482371
19.29	-0.17860639685095492
19.3	3.1226384455759955
19.31	-1.625869466478199
19.32	3.3779112775046483
19.33	2.798123550247297
19.34	0.5502399250248196
19.35	2.4822235079679715
19.36	1.7976360203356276
19.37	1.5372117070517795
19.38	-1.5637158417797417
19.39	1.7640694620078232
19.4	0.1936787008408556
19.41	1.037478307516408
19.42	2.4998740870477603
19.43	2.052565031291042
19.44	-2.5400667238217736
19.45	2.183379835899509
19.46	-0.8998668629567522
19.47	1.5666640528760327
19.48	0.24889114685053554
19.49	0.2546908065958004
19.5	0.8973561177853511
19.51	-0.586499688273025
19.52	0.44392014598263796
19.53	1.4454479091092511
19.54	0.7765679536807495
19.55	-1.7866383575486506
19.56	-1.4844330217750739
19.57	1.3058119313367116
19.58	-0.6431816917829188
19.59	-0.2247824140112572
19.6	0.4458399831578697
19.61	1.2607077331966738
19.62	1.4850115066937812
19.63	-0.6271127957540307
19.64	-0.5347367268422482
19.65	-1.1703090023821807
19.66	3.132704796507197
19.67	2.2377967768016642
19.68	1.5738762676798677
19.69	0.09356644437971928
19.7	-0.028915907957909992
19.71	-0.6663164038774613
19.72	0.7427505112288372
19.73	0.7066326655518547
19.74	2.0433331452025696
19.75	0.1720291058247415
19.76	0.15463710835452793
19.77	2.5436386916555804
19.78	1.2280854463748612
19.79	-2.3411259296783506
19.8	0.9744912157848209
19.81	-0.2657681388671035
19.82	1.1837024200401691
19.83	-0.4241580599661233
19.84	-0.7645781472977718
19.85	-0.5472388409264227
19.86	2.5936829705572952
19.87	0.6820389701332785
19.88	1.6320926168619958
19.89	-0.9714082120986044
19.9	1.2218946213592414
19.91	-2.5857543136306242
19.92	1.1335046910956867
19.93	0.3462400935454848
19.94	2.1298085180237227
19.95	1.0925925908545884
19.96	-2.4104486676869046
19.97	0.6268419502480183
19.98	0.5121424870349972
19.99	0.14653077359183497
20.0	-0.6218721014649072
