10.01	5.622346810723713
10.02	6.07956389029104
10.03	6.6274741122862935
10.04	7.175543365008966
10.05	6.935986018049669
10.06	8.656953245986463
10.07	7.81970813114529
10.08	10.4210088878921
10.09	9.605504980032954
10.1	10.39488984540044
10.11	10.136779534435686
10.12	11.176055373528989
10.13	11.323392163375674
10.14	12.878628148239308
10.15	12.859051075546088
10.16	13.255547160445417
10.17	13.326654819897355
10.18	14.393194195068785
10.19	14.43039407179427
10.2	15.230142136695251
10.21	16.092271247212544
10.22	16.42126729909809
10.23	16.697414242535636
10.24	16.599486104028536
10.25	17.77864446026981
10.26	17.869277241255073
10.27	17.8561261053768
10.28	16.58988501744214
10.29	18.11555999208218
10.3	18.611461489820126
10.31	17.589220787532824
10.32	19.006135588475882
10.33	18.526038240975716
10.34	18.42967863177482
10.35	20.410487117402404
10.36	20.230654449903543
10.37	20.300207650453288
10.38	19.93422975832466
10.39	19.53371128485376
10.4	19.31459191059648
10.41	20.219746376475253
10.42	20.152402693784467
10.43	20.005576177345066
10.44	20.13305764239164
10.45	18.643482689003623
10.46	19.784419922756022
10.47	18.976688464170476
10.48	19.535237276991765
10.49	19.897811750645815
10.5	19.470880593625825
10.51	18.802000516201296
10.52	18.74238886969859
10.53	19.71536080940456
10.54	18.553239218567896
10.55	19.005265387860582
10.56	18.40225652230137
10.57	18.385907586655073
10.58	18.104165054175084
10.59	17.88322746682128
10.6	16.687656577237046
10.61	17.107208607745854
10.62	16.627808113702702
10.63	17.417413350224837
10.64	16.082417182958434
10.65	16.060455566112264
10.66	15.579843281247454
10.67	14.89062808402895
10.68	15.02602788076801
10.69	14.635171329084802
10.7	13.630790998815634
10.71	13.757892645453772
10.72	12.529454483338318
10.73	12.986707683266808
10.74	13.409584950325007
10.75	12.176042983581107
10.76	10.819002605658449
10.77	10.487224875697065
10.78	10.594396741740825
10.79	10.131592124042506
10.8	9.270826439236167
10.81	9.913145722345833
10.82	8.094831476544375
10.83	7.541168883917922
10.84	8.177265761645868
10.85	7.154352478361492
10.86	6.975020960459094
10.87	6.16306686500581
10.88	5.4456343267470135
10.89	6.581718744993867
10.9	5.507655695622178
10.91	5.225965886854468
10.92	4.802961738103807
10.93	4.523082385331152
10.94	4.69433711459754
10.95	4.5698756456473575
10.96	3.2247114076558403
10.97	3.58502874832859
10.98	3.921714556977402
10.99	2.0531773985707646
11.0	2.261025822108767
11.01	2.5293020835598585
11.02	2.080277369385128
11.03	3.266629955807957
11.04	2.283329167621068
11.05	1.763817738048739
11.06	2.0303040410311146
11.07	1.1602169847958053
11.08	2.4526468461539763
11.09	2.3106973041464984
11.1	1.8227611058561903
11.11	2.0153688292148026
11.12	1.7065912469017448
11.13	2.1482460313472567
11.14	2.970564758340909
11.15	1.9718515149986358
11.16	3.1173121013210303
11.17	3.091931976850822
11.18	3.620115579534694
11.19	3.498501486945259
11.2	4.362187303731056
11.21	5.606978785356485
11.22	5.623504321069908
11.23	5.933755396104743
11.24	6.857316739313954
11.25	6.164067684501777
11.26	7.231454210035963
11.27	9.18932503046383
11.28	8.864555501246912
11.29	9.394905619723627
11.3	10.304407155423013
11.31	10.99115074882143
11.32	10.847372223098107
11.33	12.6054270764987
11.34	13.25249783870113
11.35	13.265285108528392
11.36	13.09333405831406
11.37	14.564672304906924
11.38	15.177590788335943
11.39	14.832500662922536
11.4	16.711250996562843
11.41	15.490500081971955
11.42	16.994039031964526
11.43	16.631351295605754
11.44	18.006677921082666
11.45	17.652720764734735
11.46	19.165120472374394
11.47	18.533008410127795
11.48	19.190865736430386
11.49	20.50646705527161
11.5	20.40246759709821
11.51	20.965294590949977
11.52	20.275972078002066
11.53	20.361111900729483
11.54	20.901818359189956
11.55	20.314821834739625
11.56	21.6790767329569
11.57	21.592619974858867
11.58	20.89647958569023
11.59	20.73344617534524
11.6	21.20086575164863
11.61	21.931883456979083
11.62	21.3144055065067
11.63	21.366737933423067
11.64	20.74360431594441
11.65	21.2622848094943
11.66	19.3406224800221
11.67	19.9144387428148
11.68	19.65284395234257
11.69	19.72080612426656
11.7	19.775872167813652
11.71	18.934840384206442
11.72	17.667475545261233
11.73	17.282848948689377
11.74	16.896224147226626
11.75	17.441995870485787
11.76	15.786156851572676
11.77	15.7093826832419
11.78	15.03519483048108
11.79	15.124545258640984
11.8	14.625168880669616
11.81	13.496520811586194
11.82	12.46601396503387
11.83	12.36792128512518
11.84	12.05155670559627
11.85	11.808817823293063
11.86	10.937567305952363
11.87	10.681296935424779
11.88	8.869314968971171
11.89	9.299064524157902
11.9	7.710410876412466
11.91	8.042326948530533
11.92	8.306594541600186
11.93	6.948808482821805
11.94	5.982284559145073
11.95	6.561717714174875
11.96	5.869586841425888
11.97	4.3138973369083775
11.98	5.8367820715585115
11.99	4.09583014650528
12.0	4.388868238713038
12.01	2.862773016116378
12.02	3.240543971205298
12.03	3.41583338166991
12.04	2.9881867459988185
12.05	2.4815043577494817
12.06	1.0639077646016712
12.07	2.821962115679552
12.08	2.14583765580142
12.09	1.9031910183148963
12.1	1.7410878912646806
12.11	1.8098410224737687
12.12	1.9566516032855348
12.13	2.1400193008762765
12.14	2.1928892761946224
12.15	2.3542401077926938
12.16	1.4181431510228586
12.17	1.2400550971067341
12.18	1.5478430962412337
12.19	2.565664866065996
12.2	2.6141077440050102
12.21	2.168749072770796
12.22	2.0553548468967646
12.23	2.5730416314951383
12.24	3.0183771183108195
12.25	2.5470362784716505
12.26	4.644698245261592
12.27	4.1906593639134995
12.28	4.337652429606762
12.29	4.998070044765672
12.3	5.845403458824782
12.31	7.050929473342167
12.32	5.52026575705136
12.33	6.323685026877328
12.34	6.960847605242286
12.35	8.055270734357107
12.36	7.90889306885897
12.37	7.9139067429205
12.38	8.193109946615612
12.39	9.59327855412399
12.4	10.754075388344171
12.41	11.054311944818457
12.42	10.382406268478693
12.43	11.40440399143464
12.44	13.010333733087094
12.45	12.723632439502252
12.46	14.276519065761859
12.47	15.288138370166699
12.48	14.718753305678575
12.49	15.159288539957837
12.5	15.661901894845654
12.51	16.018721772183564
12.52	17.369405739574987
12.53	17.83607132086084
12.54	18.83542131167122
12.55	19.118073628373487
12.56	20.25230332428567
12.57	20.602921853298117
12.58	19.950375140172863
12.59	21.458590762762665
12.6	21.249759888930836
12.61	21.654845423005032
12.62	21.990358967005008
12.63	23.155680798213854
12.64	22.25755329704322
12.65	22.788964151870722
12.66	22.990753950943553
12.67	22.959506185361526
12.68	23.539062290431193
12.69	23.845098544500193
12.7	24.192280557011312
12.71	24.485699782702433
12.72	23.66790599982087
12.73	24.383129007960633
12.74	23.935349759465563
12.75	23.685431402604223
12.76	23.615783328615017
12.77	23.285812144220486
12.78	22.76613821737954
12.79	21.9453858607013
12.8	22.171550598782147
12.81	21.354373951515896
12.82	21.80415873365862
12.83	21.85340224960866
12.84	20.738868913010194
12.85	20.637267716351488
12.86	19.632707498283718
12.87	20.304151326885968
12.88	19.244282985926638
12.89	19.561063406827873
12.9	18.897381891029084
12.91	18.11897323281089
12.92	17.538936839467464
12.93	17.664463627699497
12.94	17.070489005713934
12.95	15.466572557365932
12.96	14.950005384815618
12.97	14.902995153886113
12.98	14.625942196424738
12.99	14.481464155758628
13.0	13.442029275021506
13.01	13.44883024541316
13.02	11.627066683815315
13.03	11.767064696951923
13.04	11.100006106090484
13.05	11.2151062081859
13.06	9.539460887654787
13.07	9.410262029809909
13.08	9.075208454812694
13.09	7.598060668065533
13.1	8.019402559052569
13.11	9.06323842577096
13.12	7.197584417659159
13.13	6.610080791952484
13.14	6.273860357121068
13.15	5.828680873477029
13.16	5.7959534436736195
13.17	5.601918249025282
13.18	6.025959678345949
13.19	5.489746041854196
13.2	5.343083057133433
13.21	3.834237208905658
13.22	4.7263902307735375
13.23	4.412092199262406
13.24	4.555609600085867
13.25	3.4506574095323352
13.26	3.4907541467237015
13.27	3.3753827696943604
13.28	2.9274211481806724
13.29	3.4382724793706827
13.3	3.955201492884243
13.31	2.54441883303193
13.32	2.900483727508445
13.33	2.6432506482401674
13.34	3.153616114249943
13.35	3.209192111416576
13.36	3.2907730988781556
13.37	2.3763375111526726
13.38	3.7333575727805397
13.39	3.9148006295755655
13.4	2.3331557098175155
13.41	3.941640295357304
13.42	4.230785902408611
13.43	4.81320036383201
13.44	4.973562742302253
13.45	4.896138539141483
13.46	5.555541418501746
13.47	5.0965715526878
13.48	6.33480879524624
13.49	5.769088249651297
13.5	7.284599047009787
13.51	7.613568618709503
13.52	8.338358285465969
13.53	8.52829044636705
13.54	8.850021885255899
13.55	9.661101421101755
13.56	9.051223605787126
13.57	10.75358074686826
13.58	11.436813798019099
13.59	11.152814629479177
13.6	12.268074643233634
13.61	13.255533255929615
13.62	14.071333318320358
13.63	13.875449694160306
13.64	14.522736365935042
13.65	14.117447908101067
13.66	15.811513372213529
13.67	14.846537175060934
13.68	15.206831701665042
13.69	17.258126982221242
13.7	18.290977049945596
13.71	18.15946421348197
13.72	17.459192227051197
13.73	18.430437230535677
13.74	17.505894932999475
13.75	18.346899559408417
13.76	18.660787359654393
13.77	18.53875093430879
13.78	18.10495131567892
13.79	19.04164392307849
13.8	19.180888736642988
13.81	20.198147092116848
13.82	19.497995662258607
13.83	19.3723982887458
13.84	18.746923960135344
13.85	18.883309804774655
13.86	19.32023906991791
13.87	19.443138139663976
13.88	19.025469429300028
13.89	20.498163164700202
13.9	19.17802382301532
13.91	18.931471398163126
13.92	18.73749037295924
13.93	19.33511887070375
13.94	18.692179524028486
13.95	19.779155754606528
13.96	18.874548674969535
13.97	18.723840706155332
13.98	18.252089778529967
13.99	18.077448825410162
14.0	17.64221468412212
14.01	17.30428934486374
14.02	16.884024420463508
14.03	17.02603178284976
14.04	15.385550845441536
14.05	15.670504132443149
14.06	15.392699334959023
14.07	15.777371574352015
14.08	14.677710354738013
14.09	14.083835495866063
14.1	13.829799599687702
14.11	13.541709817251057
14.12	12.854205363443471
14.13	12.806593876890194
14.14	11.80354130599634
14.15	11.062821529530979
14.16	10.440355557679863
14.17	9.428326996675667
14.18	8.795554978824338
14.19	9.215846495195915
14.2	9.292168441525972
14.21	7.377204084826204
14.22	7.419479702203904
14.23	6.891475056535017
14.24	6.229291402839805
14.25	5.771148563559572
14.26	5.9208142288981
14.27	6.210783930262011
14.28	4.744569505388313
14.29	4.9688779527018845
14.3	3.8197251073511627
14.31	3.1330385084596606
14.32	3.6435095640343516
14.33	2.756439311333691
14.34	2.920265719993599
14.35	2.8997842519418984
14.36	1.3169972428008334
14.37	2.051910476320143
14.38	1.8916787805415445
14.39	1.891415493414828
14.4	0.7985696516683725
14.41	1.6561695898390927
14.42	1.5897249156639024
14.43	1.0275143619161848
14.44	0.5648081788601931
14.45	0.919938183559265
14.46	0.6757863857252694
14.47	0.19805730310354153
14.48	0.6760116238914755
14.49	0.639885796224346
14.5	0.5961806445330765
14.51	1.1945324440583995
14.52	-0.11187720740508933
14.53	1.765381068624536
14.54	0.9763262719676394
14.55	1.5550296738817564
14.56	0.9069327490663175
14.57	2.0792934410419006
14.58	1.8407676948749945
14.59	1.7363975418911333
14.6	3.1438501663499823
14.61	2.4765234602805184
14.62	1.9440654038449432
14.63	2.4729986651759095
14.64	2.5187784337810095
14.65	3.843775873497327
14.66	3.0163587693477556
14.67	4.437395308665953
14.68	4.964676505530885
14.69	6.0373036863662835
14.7	5.463357440222147
14.71	5.874307198929108
14.72	5.50604983814754
14.73	6.102293518508249
14.74	5.6505137985141625
14.75	7.309050239763276
14.76	8.755437349850427
14.77	8.613397871104988
14.78	8.286328271284699
14.79	8.82197474952251
14.8	9.771507920338577
14.81	10.14129252393343
14.82	10.29055179588703
14.83	11.03581005321264
14.84	10.999903870997795
14.85	11.011002400628884
14.86	12.282885988311248
14.87	11.91139234112966
14.88	12.657080613651006
14.89	13.249604152490152
14.9	12.515621438424128
14.91	14.59609043220989
14.92	12.921701406065583
14.93	13.603207356726331
14.94	14.635988641488693
14.95	14.418388967271879
14.96	13.561677875983895
14.97	15.489480328054741
14.98	14.467948528194558
14.99	14.917962543910527
15.0	15.935904171937338
15.01	15.85267872319705
15.02	15.766032090948315
15.03	14.978739350353244
15.04	15.902796661071196
15.05	15.45561823416156
15.06	15.841042271128208
15.07	16.47952871167795
15.08	15.497052918853344
15.09	15.712367455845024
15.1	16.18587935363206
15.11	16.32262739288804
15.12	15.987984008591287
15.13	16.09664286798778
15.14	16.074752137569497
15.15	15.80564951382868
15.16	16.689738376077994
15.17	16.45727764389785
15.18	16.268452500678418
15.19	16.17805143745156
15.2	15.662951039530023
15.21	16.687727629551155
15.22	15.8526393295311
15.23	16.32210089559443
15.24	16.765290020055428
15.25	16.97483293740736
15.26	16.422737489678575
15.27	15.693106139031364
15.28	16.271571507423634
15.29	16.158923635582678
15.3	16.86214247213844
15.31	15.843924995081911
15.32	16.484320989046342
15.33	16.322778160540338
15.34	16.03048598249639
15.35	16.982221808746395
15.36	15.759900190575308
15.37	14.393495655345124
15.38	14.896582476809142
15.39	15.477800571915527
15.4	14.743122529815192
15.41	14.743962741072387
15.42	15.18551689916671
15.43	14.535278206663252
15.44	13.519204690446815
15.45	13.458097192058634
15.46	12.750861692139868
15.47	12.83301829657574
15.48	12.060112148606025
15.49	11.253920254516284
15.5	10.691493191301344
15.51	10.636635258935017
15.52	10.29747611018753
15.53	10.367692826118674
15.54	9.009856839665643
15.55	9.287657391279593
15.56	9.438786425226965
15.57	7.0488030304386795
15.58	8.193253093450128
15.59	7.304864731072058
15.6	6.2449559041181635
15.61	5.715921929080583
15.62	5.486159143706271
15.63	4.839043565788171
15.64	4.889088005187622
15.65	4.021866779988728
15.66	3.7860454362483074
15.67	2.603780579562434
15.68	3.233625750718591
15.69	2.1711000129652573
15.7	2.7084527079280547
15.71	1.4715330228186292
15.72	1.4344515303989722
15.73	0.7941147660333985
15.74	1.1285946039979662
15.75	0.9483666739696482
15.76	0.9871749677615187
15.77	0.7995286807482364
15.78	0.17544487649032692
15.79	1.116830784141223
15.8	0.3695295762030962
15.81	0.415642507485531
15.82	0.23794868144405626
15.83	0.5693389321486362
15.84	0.2365607195146281
15.85	-0.2939096323261615
15.86	1.2598432563872448
15.87	1.010153866834206
15.88	0.4191125354887763
15.89	0.5082225149688444
15.9	0.6270670492434212
15.91	1.4193527382021847
15.92	1.2529147947422472
15.93	2.133302590919705
15.94	2.4451742388272923
15.95	1.2515547503701203
15.96	2.8652046250995773
15.97	3.8483920535347087
15.98	3.3060361571760875
15.99	4.282117150116846
16.0	4.066875515133811
16.01	4.709907474260921
16.02	5.487121231277021
16.03	6.333618217714271
16.04	7.107006001505735
16.05	7.1871056749163404
16.06	7.110814842966223
16.07	7.792709964062822
16.08	7.994221631270442
16.09	9.853917341177075
16.1	8.85235793703125
16.11	10.486898972540745
16.12	10.705387814852461
16.13	11.001008187378385
16.14	12.05112468023854
16.15	11.498025913511835
16.16	11.127629657651177
16.17	12.796948792502372
16.18	13.806013695953364
16.19	13.236198716163376
16.2	13.851781604881035
16.21	13.523648698317764
16.22	14.063525433351428
16.23	13.870220885984406
16.24	14.557134537037914
16.25	14.959149829509604
16.26	15.197519513693454
16.27	15.061907840319499
16.28	15.546764962582621
16.29	15.500585656098343
16.3	15.647315034468063
16.31	14.995152176335298
16.32	14.896818933522795
16.33	16.376410536307752
16.34	15.601076526769335
16.35	14.364019390461074
16.36	15.04769987653112
16.37	15.79226127594599
16.38	15.76662442935732
16.39	15.780195972389803
16.4	15.418525540503774
16.41	16.498901682764714
16.42	15.492538507719486
16.43	15.023914204665378
16.44	14.463343871505517
16.45	15.396654378312459
16.46	14.364632396441694
16.47	14.151247308478874
16.48	14.508614636019779
16.49	13.678270838747428
16.5	13.3008971253762
16.51	13.322497908897253
16.52	12.351959843011619
16.53	11.522913073527276
16.54	12.386493243128518
16.55	11.135308298033289
16.56	11.090718075474257
16.57	11.345493616466609
16.58	10.282568374324688
16.59	9.900288531209853
16.6	9.611483314877816
16.61	10.632108403295554
16.62	8.612416220302462
16.63	8.799929827811422
16.64	8.675757849782304
16.65	8.59007535821226
16.66	6.949745885932006
16.67	7.295274091284171
16.68	5.794003057919189
16.69	6.412193144986255
16.7	5.783023509018585
16.71	4.988347248840081
16.72	5.270862948578662
16.73	5.450658741608165
16.74	3.905454455278077
16.75	4.27037882032908
16.76	4.7829851748790135
16.77	2.860318478541259
16.78	2.946171168875162
16.79	2.6692321587261993
16.8	3.3283448685948374
16.81	2.921348883061204
16.82	1.8522525599129303
16.83	2.0003961553436542
16.84	2.0267619431929473
16.85	2.043887922822364
16.86	1.5721452230001083
16.87	1.338809188385632
16.88	0.5417480725960544
16.89	1.0612677451697237
16.9	1.6785150484913374
16.91	0.00927560058438237
16.92	0.2309872753199883
16.93	1.805190369108677
16.94	1.3893117103845425
16.95	1.3099079294961071
16.96	0.8132760229061867
16.97	0.8336525693670384
16.98	1.595246755356025
16.99	1.8098811023671393
17.0	2.758980800919664
17.01	1.5974780039289762
17.02	3.053235282524003
17.03	2.9986676988393115
17.04	2.5999054899834553
17.05	2.455597922894619
17.06	3.4937179259869784
17.07	3.2190586461208937
17.08	4.637112136019129
17.09	5.1647012383736275
17.1	6.169090952549818
17.11	5.128440417344147
17.12	5.690504428385114
17.13	6.668575391362887
17.14	7.77313893651383
17.15	7.762216841172445
17.16	8.50576526994882
17.17	7.84791603036057
17.18	8.777107906394845
17.19	8.877932054184736
17.2	10.451863182479078
17.21	11.185104609172937
17.22	11.408263807336859
17.23	11.553308778366487
17.24	11.859243720003615
17.25	11.816557697303242
17.26	13.33771884760351
17.27	12.240806889841421
17.28	14.018851590743624
17.29	13.758629052743
17.3	13.582642761922585
17.31	14.907035736158145
17.32	14.862872346710823
17.33	14.622482254197967
17.34	15.320504147357285
17.35	15.79162153123532
17.36	15.998262647728692
17.37	16.498712647646148
17.38	16.306316485942414
17.39	16.70213494602146
17.4	16.33080586600107
17.41	17.132009532701712
17.42	16.633677805342398
17.43	17.1079647506325
17.44	16.88849959421527
17.45	16.67862655205435
17.46	16.510858471665678
17.47	17.195549029242066
17.48	17.139643433627164
17.49	16.616735995779
17.5	16.791586958498396
17.51	16.36137826581282
17.52	16.387977455809317
17.53	16.55310359999493
17.54	16.6460420588853
17.55	16.246374068206016
17.56	15.475532645512246
17.57	14.845254878216938
17.58	15.146765499693188
17.59	14.717627252458191
17.6	14.060524035157437
17.61	14.268419009478821
17.62	14.268097276219935
17.63	14.510794398197483
17.64	12.676917633509802
17.65	13.050058723516644
17.66	11.857773214330651
17.67	12.31076164175715
17.68	11.518836656123433
17.69	10.977728876172257
17.7	10.789361411179438
17.71	10.942986702089863
17.72	10.76088292890737
17.73	10.013315616855467
17.74	9.476902292402864
17.75	8.48811795599723
17.76	8.410167231757006
17.77	7.201072748976033
17.78	7.417765838272212
17.79	7.10467306280853
17.8	7.675180986743495
17.81	5.933115297059865
17.82	5.827019906849017
17.83	6.201639625364204
17.84	4.951504816998937
17.85	4.958689663678118
17.86	3.7920466811276614
17.87	4.2775810858054095
17.88	4.480821141910291
17.89	3.774813759204318
17.9	3.866886191439492
17.91	3.0425457399223736
17.92	2.955301671450718
17.93	2.361985672073258
17.94	2.035435386591333
17.95	2.61990676241902
17.96	2.540091196100802
17.97	1.567941739020222
17.98	2.5316136604743913
17.99	0.38883153464751297
18.0	0.1795811641152093
18.01	1.0306139419906506
18.02	0.4364354749795909
18.03	1.4320098658679707
18.04	1.1238556107991402
18.05	0.7704988657472333
18.06	0.014524423265213526
18.07	1.8160191217237578
18.08	0.7331722940058065
18.09	1.273910336277189
18.1	0.902996816810504
18.11	0.9232904731801255
18.12	0.41078305581660157
18.13	1.1523425079137748
18.14	1.9323357904991036
18.15	0.8943355649218648
18.16	1.4195412178600115
18.17	2.0492148545305784
18.18	2.809320020125835
18.19	1.9364363764302763
18.2	2.9670589489710153
18.21	2.493429326484712
18.22	3.3474048924566406
18.23	3.7408100331906593
18.24	4.349310267965915
18.25	4.409221674314857
18.26	4.852153163047328
18.27	5.452827095521128
18.28	6.806314738333831
18.29	5.576893779393455
18.3	7.1375175817519505
18.31	6.107858932243142
18.32	7.5180265709143645
18.33	8.911877135781614
18.34	8.35740207384313
18.35	9.987602229280967
18.36	9.640204560500598
18.37	10.11591881232458
18.38	10.669698318661679
18.39	11.846813086537894
18.4	11.175181633660562
18.41	12.013426987552071
18.42	13.038769184809961
18.43	12.646613389077682
18.44	12.427572153118222
18.45	13.859768961067308
18.46	12.974273606730096
18.47	14.06854013454994
18.48	14.198557773009279
18.49	14.519777310123803
18.5	14.775567237694954
18.51	15.11345795568068
18.52	15.440483167537865
18.53	16.029998306750986
18.54	15.323087662447374
18.55	15.70053563239
18.56	17.00337040974884
18.57	16.24803113793415
18.58	16.202194499340106
18.59	17.048855334506708
18.6	16.477625247726913
18.61	15.740821840607346
18.62	16.376649493975663
18.63	15.278798842000235
18.64	15.553820786532963
18.65	16.238061125106846
18.66	14.825599677521692
18.67	15.660561845317782
18.68	16.66277369059331
18.69	15.155587622842816
18.7	14.725834308366105
18.71	14.771835775516294
18.72	14.372034672907755
18.73	15.14043829258011
18.74	14.227603885949476
18.75	13.333404000774891
18.76	13.777170821089939
18.77	13.505491856859448
18.78	12.3933856518858
18.79	12.572611265633867
18.8	12.023418295331615
18.81	11.421460956880766
18.82	11.410643986775185
18.83	11.030187582273339
18.84	10.192656655288827
18.85	9.874656632621196
18.86	9.522242338785096
18.87	8.812649361322487
18.88	8.540830114879471
18.89	7.594066205188259
18.9	7.566937528235713
18.91	6.733245303804536
18.92	6.077896661467416
18.93	6.9500642089612334
18.94	5.319102940884476
18.95	4.99319118539315
18.96	4.604240340565422
18.97	4.534923452265635
18.98	4.125895996739207
18.99	3.885806055529697
19.0	3.7059597256837202
19.01	3.9129169491992513
19.02	2.4085876299411044
19.03	2.8532611349835952
19.04	2.698004262467931
19.05	1.5599115669887504
19.06	1.8938768658920069
19.07	1.276679001364371
19.08	1.1824789493990715
19.09	1.7200907481199876
19.1	0.502423394512322
19.11	0.8900028836823334
19.12	0.01171125206161916
19.13	0.9423742682268299
19.14	0.6159970947045083
19.15	0.4199599815211848
19.16	0.6799659172938622
19.17	0.8659410842879688
19.18	0.3434154750892517
19.19	-0.011979517610627377
19.2	0.28593218919913904
19.21	0.31735790737594405
19.22	0.16525386345899992
19.23	-0.4267428726764929
19.24	0.30548599778873303
19.25	-0.14771967998386237
19.26	0.6140119483874478
19.27	0.827890701200275
19.28	0.6962544361992397
19.29	1.1474940018730777
19.3	1.0093294251410048
19.31	1.6077523295889247
19.32	1.1913100416814868
19.33	2.481192760054303
19.34	2.1658308101657773
19.35	1.9427826386754936
19.36	3.435911856859425
19.37	3.5089044401054252
19.38	3.83973208511533
19.39	4.560643878326576
19.4	5.3499411922057165
19.41	5.513913761278395
19.42	6.083130672575788
19.43	5.85921231452172
19.44	6.722033447210383
19.45	7.767496127456053
19.46	7.891758424172737
19.47	7.473860852446587
19.48	9.105100299426685
19.49	9.164660881722167
19.5	9.94883492242924
19.51	10.576521662037958
19.52	10.048426384612148
19.53	11.26919688853096
19.54	11.694270494295617
19.55	11.702896964403257
19.56	11.78448496540607
19.57	13.625430020602789
19.58	13.242361921514439
19.59	14.151655311311359
19.6	15.131414212698605
19.61	14.421770842180882
19.62	15.72879737701421
19.63	15.825388808280675
19.64	15.909840790921104
19.65	15.752770634364124
19.66	16.580825939879983
19.67	17.271328942136883
19.68	16.60680925782695
19.69	16.84808003660976
19.7	17.178048648064504
19.71	17.737394592383644
19.72	18.289025688836674
19.73	17.417388986734444
19.74	17.608807428048305
19.75	18.009193064069805
19.76	17.617946660282335
19.77	17.073106019263776
19.78	17.928310961125064
19.79	17.820231742275478
19.8	17.942348006054075
19.81	17.62586033653208
19.82	18.23212559764015
19.83	18.088774827600034
19.84	17.560933513115526
19.85	17.638838725165716
19.86	17.996613595041932
19.87	17.65730976188065
19.88	17.107820064196677
19.89	16.336075858429734
19.9	16.327850756052694
19.91	16.548454831192775
19.92	15.5415427195987
19.93	15.102768273948106
19.94	15.065144230714468
19.95	14.526176771757322
19.96	14.322606489712964
19.97	13.207642879171887
19.98	12.977779057077251
19.99	12.969158784058415
20.0	12.66839687675287
