10.01	5.2745252959949225
10.02	5.656157498456101
10.03	6.426197480747695
10.04	7.305017250710769
10.05	7.469793925792034
10.06	8.11982010684824
10.07	7.9863358890278064
10.08	9.588100771657764
10.09	9.784416900173534
10.1	9.854488797815304
10.11	10.879614048205843
10.12	11.447311168357995
10.13	11.912146011463257
10.14	12.601220055058599
10.15	12.243717077216584
10.16	13.21485401513054
10.17	14.078266404551222
10.18	14.198311309220877
10.19	14.54861969594
10.2	15.143786791948436
10.21	15.232350619365315
10.22	16.07567776823272
10.23	16.43116282361963
10.24	16.62713393340801
10.25	17.486977342348265
10.26	17.54594369329366
10.27	17.83140262944246
10.28	18.033336429369065
10.29	18.354324162452315
10.3	18.569487210255506
10.31	18.96470575083868
10.32	19.147756559911155
10.33	19.162198604965436
10.34	19.049605301810036
10.35	19.410363305134233
10.36	19.674276296675366
10.37	19.614751675609522
10.38	19.80456635116688
10.39	19.78847133425298
10.4	19.77860916170548
10.41	19.649790705292297
10.42	19.85141913390981
10.43	19.736366202954663
10.44	19.51081062047834
10.45	20.007012838862018
10.46	19.68953795049296
10.47	19.956150515386238
10.48	19.89544792223614
10.49	19.45257893496059
10.5	19.627973803623835
10.51	19.34681298847116
10.52	19.246866582118304
10.53	19.08516431988542
10.54	18.59063187922905
10.55	19.026600072103022
10.56	18.514693120727298
10.57	18.01301914612066
10.58	17.843485901373874
10.59	17.75432854521804
10.6	17.749118111482716
10.61	17.661660895401134
10.62	16.96682963878739
10.63	17.06519396882342
10.64	16.14019011035952
10.65	16.477645638120226
10.66	15.487989037844034
10.67	15.224473641290249
10.68	14.966881534912579
10.69	14.94657916148217
10.7	14.23793129604059
10.71	13.907797596327034
10.72	13.47373737140403
10.73	12.673440110325853
10.74	12.634026827824558
10.75	11.417157526468907
10.76	11.334554806154461
10.77	10.888556996973596
10.78	10.045828668444178
10.79	9.880798768203594
10.8	9.432350976434082
10.81	9.40986968492398
10.82	8.6181006587028
10.83	8.550030021388755
10.84	7.623088952907221
10.85	7.093387182887936
10.86	6.747239305744084
10.87	6.34759047943195
10.88	5.846227296238896
10.89	5.287925204536415
10.9	5.269873005754536
10.91	5.17061234902195
10.92	4.937878265734008
10.93	3.8139972282346806
10.94	3.782026513155047
10.95	3.4143170401521528
10.96	3.56299155400829
10.97	3.5100221755567853
10.98	2.726972060259261
10.99	2.7971365017703906
11.0	2.6798667660496527
11.01	2.3474475705225024
11.02	2.2895301504200587
11.03	2.614785972611932
11.04	2.053417978350375
11.05	1.943787623901715
11.06	1.7425514005436418
11.07	1.7877651740539258
11.08	1.8919915245259076
11.09	2.0434193933928997
11.1	1.6945123043547172
11.11	1.9393678082041514
11.12	2.266385282685409
11.13	2.040971942472766
11.14	2.638113118363914
11.15	2.6515800722535734
11.16	3.1538681289856094
11.17	3.3293080608667207
11.18	4.0708459837614095
11.19	3.9356268191685086
11.2	4.650313634008472
11.21	4.796545234867143
11.22	5.636835366818625
11.23	5.9965725815087945
11.24	6.451960046306624
11.25	7.061854314196766
11.26	7.405037673146085
11.27	7.81002920086945
11.28	8.491100691446027
11.29	9.244631270972064
11.3	9.868775530081395
11.31	10.735704333951075
11.32	10.838588816964286
11.33	12.232533990007953
11.34	12.307876885424855
11.35	12.589086472300568
11.36	13.436143923928315
11.37	14.460175913406083
11.38	14.593492317684234
11.39	15.394533340613302
11.4	15.9531164416343
11.41	16.447000776670663
11.42	16.736002194715457
11.43	16.972809635092677
11.44	17.739630001625187
11.45	17.77196248991703
11.46	18.69013499012858
11.47	19.164522230401737
11.48	19.573156549133603
11.49	19.881787109554143
11.5	20.066791542116373
11.51	20.34584446183956
11.52	20.71214237272599
11.53	20.814532306560135
11.54	21.204933980306826
11.55	21.285089763942416
11.56	21.452331047305332
11.57	21.380035910387075
11.58	21.517468220460135
11.59	21.459229266915514
11.6	21.423608582776712
11.61	21.27926012367239
11.62	21.202036851470453
11.63	20.991273022643124
11.64	21.08950746445898
11.65	20.767892907370193
11.66	20.495601368590997
11.67	20.48491986097732
11.68	19.412434026759307
11.69	19.204370196487076
11.7	19.04447486645356
11.71	18.35524771676479
11.72	17.885285673861066
11.73	17.941665559453536
11.74	16.943439787758766
11.75	16.85778001577466
11.76	16.229777078731182
11.77	15.536742256387242
11.78	14.556837539895001
11.79	15.010746290428086
11.8	14.065608814905085
11.81	13.477954121750079
11.82	12.627664959787213
11.83	12.431705379069946
11.84	11.710660795060328
11.85	10.76684319283417
11.86	10.473169378696996
11.87	9.852244537395842
11.88	9.712590506598355
11.89	8.929308554449468
11.9	8.112288462734167
11.91	8.019268113598152
11.92	7.992916759098105
11.93	7.3461410908609
11.94	6.488553794265364
11.95	5.762072356471153
11.96	5.514915217077788
11.97	5.153379146547707
11.98	4.929744795502066
11.99	4.311248227514963
12.0	4.579149520368222
12.01	3.7175883474109415
12.02	3.6264632956349927
12.03	3.6153748217236386
12.04	2.9627667585729025
12.05	2.336181423550098
12.06	2.583182676905174
12.07	2.382210142463507
12.08	2.3302499910469234
12.09	1.9429601849445433
12.1	2.2692458066422008
12.11	2.285602580398425
12.12	2.2046861442672157
12.13	1.8683239552976578
12.14	2.2360705258912787
12.15	2.1050477330822464
12.16	1.9079986449658868
12.17	1.9600531254069402
12.18	2.2450919405497047
12.19	2.15968530044706
12.2	2.368278198707044
12.21	1.9163229118821419
12.22	2.7050914170059133
12.23	3.1933125298948966
12.24	3.419699891534754
12.25	3.0969496861195807
12.26	3.8046088966551705
12.27	4.408563276555889
12.28	4.740034461051538
12.29	4.557707806184222
12.3	4.610808317149462
12.31	5.529950013118721
12.32	5.707534626419947
12.33	6.532126881811388
12.34	7.1208122244545
12.35	7.312193710512035
12.36	7.822010942921299
12.37	8.021860571725881
12.38	9.22739681816126
12.39	9.797055688680356
12.4	10.12077019892051
12.41	10.649243858523995
12.42	11.39496175209133
12.43	11.706098274677124
12.44	12.52813961296067
12.45	13.094382817533992
12.46	14.220026690075242
12.47	14.100975579969809
12.48	14.36069335205451
12.49	15.301946024055804
12.5	15.83385908615135
12.51	16.62708172932126
12.52	17.11009273354937
12.53	17.990249655851365
12.54	18.511948742265727
12.55	19.29497662863514
12.56	19.529576229451614
12.57	19.749262106262965
12.58	20.663695074925347
12.59	20.94368448624147
12.6	20.921324982968834
12.61	22.108742806499603
12.62	21.91334587413982
12.63	22.503512915833223
12.64	21.91535798641738
12.65	22.69989216471617
12.66	23.35761965537131
12.67	23.225091493714046
12.68	23.420670903622966
12.69	23.532607919212
12.7	23.505841783835145
12.71	23.96488348866267
12.72	23.41962950224192
12.73	23.659210687304395
12.74	23.63950466052443
12.75	23.314440594356185
12.76	23.385558261570623
12.77	22.489732529480225
12.78	22.51655538064934
12.79	22.53262312288231
12.8	22.74977862965016
12.81	22.209362409745
12.82	22.15640756400575
12.83	21.97373120101096
12.84	21.245849228671
12.85	20.70517708378933
12.86	20.200675288369098
12.87	20.166451193269943
12.88	19.47865402314296
12.89	19.083359947389674
12.9	18.6925113304013
12.91	18.072432201487256
12.92	17.16499806292111
12.93	17.170658221470237
12.94	16.485420335006516
12.95	16.007671997493105
12.96	15.635595867698564
12.97	14.406905303278519
12.98	14.56730736990159
12.99	14.150807070727696
13.0	13.231609689191252
13.01	13.654288723954403
13.02	12.614969625361983
13.03	11.75316379972092
13.04	11.220321707567683
13.05	10.53349741037031
13.06	10.535341696146306
13.07	9.318179717527329
13.08	9.36451410031266
13.09	8.674908607471025
13.1	8.100942191450311
13.11	7.9949509825786595
13.12	7.365073190678366
13.13	7.2643348665298415
13.14	7.022379213171532
13.15	6.326288366896669
13.16	5.602372952682181
13.17	5.310951226294179
13.18	5.366377460898263
13.19	4.991720594621625
13.2	4.603950167494488
13.21	4.407531485424771
13.22	4.416592963611187
13.23	4.522205774145099
13.24	3.991125743095592
13.25	3.5638926673433176
13.26	3.447333814722391
13.27	3.227723903501144
13.28	3.3050507622765224
13.29	3.222115668621529
13.3	3.059266883976429
13.31	2.958409355941472
13.32	2.864310343362758
13.33	3.0358885272477085
13.34	3.055269491875359
13.35	3.1610116369371903
13.36	3.4319002092095463
13.37	3.0618709067884757
13.38	3.5558606630645353
13.39	3.731184337197217
13.4	3.3214106794650657
13.41	3.6176719745831156
13.42	3.9418686010628186
13.43	3.842115329608223
13.44	4.822189240534849
13.45	5.126639715683723
13.46	5.099350368466009
13.47	5.811021129810992
13.48	5.663320059920814
13.49	6.5342207802878685
13.5	6.954513653396546
13.51	7.426778335263187
13.52	8.082135612225073
13.53	8.33714716273411
13.54	9.084138070372283
13.55	9.795523098750003
13.56	9.9171207367594
13.57	10.749237642459937
13.58	10.760935896701701
13.59	11.496745495311249
13.6	12.193496007803185
13.61	12.798279638965015
13.62	13.443308258397957
13.63	13.673277585142964
13.64	14.720388517051616
13.65	14.531240183929958
13.66	15.232307947557935
13.67	15.451115184139692
13.68	15.931343675589298
13.69	16.813458319512318
13.7	17.491311501733154
13.71	17.81667567342913
13.72	17.682090497541935
13.73	17.986249420065874
13.74	17.84044015562504
13.75	18.66980405887878
13.76	18.4827905512425
13.77	18.93861859949752
13.78	18.98032279525268
13.79	19.38451710357362
13.8	20.05237256106569
13.81	19.618721008082957
13.82	19.463681900496503
13.83	19.691181310147186
13.84	19.422890061243653
13.85	19.853189182380696
13.86	19.490600296044946
13.87	19.481929072582957
13.88	19.79209766196765
13.89	19.846066658363785
13.9	19.699379060643988
13.91	19.3017971408751
13.92	18.894221212266956
13.93	19.285386385612316
13.94	19.11687663383988
13.95	18.421171751518855
13.96	18.07811947037105
13.97	18.350584888343228
13.98	18.042935890839185
13.99	17.28430499933454
14.0	17.08888108891791
14.01	17.20160473181596
14.02	16.790361989164225
14.03	16.843730508355407
14.04	15.987645417208789
14.05	15.659944409462572
14.06	15.268635553181081
14.07	14.789988254230645
14.08	14.578645460787936
14.09	13.804084869432659
14.1	13.603811034683023
14.11	13.198219208153201
14.12	12.196850287616458
14.13	12.114426103075225
14.14	11.064831377389428
14.15	10.758243461357548
14.16	9.966856285724704
14.17	10.357790111665729
14.18	9.218216128211484
14.19	8.741879575367854
14.2	7.9428955899935305
14.21	7.489633745524286
14.22	7.273473452145099
14.23	6.48434260118089
14.24	6.418924656569278
14.25	5.537589072016923
14.26	4.945406372232573
14.27	4.744873207920958
14.28	5.163577603831707
14.29	4.554007565619798
14.3	4.007707901213457
14.31	2.9672650377371266
14.32	3.195766004337156
14.33	2.8026898792367865
14.34	2.7737970345645397
14.35	2.5830385013946886
14.36	2.365770879150233
14.37	1.7411965198025328
14.38	1.8325977250525471
14.39	1.1734177358552307
14.4	1.0331636699427902
14.41	1.2549413617815504
14.42	1.0192094294797724
14.43	0.7059218213036169
14.44	1.0305143969582355
14.45	0.5383205850053594
14.46	0.9785872611373614
14.47	1.0702474500245445
14.48	0.8642059862657399
14.49	1.5328804919534271
14.5	0.9912849410518048
14.51	0.6465269286737734
14.52	0.739094451499896
14.53	0.7569809479447469
14.54	0.7582544444753845
14.55	1.09744992853991
14.56	1.6415669069692223
14.57	1.5357302619954047
14.58	1.6389502019131343
14.59	1.5420923974288427
14.6	1.7658005228491807
14.61	2.054166341118439
14.62	1.9429411096486466
14.63	2.7977121702202226
14.64	3.0556727889303668
14.65	3.3553861201914006
14.66	3.617853253369835
14.67	4.168999736907709
14.68	4.764698694740722
14.69	5.067370224173483
14.7	5.505043054048291
14.71	5.945007968741284
14.72	6.1761567673029685
14.73	7.0165545738283575
14.74	6.730094754599892
14.75	7.229947504065506
14.76	8.235285871116306
14.77	8.304857661392175
14.78	9.199599332939707
14.79	9.942785110273721
14.8	9.903795573922357
14.81	10.50678454441881
14.82	10.789560025819663
14.83	11.438143001083413
14.84	11.153537224706565
14.85	11.54916610470922
14.86	12.062075047676762
14.87	11.965986432718122
14.88	12.86949078878485
14.89	13.048542547524413
14.9	13.072559475741063
14.91	13.536363160104472
14.92	13.721809147362704
14.93	14.166080324628217
14.94	14.76413935782534
14.95	14.524957489710332
14.96	14.541190759730478
14.97	15.07636017985648
14.98	14.875629236230473
14.99	15.367583343399193
15.0	15.344222544739782
15.01	15.1201823774309
15.02	15.454451502793443
15.03	15.244777010738384
15.04	15.43946699229665
15.05	15.393821887707178
15.06	15.8740145424899
15.07	16.063556144638163
15.08	16.196253686262175
15.09	15.97396029025073
15.1	16.00139043926556
15.11	16.355026754984124
15.12	16.278648074114333
15.13	15.892393123331356
15.14	16.227092274505825
15.15	16.453736108930286
15.16	16.29331669428326
15.17	16.352356970371797
15.18	17.016392475595115
15.19	16.091231807443705
15.2	16.124948009879517
15.21	16.305270471740165
15.22	15.822803427661558
15.23	15.977825061767263
15.24	16.352924239140346
15.25	16.34965229643337
15.26	15.949768948692164
15.27	16.32569690747402
15.28	16.324559361501294
15.29	16.405947846718934
15.3	16.03233924275198
15.31	16.088938416484616
15.32	16.180381624031227
15.33	16.26679891553143
15.34	15.862507748884449
15.35	16.065840355649133
15.36	15.284793667942413
15.37	15.462216161562612
15.38	15.608656719563017
15.39	15.233230177591983
15.4	15.210837583104375
15.41	14.577695624933902
15.42	14.776241535736235
15.43	14.312471652494512
15.44	13.963369418002806
15.45	13.254743890287347
15.46	12.806038314415147
15.47	12.641148224725008
15.48	12.433941780878675
15.49	12.045147389028067
15.5	11.403768422425026
15.51	10.807339475684849
15.52	10.141730724345408
15.53	9.973506777368925
15.54	9.415255638745812
15.55	9.245774866587992
15.56	8.161159109951424
15.57	7.69303106722639
15.58	7.5808391742842645
15.59	6.8774333525629805
15.6	6.674001246383052
15.61	6.217886160720412
15.62	5.8203691091404375
15.63	4.979991737380511
15.64	4.72409148365249
15.65	4.173247424011193
15.66	3.4375267038298496
15.67	3.254304337996776
15.68	3.071964091342151
15.69	2.542286682043567
15.7	2.3713990183671845
15.71	1.6922052968208174
15.72	1.8435122717706376
15.73	1.2589514733411347
15.74	1.3100203959822747
15.75	0.6536654275848711
15.76	1.2000544387271677
15.77	0.7515934630218701
15.78	0.8269242601818554
15.79	0.6173054302573634
15.8	0.6693957156539931
15.81	0.11065245770677523
15.82	0.5787348282192588
15.83	0.5085106563911204
15.84	0.5812932114992055
15.85	-7.071828630056398e-05
15.86	0.6998694069098812
15.87	0.4111659371113998
15.88	0.7785375736167139
15.89	0.8075590852205539
15.9	1.1552625236876575
15.91	1.309835928677898
15.92	1.1242006454567204
15.93	2.1478153787859
15.94	1.7294572397484658
15.95	1.941571511032179
15.96	2.566745159611952
15.97	2.828973872905118
15.98	3.9499716268709264
15.99	4.071557869680818
16.0	4.397193100605571
16.01	5.067651914272917
16.02	5.393916478729358
16.03	5.820855303327941
16.04	6.373891515602864
16.05	6.707735630954844
16.06	7.4535310540378665
16.07	7.397897540591349
16.08	7.968663132538375
16.09	8.71334915482078
16.1	9.790338091999168
16.11	10.039999225339328
16.12	10.159838269303064
16.13	10.764216650644446
16.14	10.924632907992105
16.15	11.562041968383689
16.16	12.229983272192154
16.17	12.772025128974569
16.18	12.856365653198385
16.19	13.449614735796278
16.2	13.354519543402484
16.21	13.956046123510383
16.22	14.29317290659207
16.23	14.337032267815907
16.24	14.684586544335826
16.25	14.572518969456393
16.26	14.64067151650538
16.27	14.890867047402553
16.28	15.106973800728161
16.29	15.669641226089498
16.3	15.021632861732032
16.31	15.453507084672953
16.32	15.543841214720908
16.33	15.327340365896752
16.34	15.368490041247245
16.35	15.686483501727578
16.36	15.549801416301595
16.37	14.940490235810094
16.38	15.29573609561369
16.39	15.103484710912722
16.4	15.194145648766884
16.41	15.168950956483856
16.42	15.1492263615372
16.43	15.26668648417417
16.44	15.355595914902436
16.45	14.95953064150401
16.46	14.802457616632244
16.47	14.752865448564306
16.48	13.63692980685924
16.49	14.340149356260671
16.5	13.406249162631248
16.51	13.072157041449827
16.52	13.263885044430573
16.53	12.488650227797535
16.54	12.292585569288384
16.55	11.70036841730599
16.56	11.399606695496239
16.57	11.154968922158757
16.58	10.336094713848324
16.59	10.187567976521642
16.6	10.123599066347174
16.61	9.205330817329875
16.62	9.154420859606308
16.63	8.52257539598352
16.64	7.90998024986006
16.65	8.034632165220687
16.66	7.294314070251941
16.67	6.93028284009681
16.68	6.500811643999323
16.69	6.050658813616121
16.7	5.715189033970037
16.71	5.024300874896277
16.72	5.1893883262559415
16.73	4.697550717029669
16.74	4.523545831103361
16.75	4.597072919863591
16.76	4.131385439015158
16.77	3.6243731360249765
16.78	3.3671245948009108
16.79	2.682217904997523
16.8	2.663731322948658
16.81	2.2525739451532867
16.82	2.5026934538222343
16.83	2.369930056849692
16.84	1.935714388511558
16.85	1.8729390785047821
16.86	1.7949665649618682
16.87	1.8322045556149225
16.88	1.4257286810843817
16.89	1.3254996745311347
16.9	1.0420478642832227
16.91	0.9406364454899678
16.92	0.9748657069734068
16.93	1.2319044161311228
16.94	1.329139126755686
16.95	1.2320359604401143
16.96	1.6947769934846648
16.97	1.2498142099924432
16.98	1.75467971777974
16.99	1.9090153736612336
17.0	2.0547095701995977
17.01	1.7993778041467778
17.02	2.464373625279155
17.03	2.7426441434908426
17.04	2.6635278897698575
17.05	2.94454846328399
17.06	3.9525935666606853
17.07	4.053565268264905
17.08	4.783761956047463
17.09	4.975719750084177
17.1	4.9639687185081165
17.11	5.926773529889021
17.12	5.89119433724598
17.13	6.633275721969725
17.14	7.275409579384557
17.15	7.503448592525562
17.16	8.3223672430135
17.17	8.141223156441567
17.18	9.080987354023437
17.19	9.374629428475401
17.2	10.249722143640867
17.21	10.551217163587081
17.22	10.591772203918836
17.23	11.489145205003284
17.24	11.88793627560446
17.25	12.57122311648226
17.26	12.991561448146951
17.27	12.75951100242688
17.28	14.319968094650886
17.29	13.52891900447581
17.3	14.584253604739176
17.31	14.77271984142869
17.32	14.707690138232751
17.33	15.507123208779314
17.34	15.384356822413306
17.35	15.577303393758994
17.36	16.238875598897653
17.37	16.334746442905583
17.38	16.567247514239238
17.39	16.212819091429928
17.4	16.97315844840851
17.41	16.917941173021823
17.42	16.659021310155943
17.43	16.977477580039512
17.44	17.547630182678592
17.45	16.580008499225176
17.46	17.28290635276938
17.47	16.615149930146902
17.48	16.9400920187491
17.49	16.38618915675856
17.5	17.04879086440082
17.51	17.049941020322912
17.52	16.39611109482942
17.53	16.6440972159129
17.54	16.45521667992138
17.55	15.7832011066593
17.56	15.49702350585275
17.57	15.730453289688613
17.58	15.540204617396167
17.59	15.125110049146633
17.6	14.598223694799497
17.61	14.628237161291933
17.62	14.132650549210771
17.63	13.896442307904465
17.64	13.544395566526097
17.65	12.637511438111233
17.66	12.100199494990308
17.67	12.259997087511866
17.68	11.557162323385922
17.69	11.74225519157788
17.7	10.357749051291563
17.71	10.164501503718526
17.72	9.730839588341446
17.73	9.415929329591275
17.74	8.896298052165458
17.75	8.355282581740063
17.76	8.257970587104243
17.77	7.627898552184133
17.78	7.342212553914535
17.79	6.9283625369130055
17.8	6.748315440906515
17.81	5.665875180730094
17.82	5.998138547061513
17.83	5.745236517037652
17.84	5.295952007838902
17.85	4.406616120787372
17.86	4.494322723912188
17.87	4.158405317249091
17.88	3.3585855900604114
17.89	3.1374255982279493
17.9	3.167017596618211
17.91	3.1707788828969337
17.92	2.274698657647842
17.93	2.416827078182659
17.94	2.6160535601072774
17.95	1.8278235886126752
17.96	2.0411957228505964
17.97	1.5358656792496341
17.98	1.8592910465186674
17.99	1.0891953508929126
18.0	0.9302495894660459
18.01	0.7337496192977995
18.02	0.9611487176125224
18.03	1.0950385892923105
18.04	1.3725859840258616
18.05	0.7985351108737702
18.06	0.372148067591938
18.07	0.7203063059876841
18.08	0.8286980370190897
18.09	1.0764431925470617
18.1	1.0880553286310832
18.11	0.7592611141450448
18.12	1.547017023229541
18.13	1.338544559505282
18.14	1.1730459825575528
18.15	2.072479352877204
18.16	1.8126214168655685
18.17	2.033561106889691
18.18	2.541629654167168
18.19	2.82111848488762
18.2	3.0080337050346433
18.21	2.896251458018714
18.22	3.7403294414488517
18.23	3.984576669285933
18.24	4.298501454559026
18.25	5.0134421320004785
18.26	4.706932734607986
18.27	5.8352819105963425
18.28	5.984718985970063
18.29	6.1927788881733585
18.3	7.439732982485874
18.31	7.429337363758674
18.32	7.866247434850761
18.33	8.421018624324832
18.34	8.672119017466175
18.35	8.691537713456302
18.36	9.728808560559196
18.37	10.466702823747775
18.38	10.558962711643277
18.39	11.512985622420715
18.4	12.316483232787952
18.41	12.356723277882663
18.42	12.492256461727022
18.43	13.193748817017765
18.44	13.067795139840042
18.45	13.843753594000347
18.46	13.939371982753775
18.47	14.471467138071242
18.48	14.513381721927251
18.49	14.498471061323327
18.5	14.966184450029427
18.51	15.328178402870632
18.52	15.556428627235292
18.53	15.550843145126597
18.54	15.548219230767229
18.55	15.61627313363152
18.56	16.01830835174133
18.57	16.094280866673444
18.58	16.24721947656096
18.59	16.070277618861905
18.6	16.354259744947722
18.61	16.21168797019157
18.62	16.65808445327956
18.63	16.035908295476606
18.64	16.18356475609624
18.65	16.39481270098407
18.66	15.57882921662281
18.67	15.838359802582533
18.68	15.364515155330663
18.69	15.671101230988734
18.7	15.434195879619685
18.71	15.286411089049968
18.72	14.887962193290942
18.73	14.612754964016075
18.74	14.447581498969457
18.75	13.811616862187769
18.76	13.27390538693196
18.77	12.991057328904244
18.78	12.497094099349003
18.79	12.616141832884745
18.8	11.986133643594526
18.81	11.634090628231597
18.82	11.0955614931394
18.83	10.800918684648984
18.84	10.058922802360298
18.85	9.928525048804078
18.86	9.229262777243605
18.87	9.419515236130419
18.88	8.612783948244436
18.89	7.8656751773466835
18.9	7.523602318615176
18.91	7.2006261491925665
18.92	6.693069566791734
18.93	6.187295689496363
18.94	5.626719715000786
18.95	5.454772631274923
18.96	4.650611764535708
18.97	5.0083653309080365
18.98	4.553290964343496
18.99	3.520233541924736
19.0	3.7282929793278576
19.01	3.508104056227696
19.02	3.3228733128877925
19.03	2.86641109974488
19.04	2.594490364054758
19.05	2.367473385376296
19.06	1.8068560747441653
19.07	1.6771378182277246
19.08	1.3503087888885217
19.09	0.4626052016280261
19.1	0.837355966244816
19.11	0.8365006261656511
19.12	1.0782199658067997
19.13	0.1451335114100895
19.14	0.5329809889396543
19.15	0.6352192653136226
19.16	0.3880424713768955
19.17	-0.14247830066696532
19.18	-0.06291715887493757
19.19	0.08569728995792271
19.2	0.014475064839169443
19.21	0.08208510472448569
19.22	-0.23588656816876197
19.23	0.02791674255550111
19.24	0.5687357622890942
19.25	0.19768729950706
19.26	0.90399645893012
19.27	0.8015413474408973
19.28	1.0987391378995623
19.29	1.2071297383535695
19.3	1.798948793163591
19.31	1.1469354062151331
19.32	1.9673831213824629
19.33	2.3392500219171346
19.34	2.8439128808455725
19.35	2.6533686734995876
19.36	2.98355483114383
19.37	3.6233071213988763
19.38	4.487108773033511
19.39	4.997143529093578
19.4	5.0763261050858715
19.41	5.600248993434146
19.42	5.83922146414854
19.43	6.542434457418354
19.44	7.1470874973340734
19.45	7.706336151890893
19.46	7.815826360971751
19.47	8.158959192899461
19.48	8.788547109074726
19.49	9.897674535529411
19.5	10.264923357194998
19.51	10.232711069256268
19.52	10.78857864566605
19.53	11.488246123765238
19.54	12.153793854463471
19.55	12.233489006350839
19.56	12.501662573330055
19.57	13.134091915398427
19.58	13.542648288069623
19.59	13.95027401451567
19.6	14.509241287426299
19.61	14.748232105749702
19.62	14.9605315829318
19.63	15.7297478123507
19.64	15.999346714909374
19.65	16.67820088187261
19.66	16.551292016750235
19.67	16.51973571516842
19.68	16.479931203270965
19.69	17.254537764190406
19.7	17.340657078677495
19.71	17.44628939123906
19.72	17.63811774664007
19.73	17.900684315984254
19.74	17.989601729702606
19.75	18.037364925017176
19.76	17.495119014352156
19.77	17.665082303835742
19.78	17.976444807827907
19.79	18.18138707578268
19.8	17.771220151574173
19.81	18.382223790319667
19.82	17.9384208602491
19.83	17.86908874736645
19.84	17.689849084069845
19.85	17.939695171885905
19.86	17.32018762233799
19.87	17.308675325133226
19.88	17.17359879556955
19.89	16.591462511032308
19.9	17.083518657658573
19.91	15.908867172333832
19.92	15.87249484156744
19.93	15.469726398746978
19.94	14.552352555452336
19.95	14.484964014547435
19.96	13.99834288902155
19.97	13.312282603812754
19.98	13.287251689027165
19.99	13.045227824151596
20.0	12.17231371518027
