10.01	2.7466676550300106
10.02	2.9128462959021766
10.03	2.945571957904749
10.04	3.3045685109697573
10.05	2.941156202187382
10.06	2.944564335396299
10.07	2.8812965624082842
10.08	2.771888750020975
10.09	3.0597812585180852
10.1	2.895430492068645
10.11	3.1597404505321256
10.12	2.967418595132804
10.13	2.789474771101243
10.14	3.093132389388529
10.15	3.177909902130386
10.16	2.794509144439627
10.17	2.5305957728395683
10.18	2.0649419067815065
10.19	2.4704975109106533
10.2	2.2831849356127236
10.21	2.3830788165981547
10.22	2.39904655363081
10.23	2.423081369974225
10.24	1.799530441951768
10.25	2.0735864764323964
10.26	1.7306161802782176
10.27	1.765436385789661
10.28	1.404052798577674
10.29	1.148124605586386
10.3	1.5659733407695342
10.31	1.5685584304696258
10.32	1.3378933554223094
10.33	0.9958696671915699
10.34	1.2409387916617738
10.35	0.8222426256870862
10.36	0.826282160352762
10.37	0.4762528400981747
10.38	0.7257400443131502
10.39	0.5671231842976686
10.4	0.14772749352341474
10.41	0.4240288716158282
10.42	0.5327012841468096
10.43	0.5098912730208827
10.44	-0.06039102658389515
10.45	0.28545097132109226
10.46	0.6922316592902902
10.47	0.4177685689505817
10.48	0.4829256747244196
10.49	0.027658387375758844
10.5	0.028340065568458597
10.51	-0.06099793512363172
10.52	0.07499742454888926
10.53	0.0072545706159493325
10.54	-0.16215106212682256
10.55	0.23847248808988897
10.56	-0.08963249484561042
10.57	0.031030309747144214
10.58	0.18510586200816956
10.59	0.49708276772862836
10.6	-0.2404993248108146
10.61	-0.2794020773989832
10.62	0.0844593366118675
10.63	0.05038363595065744
10.64	0.09903090038733776
10.65	-0.285333985032173
10.66	0.09344194070633449
10.67	0.44059431017048983
10.68	0.28207903349876806
10.69	0.23168367241393942
10.7	0.430022272121293
10.71	0.19013521609485284
10.72	0.603496125254262
10.73	0.8175435544752332
10.74	0.18498451885197287
10.75	0.6334976143641976
10.76	0.5814108930506474
10.77	0.8748438172922991
10.78	0.701669806175554
10.79	0.5734779225839952
10.8	0.8459630434090986
10.81	0.8318874795718283
10.82	0.7993146738508063
10.83	0.8673722527311655
10.84	0.45431465922602754
10.85	0.647028313749446
10.86	0.9438447399415286
10.87	0.7889449914017033
10.88	1.0039467567719678
10.89	0.7632914981334411
10.9	0.9378684408094579
10.91	0.5465232173972722
10.92	1.3839968394788806
10.93	1.0593262699883301
10.94	0.20912846775249672
10.95	1.1053267807574247
10.96	0.3711312775683464
10.97	1.285978526535535
10.98	1.1487483418465612
10.99	1.2947060982884606
11.0	1.1836063228223361
11.01	0.8897986849945055
11.02	1.0775335228289866
11.03	1.2844470353242674
11.04	0.9454805310567721
11.05	1.1861167002953157
11.06	0.49209318784598455
11.07	0.6328356856483295
11.08	1.261661240613738
11.09	1.2973411171079192
11.1	1.071117099651597
11.11	0.5508191199392984
11.12	0.4706181022355362
11.13	1.0252089725115223
11.14	1.194467128434336
11.15	0.7663903705008586
11.16	0.49656673428338
11.17	1.5027184246871728
11.18	1.0054652717187385
11.19	1.3011052445361737
11.2	0.8002258985413583
11.21	1.023872894825863
11.22	0.8942544943890548
11.23	0.8802593910292541
11.24	1.0034928551934583
11.25	0.9528301563703059
11.26	1.4281203958851054
11.27	1.125805030461788
11.28	0.9878368505751446
11.29	1.2887034931290169
11.3	0.8582378967743874
11.31	1.1211250104053394
11.32	1.1196008930691164
11.33	0.9401744623592377
11.34	1.7626642359546136
11.35	1.4979899800606566
11.36	1.77843694472659
11.37	1.9083745614991676
11.38	2.194945290240812
11.39	1.9034041857305801
11.4	1.4592618149885446
11.41	1.4372875723554313
11.42	1.7939114830604859
11.43	1.6163585364204827
11.44	1.9831346963375125
11.45	2.0158929502430056
11.46	1.5416192848075512
11.47	2.004478524859082
11.48	1.7846248878267108
11.49	1.8168607180910863
11.5	2.483072443190351
11.51	1.9196668599283901
11.52	2.572754813843138
11.53	2.459332418596231
11.54	2.527133460468331
11.55	2.455373067213389
11.56	2.321436913940314
11.57	2.555647819544135
11.58	2.765795904118404
11.59	2.6937569000273918
11.6	2.607088165748602
11.61	2.826938270279763
11.62	2.541681770036255
11.63	2.4069876684459546
11.64	2.8712871742037165
11.65	3.005182082237775
11.66	2.6292731109117815
11.67	2.9312564384024484
11.68	2.739029366375407
11.69	2.8019458979221263
11.7	2.6977695607255665
11.71	2.8219119035334868
11.72	2.391432050861069
11.73	2.271560097403584
11.74	2.6363115472772067
11.75	2.874047546079227
11.76	2.5818399123411053
11.77	2.595773454403586
11.78	2.858637700878795
11.79	2.4311168177604
11.8	2.484505277494722
11.81	2.6005053874843638
11.82	2.1731319062762124
11.83	2.6498766853831293
11.84	2.1166068767216877
11.85	2.1196731307828354
11.86	2.3593554606095766
11.87	2.384567327223779
11.88	2.103584990085094
11.89	2.0349352262631797
11.9	2.055239518675824
11.91	2.20548945968858
11.92	2.4136728553095135
11.93	2.008432317903351
11.94	1.595797443736819
11.95	2.060482474525523
11.96	2.4237351276569203
11.97	1.882334814736643
11.98	2.2787398268058845
11.99	2.267017926897933
12.0	2.524887851099937
12.01	2.1321748756040653
12.02	2.2105437176402316
12.03	2.175684545583718
12.04	2.415261095348474
12.05	2.0494207816796264
12.06	2.294910692919749
12.07	2.073028919146025
12.08	2.275057709827628
12.09	1.9438071474070335
12.1	2.3381890957026745
12.11	2.2607896599593005
12.12	2.3766737491162693
12.13	2.0183753102643998
12.14	2.1361672088391472
12.15	2.0330470374050806
12.16	2.0467905893038227
12.17	1.7808333923576214
12.18	1.943399527384191
12.19	2.2514969757716843
12.2	1.9678848929897454
12.21	1.7001103433009412
12.22	2.1187177523955816
12.23	2.2189226524120134
12.24	1.8580997031856277
12.25	2.1351262358341065
12.26	1.945954298027197
12.27	1.7312514345086079
12.28	1.279128905290371
12.29	2.103686404826266
12.3	1.1766338099513043
12.31	1.4334877894700155
12.32	1.379770155860288
12.33	1.719224719622115
12.34	2.2732846492056518
12.35	1.8744863417097375
12.36	1.8144181239470853
12.37	1.814707921150341
12.38	1.4449247443791153
12.39	1.7431688835719363
12.4	1.4529408478268047
12.41	1.8880309969089573
12.42	1.5170891462972569
12.43	1.402721088337819
12.44	1.7841948814940032
12.45	2.030962492588017
12.46	1.2825562000111919
12.47	1.409890201877794
12.48	1.6458374782262086
12.49	1.6573749267330742
12.5	1.6334969902400036
12.51	2.0633005563244966
12.52	1.8286410849460748
12.53	1.7112599580350085
12.54	1.682477333004771
12.55	1.8447210297493353
12.56	1.8130307278354925
12.57	2.3802411375431927
12.58	2.2279054834073215
12.59	2.3435366353608527
12.6	2.406656742902018
12.61	2.1385154529041475
12.62	2.823174678484427
12.63	2.498216630431534
12.64	2.3214469695515367
12.65	2.3769724618132253
12.66	2.2265257065027404
12.67	3.1252547023575223
12.68	2.7369010501894495
12.69	2.946711577179738
12.7	3.1507871872007187
12.71	3.174223841650626
12.72	3.447028610188064
12.73	3.0881189093027825
12.74	3.150697906843952
12.75	3.2434388378879753
12.76	3.0915313808694505
12.77	3.6582588492281585
12.78	3.410374890627998
12.79	3.6160615023722285
12.8	3.226247966479895
12.81	3.311287947601282
12.82	3.847135019244909
12.83	3.2384318838219337
12.84	3.3712176383035906
12.85	3.5510117759181044
12.86	3.5969981516854226
12.87	3.4123815946116736
12.88	3.270905397255502
12.89	3.8142419621030643
12.9	3.3104217498765247
12.91	3.9389690399326525
12.92	3.5216596156960556
12.93	3.4240607699783774
12.94	3.1109078412806466
12.95	3.5495999125097097
12.96	3.219937267072776
12.97	3.3506644503221845
12.98	3.6804285702983703
12.99	3.337318898127843
13.0	2.97421505565743
13.01	3.535598623849689
13.02	3.5274602326513462
13.03	3.3776623824963874
13.04	3.4593829863917103
13.05	3.6091229871399757
13.06	3.32882812241267
13.07	3.413093067082528
13.08	2.8304842954396277
13.09	3.1288308514218954
13.1	3.3260951359951405
13.11	3.131026387141983
13.12	2.9053679489481903
13.13	2.82741822862002
13.14	3.0585529999206487
13.15	2.240489817442592
13.16	3.07562493596262
13.17	2.488477601108479
13.18	3.168879653417581
13.19	3.080914624072256
13.2	2.505258352995986
13.21	2.665886131093301
13.22	2.4456099695416835
13.23	2.4215430292052873
13.24	2.7832970931107255
13.25	2.8743819085701334
13.26	2.3237329270731535
13.27	2.6501064072472746
13.28	2.5202609169768424
13.29	2.557753786113272
13.3	2.882871639267239
13.31	2.2567163521360323
13.32	2.3356749543496544
13.33	2.228110518365314
13.34	2.1346711896984054
13.35	2.435768046782262
13.36	2.202450386181197
13.37	2.628326616740062
13.38	1.6866827433888594
13.39	2.402362055146319
13.4	2.4903425309534404
13.41	2.199783267066476
13.42	2.109949587707649
13.43	2.3625877405376623
13.44	2.4102799212452206
13.45	2.0453226911112408
13.46	2.1551858114478954
13.47	2.2555966068408457
13.48	2.330367935021211
13.49	2.2941877280889296
13.5	2.6894195404397907
13.51	2.3144384972759724
13.52	1.944717893766875
13.53	2.5166039794738735
13.54	2.5140653841120426
13.55	2.320099028394886
13.56	2.348488286914041
13.57	2.5701190550586976
13.58	2.4819441955490738
13.59	2.2631448811050086
13.6	2.4304769471013317
13.61	2.7408480539604856
13.62	2.5318412791587135
13.63	2.2566744202049778
13.64	2.591124168996553
13.65	2.7835092666484473
13.66	2.4980570713592285
13.67	2.5389875069657677
13.68	2.9122399019355867
13.69	2.4747139958967304
13.7	2.321736271220596
13.71	2.832148875723429
13.72	2.3379805560321287
13.73	2.87748475533642
13.74	2.51793999697714
13.75	3.0052680646306826
13.76	2.459197136843932
13.77	2.3122447823082553
13.78	3.301992087942243
13.79	2.5017527936822543
13.8	2.295264751979033
13.81	3.0697477273145606
13.82	2.4511154558958044
13.83	2.876343324867639
13.84	2.4969008903052035
13.85	2.9173005725322976
13.86	2.9549788339407215
13.87	2.659364330549475
13.88	2.5026614860910104
13.89	2.85138303866294
13.9	2.262312856065304
13.91	2.4586904191763295
13.92	3.111957076244116
13.93	2.6803036313664763
13.94	2.342722316926947
13.95	2.7369122089517512
13.96	2.201475560901903
13.97	2.0422564870260613
13.98	2.1469329982482686
13.99	2.2411916195034127
14.0	1.390891727258838
14.01	1.7513975358537537
14.02	1.7262857108691707
14.03	1.6401649684109518
14.04	1.186887792285592
14.05	1.9555161588021976
14.06	1.4299977802726234
14.07	1.855083834454577
14.08	1.7909806890255033
14.09	1.586850742994863
14.1	1.4323939830767058
14.11	1.5194697683329157
14.12	1.2532194399665924
14.13	1.1013786915955905
14.14	1.6660920249710975
14.15	1.5321547721728817
14.16	0.9519351481287375
14.17	1.2415729438950238
14.18	1.305270833872945
14.19	1.7275572105086148
14.2	1.4063325945625698
14.21	1.4367054692458956
14.22	1.3075360253548554
14.23	1.0292767441533852
14.24	1.3230400930437196
14.25	1.6331089144592372
14.26	1.1912006458869058
14.27	1.8510998953945996
14.28	1.1098346474461107
14.29	1.2754723042758638
14.3	1.2500905819660584
14.31	1.2703459253667768
14.32	1.281190939285473
14.33	1.6110556701318555
14.34	1.4468743372756614
14.35	1.3993061711521826
14.36	1.759622651891653
14.37	1.4934451216378974
14.38	1.2947745437096156
14.39	1.617796100296709
14.4	1.942834944431961
14.41	1.3954586715873178
14.42	1.5945287880551058
14.43	1.4143842471463506
14.44	1.5706431811355817
14.45	1.4223533193299445
14.46	1.508355365799674
14.47	1.2314906075656498
14.48	1.461225367011652
14.49	1.9500698960752596
14.5	1.5806072388737078
14.51	1.522251815919046
14.52	1.7429124822991375
14.53	1.667502249555089
14.54	1.3529660641681143
14.55	1.9119476891867226
14.56	1.7917767597975491
14.57	1.4510589747228024
14.58	1.5173150329245189
14.59	1.9357607916939523
14.6	1.4129865635685996
14.61	1.5942501872255328
14.62	2.0714554376260232
14.63	1.880820086256619
14.64	1.5364901362608687
14.65	2.0975848960216763
14.66	1.5204689047222997
14.67	2.305924776165016
14.68	1.4082692365262905
14.69	1.9965203856194644
14.7	2.1354893847318066
14.71	2.248637868847437
14.72	1.8868898327364736
14.73	2.414277392573325
14.74	2.5738519428427695
14.75	2.242243463945786
14.76	2.408557186043757
14.77	2.331431051533551
14.78	2.4020658857553947
14.79	2.0761662027064474
14.8	2.5765880043276055
14.81	2.421064441691535
14.82	2.391598182667152
14.83	2.66387226162327
14.84	2.2779608737010784
14.85	2.251510798756123
14.86	2.3516221457205346
14.87	2.0932615839231636
14.88	2.0538553651114193
14.89	2.547386033567471
14.9	2.2540234303672784
14.91	2.0983600389958674
14.92	2.751054593697861
14.93	2.295995791557647
14.94	2.150973134055174
14.95	1.9472959545894168
14.96	2.623528576187281
14.97	2.218641529862277
14.98	1.9373899477240046
14.99	1.9897564478057896
15.0	1.7439726901918378
15.01	1.605575684073438
15.02	1.6500139834188547
15.03	1.986558738601309
15.04	1.3402992702733727
15.05	1.3497852190685502
15.06	1.4267482221791457
15.07	1.6636896674908783
15.08	1.633519475767863
15.09	1.7553393549107703
15.1	1.710308266965296
15.11	1.8805937847084346
15.12	1.5957285275172963
15.13	1.4240314162003096
15.14	1.4706002565092013
15.15	1.5191059458440888
15.16	1.3215076108820885
15.17	1.5838644499805015
15.18	1.1632845675172052
15.19	1.5260526804485959
15.2	1.7461791882610576
15.21	1.3691132320416868
15.22	1.049490815869536
15.23	1.4975470957941668
15.24	1.2747139119796447
15.25	1.1492575265458664
15.26	1.634956278879062
15.27	0.9499240394767647
15.28	1.4108772020368927
15.29	0.97241335911692
15.3	1.0768415205297897
15.31	1.1474033838709348
15.32	1.6649399996913035
15.33	1.2958935382133212
15.34	1.2209144333503141
15.35	1.4279876997507346
15.36	1.2499060202660348
15.37	1.2495904492119498
15.38	1.036551148236197
15.39	1.1615185952992657
15.4	1.148064456967795
15.41	1.0805804862212987
15.42	1.1895914046843004
15.43	1.2948130494443986
15.44	0.8972353628451843
15.45	1.200925407510575
15.46	0.7817167008291709
15.47	1.2272518241827277
15.48	0.9995590789580064
15.49	1.0860600872549118
15.5	0.6672622257975936
15.51	0.7803401861912633
15.52	0.707184259271698
15.53	0.8450216023741071
15.54	0.603481673127612
15.55	0.777113146724221
15.56	1.4144028963076238
15.57	0.5978351871643915
15.58	0.9938491576903765
15.59	1.0663892942386084
15.6	1.2766966194432026
15.61	1.0804046195749741
15.62	0.9126411512516064
15.63	0.974752007133662
15.64	0.7167413117471781
15.65	0.9794568296473525
15.66	1.2790076881816141
15.67	1.0246486872524385
15.68	0.8656779086406349
15.69	1.0034116456887203
15.7	0.7889212021117535
15.71	1.3542032123319145
15.72	0.8508627374070443
15.73	1.085550291880346
15.74	1.2087101560947038
15.75	1.400467292131839
15.76	1.2723834219487091
15.77	1.711765642137967
15.78	1.578110330400881
15.79	1.3620226344399182
15.8	1.7744604088512208
15.81	1.7565566886026633
15.82	1.0887095198066208
15.83	1.6804119247298772
15.84	1.8967049085811956
15.85	1.6535436826493264
15.86	1.810469839972738
15.87	1.7542309716155504
15.88	1.5776938671202347
15.89	1.879161053651105
15.9	1.419003664179431
15.91	1.671212417892654
15.92	1.3967460147780708
15.93	2.1263388798526504
15.94	1.530607294694312
15.95	2.127935592937616
15.96	1.5078469585387888
15.97	2.3924928231783884
15.98	1.6626642824112068
15.99	1.8528306660896692
16.0	2.0474333559346563
16.01	2.0784561667590626
16.02	1.9504452467755387
16.03	1.8798977100052046
16.04	1.463905001346683
16.05	1.5457086276131977
16.06	1.3352909932810564
16.07	1.8530318672526735
16.08	1.9660756101412251
16.09	1.8079431166394682
16.1	1.876199977212825
16.11	1.4668879659885863
16.12	1.9696193943238698
16.13	1.1822400706947005
16.14	1.555935232069827
16.15	1.9329344856701476
16.16	1.5834906401944315
16.17	1.385950489184394
16.18	1.8375429150511349
16.19	1.6948384294087102
16.2	1.785031145674332
16.21	1.5840404099954006
16.22	2.082013595106704
16.23	1.5918642331506865
16.24	1.5216283728651276
16.25	1.565201594437609
16.26	1.096900856296616
16.27	1.9210168920777444
16.28	1.6401738983625105
16.29	1.3549690785379953
16.3	1.7640778693036727
16.31	1.3523126578619726
16.32	1.4311123803872747
16.33	1.1974613319338392
16.34	1.515907679961126
16.35	1.3024584244774806
16.36	1.2393611029794012
16.37	1.0929613697258325
16.38	1.5015533849684823
16.39	1.4921417371624643
16.4	1.4528026628835662
16.41	1.0406301351298175
16.42	1.4772132475601754
16.43	1.6431458699735166
16.44	1.3286160888310627
16.45	1.4408471827961176
16.46	1.1941499388289272
16.47	1.3826234999689828
16.48	1.3929645735630594
16.49	0.9916488483407608
16.5	1.3741940029526032
16.51	1.5086709612967957
16.52	1.2580351384663875
16.53	1.0489448882528207
16.54	1.349557711694449
16.55	1.1841418046225998
16.56	1.3489190204270713
16.57	1.8147864182967275
16.58	1.3419263050456767
16.59	1.3205764636123765
16.6	1.3445895143704212
16.61	1.4342004186134054
16.62	1.2190971605654992
16.63	0.8743073022232378
16.64	1.260305582844097
16.65	1.7648857316376705
16.66	1.2039742331847418
16.67	0.937843163214137
16.68	1.5400237194907418
16.69	1.3389627427173527
16.7	1.2659179098461486
16.71	1.268331006845168
16.72	1.4580181245166814
16.73	1.5520660296319506
16.74	1.4415694567718864
16.75	1.3923278021589687
16.76	1.3729012999853205
16.77	1.2682268874328018
16.78	1.0289273753437829
16.79	1.2436506347253813
16.8	1.611960919084054
16.81	1.2744276948276019
16.82	1.1631313688130593
16.83	1.3466547264529587
16.84	1.2763649350258335
16.85	1.2079847110204303
16.86	1.0139911617575486
16.87	1.394159613191234
16.88	1.3014836039392033
16.89	1.5580546277988303
16.9	1.7002963243549658
16.91	1.3436682518172625
16.92	1.3020696329601613
16.93	1.6838245173998145
16.94	1.4136807315346869
16.95	1.428948682203302
16.96	1.5034394175983627
16.97	1.8643283495871694
16.98	1.808423040281291
16.99	1.5578253719705355
17.0	1.315320190006198
17.01	1.4552187181218899
17.02	1.6340081204255634
17.03	1.6187530444560267
17.04	1.764084136168986
17.05	1.6611989733476882
17.06	1.880184688731476
17.07	1.6076905027074528
17.08	1.6680551226784017
17.09	1.5498490360032877
17.1	1.3632767813744482
17.11	2.084534413816796
17.12	1.7124550777589376
17.13	1.444030277464697
17.14	1.5417128496296457
17.15	1.5200763603945242
17.16	1.553710578708349
17.17	2.1051685071190436
17.18	1.5303284945333648
17.19	2.2092619253696797
17.2	2.7515699234254645
17.21	2.0726952309009543
17.22	1.7874926117860124
17.23	2.3066374288629925
17.24	2.65481501821066
17.25	2.0871180442673447
17.26	2.3574045134201502
17.27	2.327362872460571
17.28	2.588098371657291
17.29	2.328553425302395
17.3	2.1489731588257817
17.31	2.1083821736069575
17.32	2.2867116585674445
17.33	2.532313141017439
17.34	2.2304815243079283
17.35	2.4790391723110377
17.36	2.0496430081704893
17.37	2.241445647631948
17.38	3.115765805097382
17.39	2.8804187888148984
17.4	2.67348269201363
17.41	3.03527730808214
17.42	2.75679024522538
17.43	3.0310566665364123
17.44	2.849242106961701
17.45	2.9275776742231225
17.46	2.905143153985431
17.47	3.2997994032674614
17.48	2.498366782943628
17.49	2.8656510445467274
17.5	3.3244592206436256
17.51	2.9897156897750565
17.52	2.8032896125287294
17.53	3.0594364753689756
17.54	3.5431626470201216
17.55	3.2615078973443525
17.56	3.4149194938024383
17.57	3.5400949359205027
17.58	3.4051946313760806
17.59	3.419658193831217
17.6	3.6368627783798697
17.61	3.435804268926695
17.62	3.6715279511479304
17.63	3.2604017460083226
17.64	3.669648385265223
17.65	3.555498350797233
17.66	3.8856765506342112
17.67	3.8274280042472855
17.68	4.071547921671234
17.69	4.107128100638112
17.7	3.398764043291206
17.71	3.8362621228769864
17.72	3.54385194025784
17.73	3.6516479743333536
17.74	4.052101989122908
17.75	3.431160435487996
17.76	3.328959785483414
17.77	4.266410991469582
17.78	3.848622109902459
17.79	4.279312940807193
17.8	3.467301633551693
17.81	4.064731733664477
17.82	3.854869760653421
17.83	3.9818888800538472
17.84	3.735126550848078
17.85	4.331044513288305
17.86	4.471525703353876
17.87	4.563332419088582
17.88	4.043448144281234
17.89	4.319075163885135
17.9	4.615444291833135
17.91	4.14089493228292
17.92	4.855665631655219
17.93	4.256095240165527
17.94	4.477050974644935
17.95	4.416248674207386
17.96	4.825849016550905
17.97	4.568630878976889
17.98	4.291436009865494
17.99	4.417331349019177
18.0	4.651976447379082
18.01	4.631393762426954
18.02	4.444628110439332
18.03	4.876321392913915
18.04	4.405022385308794
18.05	4.471671200751713
18.06	4.908128151921904
18.07	4.911313437117057
18.08	5.032556155821559
18.09	4.737917468039752
18.1	4.729718547610087
18.11	4.648838593702755
18.12	4.779731943334744
18.13	4.987144343384034
18.14	4.777291220819409
18.15	4.796174462522513
18.16	4.502160031792541
18.17	4.620225761563242
18.18	4.732164780086251
18.19	4.533538940871365
18.2	4.696173154612598
18.21	4.603363983984853
18.22	4.351990444815169
18.23	4.7734134738772145
18.24	4.465138590744069
18.25	4.354956150264592
18.26	4.151229355897071
18.27	4.306577659753666
18.28	4.628201071441067
18.29	4.090332262324922
18.3	4.391400435998941
18.31	4.369346503612728
18.32	3.71325202848277
18.33	3.9103843673363947
18.34	3.97286928054383
18.35	4.182891829333435
18.36	4.095058637101564
18.37	3.943978815308209
18.38	3.5369305413229997
18.39	3.8738466592351455
18.4	3.923400045571638
18.41	3.622202980886631
18.42	3.501777992042011
18.43	3.469293654651113
18.44	3.7690576765704282
18.45	3.434328440094521
18.46	3.5841257115389578
18.47	3.578424296557444
18.48	3.3957856982538326
18.49	3.539728102650557
18.5	3.2976700950266804
18.51	3.636760226089138
18.52	3.3309901706731715
18.53	3.5121490532946997
18.54	3.096648661381426
18.55	3.2757491162979613
18.56	3.0461079457513818
18.57	2.6313800012239135
18.58	2.7854234879998288
18.59	3.2592586498348664
18.6	3.093119510881207
18.61	3.198815061362946
18.62	2.885789537171798
18.63	2.940984657538699
18.64	2.7868760875095426
18.65	2.708289653602124
18.66	2.3378751942140203
18.67	3.0667870215715705
18.68	2.434489924637179
18.69	2.153148910176589
18.7	2.77752965273519
18.71	2.2751790761720243
18.72	2.223922697134683
18.73	2.389847406666864
18.74	2.731741203915538
18.75	2.475391656421531
18.76	2.672063137474358
18.77	2.2538543524798893
18.78	2.843117763418349
18.79	3.1266874628778503
18.8	2.361926671814405
18.81	2.5076530284444734
18.82	2.825854013971474
18.83	2.717940707061199
18.84	2.3829111794451836
18.85	2.578844438195782
18.86	2.5238535292673747
18.87	2.850158722166073
18.88	2.4236995536998522
18.89	3.0728320883371096
18.9	2.4913438427149193
18.91	2.7903102763919314
18.92	2.655464155033428
18.93	2.6788966306920905
18.94	2.2574296257745514
18.95	3.0274521068914075
18.96	2.662674409765897
18.97	2.5584173464215927
18.98	2.3804124768480115
18.99	2.6111293140877314
19.0	2.706148463818125
19.01	2.596199116318474
19.02	2.275748713875951
19.03	2.7161286730791603
19.04	2.657216131251452
19.05	2.671711519635944
19.06	2.9882490767420835
19.07	2.7090758660142646
19.08	2.7982352877756083
19.09	2.5980386679159504
19.1	2.4814123525480465
19.11	2.3529985918431326
19.12	2.8239618047751467
19.13	2.647607849399912
19.14	1.9559080234813164
19.15	2.6228393316634357
19.16	2.5538348643733935
19.17	3.0191359814220213
19.18	3.231215632811841
19.19	2.3760760358938087
19.2	2.8516169724737246
19.21	2.670464853968343
19.22	2.669409166554104
19.23	2.4064337220159517
19.24	2.698790491815369
19.25	2.5421717460650344
19.26	2.258147986506687
19.27	2.6972166739617625
19.28	2.347986729154437
19.29	2.4443323804737993
19.3	2.46214175121289
19.31	2.5037117307600933
19.32	2.3894030033381655
19.33	2.5698007869562773
19.34	2.6676155464311218
19.35	2.493298373713583
19.36	2.7019297030314844
19.37	2.651803164868318
19.38	2.3629597232515103
19.39	2.5421551006589906
19.4	2.848851679020396
19.41	2.0786671207984413
19.42	2.1723091467570352
19.43	2.7496401291442263
19.44	2.4870380699232992
19.45	2.6603138092738376
19.46	2.3556886466314904
19.47	2.749899586069041
19.48	3.054817175420335
19.49	3.1524414042430697
19.5	2.921019921416971
19.51	3.0995947600148317
19.52	2.7603036579115785
19.53	2.88753686806865
19.54	3.0668855341006487
19.55	2.643597147246505
19.56	3.0849105166852215
19.57	3.1243732177777597
19.58	3.035914478018712
19.59	3.4070326881415305
19.6	3.4263942768389324
19.61	3.1991391579285486
19.62	3.4954434742424825
19.63	3.182158491461934
19.64	2.683703477301213
19.65	3.80090833907689
19.66	3.4981366939797653
19.67	3.345951327147048
19.68	3.5569615410158764
19.69	3.5085999142893565
19.7	3.6312790939165063
19.71	3.6559743515959746
19.72	3.667543917413873
19.73	3.1015719077668886
19.74	4.011761799181624
19.75	3.618285747969154
19.76	3.6539843108167753
19.77	3.571529670328286
19.78	3.6665772553393836
19.79	3.3324495703895707
19.8	4.04304350545266
19.81	3.8759715823396963
19.82	3.6390431640797902
19.83	3.6525454086206466
19.84	3.1978643634217163
19.85	3.769856223935762
19.86	3.3092298166839518
19.87	3.4449542434907054
19.88	3.8762273647801258
19.89	3.1235491280624403
19.9	3.6297415641831106
19.91	3.564565626018551
19.92	3.632957414886021
19.93	3.4493238437483384
19.94	3.2469909197112825
19.95	3.3247001977270147
19.96	3.3984125165476775
19.97	3.479006637639203
19.98	3.5379415553592946
19.99	3.360806999184204
20.0	3.0043972427837393
