10.01	2.8786967812243813
10.02	3.269450098744726
10.03	2.9398633598011883
10.04	3.4016243098517913
10.05	2.989222105185701
10.06	2.822372031259238
10.07	2.7509637757933585
10.08	2.3342493914750553
10.09	2.6079708422875085
10.1	3.274777207103397
10.11	2.872100837718907
10.12	2.6844596010011372
10.13	3.364988777989894
10.14	2.033551316123557
10.15	2.6804969501803204
10.16	2.4633060781609526
10.17	2.105426079440202
10.18	2.6891149937956302
10.19	2.1528108332705425
10.2	2.442882870564366
10.21	2.869945174348633
10.22	1.9996149203692153
10.23	2.0484017437744586
10.24	2.4529095581358167
10.25	1.6599811063397674
10.26	0.82903905532716
10.27	1.5720050486186163
10.28	1.3293216995428605
10.29	1.0623173021058243
10.3	0.7822694516188776
10.31	1.872604670030175
10.32	1.222155313192157
10.33	1.0015887954792857
10.34	1.0144612506414645
10.35	0.9764041239562609
10.36	0.5873524698920274
10.37	0.29966699171250105
10.38	0.6113531416740342
10.39	1.5810308944201963
10.4	0.7426445193480568
10.41	0.30539872768436127
10.42	0.9841749627973422
10.43	1.3636269564842551
10.44	-0.07406687625130032
10.45	0.09530054139355132
10.46	0.7191282577051172
10.47	-0.308628515798091
10.48	-0.02697684249429022
10.49	-1.005633487873796
10.5	0.22322087152638187
10.51	-0.6246696325089023
10.52	0.259750902797997
10.53	0.4189001524607726
10.54	-0.24371446305799838
10.55	-0.31384375638300016
10.56	0.4737848920991284
10.57	-0.07844240119755067
10.58	0.012748642403365262
10.59	0.32116353601605524
10.6	0.7799780309478827
10.61	-0.394229194647264
10.62	-0.20074267220309933
10.63	0.5189577452626813
10.64	-0.42561367049731547
10.65	-1.0114518176163374
10.66	1.208581600412915
10.67	0.29111734074347556
10.68	0.9072113400671755
10.69	0.3776800312899352
10.7	-0.35618059602990343
10.71	0.35287456027257236
10.72	0.8334664155905664
10.73	0.9620378313169039
10.74	0.9384028420101477
10.75	0.27941342680459647
10.76	0.8410819580162349
10.77	0.7793908348750762
10.78	0.39341158026873335
10.79	0.676238978974544
10.8	1.140861391550611
10.81	0.4168933863519782
10.82	0.6042247213457614
10.83	-0.330567360694196
10.84	0.9303941295939249
10.85	0.44563083574219947
10.86	1.1987243338200113
10.87	1.513600386424137
10.88	1.0903034438946024
10.89	1.715668507076077
10.9	0.5771144079715875
10.91	1.4021654240445152
10.92	0.6131311759392342
10.93	1.326615701164035
10.94	0.08701000128537639
10.95	1.1263449775307715
10.96	0.6325205765254021
10.97	1.1212725005856459
10.98	0.8965164289545974
10.99	0.3437632143989452
11.0	0.7143480760586516
11.01	0.8136873220941868
11.02	1.933205546582712
11.03	1.549231476476292
11.04	0.8508784268098777
11.05	0.30277077652858553
11.06	1.476906821842352
11.07	0.6177195556664248
11.08	0.8887336544139772
11.09	1.482863247475103
11.1	0.847080416354706
11.11	0.6738057014610119
11.12	1.2095429203210406
11.13	1.5242976759181204
11.14	0.6595142021734846
11.15	1.1890547833899143
11.16	0.21889491146598594
11.17	1.2593163679454695
11.18	1.15503857824388
11.19	1.2347907425335105
11.2	1.3856314410892434
11.21	0.705721452019406
11.22	1.449061277728679
11.23	0.8233475150241676
11.24	1.088970298775255
11.25	1.6738813218143695
11.26	1.3686717184154211
11.27	1.543252014823075
11.28	1.477557935771087
11.29	1.6233444417298932
11.3	1.3358807644808346
11.31	0.5800674941138262
11.32	0.8552673486056533
11.33	0.9157553049639553
11.34	0.543844246793924
11.35	1.8966392872231703
11.36	2.106724064297018
11.37	2.364634028725147
11.38	1.7191253483518245
11.39	1.7542722426406505
11.4	0.5387929496621815
11.41	1.1638244117732777
11.42	1.8938660557788005
11.43	1.7377408107404093
11.44	2.082421406107328
11.45	2.5199286970797075
11.46	1.8798351328324474
11.47	2.2123210232428034
11.48	2.931790237691576
11.49	2.060275909780686
11.5	2.1164251258105224
11.51	2.499134695685951
11.52	2.526919651899637
11.53	3.2607813270457604
11.54	2.4507396283881593
11.55	3.447965038262221
11.56	2.6640372533142926
11.57	2.249836812656956
11.58	2.987709039031779
11.59	3.188929043965005
11.6	3.7772782296945704
11.61	1.5736631837683377
11.62	2.4959786553219327
11.63	1.76086729055312
11.64	2.782972043927934
11.65	2.7876512080274756
11.66	2.195139929451332
11.67	2.871749890001029
11.68	2.7528649237436533
11.69	3.3560575399445534
11.7	3.3334956762256787
11.71	3.1577126135850166
11.72	3.066562493588174
11.73	2.398942297901729
11.74	2.6689941671564115
11.75	2.5529994864897936
11.76	2.397522976976598
11.77	2.601403273549192
11.78	2.6587941048525123
11.79	2.621108673278808
11.8	2.030909200592932
11.81	2.241137798074066
11.82	1.7886744771827874
11.83	2.461591541251083
11.84	1.638582523261651
11.85	1.8087751539769528
11.86	2.5020386993590855
11.87	2.2041899511792313
11.88	1.6441756611817937
11.89	2.1487516826873403
11.9	2.6047822832612892
11.91	1.2641280630656886
11.92	2.639108848057974
11.93	2.5852895874963195
11.94	1.3486744492793634
11.95	1.9742966264129902
11.96	1.4862978397651603
11.97	1.4499210010491677
11.98	1.9034562909837578
11.99	2.075519756413036
12.0	2.6334473690892475
12.01	1.654953234320319
12.02	3.442894338421321
12.03	2.200822324693356
12.04	2.353681507994266
12.05	2.243451663698768
12.06	1.8020113541666543
12.07	1.4585720277465957
12.08	2.3831625703694113
12.09	2.6268619446895634
12.1	2.534968553834637
12.11	1.6732048954288632
12.12	1.5962282136294947
12.13	2.1437017926769664
12.14	1.975891283324313
12.15	1.577064126658347
12.16	2.304878970779715
12.17	1.9618528077491324
12.18	2.3494067966741277
12.19	2.1743198932836694
12.2	2.4150277768620243
12.21	1.5994446540300145
12.22	2.806747257598611
12.23	1.7018704837349774
12.24	2.0088448230029345
12.25	1.4419468805070856
12.26	2.189760952601882
12.27	1.5742543959724895
12.28	1.7659092300390324
12.29	1.7052122485575316
12.3	0.772241855754865
12.31	1.336055185846307
12.32	1.6523122102623442
12.33	2.1632564986086136
12.34	1.3582301688559717
12.35	2.0021425170513463
12.36	2.2670399913069876
12.37	1.8429148049150668
12.38	2.028914147676525
12.39	1.1790325714055205
12.4	1.983384672957134
12.41	2.214898402930275
12.42	1.6607152748058347
12.43	1.3241747083142152
12.44	1.9570129331309083
12.45	2.8655830825991555
12.46	1.5840186181418923
12.47	1.1775692130355915
12.48	2.1444834449391545
12.49	1.2905800968368435
12.5	0.5379369901361482
12.51	2.5429950797173313
12.52	0.6891338099128647
12.53	2.2301167891794913
12.54	0.8613350888560989
12.55	1.1269483654343884
12.56	2.123051262426373
12.57	1.805708497277708
12.58	2.0768973938888684
12.59	0.9412096384485749
12.6	2.215314086335305
12.61	1.6563974549304241
12.62	2.6783983909969775
12.63	2.119033078775904
12.64	2.5615371398384768
12.65	2.383971711360884
12.66	2.9539291639274396
12.67	3.3782811646693967
12.68	2.424612165146969
12.69	2.8880130196256175
12.7	2.842104175968903
12.71	3.990758411938147
12.72	3.4922088807697453
12.73	3.596030150837908
12.74	3.3430960096395492
12.75	2.882388877691882
12.76	3.85589724163127
12.77	2.185105307002476
12.78	3.2742812939471766
12.79	3.818529871766738
12.8	3.939309853236238
12.81	3.653659224451116
12.82	3.3873450794064013
12.83	2.9735737917417264
12.84	4.300466124669356
12.85	3.921630075825438
12.86	3.219901947386874
12.87	3.132567308518426
12.88	3.07878519700342
12.89	3.3070742749416024
12.9	3.528282187592473
12.91	4.403238064771705
12.92	2.531338856898113
12.93	4.073866548845131
12.94	2.5555179440370788
12.95	3.4371658139265024
12.96	2.9855935376704172
12.97	3.748345107303324
12.98	3.2618020744619987
12.99	2.8377785815971666
13.0	3.1324366736950777
13.01	2.974998776678696
13.02	2.778546110539235
13.03	3.5823635698047718
13.04	3.7885167321344344
13.05	3.2550537211828248
13.06	3.8077335258278855
13.07	2.4273473919794664
13.08	3.465827436644
13.09	3.2864802063060203
13.1	2.436659495494805
13.11	3.395206860994715
13.12	3.5793554992502474
13.13	2.6112885121043865
13.14	2.1929104572260023
13.15	3.064363964545289
13.16	2.600751411579291
13.17	2.9550000101403358
13.18	2.87416602532713
13.19	2.3558823932876223
13.2	3.268536261668863
13.21	1.8887060269097096
13.22	2.3943257205243453
13.23	2.077088319630607
13.24	3.3290565800619967
13.25	2.231074264621595
13.26	2.4992524057336105
13.27	2.5515914899988412
13.28	2.1646315734683106
13.29	2.415686310754868
13.3	2.458353010578896
13.31	2.441005129343593
13.32	1.97218202456869
13.33	1.5392733525847788
13.34	1.4768578828742651
13.35	1.614946423653779
13.36	2.1077516016886158
13.37	2.4130046584922837
13.38	1.4118814644670452
13.39	1.7624579695901132
13.4	3.0523082018539847
13.41	3.0780327586794014
13.42	2.239814816231418
13.43	2.3936899926736177
13.44	2.0878497898404937
13.45	2.731774331643742
13.46	2.788323599978734
13.47	1.728851002711844
13.48	2.227337421716625
13.49	1.9536682711500502
13.5	3.245336779682389
13.51	1.9542066602176744
13.52	2.1651074980407703
13.53	1.836533643318038
13.54	3.097359241919749
13.55	2.4471263454839627
13.56	2.750015225741549
13.57	3.0489215235071905
13.58	2.430684712160307
13.59	1.9928517680927569
13.6	2.363192464711369
13.61	2.0243428977539115
13.62	2.418792117743652
13.63	2.226636561504254
13.64	2.875379754559151
13.65	2.8224115101049807
13.66	3.1171133626449543
13.67	2.7513653882526494
13.68	2.3533013404952827
13.69	2.6951035808421806
13.7	3.6457511577982578
13.71	2.392875328866955
13.72	2.548381911897926
13.73	2.7089177279841055
13.74	2.84112435343375
13.75	2.7696452167185117
13.76	2.073950662661091
13.77	2.915025278562928
13.78	2.644977101545447
13.79	2.6278946960430685
13.8	2.8429926024114467
13.81	3.9066811012867104
13.82	3.0766591947277484
13.83	2.043561823708324
13.84	2.8820071460750456
13.85	3.031967471110603
13.86	2.5180229063269
13.87	2.907487278866478
13.88	1.7026343458115316
13.89	4.357999414837272
13.9	2.3572373563392417
13.91	3.458828669508474
13.92	2.3353945887280463
13.93	2.3866470611280746
13.94	1.291387433944728
13.95	2.8081401843957963
13.96	2.1075742820037866
13.97	1.7307197316705614
13.98	2.633423202369399
13.99	1.8470794039958647
14.0	1.419402881910762
14.01	1.724353971040883
14.02	1.4834238594788558
14.03	2.2584889032641646
14.04	1.842297917459532
14.05	1.8175356777136902
14.06	1.587706377710893
14.07	0.7990178789956547
14.08	1.9812379527366843
14.09	2.337383444280002
14.1	0.34711028743393935
14.11	1.3112051666235316
14.12	0.7238803177976931
14.13	0.4706528488827104
14.14	1.5528230113637342
14.15	2.045166491220356
14.16	0.6589482622086723
14.17	2.063862949985389
14.18	1.8033591406485698
14.19	1.459539664313016
14.2	1.2671945507404452
14.21	1.2032087268354295
14.22	2.1651751740366922
14.23	1.1079177071511501
14.24	1.4525712053331115
14.25	1.3480241166847082
14.26	2.3250208489147126
14.27	1.273023769897484
14.28	1.1980715265609971
14.29	1.2733899322683815
14.3	1.9064450902521368
14.31	1.2760160837656864
14.32	0.5756513234473342
14.33	1.0293620008970534
14.34	2.527933882134135
14.35	1.256583459231447
14.36	1.3635302435078758
14.37	1.4214553674257733
14.38	0.8651529215108469
14.39	1.1365788683102265
14.4	1.2057023137684733
14.41	1.4748091919311461
14.42	1.8928932285449476
14.43	2.060855657205672
14.44	1.570535212467911
14.45	1.6421264606562016
14.46	2.048334416671014
14.47	1.053022593796956
14.48	1.628646020696742
14.49	0.9677616843285195
14.5	0.9162149795074354
14.51	1.4967629885316525
14.52	1.7742860600198587
14.53	1.3117721586791702
14.54	1.4257746544488064
14.55	1.0074009267749897
14.56	0.99848596060918
14.57	0.9717635335876451
14.58	2.2829536579775005
14.59	2.7781598006418284
14.6	1.9044422774422198
14.61	1.4264997457424895
14.62	1.1620188365606847
14.63	1.6575206697420932
14.64	1.8522163272018928
14.65	1.1402849315700267
14.66	1.6638156776042932
14.67	2.329708341058949
14.68	2.127307847758855
14.69	2.634138266721292
14.7	1.980899974211163
14.71	2.2986857767051925
14.72	2.1917976621772373
14.73	3.2535813982063564
14.74	2.122916631653617
14.75	1.8863639964921841
14.76	2.9826480623403118
14.77	2.5978677179892915
14.78	1.9827676625107193
14.79	1.4211475338001347
14.8	1.4766294363366035
14.81	2.8269126493138588
14.82	3.1394497075716075
14.83	2.1535829680539833
14.84	2.695055144813831
14.85	1.7663780419640984
14.86	3.771321602505263
14.87	3.1819434581965393
14.88	2.0053013642381115
14.89	2.508378746177309
14.9	2.7789638256785127
14.91	1.114168657521514
14.92	2.4134919239629906
14.93	1.7313374117220268
14.94	1.9168039840580124
14.95	1.7738737107147826
14.96	2.219311124213836
14.97	2.368409827015001
14.98	2.0159115633359095
14.99	3.226749387932446
15.0	2.035221632554206
15.01	1.5267281034651554
15.02	2.4595971659936207
15.03	1.8729368951603353
15.04	2.40984571861269
15.05	1.302628968437818
15.06	2.0419148994762306
15.07	1.2597256971689315
15.08	2.178305881557394
15.09	1.6360041507544958
15.1	0.9527764815089546
15.11	2.533094775304457
15.12	1.166067048144714
15.13	1.837735262012381
15.14	2.1160758382852767
15.15	2.225966339408427
15.16	0.5655422533403373
15.17	1.3728652504049685
15.18	1.5376678878304373
15.19	1.1563877563199472
15.2	1.1984378387477286
15.21	1.2999679072795007
15.22	1.075094868901192
15.23	1.5996665331649047
15.24	0.5467863309485141
15.25	1.2661486131914084
15.26	0.5793248520414688
15.27	1.1934323923642158
15.28	1.1967601703512938
15.29	0.9136261109647523
15.3	0.595865664590649
15.31	1.3811177281142788
15.32	1.0318546273790052
15.33	0.2568187357804146
15.34	1.612703653041779
15.35	-0.00819783173462274
15.36	0.8942931187780991
15.37	0.17651483131954826
15.38	1.3930884959165017
15.39	1.5050743902061647
15.4	1.5673833460066535
15.41	1.1023951298701609
15.42	0.1886668188875006
15.43	1.1567737514038616
15.44	1.4966460522801146
15.45	1.5234642450676357
15.46	0.6479964794844664
15.47	0.9834697071919098
15.48	1.1931119433534447
15.49	0.1734270039008875
15.5	0.9240768375768711
15.51	0.3893086025144814
15.52	0.49689223858629694
15.53	0.7317246431228848
15.54	1.3031046312944554
15.55	1.5044973943524644
15.56	1.4796019965251297
15.57	0.5087738848591417
15.58	0.5843325166533164
15.59	1.4732473357828513
15.6	0.9498772460835919
15.61	1.0430032145074375
15.62	0.9634072450339208
15.63	1.2037062136836996
15.64	1.2100558071480778
15.65	1.94712006072314
15.66	0.20479686039654432
15.67	0.22431829987567842
15.68	0.7267923617941101
15.69	0.8268896350305865
15.7	1.4569903067520364
15.71	0.6954908669474149
15.72	1.063862057508349
15.73	1.3863571352566681
15.74	1.4235267799816205
15.75	1.4242804023635272
15.76	1.3124878127831008
15.77	2.632413054514392
15.78	1.3652284929472027
15.79	1.4920703732879754
15.8	1.6585056422869915
15.81	1.6396507760821488
15.82	2.348954556697751
15.83	1.6095996783759867
15.84	1.476871557885781
15.85	0.4123642532640617
15.86	1.3481395151419246
15.87	1.4811139189873654
15.88	2.2069094784474674
15.89	2.069192092266374
15.9	2.0379220235246587
15.91	1.6666347908387844
15.92	1.7198519218577528
15.93	2.1502648515008533
15.94	1.3812181481828565
15.95	1.287054601658724
15.96	2.1899581824745935
15.97	2.580136589682817
15.98	1.915083604383458
15.99	1.499154686118347
16.0	2.0133285975569137
16.01	2.0676342888055443
16.02	1.2622787514461833
16.03	0.7664801742023986
16.04	1.9697402033485865
16.05	2.2803383303443066
16.06	1.580151070737711
16.07	1.6208289083798
16.08	2.1196241642147164
16.09	2.082417255197658
16.1	0.9706688324522903
16.11	1.4263975077439777
16.12	0.6149391125750738
16.13	1.5316657778941065
16.14	2.0266067987088405
16.15	1.2340886312952084
16.16	1.6228336610095397
16.17	1.8079444657209918
16.18	1.540830737979661
16.19	1.6397696956743686
16.2	1.3493575364787533
16.21	1.067209867005176
16.22	1.7102410138233992
16.23	2.23594874533213
16.24	1.3901062429134126
16.25	1.623313351762251
16.26	1.6997808901733178
16.27	1.8730194475087698
16.28	1.8335197350050996
16.29	0.718350647044758
16.3	1.6928007907810199
16.31	0.8664083533386354
16.32	1.3781762067545846
16.33	1.1842561806549026
16.34	1.8763053611366807
16.35	1.1319544499145855
16.36	1.3468097837717325
16.37	0.6310351517282636
16.38	0.7224128774276074
16.39	1.1031120036241573
16.4	1.2997949184809943
16.41	1.0087364061246629
16.42	2.23035457497539
16.43	1.637622766291338
16.44	1.7510199476431507
16.45	0.84971523072504
16.46	-0.21824150239695927
16.47	0.8145262845858263
16.48	0.8626952760795226
16.49	1.461162678436317
16.5	1.291581316509521
16.51	1.9165922731544682
16.52	1.7431259684972287
16.53	2.083453149614812
16.54	0.29407377288043013
16.55	1.324356294105324
16.56	0.8247937336026283
16.57	1.3572027413178644
16.58	0.8355951078532302
16.59	1.5673774267262037
16.6	1.035011622573608
16.61	1.2724257081116992
16.62	0.7499645440076314
16.63	1.9043978414571139
16.64	1.1429522660168616
16.65	1.767536696725392
16.66	0.8112148484727003
16.67	1.6626603072707342
16.68	1.2029874188290222
16.69	1.4554314421316359
16.7	2.0269923240329266
16.71	1.5026067477600162
16.72	1.422563713943479
16.73	2.0890647430244726
16.74	1.5888770936338044
16.75	1.6911319311087225
16.76	1.0369715850301644
16.77	0.9842342276150877
16.78	0.46432066475517075
16.79	0.5569208044404856
16.8	0.6988336063691054
16.81	1.6760304760516298
16.82	0.42222018137038486
16.83	1.2046910558487907
16.84	1.6012261403110153
16.85	0.7504999500922165
16.86	1.7392861129316992
16.87	1.5697053683576219
16.88	1.3571065565869684
16.89	1.722617743210457
16.9	0.828498739773414
16.91	1.981269524328287
16.92	1.3529859591945175
16.93	1.514176889566118
16.94	1.9792300903396964
16.95	0.7123645355594199
16.96	1.8446886622289025
16.97	2.2166562432767325
16.98	1.4587709090012322
16.99	1.6077244910711148
17.0	0.8408209188482378
17.01	1.9846126679438179
17.02	1.6898377398403168
17.03	1.774788178158495
17.04	1.1626896348522826
17.05	1.7216587122335927
17.06	1.4138534650081311
17.07	1.990943651062945
17.08	0.9295789775284979
17.09	1.7588262023817745
17.1	0.8500636404075416
17.11	2.325522137596707
17.12	0.5729206332100476
17.13	1.365432411327312
17.14	0.6077460641603816
17.15	1.8528928742252404
17.16	1.6673573299811844
17.17	2.094671430606649
17.18	1.8448290948845447
17.19	2.3712297042958053
17.2	2.8358149752197854
17.21	1.6447952698370396
17.22	1.868823807805724
17.23	2.517279439991494
17.24	3.0497901500763667
17.25	2.850409804612431
17.26	1.673581999897935
17.27	2.954067302687041
17.28	2.6596768877226102
17.29	1.804306476876738
17.3	2.9772551073081814
17.31	2.0710269707130915
17.32	2.3561278459909665
17.33	2.4729576644232774
17.34	1.9844633407464225
17.35	2.5156233762046387
17.36	1.9706084336868337
17.37	2.4462231345347907
17.38	2.881555504679311
17.39	2.2554389082218766
17.4	2.559337881404648
17.41	3.5578050842942717
17.42	2.4173673855478897
17.43	2.647925587544824
17.44	3.3916690474206823
17.45	3.4505499969643227
17.46	2.880593312180359
17.47	2.113147510904481
17.48	2.9709732708014918
17.49	2.7612800276015737
17.5	2.1966761043396748
17.51	3.0132231915556043
17.52	2.417800973494911
17.53	4.141429709194772
17.54	2.796845399138715
17.55	3.7392163517962893
17.56	3.1183758255732092
17.57	3.090208377356574
17.58	3.522153278031894
17.59	3.0469457340854724
17.6	3.4238841711792194
17.61	3.230597617637181
17.62	3.542491379703691
17.63	4.044396425344964
17.64	3.4017283958400846
17.65	3.689690972893771
17.66	3.2022579252202785
17.67	3.2689270837503512
17.68	3.6511326565349465
17.69	3.4052120394024534
17.7	3.821570927583454
17.71	3.2384629262808686
17.72	4.236753679923119
17.73	3.614339755001272
17.74	4.144599640902411
17.75	3.900274852055713
17.76	2.9537497680535094
17.77	4.564842544967448
17.78	3.921730485735414
17.79	4.10257459089989
17.8	3.784890644537696
17.81	4.620686869263945
17.82	3.6927168976993965
17.83	4.427398761493642
17.84	3.431495933935085
17.85	4.7708641359332145
17.86	4.388442110429242
17.87	5.776308832688087
17.88	4.475538223830867
17.89	4.854339116399543
17.9	4.310411634746972
17.91	3.663595679677159
17.92	4.721954272722515
17.93	4.350457435422176
17.94	4.808981340351665
17.95	4.219618347801584
17.96	4.273616321926192
17.97	4.599181323451809
17.98	3.3464820906022394
17.99	5.413529250363314
18.0	4.453599784111333
18.01	4.642329521764497
18.02	5.09522317580514
18.03	4.996832416675249
18.04	4.654701163139566
18.05	5.2201482607035805
18.06	4.795191472971402
18.07	5.10040310505268
18.08	4.076418641030264
18.09	4.313055182030808
18.1	5.314833173304877
18.11	4.935994070594765
18.12	5.144939121578011
18.13	5.186261063431699
18.14	4.787659764633286
18.15	5.18760950859921
18.16	4.524786804433911
18.17	4.579593973466642
18.18	4.628722489228039
18.19	4.811195237843452
18.2	4.379283175391733
18.21	4.7274965080135
18.22	4.763698445221547
18.23	4.738187389110618
18.24	4.20551061638639
18.25	3.6966412588353004
18.26	3.481861118809717
18.27	5.104367169459307
18.28	5.151250711539613
18.29	5.3874109804396015
18.3	4.426816446611704
18.31	3.639715062195273
18.32	3.209685675911327
18.33	4.32714410071999
18.34	3.441220882950411
18.35	4.32637847696171
18.36	3.8148938963158394
18.37	4.987316054476182
18.38	3.8940216065573274
18.39	3.5531681766369676
18.4	3.398222453390717
18.41	2.978986760497439
18.42	4.722225287088145
18.43	3.445121065458431
18.44	2.5345181536812262
18.45	3.5934930424438964
18.46	3.2931373343520733
18.47	3.1218122346159403
18.48	3.7528643159247013
18.49	3.071477581169227
18.5	2.7609193445459774
18.51	3.4525124768018074
18.52	3.6554987716606675
18.53	3.0539135358344214
18.54	3.3525187742861697
18.55	2.4889949263639295
18.56	3.078410516289277
18.57	2.877042995516414
18.58	3.590148502979596
18.59	3.3466204091614005
18.6	1.7963666074728302
18.61	3.064577265272911
18.62	2.045459884421483
18.63	2.9993990989995187
18.64	2.394221695001135
18.65	3.001855167434812
18.66	2.7933750240280557
18.67	3.0947387964694104
18.68	3.485457954080078
18.69	2.9402695172596323
18.7	2.7589936357517906
18.71	2.4282080187991504
18.72	1.7966901216825932
18.73	2.2985214979616293
18.74	3.3091584612759095
18.75	1.015482557055297
18.76	1.8713414417413503
18.77	2.9511031679634616
18.78	1.7650352432815868
18.79	2.7914612014305487
18.8	0.8265661800058632
18.81	3.173671924918362
18.82	3.595457951383573
18.83	2.638273658840792
18.84	2.901675837182341
18.85	3.351381612611278
18.86	2.422371658953115
18.87	2.6914811705013655
18.88	2.010480015951757
18.89	2.48639855104158
18.9	2.7806154449387663
18.91	1.6509606071914142
18.92	2.8615010042982467
18.93	2.6091556231855106
18.94	2.826491395144349
18.95	3.300981338045788
18.96	2.866281325837863
18.97	3.360025410471045
18.98	2.9873851581407003
18.99	1.153611775206169
19.0	2.2726189986907452
19.01	3.763631366030564
19.02	2.9768787725818875
19.03	2.369668409162413
19.04	3.185753853188126
19.05	3.2806037872118714
19.06	3.2080902813054117
19.07	3.3043694004097937
19.08	2.896125190953281
19.09	2.4773735836066573
19.1	3.0221696665029434
19.11	2.0939567098706107
19.12	2.766596545698162
19.13	2.906887069321592
19.14	3.2020874179690293
19.15	2.5235758090677254
19.16	2.004925242264449
19.17	3.0353969229341313
19.18	3.7194007244841876
19.19	2.209238085733283
19.2	2.369228382388459
19.21	2.6266074122234313
19.22	2.7715670178550362
19.23	2.58652938241876
19.24	2.010703477368561
19.25	2.2111401379918005
19.26	2.4740186295361943
19.27	2.164283578769052
19.28	1.5911782477198588
19.29	3.2442819279104906
19.3	2.2834879693544288
19.31	1.9255974553192496
19.32	2.459785651216812
19.33	2.1457618239529745
19.34	3.0453251146768574
19.35	2.4842408585494895
19.36	1.5993236247636358
19.37	1.6597335852556354
19.38	2.882125616081432
19.39	2.3597756221886432
19.4	2.865375022412749
19.41	3.410916699138798
19.42	2.005796255260412
19.43	2.943880886827293
19.44	2.8480925874742953
19.45	2.3735054791218815
19.46	2.565044309462194
19.47	3.0853783330916222
19.48	2.871954388058475
19.49	3.4687318606095703
19.5	3.576703176374802
19.51	2.8639595767948505
19.52	3.0972919328430244
19.53	2.6152146833037055
19.54	2.571002847367134
19.55	3.1834341479535495
19.56	3.783020398164665
19.57	2.5996740031780936
19.58	2.611886188625859
19.59	4.025863309439844
19.6	2.913872184225073
19.61	3.8577848177996277
19.62	3.522816629737847
19.63	3.9286478901676745
19.64	4.036975282966852
19.65	2.9199883408986005
19.66	3.8056720400476203
19.67	3.1073606342692575
19.68	3.9884970227644727
19.69	3.664735015316911
19.7	2.5355638909250287
19.71	3.453593820747024
19.72	4.389618774343413
19.73	3.181240115848265
19.74	3.5440649397897306
19.75	3.504212674318859
19.76	3.540081527221554
19.77	3.3031336925424295
19.78	3.1669491910125473
19.79	3.1628492829614565
19.8	3.970156111710336
19.81	3.983007091831701
19.82	3.8362469425229877
19.83	4.40192345976036
19.84	3.649716621223414
19.85	2.8512517480243096
19.86	4.298645834360546
19.87	3.5995536022980654
19.88	3.4410580210425574
19.89	3.357600830913231
19.9	3.814143912741564
19.91	3.178581239260682
19.92	2.7418687933389663
19.93	3.871886690902164
19.94	3.8765906923590614
19.95	3.551195732289054
19.96	3.5549725304654354
19.97	4.56565361770773
19.98	3.9825644383044105
19.99	3.103397704444156
20.0	2.9248793903882015
