10.01	-0.1672299715291694
10.02	0.7329308979438947
10.03	1.0268577081793868
10.04	0.07833753091273798
10.05	-0.14064615465684893
10.06	1.6117712774970823
10.07	0.3978694681197374
10.08	0.6804699485258174
10.09	0.1552573515580235
10.1	1.2800612678717418
10.11	1.0453335252926768
10.12	0.6845448216228796
10.13	0.15389212817645287
10.14	1.3041898404535157
10.15	0.8988079106986626
10.16	1.0007888136417744
10.17	0.05940887416013613
10.18	0.45505590116699735
10.19	-0.7784576189606728
10.2	0.07721598625286424
10.21	-0.21579119348036635
10.22	0.8737541954775955
10.23	-0.056670027504966164
10.24	1.2333777247108406
10.25	0.4961234821065191
10.26	1.4418575185123041
10.27	0.7901386879505653
10.28	0.22973662322280086
10.29	0.9947739000416684
10.3	0.43209726296282136
10.31	0.023674458004005694
10.32	1.2493823201568561
10.33	1.3681760894517723
10.34	0.7066797776456505
10.35	0.18712222904098744
10.36	0.014539792041491584
10.37	1.7844802510933326
10.38	1.170924023788475
10.39	0.5823403078259413
10.4	0.3229311259999996
10.41	0.42319956128376446
10.42	0.7959314580020174
10.43	1.2105100397635913
10.44	0.897505432392216
10.45	0.7332128313632039
10.46	1.3283866843451024
10.47	1.1022344973165739
10.48	0.5191108621944464
10.49	1.102146967544265
10.5	0.6438952464419294
10.51	1.0518279153371946
10.52	0.5247905381887041
10.53	1.251794769209987
10.54	0.35330128154655577
10.55	0.43455194894571947
10.56	0.39965020341615426
10.57	0.686652075420159
10.58	-0.23760901595820116
10.59	0.14455981423211872
10.6	1.3754193780442638
10.61	0.20350639047808528
10.62	0.8276764216586128
10.63	-0.2793151271985205
10.64	1.1452370820292863
10.65	0.39432130983792124
10.66	0.08281452164980396
10.67	0.4679428600284332
10.68	0.5314419848072283
10.69	0.7085151586988025
10.7	0.045928702454774595
10.71	-0.08430349910142232
10.72	0.8919641217522032
10.73	0.8464303382850676
10.74	0.22766517641462736
10.75	-0.653342782687541
10.76	-0.5240174989774051
10.77	0.6883188615407305
10.78	0.43182762328925645
10.79	0.5352640363757568
10.8	0.5503180893495142
10.81	0.33217728093027676
10.82	1.0287983921407444
10.83	-0.010935264743730744
10.84	0.016412993778958884
10.85	0.33562222597300834
10.86	-0.06501996169279661
10.87	-0.49769567708202
10.88	0.11316464412467775
10.89	1.0080171466394081
10.9	0.848158683224735
10.91	0.2633984827071807
10.92	0.21049133961573824
10.93	0.8160044633755628
10.94	-0.0434996698088701
10.95	0.35070954861509557
10.96	-0.23253403265850864
10.97	1.8753668159759473
10.98	1.2152209363460569
10.99	0.35653564339811183
11.0	0.6969826178783478
11.01	0.507260189570183
11.02	0.549492425695377
11.03	0.6153141138676074
11.04	0.914076853373356
11.05	0.39156819247097957
11.06	0.45194061787577977
11.07	0.09124294070328465
11.08	1.1102737220772283
11.09	0.5348214905893607
11.1	0.003219958618497762
11.11	0.09760421149713905
11.12	0.9941931671894395
11.13	0.9875751581389476
11.14	-0.2599369609730694
11.15	0.5962973375371139
11.16	0.1820035499946463
11.17	-0.38816322734611086
11.18	-0.18247305892148902
11.19	0.23538990221296197
11.2	0.07387578480510731
11.21	0.5189733787940046
11.22	0.976298488109216
11.23	0.34538963145464824
11.24	0.8185703894837159
11.25	-0.05684198810288832
11.26	0.36909572121268636
11.27	0.5725634983937764
11.28	0.41758465348042234
11.29	1.4215934709265172
11.3	0.19654176894401637
11.31	1.1633677748776226
11.32	0.018333704768192627
11.33	-0.006089575146173032
11.34	0.8347920769008597
11.35	1.4004858916175786
11.36	0.2968012708187571
11.37	0.6830576138633043
11.38	0.4822899325913034
11.39	1.08902703114108
11.4	0.08256661636708701
11.41	-0.6729780021474716
11.42	0.7870562513919404
11.43	0.2774916944241137
11.44	0.9504099680107647
11.45	-0.2683755404172611
11.46	1.407272856940975
11.47	-0.5789129591353217
11.48	0.77136861049299
11.49	0.5198599310514702
11.5	0.4402155142317043
11.51	-0.10614743798249249
11.52	-0.18349106376042928
11.53	0.08564749115299813
11.54	0.8283196069061272
11.55	0.767443126350819
11.56	0.3440524573991688
11.57	0.39912208042356745
11.58	0.9399149289749152
11.59	0.36138637108848765
11.6	0.025855383858656336
11.61	-0.07954397272515579
11.62	0.9178937967968519
11.63	0.6179722539388146
11.64	-0.230883710512171
11.65	0.8921373182032234
11.66	0.6871730960397087
11.67	0.3397447639083622
11.68	0.6406437957386723
11.69	0.44503888892042737
11.7	-0.07284630465031994
11.71	0.5387975449800577
11.72	1.4424967155146602
11.73	0.9661136309932952
11.74	0.6317362422907289
11.75	0.3724489225370513
11.76	-0.06055166757150157
11.77	0.4328160748456897
11.78	0.1537790918434364
11.79	0.4853856813286514
11.8	0.2496989054198932
11.81	0.6227979193009985
11.82	0.2299597858149509
11.83	0.7038947551873539
11.84	0.027675815683961436
11.85	0.8636785232133689
11.86	0.39632152019874817
11.87	0.9808042104878352
11.88	-0.043955397881860286
11.89	0.45809140680017557
11.9	-0.007386580535001741
11.91	0.3448193032045934
11.92	-0.12076024032635163
11.93	0.293182223016496
11.94	0.41020412201604295
11.95	0.9318970382346793
11.96	-0.2501440805314967
11.97	1.1942012004640699
11.98	-0.2897184732497078
11.99	-0.6358648366804711
12.0	-0.17949899219517773
12.01	0.911800022080323
12.02	-0.2671475915596287
12.03	0.5929091811938486
12.04	-0.014299591335782902
12.05	0.456251031347244
12.06	0.4377169037521035
12.07	-0.6500396666510826
12.08	-0.4685213091867399
12.09	-0.4297160924096935
12.1	0.16338227520066803
12.11	0.3502740509175841
12.12	0.11326673545899352
12.13	-0.05805961552113634
12.14	0.08221184419141603
12.15	-0.04565369062277849
12.16	0.9143212726358245
12.17	-0.16956234385149543
12.18	0.17387085874137573
12.19	0.12686550032913269
12.2	0.4213372585742424
12.21	-0.13189690969095946
12.22	1.021999433346432
12.23	0.5890471613487254
12.24	-0.6822191907063735
12.25	0.33394461223886207
12.26	1.0060719664365476
12.27	-0.01076911129319269
12.28	-0.03310882589967043
12.29	-0.38378615669775823
12.3	0.33912744299296604
12.31	-0.5697717616433855
12.32	-0.10919026024226927
12.33	0.18720023554721776
12.34	0.3141057907094841
12.35	1.0389010123732887
12.36	-0.15830348984268183
12.37	0.48004797082580386
12.38	0.5018803811214564
12.39	-0.3325403445243438
12.4	0.37057508993344024
12.41	-0.17936894201113168
12.42	0.06737765449605163
12.43	0.010929940636556931
12.44	-0.6688931521045179
12.45	0.0062162467608083555
12.46	-0.5291947875443563
12.47	0.12881456686568865
12.48	0.0744123307251068
12.49	0.473872364773929
12.5	-0.4831574644783246
12.51	0.3490124060270734
12.52	-0.19447586010517615
12.53	0.6627867243465273
12.54	-0.8814697968093936
12.55	0.6637656592960335
12.56	0.11298193565975778
12.57	0.39213660604934286
12.58	0.5362902247527089
12.59	-0.04207931737271908
12.6	1.1911205015335926
12.61	0.45874191996542757
12.62	-0.2200920235842565
12.63	0.1610624240916622
12.64	-0.3161803710205274
12.65	1.4706380335833693
12.66	0.20166408674509426
12.67	-0.730530218911968
12.68	-0.40026193089377776
12.69	-0.6157908513835648
12.7	-0.010730306042590204
12.71	-1.0630145545642002
12.72	-0.1791612097509787
12.73	0.6329768820960038
12.74	0.11447944866900561
12.75	0.09313405497073572
12.76	0.40127064564194276
12.77	-0.315097801068728
12.78	0.11057219386261247
12.79	-0.43176191118508994
12.8	-0.06145514541428693
12.81	0.4269692847167574
12.82	0.19651021194374535
12.83	-0.02880480972780161
12.84	0.005118394694352699
12.85	0.5983710600798497
12.86	0.5051122487542627
12.87	0.10653556054019478
12.88	-0.2190908036919872
12.89	-0.4073659106176159
12.9	-0.08400571103175564
12.91	0.9919156857236038
12.92	0.1828881285073312
12.93	-0.15515942471762334
12.94	0.04666187606037142
12.95	0.0969473239112574
12.96	-0.18033796292371573
12.97	-0.06170192820897913
12.98	-0.032457940571407023
12.99	0.6982862272012218
13.0	0.32345877538086676
13.01	0.2205858776936265
13.02	-0.07921656526326509
13.03	1.1199027794837773
13.04	-0.49543706134675086
13.05	0.8041333236212975
13.06	0.0904616121589101
13.07	0.6819118528285402
13.08	0.4635781559445019
13.09	1.033870887252187
13.1	-0.28886532525278313
13.11	-0.45244901463067794
13.12	0.564622387899962
13.13	0.5807140517032445
13.14	-0.11122748709323843
13.15	-0.03410720435598602
13.16	-0.6586892132906352
13.17	0.8097425302246621
13.18	-0.08252740169898476
13.19	0.0835287498604381
13.2	-0.002960037176847674
13.21	0.6237357414017282
13.22	0.43801373203466387
13.23	1.2377708013031634
13.24	1.0069275422968667
13.25	0.07381777482368167
13.26	0.1823962569713159
13.27	0.7008835725459861
13.28	-0.02551453139710494
13.29	-0.21461275631529542
13.3	0.0255342701574785
13.31	0.7435712245513166
13.32	-0.10658680269058951
13.33	-0.3990125855919971
13.34	0.4150178598767642
13.35	1.3102838065169649
13.36	-0.27338999934152675
13.37	0.825807138918017
13.38	0.6200179305091729
13.39	-0.820546835094691
13.4	0.4644776546321392
13.41	-0.6485290412904545
13.42	1.3466947816714236
13.43	0.9154673848303889
13.44	-0.38515652120304095
13.45	-0.2622315224223441
13.46	0.6186913031811663
13.47	-0.9748093227158501
13.48	-0.9496650887896763
13.49	0.10675059594582385
13.5	-0.18898525537743138
13.51	0.5511084868186491
13.52	0.21091100893467063
13.53	-0.33733736794792135
13.54	1.130791525923753
13.55	-0.18540039695432498
13.56	0.494121466950708
13.57	0.4287214587669782
13.58	0.28030647507654416
13.59	-0.19734713983029256
13.6	-0.1920753861224876
13.61	-0.3745324010277286
13.62	-0.4630194001714279
13.63	1.0489793684284672
13.64	-0.2994024038279801
13.65	0.8138205356958002
13.66	-0.13688898864484333
13.67	-1.0357498266842267
13.68	-0.16652816635665846
13.69	-0.12301695465951078
13.7	0.13718639562250395
13.71	0.08955965157602655
13.72	-0.3851317366774612
13.73	0.19349141622157323
13.74	0.09354587482126007
13.75	-0.17857129280131084
13.76	0.008003051381983622
13.77	0.4876597294878565
13.78	0.849576862858628
13.79	-0.140159816550394
13.8	-0.524388567119322
13.81	-0.4691556358524375
13.82	-0.14248034686638728
13.83	0.07890510752816757
13.84	0.5860189290797415
13.85	0.9684842661954471
13.86	-0.11047979129435809
13.87	0.14615823581340565
13.88	0.28424184981823075
13.89	0.061159474554957516
13.9	-0.7955087850639277
13.91	-0.20613674785262548
13.92	-0.03973754680328684
13.93	0.30433978929108835
13.94	0.14349357265970805
13.95	0.7647653458382082
13.96	0.2906374248558398
13.97	-0.16142628554837246
13.98	-0.03542394744719021
13.99	-0.3315563897306593
14.0	-0.3690651655872194
14.01	-0.3706138824294915
14.02	0.11239165625755466
14.03	0.12668155598386915
14.04	-0.043161966204741276
14.05	1.698915354298361
14.06	0.08360301375950321
14.07	-0.21176321346877475
14.08	0.040127448923392095
14.09	0.716025762803784
14.1	0.5365305128842337
14.11	-0.6151172382031393
14.12	-0.3835143656683396
14.13	-0.6224888644690871
14.14	0.3803333077260557
14.15	-0.0894890746588439
14.16	0.197015816132254
14.17	0.5381409924717251
14.18	0.07973230535015963
14.19	0.08333521178030802
14.2	-0.2149572568023529
14.21	0.4578263194079044
14.22	0.3100167363396206
14.23	-1.1181945233418569
14.24	-0.46423855499691985
14.25	-0.22710056854186172
14.26	0.6569016694208629
14.27	0.4708285053987817
14.28	0.26837748318464044
14.29	0.3778047657558065
14.3	-0.16244059795171073
14.31	0.02550657856312209
14.32	-0.49923541026665336
14.33	0.6122395553519342
14.34	0.008880083344291911
14.35	-0.759051704943214
14.36	0.34544947397443176
14.37	0.0480163867062776
14.38	0.21465590020751368
14.39	0.2263673156238255
14.4	-0.33369348533767396
14.41	0.8171254412631825
14.42	-0.2989018288002522
14.43	0.0002469509714419643
14.44	-0.28940330151682453
14.45	0.31352925324770464
14.46	-0.04077814932780388
14.47	0.13330402940549282
14.48	-0.06789463925641648
14.49	-0.013989190032504123
14.5	0.11971031184762086
14.51	0.5673910834831812
14.52	-0.11940179104296508
14.53	0.14028910098575306
14.54	-0.4117336663787489
14.55	-0.011767721585135504
14.56	0.32170796374429506
14.57	0.7862280949789251
14.58	-0.02172087999238126
14.59	0.3115782397541548
14.6	0.34015695033822685
14.61	-0.03005000522482798
14.62	0.49221445402642905
14.63	0.3519062308878347
14.64	-0.35463283523584815
14.65	-0.45764384111419815
14.66	0.600500936228665
14.67	0.9010554932115209
14.68	0.27832537325825174
14.69	0.7549909150016436
14.7	0.9160215231998607
14.71	0.22086123034799224
14.72	-0.5830197928062564
14.73	0.1884660177464939
14.74	0.5460507652134777
14.75	0.49238779896588136
14.76	-0.4092576206412801
14.77	1.3605888730103726
14.78	0.33232374456087044
14.79	0.9897670449026179
14.8	-0.40031580128780936
14.81	-0.3389631600345237
14.82	0.010505574816523797
14.83	-0.02344165282409791
14.84	-0.6416439875873685
14.85	-0.029363055904366303
14.86	0.2505833745186599
14.87	0.8709967669251637
14.88	-0.4282055390576648
14.89	0.29996094504177123
14.9	0.5130715388459434
14.91	0.5195216532727276
14.92	-0.796122433900635
14.93	-0.09378782165079685
14.94	0.17624029599938423
14.95	-0.5860961705752155
14.96	-0.7509250960869196
14.97	0.0758019669559371
14.98	0.21698399331968593
14.99	0.1677076094038485
15.0	-0.20540736338292476
15.01	-0.8363023334893838
15.02	0.32426324770272474
15.03	-0.5420109125865322
15.04	0.07828078663578403
15.05	-0.09994507790869361
15.06	0.41035894935938627
15.07	0.5478000545433068
15.08	-0.7277464651608003
15.09	-0.30163918625926234
15.1	-0.417791273094352
15.11	0.6352314649682007
15.12	-0.2636942093408605
15.13	-0.13404223057462727
15.14	-0.07360486440904374
15.15	-0.4187229672275706
15.16	0.7827822018399708
15.17	1.2088755828744215
15.18	0.11561089263942873
15.19	-0.4559599553328038
15.2	0.003700368836770246
15.21	0.6969842534011526
15.22	0.3850580879227721
15.23	-0.0605444020274824
15.24	1.4187184124099086
15.25	-0.2062174767079688
15.26	0.9012600154685646
15.27	0.6523370662626369
15.28	0.25190882192198394
15.29	0.2642212767352529
15.3	0.042458740572425865
15.31	-0.08578210367529016
15.32	0.8564255605241371
15.33	0.16201077780030915
15.34	0.4372132874779812
15.35	-0.16811855845646756
15.36	0.7555492485379673
15.37	0.6688924203548834
15.38	-0.4731375435276027
15.39	0.2654507639663698
15.4	-0.1705115902432579
15.41	0.8001501820014709
15.42	0.9878900228986218
15.43	-0.25200341076974625
15.44	0.11762971957210627
15.45	0.21101559093910632
15.46	0.38959356119520494
15.47	1.1720630988320877
15.48	1.7554746608998841
15.49	0.2044769675900705
15.5	0.30836283591216973
15.51	-0.3762661159039978
15.52	0.2772190976728558
15.53	0.2678242038982146
15.54	-1.0560533405294061
15.55	-1.1028726060632204
15.56	0.22157542808479835
15.57	0.3585369155020163
15.58	-0.8372601092223453
15.59	0.5623748804230932
15.6	1.1744171314317147
15.61	0.16377700609337884
15.62	0.45182574816973897
15.63	0.03650304693695587
15.64	-0.056983286304669034
15.65	-0.24111442155172563
15.66	-0.21172414974786252
15.67	-0.06003304054907718
15.68	0.7435309576448381
15.69	-0.11704866872434422
15.7	0.28253361380446107
15.71	0.19558302736619104
15.72	-0.054962008613802515
15.73	-0.5335177832807032
15.74	0.12322348838202395
15.75	0.2372655409563758
15.76	-0.3803701320962651
15.77	0.023621874832031098
15.78	0.4261066676232501
15.79	-0.10605281473519132
15.8	0.8850134446562441
15.81	0.03159841456108006
15.82	-0.2746603465343275
15.83	0.9968961108305712
15.84	0.2687525682058203
15.85	-1.477145803564225
15.86	-0.2579088494649107
15.87	-1.0820338442119453
15.88	0.22999312558207857
15.89	0.03256410139893874
15.9	-0.044783941799703963
15.91	-0.4572964996692009
15.92	-0.1282579807384261
15.93	0.34680016143572007
15.94	-0.06996014111314627
15.95	-0.0925638682139398
15.96	-0.04813202769333946
15.97	2.2453552081159027
15.98	-0.14437380112796183
15.99	0.28310651191446784
16.0	-0.3585505312597625
16.01	-0.47214281598281277
16.02	0.6869372482195969
16.03	-0.12990261794517155
16.04	-1.1796016387796981
16.05	-0.05712857923683875
16.06	0.4373732623210612
16.07	-0.2408087445925447
16.08	0.24816057892056714
16.09	-0.5450405444782636
16.1	0.6897439214012484
16.11	0.2153912175914998
16.12	0.40273585973497955
16.13	0.15733364539978426
16.14	0.039317680370095615
16.15	0.7662083499675276
16.16	-0.03176530420628457
16.17	0.7094709165652484
16.18	0.07716513042148425
16.19	0.42819712929613785
16.2	0.3152202456001066
16.21	0.4364547892493478
16.22	0.43608401677770425
16.23	0.09860083895443031
16.24	0.04346595384170336
16.25	0.35115311688573225
16.26	-0.0938235726996062
16.27	-0.32229944034081787
16.28	0.17820150137729907
16.29	-0.3596858770285519
16.3	0.04095544347004002
16.31	0.5471980725311796
16.32	0.44986391838937906
16.33	-0.6092759858973869
16.34	-0.6718260683753414
16.35	-0.559071300126267
16.36	-0.27215085957316504
16.37	-0.7603165641976655
16.38	0.6900956940954446
16.39	-0.8147991685232996
16.4	0.6850770773567121
16.41	-0.1608665470749263
16.42	0.7319068894957541
16.43	-0.4515537280067478
16.44	-0.14659503186816672
16.45	-1.2323314819323763
16.46	0.23231562326745892
16.47	-0.2655556174675638
16.48	0.2166895934246591
16.49	1.1756973376036663
16.5	-0.3918979056583417
16.51	-0.47147677353078693
16.52	-0.5255247169813875
16.53	0.35336835306704
16.54	-0.06726302386767838
16.55	-0.5298165074553374
16.56	-0.1623795056791083
16.57	-0.3335198854842063
16.58	0.7039551563217932
16.59	0.06861234398981536
16.6	0.9694828693966098
16.61	-0.08976682583155138
16.62	-0.45805494872022406
16.63	0.07826042230748002
16.64	0.17772171024883698
16.65	1.0586755642477546
16.66	-0.6841353914650401
16.67	-0.18584823611037993
16.68	0.504686937193305
16.69	0.013439455503972915
16.7	-0.2954193045008154
16.71	-0.07762967453871863
16.72	0.6680459168302755
16.73	0.35699673448448715
16.74	-0.10073927564069331
16.75	0.9370852010734139
16.76	0.3965269439166488
16.77	0.043847485170917924
16.78	-0.07566975872150808
16.79	-0.16928306558448905
16.8	-0.03741865789595285
16.81	-0.22854061180615856
16.82	0.6534657439383202
16.83	-0.22097750199890684
16.84	-0.6459517918702478
16.85	-0.04748023060513847
16.86	0.4858493107688485
16.87	-0.5900758067717893
16.88	-0.20789886288341686
16.89	0.21225890333799582
16.9	0.07737976450226684
16.91	0.49530725180347596
16.92	-0.9047427188871369
16.93	0.9106191020578843
16.94	-0.6075576651328616
16.95	0.1754511225657379
16.96	0.3230014857048413
16.97	-0.7336507567153061
16.98	-0.08888862334339896
16.99	-0.5340469422111964
17.0	0.5122190704924908
17.01	1.0388388272579394
17.02	0.1324013167861544
17.03	-0.6463625781966815
17.04	0.5509830769365034
17.05	0.7117693135236406
17.06	0.5403537939639896
17.07	-0.13854232089953272
17.08	1.1633701269673964
17.09	0.042924468593969166
17.1	0.26924251978436065
17.11	0.41524019703338355
17.12	-0.2892607241678419
17.13	0.45011678436038566
17.14	-0.3750650075146008
17.15	0.3683884946686301
17.16	0.957601386359866
17.17	0.37820144463071137
17.18	-0.3292419549483291
17.19	0.1254881979057704
17.2	0.7308804897165315
17.21	-0.6860971153164677
17.22	0.3583875087753038
17.23	-0.4370991214595052
17.24	0.40050988314959857
17.25	0.4723885668405965
17.26	0.03295521287268871
17.27	0.048982424150576576
17.28	0.004670183975939324
17.29	-0.7194881493753913
17.3	0.44332630674877443
17.31	-0.7055842633917548
17.32	-0.9986917075963744
17.33	0.05696742361932783
17.34	0.017909406844548184
17.35	0.66914944039088
17.36	0.15057463216940742
17.37	1.078174549175885
17.38	0.5145772819536415
17.39	-0.5098363665161053
17.4	-0.8674343317942455
17.41	0.41336587368782124
17.42	-0.2429874434982631
17.43	-0.6805496229756914
17.44	0.5389661142236458
17.45	0.24144343266545895
17.46	-0.12724520841485754
17.47	0.4366277587939859
17.48	-0.28740686379872293
17.49	0.2935569877621325
17.5	-0.5140691892469443
17.51	0.53009224613662
17.52	-0.13050403684012485
17.53	0.15225780000221556
17.54	-0.08596444530829256
17.55	0.3466311057939882
17.56	0.8490802522928937
17.57	0.6186575087472885
17.58	-0.44136854405297427
17.59	-0.23741809646866177
17.6	-0.11435196451777885
17.61	1.148267067571165
17.62	0.1258498866993539
17.63	1.0960454798786083
17.64	-0.14542311252342283
17.65	-0.5804418602821299
17.66	0.19049558966336547
17.67	-0.2383917245969464
17.68	0.2366866363469235
17.69	-0.5909093214183316
17.7	-0.07562695642706935
17.71	-0.25039653421374214
17.72	0.5916691274205473
17.73	-0.6344067271053415
17.74	0.26655568893769865
17.75	0.3506763112203455
17.76	0.2402110092660079
17.77	-0.0708408150259692
17.78	0.5816635800763015
17.79	0.41401245518083696
17.8	1.0263540542934615
17.81	0.942473283721798
17.82	0.1713679381966918
17.83	-0.2622969543637312
17.84	0.44952435711816213
17.85	1.296800721775119
17.86	0.9510901137383188
17.87	0.523724812768021
17.88	0.8307558023898847
17.89	0.8688672167776184
17.9	-0.03194464174219985
17.91	0.0088004098967394
17.92	0.4493340686718243
17.93	0.33337312816290987
17.94	0.4033993811556435
17.95	0.6473634293726453
17.96	1.5856146015713561
17.97	-0.5271633931539572
17.98	0.7088927666914572
17.99	0.30417220243947907
18.0	0.6466218194022074
18.01	0.7135292592684574
18.02	-0.25855213635740193
18.03	0.3342262574636929
18.04	0.5287315222051583
18.05	-0.15190489909697746
18.06	0.516077595168878
18.07	0.3477063014424546
18.08	0.6967407438797015
18.09	1.8340155424443405
18.1	0.26783431648564615
18.11	0.470316601566403
18.12	0.1686362752564638
18.13	0.8529933570099626
18.14	1.140077761977978
18.15	0.9023507837594876
18.16	1.1470760951661838
18.17	1.4136142489617023
18.18	-0.3028204470722477
18.19	1.1300697915020808
18.2	0.1578962195421022
18.21	0.3260200726705277
18.22	-0.5119618360848895
18.23	1.1694918422802496
18.24	0.7963652377709556
18.25	0.4059749380574903
18.26	0.39675161782216944
18.27	-0.10895839039236699
18.28	1.1266026842927035
18.29	1.5630735233114827
18.3	-0.6117437063428545
18.31	0.49688308709881945
18.32	-0.4349933494176975
18.33	1.160751717219279
18.34	0.7130770687928704
18.35	0.16183965168810766
18.36	1.11020582685521
18.37	-0.019066160316092762
18.38	0.16456144502024134
18.39	2.2436671743013843
18.4	1.1154770446322153
18.41	0.9394394537732096
18.42	0.5588459132976492
18.43	0.9928195436242775
18.44	0.8349693978744444
18.45	-0.33591564699906834
18.46	0.25710238771737903
18.47	0.24510169461974946
18.48	0.5522997922256911
18.49	0.06152311637973157
18.5	0.9111082778213603
18.51	0.5308247074305393
18.52	-0.05650899441387902
18.53	0.44478666929868754
18.54	1.0771252653525716
18.55	0.18843383153803733
18.56	0.4193144985907884
18.57	0.3248457194923552
18.58	0.8727859622913522
18.59	0.463910783293233
18.6	0.8442108168688557
18.61	1.1911720197634645
18.62	0.5297750993910146
18.63	0.7965570263597611
18.64	0.7245725567864284
18.65	0.4753015105729031
18.66	0.7755234316498261
18.67	0.5896733933723146
18.68	0.7910549735995744
18.69	1.0754451764681365
18.7	0.2348363768260588
18.71	0.4616148830472353
18.72	-0.2548177532332436
18.73	-0.39991949844861985
18.74	-0.09338363462567179
18.75	0.8094597054656832
18.76	0.8042067085688396
18.77	0.2887038102831405
18.78	0.4304690901633019
18.79	-0.31372888208013716
18.8	0.26464611111804004
18.81	1.3240613524736706
18.82	-0.22585188057639938
18.83	0.766545871297359
18.84	-0.0795018236726227
18.85	-0.034087233703446906
18.86	0.4008244067980571
18.87	0.7874241096544474
18.88	-0.4975726673196188
18.89	-0.17344964060353119
18.9	-0.2569792288258047
18.91	1.0047132461426096
18.92	-0.18001964665472503
18.93	1.0636929417395502
18.94	0.48519860754068783
18.95	1.4543523110180618
18.96	0.3360971008658308
18.97	-0.09516531600087563
18.98	-0.9146086330966542
18.99	0.6166591059163288
19.0	0.7419789797329037
19.01	-0.031145964245241853
19.02	0.9872108867399509
19.03	1.2048681654623192
19.04	0.5868750489711715
19.05	0.7763487943510976
19.06	0.7061316723724433
19.07	0.33217402318027833
19.08	-1.0113050214373134
19.09	1.094480921162796
19.1	0.49793701209261265
19.11	-0.23866030387176884
19.12	0.7923732390614692
19.13	0.890747255322557
19.14	1.2725478274263624
19.15	0.7082061674208361
19.16	1.4461428624618091
19.17	0.846106898127206
19.18	0.12844158899417257
19.19	1.0201800146487456
19.2	0.5485630164583191
19.21	1.2496183899395483
19.22	0.46012431092341
19.23	0.8392110299574547
19.24	0.3433090227142034
19.25	1.0462171206830235
19.26	-0.5000035907094423
19.27	0.7306997874366661
19.28	0.39084267962223296
19.29	1.4845445325802
19.3	1.1284360803107898
19.31	-0.7128044294747401
19.32	-0.24904873732681132
19.33	0.8403850514045864
19.34	1.8539708949781155
19.35	-0.14378500916711678
19.36	0.2436866427666713
19.37	-0.26513146590122616
19.38	0.4668269589237389
19.39	0.21961226227615466
19.4	0.9341903627901087
19.41	0.7759628470675188
19.42	0.6366985679068009
19.43	0.6827326750711622
19.44	0.8535944518879913
19.45	0.6667951867666162
19.46	0.40416804427806574
19.47	0.36342332572541336
19.48	-0.12351591394173789
19.49	0.24149981209949034
19.5	-0.07046577024900957
19.51	0.7873333585677156
19.52	0.5545904445163818
19.53	0.3178573191424609
19.54	1.1320878645912194
19.55	0.703743928892522
19.56	0.39279383278150304
19.57	-0.13248014845222333
19.58	0.35770210871418506
19.59	0.4707803969369098
19.6	0.6206257281889738
19.61	0.6150684463227425
19.62	0.27118064309408374
19.63	0.3798958225459635
19.64	0.3521344956878212
19.65	0.4657032302535926
19.66	0.8832778425706083
19.67	0.9295322647202058
19.68	0.9892579268254453
19.69	-0.0331850130669713
19.7	-0.18357833484343689
19.71	1.0957708851835257
19.72	0.3449410128450747
19.73	0.6868283003552487
19.74	0.43635619419391763
19.75	1.4123031637528465
19.76	0.419311480870561
19.77	0.5483280079241132
19.78	0.7257270206148309
19.79	0.1555153676886415
19.8	0.5382594422863861
19.81	0.7783896510645498
19.82	0.4272371127287242
19.83	-0.6697231060336809
19.84	0.9084759492437255
19.85	0.17128306852543884
19.86	-0.10197267261949061
19.87	0.3691061396045346
19.88	0.5108877477135092
19.89	0.9242286398737913
19.9	0.40719662551659275
19.91	0.041867024660892205
19.92	0.4981845185089066
19.93	0.5022433762304014
19.94	0.21942310429721096
19.95	0.7547998393547508
19.96	0.26322167999348367
19.97	0.18689918835380015
19.98	0.5101839340927461
19.99	0.42046445019699147
20.0	0.7520793058610523
