10.01	5.404015042159953
10.02	5.322696358253432
10.03	5.299242192995354
10.04	4.309223274593271
10.05	3.64849370675476
10.06	3.3589293957185324
10.07	3.9118470244416423
10.08	4.472064330740754
10.09	3.6759600245370745
10.1	3.1433120827950507
10.11	2.4141501448828957
10.12	1.5872611933265262
10.13	2.62910994739732
10.14	2.130925856073704
10.15	2.212229999868612
10.16	1.2768849316383222
10.17	2.0138625665003955
10.18	1.6818005319044596
10.19	0.5121951441003859
10.2	1.8803924686138185
10.21	0.5351311208938475
10.22	1.1434446862940588
10.23	0.46162220477611926
10.24	0.8922037093691716
10.25	0.8514524302001338
10.26	0.8340602646987747
10.27	0.47276973638030473
10.28	0.9531364384195998
10.29	0.734458611353196
10.3	1.2002501458717187
10.31	0.7814326896578438
10.32	0.3163139329583059
10.33	1.2364910777057394
10.34	1.1325992018269249
10.35	2.2467755377601675
10.36	0.34885858274216885
10.37	2.1286656050578427
10.38	1.9800863951160848
10.39	3.374080812470706
10.4	2.0236709341435875
10.41	1.3459931997790608
10.42	3.1764329305380152
10.43	3.6463822944367137
10.44	4.453355369819374
10.45	4.090169213619365
10.46	3.8839807025412316
10.47	4.643439697362516
10.48	4.274510871508593
10.49	6.190268322256978
10.5	4.757429663109148
10.51	6.6305987835993925
10.52	7.157402828986671
10.53	6.150914916152612
10.54	6.61155604973423
10.55	7.765138076231861
10.56	8.021241411313609
10.57	9.435496231526006
10.58	9.362589090952682
10.59	8.763559644029028
10.6	10.277264147379336
10.61	10.95532834108193
10.62	11.51278573048414
10.63	10.306584248690664
10.64	11.638421125972739
10.65	12.804054333927958
10.66	11.985921851998427
10.67	12.675195986676744
10.68	12.893136696406069
10.69	13.87580209768859
10.7	14.131218101056671
10.71	14.823020490830993
10.72	14.035269939495919
10.73	16.691660768254906
10.74	15.737238371856181
10.75	16.836809488921702
10.76	16.50495146826684
10.77	17.328735882909243
10.78	17.646036634511297
10.79	17.77788056356509
10.8	19.15253546023422
10.81	19.288640860296187
10.82	18.84423298084797
10.83	19.284341486216828
10.84	18.98043284824906
10.85	19.194531455810242
10.86	20.2095570032754
10.87	20.928047888742796
10.88	20.412140187038442
10.89	21.039912879785177
10.9	19.840588810266812
10.91	20.261449327180916
10.92	20.774325914729744
10.93	20.4878850719876
10.94	21.55227811699926
10.95	20.42782763848188
10.96	21.30414484157048
10.97	20.58084358853845
10.98	21.23467770253828
10.99	20.793185611601487
11.0	20.856886600647538
11.01	21.82013627049082
11.02	21.608230061128058
11.03	20.609577941174955
11.04	21.322364115713285
11.05	19.896769686227355
11.06	20.07280182358323
11.07	19.820972274069067
11.08	20.194407424344025
11.09	19.956306464346255
11.1	19.558561574164433
11.11	19.136018970161427
11.12	19.902829782448144
11.13	19.483861391688613
11.14	18.253125165230635
11.15	18.057491814760297
11.16	17.617236604966863
11.17	17.319460235889967
11.18	17.49624026586515
11.19	17.483145203413244
11.2	16.64089325979022
11.21	15.398813552338533
11.22	15.600370295520598
11.23	15.515234749946087
11.24	14.462341704415113
11.25	15.448753545092767
11.26	12.968991853126616
11.27	14.807133056259467
11.28	12.542325451617435
11.29	12.995631219362583
11.3	12.41480423829984
11.31	13.281665151562345
11.32	12.245300543643069
11.33	11.017635273807334
11.34	11.514623489086867
11.35	10.2905552896093
11.36	10.81503308668265
11.37	9.898240846833712
11.38	10.260636944691424
11.39	8.681056075692386
11.4	8.346565848810979
11.41	7.7312099538482695
11.42	7.4800743809535275
11.43	7.292849976289445
11.44	6.552411574426322
11.45	6.3859788823085735
11.46	5.385995474529248
11.47	6.439907555862679
11.48	5.003382674366073
11.49	6.2858892080435815
11.5	4.121269094098449
11.51	4.557018814320829
11.52	5.0994645203675475
11.53	3.384539596793965
11.54	4.128124003834595
11.55	3.8439927614674696
11.56	3.6300351449100545
11.57	3.69412950278165
11.58	3.2031934990722477
11.59	1.983317125201435
11.6	2.703506563243086
11.61	2.821504170381285
11.62	2.418818319502985
11.63	1.9022334929499227
11.64	1.9800841845501622
11.65	2.7900868880184726
11.66	1.6075413785929804
11.67	2.59996204668662
11.68	2.480990591369582
11.69	1.1009183773005622
11.7	2.1785916721073764
11.71	1.611963345586724
11.72	1.7064751772411446
11.73	2.189610741019741
11.74	1.517868550215685
11.75	1.5278481825597416
11.76	1.525659036928385
11.77	1.440466741604007
11.78	2.0734675701106453
11.79	1.8901350921864097
11.8	2.556753162788432
11.81	2.5572357054152355
11.82	1.9836946488123508
11.83	1.747365202027206
11.84	3.3710875502663455
11.85	2.500746091903991
11.86	3.450110685176993
11.87	3.4310896901470302
11.88	3.970232122213482
11.89	3.136556859191184
11.9	3.593379340408537
11.91	4.115917092370866
11.92	2.9535677486610723
11.93	5.099406378429833
11.94	4.637727242047336
11.95	5.464642777441374
11.96	4.87106766643666
11.97	5.207735059216441
11.98	6.562031526854626
11.99	5.797521542484622
12.0	6.874389728841623
12.01	7.043327424973072
12.02	7.044006171956238
12.03	8.868656449429581
12.04	8.56154527549135
12.05	7.988849418634757
12.06	9.021740466936656
12.07	8.787790555897208
12.08	8.842614842762288
12.09	9.915269790633047
12.1	10.213614073400445
12.11	10.407458018186418
12.12	10.07441333974896
12.13	11.376986315343805
12.14	10.3094966206478
12.15	11.847874578357771
12.16	12.57574844798023
12.17	12.597428415115967
12.18	12.715692701633772
12.19	12.837717250530734
12.2	13.31272183981069
12.21	13.783566770663803
12.22	13.40132651438746
12.23	13.984542768977004
12.24	14.049529469717355
12.25	14.694943871491295
12.26	15.17228487603267
12.27	14.79973987377845
12.28	14.483417999970438
12.29	16.468209151089898
12.3	15.693018691285946
12.31	16.13643328051442
12.32	16.655825004086495
12.33	16.045629036624486
12.34	15.78442707473383
12.35	17.426521071838767
12.36	17.721623064073384
12.37	17.451973946184477
12.38	17.374548704738316
12.39	17.731711326205435
12.4	17.71768234252326
12.41	17.49154026310989
12.42	17.705354109309834
12.43	17.159736981865116
12.44	17.235819951759247
12.45	17.444999837097363
12.46	18.454079452696625
12.47	18.5914436375829
12.48	17.45319866899105
12.49	17.253511459715124
12.5	17.44704294769472
12.51	16.61231320434679
12.52	17.689235633657876
12.53	17.321393374282167
12.54	16.193805534768597
12.55	15.433903687300829
12.56	17.084110649426286
12.57	16.997199023020958
12.58	16.783588668087408
12.59	15.431935063171206
12.6	15.279301309655823
12.61	15.903063740842503
12.62	14.014778216777547
12.63	14.499743629714967
12.64	13.366849610775612
12.65	12.311064541188612
12.66	12.626609109074323
12.67	13.461467290926956
12.68	11.621197576574396
12.69	11.375882217993475
12.7	11.227118539241825
12.71	11.032717549214397
12.72	9.729152393833404
12.73	9.951238743071505
12.74	8.836869012533084
12.75	9.531493690652967
12.76	7.855892591773846
12.77	8.599827418157913
12.78	8.040942069772653
12.79	7.64822333869
12.8	7.3303821060853345
12.81	6.8112794971946755
12.82	5.700017712542298
12.83	5.6721280851392475
12.84	6.01571792968015
12.85	5.296787599421286
12.86	5.4292262169905445
12.87	5.499353487338503
12.88	4.706525208336724
12.89	4.572765791014316
12.9	2.5788262410615936
12.91	3.5113397446298977
12.92	3.626120818563272
12.93	3.2488661364271105
12.94	2.849937124367055
12.95	3.0311565663315574
12.96	2.748970877697124
12.97	1.7465437359348006
12.98	2.1858284436591826
12.99	1.8096809837292944
13.0	2.0199752107751126
13.01	1.2221007390000906
13.02	2.2618921693202476
13.03	0.9518954270596807
13.04	1.3107679001506944
13.05	0.9633457194203889
13.06	1.1054510745864854
13.07	1.2190441296125074
13.08	1.826569420887802
13.09	0.6748515537458751
13.1	2.215814146657051
13.11	1.1410108606334624
13.12	1.5355036468586134
13.13	1.6877075629367682
13.14	0.7703120392821508
13.15	1.098611823278398
13.16	1.5386679473573048
13.17	1.7278634636012626
13.18	1.8404074534789467
13.19	0.998847983035422
13.2	2.1813706625544493
13.21	2.150534187027814
13.22	2.6514276970722483
13.23	2.2773759641863167
13.24	2.2656777590745927
13.25	2.698367733197216
13.26	2.625551024283488
13.27	2.4127009969503157
13.28	2.964232341894535
13.29	3.443243400099984
13.3	3.6899292074617827
13.31	3.5134128337320396
13.32	4.3377900994363445
13.33	4.767555033387152
13.34	4.377444880191735
13.35	5.227839146251655
13.36	5.800356316206949
13.37	5.791411395712814
13.38	6.271251629112674
13.39	6.596319164533017
13.4	6.361745471573457
13.41	6.810357652609148
13.42	7.186268761603329
13.43	8.779005808565165
13.44	8.767107219476978
13.45	8.158858038324048
13.46	9.188710164511082
13.47	9.732101801814093
13.48	10.615316712414327
13.49	11.63565915312085
13.5	11.278154988112187
13.51	11.913044154321145
13.52	11.96463700898948
13.53	11.809662444937294
13.54	13.19355278189549
13.55	14.421797990040783
13.56	13.986446650473212
13.57	14.240578936075183
13.58	15.338679316263425
13.59	16.121769110098175
13.6	16.073652152050983
13.61	15.431021689753493
13.62	17.078296791396824
13.63	17.707482836389115
13.64	18.408962079261347
13.65	19.491808812253744
13.66	19.024821752578
13.67	19.520697623821746
13.68	20.038250390310807
13.69	20.301778843227357
13.7	19.808775794959487
13.71	20.39931495504329
13.72	21.184655092169255
13.73	20.82229433771812
13.74	21.365427506634997
13.75	21.58912861874277
13.76	22.41019763997526
13.77	21.99975688586761
13.78	22.6684476540054
13.79	21.7095403746086
13.8	21.054963374712074
13.81	21.540107427685022
13.82	22.227718976716055
13.83	21.25624786702432
13.84	22.07321775132748
13.85	21.141037156312052
13.86	20.01307859165107
13.87	20.865987217994377
13.88	20.147900864031993
13.89	20.948365421638105
13.9	20.057266507542447
13.91	19.389537053541112
13.92	18.055771884089996
13.93	17.96087007453986
13.94	19.2196409976298
13.95	17.48257767591215
13.96	17.651580426907906
13.97	17.292039953209088
13.98	16.47497346055269
13.99	16.198466278925768
14.0	15.936156901857332
14.01	15.320806793613672
14.02	14.381094191890611
14.03	12.518870583640124
14.04	13.47442808603107
14.05	13.236666907715867
14.06	12.332809330400949
14.07	10.248203267966785
14.08	11.238562446852633
14.09	10.745790085161595
14.1	9.640194615971962
14.11	9.927306292572228
14.12	8.917251687119201
14.13	8.483416309390037
14.14	8.124124019613465
14.15	7.868776577884979
14.16	7.525002122683687
14.17	6.984756194244742
14.18	5.932932015443475
14.19	5.050961924185135
14.2	5.24547439408334
14.21	4.58712115378805
14.22	4.587816594792471
14.23	3.687172534589995
14.24	2.7708441370176455
14.25	3.9250491156192657
14.26	3.4491962789787234
14.27	3.1352897202803525
14.28	2.8009433101672263
14.29	2.9770685182433656
14.3	1.8716554184742487
14.31	2.116543919707595
14.32	1.7638356810083813
14.33	1.8844483902581763
14.34	1.393535442024268
14.35	1.0456488162640762
14.36	0.7518365716111124
14.37	0.14955654588743594
14.38	1.0211543980803222
14.39	0.4226677140874274
14.4	1.1020416264782922
14.41	0.46459345169336674
14.42	1.9356135047024359
14.43	1.136946098583489
14.44	0.9976606513966835
14.45	1.9858749527894313
14.46	0.9734791516319377
14.47	0.9425668182671201
14.48	1.2033352405921267
14.49	1.5461418941518943
14.5	2.513580812521207
14.51	1.0458824388108505
14.52	1.7149531082393539
14.53	2.2139696460107725
14.54	2.959078167290126
14.55	2.6916167200961167
14.56	2.0584351720367975
14.57	2.711041868600387
14.58	2.663249396829571
14.59	3.2462578422363597
14.6	3.7224863863915676
14.61	4.074099943203726
14.62	5.019903700783159
14.63	3.8417385801072905
14.64	4.177984763828211
14.65	4.197873344143637
14.66	5.671145606989122
14.67	5.591873912657984
14.68	6.296121852689261
14.69	6.131715624420056
14.7	5.698004892677989
14.71	5.543889361000937
14.72	6.961036240061406
14.73	7.555671992226212
14.74	7.848255881714647
14.75	7.745220414281776
14.76	8.940693925799273
14.77	8.645119771387787
14.78	8.828986306665483
14.79	9.468238219549937
14.8	10.454498255887652
14.81	10.040440277209155
14.82	11.204965582948493
14.83	11.406001839848512
14.84	11.502327420205201
14.85	11.398828222446534
14.86	12.25772792060692
14.87	12.032876937839005
14.88	11.521633598802765
14.89	13.013207842325846
14.9	13.205737454151143
14.91	13.976161520301666
14.92	13.533445060308791
14.93	14.236644190182192
14.94	15.242449980954738
14.95	15.264919771157732
14.96	15.751153385471993
14.97	16.555555309313757
14.98	16.342274158357792
14.99	16.766216161666886
15.0	18.043748540387007
15.01	16.097311505767514
15.02	18.055751715268816
15.03	18.41364297079614
15.04	18.43312725863889
15.05	18.45949578548637
15.06	18.550457971685567
15.07	19.70928648787281
15.08	19.07401985317019
15.09	18.923091631334504
15.1	18.709993479422412
15.11	20.082982140493357
15.12	19.38512007475589
15.13	19.927458328159375
15.14	19.93959519236047
15.15	20.24671054757846
15.16	18.939319178315852
15.17	18.560442454078697
15.18	18.48230344463873
15.19	19.802730867204602
15.2	18.690908394857736
15.21	18.540537635917474
15.22	18.90567150881684
15.23	17.747831702893418
15.24	17.292648473345604
15.25	16.399494214486182
15.26	16.91310923496132
15.27	15.94687771382008
15.28	15.53087884949083
15.29	16.29516700297292
15.3	14.639231085104706
15.31	15.425925189269924
15.32	13.502309782459896
15.33	14.10816871391129
15.34	14.150941990592894
15.35	13.044788332971228
15.36	13.166816584182
15.37	11.960790978907486
15.38	12.83100993777088
15.39	11.085246800684807
15.4	11.405577470609883
15.41	9.672624283023236
15.42	10.368721487064496
15.43	9.83062635334722
15.44	8.722628230091239
15.45	8.860362366951227
15.46	8.00739907052506
15.47	5.993338371575744
15.48	7.4941327548112024
15.49	7.792906586397076
15.5	6.60785197075106
15.51	6.083185561771842
15.52	5.952406107289542
15.53	5.312680832441761
15.54	4.030901303422435
15.55	4.749795985327795
15.56	2.509864443598542
15.57	2.828267663911251
15.58	4.000361620019611
15.59	3.3976125323125963
15.6	2.7768036734432853
15.61	1.6411677509062745
15.62	1.6069566523060612
15.63	2.5403314083832207
15.64	0.8378457734784747
15.65	0.8640646604091018
15.66	1.283138157831493
15.67	1.0975830425015207
15.68	-1.1949107567160129
15.69	0.44353481913413434
15.7	-0.33286401056315906
15.71	-0.25411039290230597
15.72	0.051832971404999706
15.73	0.584105639174297
15.74	0.1161442696793627
15.75	0.10965684032674222
15.76	0.9565399970772713
15.77	-0.5683742775311559
15.78	0.14997054697083267
15.79	1.111206061222977
15.8	-0.9440193818905888
15.81	0.14972961364251486
15.82	0.4230663143918758
15.83	0.18886704638052731
15.84	0.5121684249854614
15.85	1.0053845765886371
15.86	0.855343178529552
15.87	-0.2877755430523341
15.88	0.8426291287315124
15.89	1.8639964737761463
15.9	1.9902923028430546
15.91	1.3782086883428355
15.92	1.7299317580250542
15.93	2.595874288479371
15.94	3.66625656379117
15.95	1.4827504988515223
15.96	3.422642103995277
15.97	2.7788047398580336
15.98	3.6798207215187384
15.99	3.7787074455685277
16.0	3.9537772763353325
16.01	4.750770685100325
16.02	5.249655519058427
16.03	5.810401961588439
16.04	5.333523972443636
16.05	5.265402281978436
16.06	4.652100805445247
16.07	7.3448033913259625
16.08	7.898013051319022
16.09	6.783261719205753
16.1	8.204321837755698
16.11	7.830827816482063
16.12	8.879324150827728
16.13	9.471333196086382
16.14	8.724831600972436
16.15	9.358823098683835
16.16	10.206940506683852
16.17	10.300952041557332
16.18	11.048959848353809
16.19	11.118151682148628
16.2	12.36432655832834
16.21	12.495530281971934
16.22	13.77904432773268
16.23	13.491890141850243
16.24	13.806415384620129
16.25	13.491593027121661
16.26	14.63852681403056
16.27	14.221117010080059
16.28	15.378575755090658
16.29	14.928237346402375
16.3	16.297151230553748
16.31	15.109740592887087
16.32	16.076117823084875
16.33	17.00879432725886
16.34	16.67634682661531
16.35	16.181534107972805
16.36	17.200142207262914
16.37	17.07703662337861
16.38	17.117801507849904
16.39	16.594320290721694
16.4	17.765654237628247
16.41	17.51635287103817
16.42	18.451436899923337
16.43	17.779828889334475
16.44	18.248020517724356
16.45	18.380113496481357
16.46	17.242760307818862
16.47	19.237032523715555
16.48	18.230238411075803
16.49	17.74017479896491
16.5	17.431434226762615
16.51	18.825424364037602
16.52	18.18129179418818
16.53	18.358413482586997
16.54	17.769791447103135
16.55	18.837130430426594
16.56	18.331729828030007
16.57	17.725540734078066
16.58	16.914762843918545
16.59	17.111427471926763
16.6	16.632203426880885
16.61	17.448298186091222
16.62	16.536910906099408
16.63	16.027945891840755
16.64	17.026756681294007
16.65	15.873378704493241
16.66	15.640849270599132
16.67	14.861897848083968
16.68	15.933685513621326
16.69	15.416029352067165
16.7	14.888013233721558
16.71	14.555575794860292
16.72	12.736203598956319
16.73	13.421840933615186
16.74	12.823592575717168
16.75	13.406053902657492
16.76	11.868751176322496
16.77	11.439315472758963
16.78	10.368135010261911
16.79	10.196333295724058
16.8	10.277737017343416
16.81	9.498606386723948
16.82	8.839521471839474
16.83	9.230810955050513
16.84	8.531358065904413
16.85	7.935418792955556
16.86	7.603464419838242
16.87	6.895759407651447
16.88	7.534999039418867
16.89	6.109375805150692
16.9	6.247931979825817
16.91	5.553351720218579
16.92	5.536109411898251
16.93	4.356450378328739
16.94	3.7574736387123115
16.95	3.3098392253312174
16.96	3.6768492627055753
16.97	2.0027507293222238
16.98	3.1847363830757267
16.99	2.9293317517623976
17.0	3.3402475202971407
17.01	2.033505551692896
17.02	1.8952385196641486
17.03	2.9103202152811116
17.04	1.5593216916626746
17.05	1.6327289088409584
17.06	1.0650970843944665
17.07	0.17150570472644255
17.08	0.5899481480539394
17.09	-0.1281771222558945
17.1	0.568779982377264
17.11	0.38696480125414534
17.12	0.8185006612464999
17.13	0.4593107022628078
17.14	0.3927374819718789
17.15	0.5479917565889063
17.16	1.1016517082538255
17.17	0.3491188350567264
17.18	0.47317935515981924
17.19	-0.14147255976878653
17.2	1.0153144812289632
17.21	0.11370614769230669
17.22	1.1290457636469549
17.23	0.8753524157516557
17.24	1.8583765207428926
17.25	0.8343661955800239
17.26	1.1607880984159393
17.27	2.1584553738899235
17.28	2.2016271584408114
17.29	1.317080101516098
17.3	2.026580710752621
17.31	2.440955393508777
17.32	2.9056738987372173
17.33	2.1900815994341847
17.34	2.854981539693261
17.35	2.987695237715035
17.36	3.8409937677078028
17.37	2.704621102218464
17.38	3.1417739620607383
17.39	4.28445423038756
17.4	5.341211813269755
17.41	4.688110161719934
17.42	6.048448299223371
17.43	6.026156022593691
17.44	6.368546974916347
17.45	6.693840385397192
17.46	7.605850170532776
17.47	7.880777416420407
17.48	7.4742811196803975
17.49	7.857179702524241
17.5	8.956578620030236
17.51	9.360701970540449
17.52	9.4597055094223
17.53	10.251235202277712
17.54	11.098664152098705
17.55	11.78671524658747
17.56	10.90249960070567
17.57	11.156180497067567
17.58	12.343475134324436
17.59	13.038249328796228
17.6	12.826044333963422
17.61	13.357015684168546
17.62	12.851090006414724
17.63	13.620511698819602
17.64	14.224089581196345
17.65	14.51805043018249
17.66	15.257281480281707
17.67	15.72503070160123
17.68	15.212491598295555
17.69	15.153924982067867
17.7	15.992463226218643
17.71	16.278805135157654
17.72	16.481067023332
17.73	15.447494726058464
17.74	16.238122019772014
17.75	17.07487178289408
17.76	17.38709029794901
17.77	17.149132507341058
17.78	16.94979723548865
17.79	17.08813320014723
17.8	17.193778882161702
17.81	17.159478399963415
17.82	17.907775539181994
17.83	16.74837971858894
17.84	17.34421786618399
17.85	16.587641982120033
17.86	16.898193214906694
17.87	16.016813977298042
17.88	15.413604030779586
17.89	15.983997723908736
17.9	15.859653604426688
17.91	15.137887245190498
17.92	14.970850662097773
17.93	14.797107366405966
17.94	13.784439113277838
17.95	14.188274161294363
17.96	13.319911873287344
17.97	13.71089083394041
17.98	12.380769191100446
17.99	12.35408561297338
18.0	13.258797067684847
18.01	11.817076639392239
18.02	11.504973549607781
18.03	10.144396853474113
18.04	10.343527109185825
18.05	9.538054795339885
18.06	9.273818539292687
18.07	9.183907382755718
18.08	9.099858694867574
18.09	8.353376659898581
18.1	7.361588453880815
18.11	7.254163891996137
18.12	6.6828457594978765
18.13	6.781321545583527
18.14	6.35922641065918
18.15	6.088926756711829
18.16	5.121869797742787
18.17	5.078312252659182
18.18	5.3961250019905
18.19	4.209295178638288
18.2	4.683345834620272
18.21	3.8222712451690195
18.22	3.641674831772755
18.23	2.9958360543036546
18.24	4.622977485454876
18.25	1.9778986826252989
18.26	3.7518921697668306
18.27	2.975592266158847
18.28	3.0984321140536917
18.29	2.594193204931975
18.3	2.959525726567529
18.31	2.6317266524679894
18.32	0.7765279278121607
18.33	2.9099483220272835
18.34	1.7959149940881414
18.35	2.592813093934599
18.36	1.4594898380816947
18.37	2.110312488686309
18.38	2.2291845362431792
18.39	2.324210962362625
18.4	1.2370833908067242
18.41	2.112154729352265
18.42	2.5118748457832534
18.43	1.586737561457064
18.44	1.0580012816378277
18.45	2.1616039854106046
18.46	1.7240562752479305
18.47	2.7768444813381667
18.48	1.6457099198219372
18.49	3.217162123158725
18.5	3.4484733152617384
18.51	3.265284072976237
18.52	3.153359320681645
18.53	2.9190119755379262
18.54	2.9691734760697153
18.55	3.3881217842438067
18.56	4.575205988162459
18.57	4.755081782173419
18.58	4.409293888492458
18.59	4.83260346933401
18.6	5.61867626589839
18.61	5.680102776138738
18.62	6.47130009375612
18.63	5.858580175965247
18.64	6.609114992581615
18.65	6.660625502143354
18.66	8.066299729205126
18.67	8.778887396935314
18.68	7.814853966601464
18.69	9.514048171306804
18.7	9.165173301593947
18.71	9.07224497992677
18.72	10.48867207648295
18.73	10.60714345641761
18.74	11.33684229519201
18.75	11.057355240038516
18.76	11.043898344385436
18.77	12.978918415781717
18.78	12.861625156911968
18.79	13.311479807867272
18.8	13.271690825343606
18.81	13.369454835726076
18.82	13.8526923350398
18.83	13.773706885789759
18.84	15.285917524605047
18.85	13.849558392374938
18.86	14.90282129753937
18.87	15.289171068153216
18.88	14.15907411201342
18.89	14.327114654423742
18.9	16.385146093037335
18.91	15.255004870675652
18.92	15.211574100706276
18.93	15.127457779112643
18.94	15.592650022295123
18.95	16.25829400369691
18.96	15.563564758427637
18.97	15.003929429137322
18.98	14.702003148026336
18.99	15.175065611894343
19.0	15.136671088223546
19.01	14.491668835775766
19.02	14.447658653412672
19.03	14.929012405796746
19.04	14.831916482606294
19.05	12.984593624075615
19.06	13.729648634187274
19.07	12.743245411927939
19.08	12.751529391041144
19.09	11.904329580606493
19.1	12.091138314868061
19.11	12.210808676282369
19.12	11.181018820601418
19.13	11.470668430416909
19.14	9.915069657753927
19.15	10.91862030198403
19.16	10.103289098099905
19.17	9.761851522243635
19.18	8.172863197975987
19.19	9.50630433843403
19.2	8.15036620348753
19.21	8.436173790636941
19.22	7.012000563979046
19.23	8.089328928848031
19.24	6.659434118369329
19.25	6.362664149618395
19.26	5.984871214414522
19.27	5.6128818852492826
19.28	5.6513574036929235
19.29	5.528248338877466
19.3	4.434173387461217
19.31	4.964218078450777
19.32	4.175132531563751
19.33	3.46068401877242
19.34	3.9205250329721704
19.35	3.845823959936378
19.36	2.2900702048204074
19.37	2.755869281946188
19.38	2.5824121867201417
19.39	2.975828731238436
19.4	2.2795906671409005
19.41	2.3549616411491434
19.42	1.3359268961958692
19.43	1.8613158924301667
19.44	0.9881989848136156
19.45	1.2695661129010398
19.46	1.1895516501995527
19.47	0.5553548454708218
19.48	1.9843898556708912
19.49	-0.15150008519871905
19.5	-0.38126695633083396
19.51	0.4303794010469614
19.52	0.8955359002071621
19.53	1.0857910253289629
19.54	0.8088021634252291
19.55	2.2659490478229243
19.56	1.580160245929127
19.57	1.837292088781291
19.58	2.0390127523109234
19.59	1.709441945564841
19.6	2.2260351310275595
19.61	1.805814413787442
19.62	3.5570286333327483
19.63	2.005661560552368
19.64	2.7710937512532885
19.65	3.09258615273897
19.66	3.873393936843774
19.67	3.838471010572242
19.68	2.9745566307085785
19.69	4.876814745010343
19.7	5.2037532356265075
19.71	5.420771498142962
19.72	5.395628140749488
19.73	6.253381630615159
19.74	6.600435790573478
19.75	5.862780983788932
19.76	7.033574170647996
19.77	7.491103686443792
19.78	8.45255392687272
19.79	8.078109107366702
19.8	8.001110606501708
19.81	8.99103327686487
19.82	10.640006410660867
19.83	9.679249147252628
19.84	10.812484780531122
19.85	10.993525013015851
19.86	11.257919889758302
19.87	10.150231294574306
19.88	12.37009222740835
19.89	12.135450836198242
19.9	11.891484934841102
19.91	12.243740543193066
19.92	12.49283784336554
19.93	13.546414747012136
19.94	14.268758152016852
19.95	14.65704559256648
19.96	14.191963356025855
19.97	14.672839647526917
19.98	14.252992137925972
19.99	15.305763600536434
20.0	14.760476837214933
