10.01	1.0319957392361667
10.02	0.5751913573754723
10.03	0.8979540690907342
10.04	0.627711794439794
10.05	0.5341976076180084
10.06	0.6452480905890201
10.07	0.7561013925277373
10.08	0.4538151246429751
10.09	0.3341339961517708
10.1	0.5497480745282746
10.11	0.6858282647800493
10.12	0.6709784479555432
10.13	0.40443770017778036
10.14	0.729064250340469
10.15	0.6533903553792475
10.16	0.6636833710422819
10.17	0.4546343397619731
10.18	0.5171494228026392
10.19	0.7453381348553721
10.2	0.3432568619248133
10.21	0.460300303426937
10.22	0.4588795978292009
10.23	0.06455073176206769
10.24	0.6217605132571129
10.25	0.6374709035696254
10.26	0.8722354210497802
10.27	0.2842971375622202
10.28	0.4744610091461306
10.29	0.4613796017776886
10.3	0.45018017014718464
10.31	0.3136196379730135
10.32	0.46141040672588607
10.33	0.9518782272426904
10.34	0.658896447043431
10.35	0.37704190116424596
10.36	1.2074481628492921
10.37	0.9719292568442117
10.38	0.731381073431586
10.39	0.8411553836979236
10.4	-0.16243975372649327
10.41	0.7430391213815825
10.42	0.5452818558610566
10.43	0.9284708676729198
10.44	1.2203389515138054
10.45	0.13693629910179844
10.46	0.6868123788173639
10.47	0.8203384272581393
10.48	0.6997039833678638
10.49	1.0000930471663656
10.5	0.18969005709910886
10.51	0.46371241379260425
10.52	0.6735558825556841
10.53	0.5954082301728388
10.54	0.695207709486556
10.55	0.38090978561973005
10.56	0.5947674331537066
10.57	0.6795752198189579
10.58	0.6253692030329308
10.59	0.5330050327156144
10.6	0.5646051921658086
10.61	0.8185906315530391
10.62	0.4019976233084618
10.63	0.48973066464087334
10.64	0.616046112839759
10.65	0.5065079650672633
10.66	0.3383006755304622
10.67	0.7035649057746295
10.68	0.41769232970054415
10.69	0.6677665590390404
10.7	0.435333859385649
10.71	0.40728214343665203
10.72	0.6995318529401447
10.73	0.7404633096713189
10.74	0.7242672214387
10.75	0.7933758399424394
10.76	0.11150692021625144
10.77	0.6246760488891938
10.78	0.31043148273234106
10.79	1.1818402302558877
10.8	0.8052987604243393
10.81	0.6622936338605321
10.82	0.49703539697128457
10.83	0.38903755630468284
10.84	0.51568998562528
10.85	0.40928893641692254
10.86	0.3054692873396443
10.87	0.4115387389255347
10.88	0.6097230490875315
10.89	0.44366553903482375
10.9	0.7557999548226428
10.91	0.573067032382734
10.92	0.294633936864507
10.93	0.4792551266228302
10.94	0.4031654474526637
10.95	0.7831293007580586
10.96	0.11815847883545061
10.97	0.29196952385026376
10.98	0.8398103253790532
10.99	0.4632105132574618
11.0	0.4649694295034209
11.01	0.48023160924032177
11.02	0.40323415496837894
11.03	0.53468464071762
11.04	0.5110964940487733
11.05	0.5916726248554336
11.06	-0.2151104152201092
11.07	0.025258098979271004
11.08	0.5872789682627818
11.09	0.940710090572687
11.1	-0.06595455286538981
11.11	0.2990194110708983
11.12	0.48514344212359395
11.13	0.5044304957161476
11.14	0.4918820773738973
11.15	0.669526750551226
11.16	0.4783509224286221
11.17	0.7119866477493215
11.18	0.6219221340616385
11.19	0.585137581713184
11.2	0.6840958524319234
11.21	0.7609953686886024
11.22	0.6026882748003649
11.23	0.5105934079071865
11.24	0.598748065933908
11.25	0.03447383721109504
11.26	0.9581623627057754
11.27	0.37441697545324487
11.28	1.0422252513842722
11.29	0.2550571242833319
11.3	0.6264347968266473
11.31	0.6501985439560525
11.32	0.41422938291597283
11.33	0.6375084793289124
11.34	0.5405760388861857
11.35	0.15586276802570947
11.36	0.3965872887214108
11.37	0.6965978408481324
11.38	0.8071899492680041
11.39	0.2967421163149483
11.4	0.60926155670167
11.41	0.13774149613874007
11.42	0.2529990544603741
11.43	0.4027330263140401
11.44	0.5931388778260753
11.45	0.8905131733589502
11.46	0.5843395649061682
11.47	-0.1708667465876113
11.48	1.0465813680043847
11.49	0.2686372474842187
11.5	0.28524565682708525
11.51	0.13291032624640914
11.52	0.28042371715099634
11.53	-0.0392478771740305
11.54	0.5001100789626639
11.55	0.7628994836987293
11.56	-0.11489887699084497
11.57	0.5288274916504921
11.58	0.39769609585526855
11.59	0.6171994886323702
11.6	0.10008598954771092
11.61	0.5962795466241166
11.62	0.44298423896285644
11.63	0.34508889220128647
11.64	0.0002781263779932791
11.65	0.9168577873769004
11.66	0.06127459225288988
11.67	0.548281781072543
11.68	0.4526096552705248
11.69	0.2556351586130292
11.7	-0.0865441759134406
11.71	0.6951053723312972
11.72	0.6935507032918639
11.73	0.4085204125528914
11.74	0.06333474988075631
11.75	0.5700831060024729
11.76	0.17645998060134493
11.77	0.1691683511324461
11.78	0.10790274428854332
11.79	0.4769170511117925
11.8	-0.0035241025070420207
11.81	0.5312603151554951
11.82	0.49190896374439624
11.83	0.3601877169172623
11.84	0.2447383323743328
11.85	0.7575853780691915
11.86	0.2582568635918854
11.87	-0.107524447671563
11.88	-0.25348657231683913
11.89	0.7039474244822147
11.9	0.1861937962890104
11.91	0.3006492295971354
11.92	0.7686273188980008
11.93	-0.20950374600956317
11.94	0.6044618770973226
11.95	0.5646041468661656
11.96	0.8851041860404976
11.97	0.8998982187201521
11.98	0.6991889642180342
11.99	0.4816144082467443
12.0	0.45526766969854376
12.01	0.5359841268171811
12.02	0.282329089091778
12.03	0.7635366251731505
12.04	0.19396902859916132
12.05	0.148521067217315
12.06	-0.04870226800902214
12.07	-0.0019413450626336037
12.08	0.14868909641966607
12.09	0.038204067052181004
12.1	-0.21401571534001967
12.11	0.5281547262032321
12.12	-0.11996751306214534
12.13	-0.035567922547266984
12.14	0.638598910195128
12.15	0.09490981689684211
12.16	0.5150400256566541
12.17	0.6760581801265073
12.18	0.3534859408361065
12.19	0.3445674510525386
12.2	0.3768838130263504
12.21	0.44050707567343866
12.22	0.2820193344249409
12.23	-0.04345264076796851
12.24	0.29669142129620235
12.25	0.10779906465529306
12.26	-0.006198402884815213
12.27	0.5617426405920312
12.28	0.159273367105668
12.29	0.1437293599885311
12.3	-0.0015298481671739694
12.31	0.17320312771229146
12.32	0.06816873829823569
12.33	-0.015533656085188086
12.34	0.3472795949726295
12.35	0.24797865794754317
12.36	0.46281383538500553
12.37	0.4780217575870471
12.38	0.2023582291504977
12.39	-0.45200448710479063
12.4	-0.02203511982555853
12.41	0.26161869100905116
12.42	0.18172605730664884
12.43	0.030542946850281583
12.44	0.37069431876000314
12.45	0.5316589725520294
12.46	-0.09023333466049002
12.47	0.11710100485023653
12.48	0.18765237291743064
12.49	-0.026284891191227594
12.5	0.34912951129367437
12.51	0.05624930261274709
12.52	0.05435421408312373
12.53	0.043351284089099204
12.54	-0.10533241472609517
12.55	-0.2860855760421014
12.56	0.4525720142446184
12.57	0.5304308460169853
12.58	-0.016297419914289346
12.59	0.27019956223316854
12.6	0.47098492456143015
12.61	0.024736482694276765
12.62	-0.04161790137771901
12.63	0.4450177788809053
12.64	0.5843833656474191
12.65	-0.15198569728640648
12.66	0.3946230698581087
12.67	0.1271646382319111
12.68	0.1814952852047031
12.69	0.06136271151056079
12.7	0.25411834361480035
12.71	0.12615375077815053
12.72	0.238968303749828
12.73	0.3790983274097237
12.74	-0.27721850016401955
12.75	0.20966550947536491
12.76	0.3470099667007003
12.77	-0.1574939835327907
12.78	0.9180713276133232
12.79	-0.25679543172543295
12.8	0.17209528447971717
12.81	0.3955932082535183
12.82	0.21516181639900933
12.83	0.2715579023347578
12.84	-0.19702588568549123
12.85	0.3624398591163367
12.86	0.2701157728603921
12.87	0.4547980465990457
12.88	0.23777847420431578
12.89	0.30327272920126236
12.9	0.16611224079794001
12.91	-0.14110973760045786
12.92	0.10490001396773119
12.93	-0.012051489649395897
12.94	0.1931390198562644
12.95	-0.04876593649241459
12.96	0.014859527621739532
12.97	0.13281311598532475
12.98	0.18716680525263957
12.99	0.15519634416371278
13.0	0.06112636526404293
13.01	0.44331883186687726
13.02	0.0433838620049552
13.03	-0.13788131466398557
13.04	0.3862302790832602
13.05	-0.09428005601278042
13.06	-0.0035344120718408534
13.07	0.2312440046158659
13.08	0.17349396628321392
13.09	0.35890645341342114
13.1	0.057791010905757334
13.11	0.29062157584724446
13.12	0.2400283171167964
13.13	0.20718219296814017
13.14	0.03556759831686053
13.15	0.10004152530784882
13.16	0.12687593580891757
13.17	0.19772193441281932
13.18	0.47005207279628336
13.19	0.07725823794022682
13.2	0.27341943711722455
13.21	0.24131131381332965
13.22	0.20324405444600152
13.23	0.22409480289368577
13.24	0.6212440239677671
13.25	-0.22179038622194758
13.26	0.16404648893794538
13.27	-0.1270151156090289
13.28	0.01385275363636243
13.29	0.573863498484678
13.3	0.16341881958946958
13.31	0.19850389404543237
13.32	0.4087460374607969
13.33	0.12594722300522418
13.34	0.24024881554678398
13.35	0.21998804718958992
13.36	0.15320635259849513
13.37	-0.07498714274119167
13.38	0.1626187064174815
13.39	-0.04560649264105335
13.4	0.41550072316824344
13.41	0.3196049492567886
13.42	-0.3208478178729276
13.43	0.10013847185471071
13.44	-0.06747146347269314
13.45	0.44708615700840476
13.46	0.048264296681505156
13.47	0.22967068965234733
13.48	0.06245389101148112
13.49	0.4119536611488981
13.5	0.020559064902291077
13.51	0.2958613590267013
13.52	0.2591028491221672
13.53	-0.04018075142230723
13.54	0.6909889423383778
13.55	0.18043715941151112
13.56	0.0907502997486915
13.57	-0.24873842808596403
13.58	-0.1623792155500441
13.59	-0.11602171526775137
13.6	0.5051752924177124
13.61	-0.10494937561619477
13.62	0.2619323289135017
13.63	0.13708757285072212
13.64	-0.2515296967717164
13.65	0.38148798318801225
13.66	0.04398089162796416
13.67	0.06929012335797183
13.68	0.38930290350007307
13.69	-0.061839464956340684
13.7	0.14699931030496358
13.71	0.10018188743798918
13.72	0.5035517897863795
13.73	0.37707921879755557
13.74	0.11823497887717163
13.75	0.19182363339348663
13.76	0.24207808063666747
13.77	0.4156346034328008
13.78	0.18971305646695208
13.79	-0.20093680382778162
13.8	0.43329109221099177
13.81	0.32218501533495997
13.82	-0.025826765992036677
13.83	0.4068025525169466
13.84	0.7316293835470147
13.85	0.21196880092939846
13.86	-0.13664054429888728
13.87	0.24889461991940523
13.88	0.3995601788993864
13.89	0.46906704789759945
13.9	0.0158682284559144
13.91	0.08130699491493759
13.92	0.36509308357767356
13.93	0.11027065459814689
13.94	-0.14065505353796354
13.95	0.20616760525501443
13.96	0.1684060472186495
13.97	0.009922466089291718
13.98	0.3025800607452641
13.99	0.09821874558539309
14.0	0.33291988554687346
14.01	0.14587120911108192
14.02	0.09517446286345127
14.03	0.27764000593995086
14.04	0.30550215232454003
14.05	0.23101268555870458
14.06	0.018209334732316354
14.07	0.37541191245081407
14.08	0.5219370278603059
14.09	-0.12227770032758645
14.1	0.02822096832363312
14.11	0.29545341624957594
14.12	0.5674885540859156
14.13	0.11723754961401309
14.14	0.05988131012530881
14.15	0.013819366193794536
14.16	0.09670547717541675
14.17	-0.04972985344087619
14.18	-0.13161670863894137
14.19	0.17639095799175994
14.2	-0.12937760092685324
14.21	-0.006544890251691332
14.22	0.11693625963604641
14.23	-0.013451365863081405
14.24	0.2936911760107452
14.25	0.22036374791414517
14.26	0.10416057010743472
14.27	0.14274948816476077
14.28	0.053778229771767175
14.29	0.5143949951341557
14.3	0.01733478377893423
14.31	-0.1042527035076652
14.32	0.005912215639626461
14.33	0.16245588926559962
14.34	0.05603427700237881
14.35	0.06283124116169582
14.36	0.015788848630680946
14.37	0.15815770455121123
14.38	0.38945704048949564
14.39	-0.0455054497454049
14.4	0.291747063600714
14.41	0.3250917101941476
14.42	0.030922271498724355
14.43	0.2656651007620776
14.44	0.26998148304184555
14.45	0.04532394394993994
14.46	0.03779862377391599
14.47	0.08038375010089172
14.48	0.13947399679954775
14.49	-0.15146669502729687
14.5	0.2871253038919277
14.51	0.2504297470698267
14.52	0.05791187573273793
14.53	0.003492014737753041
14.54	0.8414259952878025
14.55	0.44591661369023455
14.56	0.24534842015914965
14.57	0.1924848767940577
14.58	-0.341096253905923
14.59	0.26354069835171345
14.6	0.0974559803344396
14.61	-0.0032136586690034163
14.62	0.43504821340974004
14.63	0.03800779383131579
14.64	-0.12674651752402644
14.65	-0.03786642725074291
14.66	-0.32491914582212184
14.67	0.2395364200747797
14.68	0.46209726382846517
14.69	0.1325332434999457
14.7	0.5482146623801218
14.71	0.3054308394571882
14.72	0.6572800126581708
14.73	0.605310251577106
14.74	0.0955471298744758
14.75	0.34023047755230457
14.76	0.051802990236557475
14.77	0.17391607106321505
14.78	0.17633748537636545
14.79	0.012904462348055604
14.8	0.02461500555466395
14.81	0.12971839831020723
14.82	0.03185080190964179
14.83	0.16534522276336022
14.84	0.06132288088974165
14.85	0.35017185919046523
14.86	-0.16879790247610713
14.87	0.19816621822268823
14.88	0.08080771898962785
14.89	0.42940292433753957
14.9	0.08889347248094742
14.91	-0.027863544765587472
14.92	0.310917097306483
14.93	0.48121011641871525
14.94	0.3488514293029107
14.95	0.24296453051720782
14.96	0.3472879793442737
14.97	0.0748246408117513
14.98	-0.033999574641973535
14.99	0.3341909884036189
15.0	0.2392903206660665
15.01	0.1359689095214004
15.02	-0.15531858240625984
15.03	0.290954498901289
15.04	0.3635350561382531
15.05	0.07407019910282159
15.06	0.3322952901832421
15.07	0.14861795067453842
15.08	0.1593862165577298
15.09	-0.0034574090683539282
15.1	-0.13029905234247297
15.11	0.09708756021313657
15.12	-0.05314175391861581
15.13	0.26966530434551084
15.14	0.17280993494799665
15.15	0.30910000282196154
15.16	0.2854242564579747
15.17	-0.04239089312917671
15.18	0.11093765777384965
15.19	0.17037181311294852
15.2	0.0011240712639432049
15.21	0.03818994657871751
15.22	0.15227934581539437
15.23	-0.01580407305810702
15.24	0.2588583859417405
15.25	0.08593711222879058
15.26	0.0006178393313781283
15.27	-0.08844199324984525
15.28	0.32710000131077016
15.29	0.28958655177539094
15.3	-0.2131540055257724
15.31	0.5533978369396697
15.32	-0.11449176910593248
15.33	0.125049643447648
15.34	0.09838954666828646
15.35	0.3337543862372387
15.36	0.20200804471389408
15.37	-0.03364858404713267
15.38	0.11641397635842056
15.39	0.36553001609445934
15.4	0.3678867207152028
15.41	-0.0016423480173208549
15.42	0.17291128449693963
15.43	-0.1726648580598823
15.44	-0.1648017038874829
15.45	-0.03722339251718443
15.46	0.1715810224878101
15.47	0.1744211097047522
15.48	-0.16272967203696964
15.49	0.2068593140958804
15.5	0.10970326742160838
15.51	0.3407518136187244
15.52	0.4938591697983016
15.53	-0.12734752490385404
15.54	0.11980929758388607
15.55	0.3575483662975464
15.56	0.2911209604904167
15.57	-0.2121817685965755
15.58	0.2949216269683682
15.59	0.054611775353619385
15.6	0.05865288695294105
15.61	0.3345954560193424
15.62	0.5094327322513017
15.63	0.06952060695137402
15.64	0.12102541106287704
15.65	-0.0003439592873523134
15.66	0.39150232525911033
15.67	0.09535506698600088
15.68	0.4569579292640228
15.69	-0.17400258885589753
15.7	0.06272059321932247
15.71	0.3668245931555465
15.72	0.14019515960917125
15.73	-0.0998331229764294
15.74	-0.016676169409609837
15.75	0.08348366948342881
15.76	-0.05751575193044728
15.77	-0.02110964627764761
15.78	0.6861934616509922
15.79	0.09729702821617443
15.8	0.22239766649634218
15.81	0.30538845056091124
15.82	0.3690375015062347
15.83	0.006955575185463414
15.84	-0.11520480911916339
15.85	0.1827703377811739
15.86	-0.24757581570741322
15.87	0.029372408147551085
15.88	0.2490973960011531
15.89	0.021438619702696143
15.9	0.37421219352238605
15.91	-0.008152974309977717
15.92	-0.03986926715717726
15.93	0.276851767089829
15.94	0.23726851970268475
15.95	0.37581746038165326
15.96	0.15778079656621402
15.97	0.4086223310767994
15.98	0.2752596909301525
15.99	0.23545811991568436
16.0	0.27819363360081395
16.01	-0.14199364629135547
16.02	0.1854547516575326
16.03	0.2527555171466485
16.04	-0.163150276606792
16.05	0.15915301757368278
16.06	0.0815729139780676
16.07	-0.29266952693516474
16.08	0.030112945906991116
16.09	0.014223991769094547
16.1	-0.024882141551604786
16.11	0.23271639653597698
16.12	-0.21998727174235883
16.13	-0.0673394652349093
16.14	-0.057995703619926786
16.15	-0.0038426354411538197
16.16	-0.12878842114662548
16.17	-0.047728074894646616
16.18	-0.17731101532596097
16.19	0.05142212008896514
16.2	0.02582754163764215
16.21	0.10206912426950929
16.22	0.3911079627144869
16.23	0.25892102294732633
16.24	0.07828226528511477
16.25	-0.031128852028720417
16.26	-0.07475891660820302
16.27	-0.19703833470500776
16.28	-0.2353482502368881
16.29	0.40967240624746326
16.3	0.09423159228074375
16.31	0.16751876686761757
16.32	-0.34245176394507265
16.33	0.18991048278918177
16.34	-0.010683517849418678
16.35	-0.07729641241697964
16.36	-0.3087421047847278
16.37	-0.17405255053001661
16.38	0.03744921772148112
16.39	0.18341935138866683
16.4	-0.3474991679871011
16.41	0.02556100922215393
16.42	-0.28743740924262745
16.43	0.12962383083768672
16.44	-0.09011395101046657
16.45	-0.18506201444317597
16.46	-0.14339954197547153
16.47	-0.030016458681937506
16.48	0.15810431556240942
16.49	0.16974176901010063
16.5	0.13059713997521755
16.51	-0.057345070451319625
16.52	0.3592320695225011
16.53	0.4508864565250619
16.54	0.08707282023703118
16.55	0.39241270737754314
16.56	0.2772516296653824
16.57	-0.012999212461850537
16.58	0.16183129871193694
16.59	-0.23505495575031776
16.6	0.23134500823061024
16.61	-0.09314841359988149
16.62	-0.10362093258975735
16.63	-0.08125782390159364
16.64	-0.13201187222835103
16.65	-0.518783495713906
16.66	-0.12643872089174601
16.67	0.22969608070684502
16.68	-0.14050639594691877
16.69	0.26065242356037277
16.7	0.15005288417361617
16.71	0.2884341578996154
16.72	-0.14077805489039236
16.73	-0.1844117726053945
16.74	0.1641108350153657
16.75	0.11783024746177449
16.76	0.2122669036186009
16.77	0.36790921547358346
16.78	0.04333523050064281
16.79	0.07263889334441989
16.8	-0.17015538262853847
16.81	-0.23307656561998968
16.82	0.3697708400637907
16.83	0.354662165945869
16.84	0.14613018309518616
16.85	0.08466643896691109
16.86	-0.5008209804756998
16.87	-0.06531044054277022
16.88	0.09770995766538403
16.89	-0.03481551939826797
16.9	-0.289141315995488
16.91	0.44127562355125927
16.92	0.2090447751359497
16.93	0.05187029284989234
16.94	0.07568776454425588
16.95	0.021446323057127452
16.96	0.08475290272551328
16.97	-0.061472468107049344
16.98	0.060384305818077126
16.99	0.20264711985720038
17.0	0.10876816929569973
17.01	0.09339546510179958
17.02	0.1641854739029212
17.03	0.003964447368412053
17.04	0.16956469153697648
17.05	0.20897465724322212
17.06	-0.1219484991179503
17.07	-0.09610841383287377
17.08	0.07958483979332315
17.09	-0.3015824591990608
17.1	0.12708475475953243
17.11	0.01630625204629448
17.12	0.04014968747117008
17.13	0.2917498242109884
17.14	0.06940812235380331
17.15	-0.07309939214441999
17.16	-0.1331894828145737
17.17	0.3501690111830782
17.18	-0.07344355997680613
17.19	0.17623336961047426
17.2	0.13580907597816314
17.21	-0.11816319403771028
17.22	0.20053266292848276
17.23	-0.06770065133555957
17.24	0.12751199915842235
17.25	-0.24014307813474992
17.26	0.22451211416378286
17.27	0.1559482027899957
17.28	-0.021211275836149734
17.29	-0.02275962410160831
17.3	0.274043977579186
17.31	0.09930414596079509
17.32	0.13349638053543886
17.33	0.2924290754061307
17.34	0.09929493035719655
17.35	-0.030743601554800964
17.36	-0.07909358603912825
17.37	0.06430798329470508
17.38	0.19139719068858435
17.39	0.04348336018394955
17.4	0.45129977729844994
17.41	-0.16162319991418683
17.42	-0.10342257551499928
17.43	-0.1666221682344922
17.44	-0.03611127108405374
17.45	0.1520785742029151
17.46	0.025478188511929636
17.47	0.01663104282440056
17.48	0.37035516482538944
17.49	-0.09457971799036861
17.5	0.2706279830896973
17.51	-0.2189127574712794
17.52	0.2725836764003908
17.53	0.024387749058349922
17.54	0.17723102846908725
17.55	-0.043885902316535386
17.56	0.4651294386399564
17.57	0.035225133852430604
17.58	0.3179939954205539
17.59	0.21745891666016315
17.6	0.06574774989591019
17.61	0.18280632837838198
17.62	0.3583047493570951
17.63	0.2089326144944986
17.64	0.01152176953413113
17.65	-0.24184489754509703
17.66	-0.2569976042655286
17.67	0.1064461849626615
17.68	0.21925923994598806
17.69	-0.21734386834427627
17.7	-0.1263049114767416
17.71	-0.03855961788102591
17.72	-0.11140361970402077
17.73	0.3031267165169681
17.74	0.19806544879586047
17.75	0.07780891988864407
17.76	0.05919272435476097
17.77	0.11962642744551516
17.78	0.35230576770135263
17.79	0.6810481104579114
17.8	0.4071686357167507
17.81	0.1804474252705138
17.82	0.4519275129391883
17.83	0.20303938033334518
17.84	0.2547872698093722
17.85	0.44617183806763944
17.86	0.08206372967969755
17.87	0.20029012457329654
17.88	0.11779846364275685
17.89	0.466219295946926
17.9	0.3701007487753609
17.91	0.2992679657818915
17.92	0.5880005534959153
17.93	0.14384687426919687
17.94	0.11449300070616765
17.95	0.3422809316866102
17.96	0.41091978739158674
17.97	-0.018676539356253602
17.98	0.49538955845103805
17.99	0.14583951071487192
18.0	0.5011000129740976
18.01	-0.1182750513903969
18.02	-0.1732749402069137
18.03	0.40657085583310537
18.04	0.6784052137438832
18.05	0.4715690867965342
18.06	0.6514289728337085
18.07	0.3210479666770555
18.08	0.42455991123141806
18.09	0.5095293236620309
18.1	0.6408312203163252
18.11	0.6205034672328309
18.12	0.5501041225109926
18.13	0.26830105317341335
18.14	0.602180192241117
18.15	0.273275760953796
18.16	0.12636258343771922
18.17	0.5593192953955798
18.18	0.07138683621203393
18.19	0.9782813287902448
18.2	0.6933965288972073
18.21	0.7643297439564579
18.22	0.20315062279349944
18.23	0.4920908320147193
18.24	0.1064607194897697
18.25	0.5376884096098328
18.26	0.3533928513573168
18.27	0.32178939220962843
18.28	0.7030725271619731
18.29	0.3150061599407251
18.3	0.7036773015012551
18.31	0.09752011211380757
18.32	0.645673415433132
18.33	0.6643873276901351
18.34	0.24173810781667604
18.35	0.31492166143744627
18.36	0.3867008440115191
18.37	0.40634643728796654
18.38	0.46895184037387744
18.39	0.48228980940109567
18.4	0.8236141994240711
18.41	0.7013478700586391
18.42	0.4777125722975279
18.43	0.2640275246856768
18.44	0.24586353584631682
18.45	0.08499326934413134
18.46	0.4785172695794319
18.47	0.5847316086365821
18.48	0.7536330018115576
18.49	0.8145758786863821
18.5	0.567658435819566
18.51	0.43755602486406664
18.52	0.34425801919874527
18.53	0.37655783325824643
18.54	0.8235901350969329
18.55	0.40822435745138475
18.56	0.389052271405976
18.57	0.4925969440645993
18.58	0.6416436202708515
18.59	0.6924531630052778
18.6	0.5094740801163252
18.61	0.5865361594754053
18.62	0.31681545384149523
18.63	0.522345271064248
18.64	0.47836728369351394
18.65	0.42541375122596337
18.66	0.4043562098106426
18.67	0.46823648150809744
18.68	-0.019795708665382272
18.69	0.11808608457465303
18.7	0.5006898745805195
18.71	0.40401767161982083
18.72	0.7774461520408447
18.73	0.2866617180815173
18.74	0.43393704109074993
18.75	0.9998163053170658
18.76	0.5444634365732585
18.77	0.3771102284334429
18.78	0.6587602318513148
18.79	0.58298429418264
18.8	0.18807245397692307
18.81	0.8580586416463962
18.82	0.48083687816100884
18.83	0.3380840688893712
18.84	0.3267992441581873
18.85	0.6854018118078075
18.86	0.6376739555503047
18.87	1.093576043491706
18.88	0.6374344709922983
18.89	0.8187788646451777
18.9	0.43212191677746986
18.91	0.4903433531483568
18.92	0.42287559996864243
18.93	0.5164619823538348
18.94	0.7666910337361484
18.95	0.5978123882565278
18.96	0.3403075052702795
18.97	0.24565238973907527
18.98	0.3420797173473162
18.99	0.8032034260158909
19.0	0.7026479602932059
19.01	0.47078065054573714
19.02	0.6804069401660608
19.03	0.6042943740193468
19.04	0.6847889019062415
19.05	0.47764407145329907
19.06	0.6001698835417915
19.07	0.41751003207085413
19.08	0.43227631569134095
19.09	0.642758032961451
19.1	0.4826166082505485
19.11	0.37155221218486045
19.12	0.6859386347410865
19.13	0.9942572571742745
19.14	0.20135155328647075
19.15	0.06309620247931624
19.16	0.21916851725625935
19.17	0.21074581163510975
19.18	0.6308676908300401
19.19	0.6929965828892157
19.2	0.5525243733724431
19.21	0.30506734758511134
19.22	0.36546493392053203
19.23	0.7447611904235064
19.24	0.2344346162149118
19.25	0.32981386879625524
19.26	0.6132143842887218
19.27	0.6053604893329758
19.28	0.4469950804647304
19.29	0.5619138308308593
19.3	0.4161775662683815
19.31	0.6651964151699366
19.32	0.13936646549333598
19.33	0.7555304950680369
19.34	0.40255830213061444
19.35	0.18196585225096457
19.36	0.6934346231297599
19.37	0.5693759593221736
19.38	0.34020769385998656
19.39	0.26302296770065936
19.4	0.7455638177521121
19.41	0.5422075397392045
19.42	0.6574789788516096
19.43	0.477084858094047
19.44	0.589131118143079
19.45	0.5290840120718646
19.46	0.627669185273449
19.47	0.534878274609881
19.48	0.21332601587474398
19.49	0.5035327178391997
19.5	0.5574789724904664
19.51	0.7619370227922139
19.52	0.5376333986199094
19.53	0.5276165757500436
19.54	0.6596174416742216
19.55	0.5411416039354204
19.56	0.34296129645328477
19.57	0.2186284641938372
19.58	0.271884073870973
19.59	0.6009954563167779
19.6	0.37186416282618806
19.61	0.44616785181905616
19.62	0.3967657150613281
19.63	0.7817989965159337
19.64	0.4626585210554527
19.65	0.34099589431062666
19.66	0.8134557441483324
19.67	0.6345367176480642
19.68	0.5245389173809761
19.69	0.47813962113546116
19.7	0.5462291567738939
19.71	0.6319020101837567
19.72	0.532960053981978
19.73	0.9753621260053476
19.74	0.6948210782512825
19.75	0.5732189706306896
19.76	0.6994059514651698
19.77	0.6729396540811038
19.78	0.3036797157676211
19.79	0.7194878312614112
19.8	0.16334463225310003
19.81	0.7339755804725085
19.82	0.41955476436827116
19.83	0.6342262900094116
19.84	0.3021111774329339
19.85	0.8652828113937159
19.86	0.13577464080871854
19.87	0.43524775806895133
19.88	0.45868480942163325
19.89	0.21181595465225783
19.9	0.9513045931306354
19.91	0.32870151682201465
19.92	0.4007321476652481
19.93	0.47120481069341097
19.94	0.47211828241238785
19.95	0.6877656288852321
19.96	0.5736493189520047
19.97	0.3723035553546792
19.98	0.2014325085666815
19.99	0.5729140846567226
20.0	0.3238001331523048
