10.01	4.885015515011838
10.02	4.4932578387939985
10.03	5.161245989790669
10.04	4.795858298794317
10.05	3.51319881672043
10.06	4.2567777466056675
10.07	3.452923299405626
10.08	2.987923977174258
10.09	3.282338259721238
10.1	2.598757040879666
10.11	2.9231760148444357
10.12	2.0841395742867825
10.13	2.2776552113639656
10.14	2.3595869860173293
10.15	1.940487621678491
10.16	1.814249515701337
10.17	1.202745722888534
10.18	2.9719482568879476
10.19	1.3656729260383311
10.2	1.6482928412534297
10.21	1.1134329393727243
10.22	0.3686152566720121
10.23	1.848750326232114
10.24	1.3684487414045354
10.25	0.22216863900849793
10.26	0.3505231929826332
10.27	0.9074427022811229
10.28	0.31123078545512695
10.29	0.7387490929398803
10.3	0.7206424517581074
10.31	0.7213187243452257
10.32	1.132657447965716
10.33	1.178362097982406
10.34	0.8175205477500385
10.35	1.7047270333314
10.36	1.2502951222839946
10.37	1.6899551787462888
10.38	1.655762898464119
10.39	1.748752744535827
10.4	3.140197370327366
10.41	3.4440770074062543
10.42	2.6829559630050217
10.43	3.014509584639099
10.44	3.3750863466885677
10.45	4.193942854094707
10.46	4.699303809630552
10.47	4.871012989813714
10.48	4.5397341307536765
10.49	5.0988464838942535
10.5	4.524667374273461
10.51	6.292533687521224
10.52	6.481305978842678
10.53	6.8706400807986725
10.54	6.538717542993381
10.55	7.777054281117087
10.56	7.805091032281751
10.57	9.332147694599662
10.58	8.9418790361857
10.59	9.503226606686628
10.6	9.883484968551672
10.61	9.888355038136279
10.62	10.549055894897052
10.63	11.068920309273308
10.64	12.13564819149005
10.65	12.529412182584432
10.66	12.488580559486943
10.67	13.415599844527208
10.68	12.504577480477648
10.69	13.655923713862288
10.7	13.8254935864743
10.71	15.407641331817313
10.72	14.817943319163303
10.73	15.678561934400669
10.74	16.468994361060634
10.75	16.579187826758968
10.76	16.97367274010896
10.77	17.722283344925142
10.78	17.314053959681203
10.79	17.935847417245277
10.8	17.921661393699107
10.81	18.15487218543082
10.82	18.59085753372253
10.83	19.559146309998546
10.84	19.221167397580388
10.85	19.514737321158297
10.86	19.148095735432506
10.87	20.021558584843117
10.88	19.67936820882288
10.89	20.692746291122422
10.9	20.290576856304828
10.91	20.33220632049838
10.92	19.649932567269268
10.93	20.542203557608776
10.94	20.899768958234613
10.95	21.81203293587426
10.96	21.015911748507268
10.97	21.889916094288203
10.98	20.876694794686045
10.99	20.82823033453781
11.0	20.42432636889605
11.01	21.09112830502956
11.02	20.37491221388055
11.03	21.720104537524634
11.04	20.657076887442898
11.05	20.075473297230825
11.06	20.540548728095914
11.07	19.994877121151
11.08	20.5081629123001
11.09	19.091172271578973
11.1	20.53324443459308
11.11	19.797693076126485
11.12	18.949028268630077
11.13	19.348036980418417
11.14	18.907897851275035
11.15	18.41675454753715
11.16	18.101003880903107
11.17	17.749380237032412
11.18	17.87613842023993
11.19	17.17188085334238
11.2	17.148648419981058
11.21	15.237430177153092
11.22	16.6370649696837
11.23	15.199899647356998
11.24	14.74387187599937
11.25	14.58070944345805
11.26	14.176678066227094
11.27	14.055571300249946
11.28	12.69278342700116
11.29	12.586291277609117
11.3	11.745134364333873
11.31	12.298639485944378
11.32	12.597337647750262
11.33	10.75694766946477
11.34	10.725869494532857
11.35	10.34959521478654
11.36	11.092617590757623
11.37	8.875040861180915
11.38	9.099565095384065
11.39	8.781409264527012
11.4	8.69266046285776
11.41	7.664483506690879
11.42	7.719093061573559
11.43	6.89291556996602
11.44	6.409344905419962
11.45	7.219795218479439
11.46	5.3039388786142565
11.47	6.079376410650149
11.48	5.845825074254593
11.49	4.9498253511112305
11.5	5.748675159568531
11.51	5.249257718613756
11.52	4.265970060675823
11.53	4.095797724827597
11.54	3.6489622284252934
11.55	3.059655435430768
11.56	3.2244690388883117
11.57	2.7482754843767125
11.58	2.981316478056362
11.59	2.723655382096876
11.6	2.1798871384492466
11.61	1.944913036905496
11.62	1.3717470397354832
11.63	2.6945275767219075
11.64	1.9823288813782758
11.65	1.7965401388957238
11.66	1.3067105554811698
11.67	2.278632398071834
11.68	2.0110060846856435
11.69	1.3168055449137153
11.7	0.9994944536064047
11.71	1.7630255576056748
11.72	0.8822287820748795
11.73	2.1811645377234297
11.74	1.54357918988001
11.75	1.1067708901713273
11.76	2.4457961416576275
11.77	2.1166921796123077
11.78	1.41641957957918
11.79	1.369454554001585
11.8	1.8934881318986099
11.81	2.8186056743835866
11.82	1.7757505522402846
11.83	2.1588765395790066
11.84	2.5340729117802248
11.85	2.4674743981210465
11.86	3.166924753971895
11.87	3.6179630098387747
11.88	5.143990394581415
11.89	3.0434217013157037
11.9	4.729021548260486
11.91	4.125534643246527
11.92	3.766183736304381
11.93	5.624749314343567
11.94	4.640924370488481
11.95	5.392966276507433
11.96	5.442913197538044
11.97	5.682633310313191
11.98	6.431877462794184
11.99	6.3745384287432305
12.0	7.660106296248284
12.01	6.457337952339237
12.02	6.707429033473905
12.03	8.303739053892258
12.04	8.194350965489294
12.05	8.377724936930596
12.06	8.92711884321385
12.07	8.979375805482947
12.08	9.074368699414086
12.09	9.857915775172092
12.1	9.517738497742165
12.11	10.064764087384855
12.12	10.562289457074169
12.13	10.655227987247173
12.14	11.693745241264955
12.15	11.505840067810398
12.16	12.686939308511965
12.17	12.790131391994397
12.18	12.177231263430462
12.19	13.135264784798435
12.2	13.582697230701468
12.21	13.413202794131857
12.22	12.689524681989802
12.23	14.301293306287349
12.24	14.630554199255274
12.25	13.849881327718819
12.26	14.074179842112395
12.27	15.137118640904518
12.28	14.236550890802675
12.29	15.844260272111722
12.3	15.712425278976712
12.31	15.939283937956093
12.32	16.816165879656456
12.33	16.554626356705374
12.34	15.597053198500216
12.35	16.19051014055097
12.36	17.132419378959735
12.37	16.160786131050198
12.38	17.453888157686464
12.39	17.03300352182538
12.4	17.535741065360913
12.41	18.36221265240476
12.42	17.855161419541723
12.43	17.266606008125486
12.44	17.477093565412233
12.45	17.80282454465183
12.46	18.495327460804802
12.47	17.737755448100874
12.48	17.68200355868212
12.49	17.528684494852033
12.5	16.98589518150388
12.51	16.845296322059117
12.52	16.65834573143494
12.53	16.00118039955652
12.54	16.499716057654503
12.55	15.265777544929103
12.56	16.2299086032426
12.57	15.920552764749083
12.58	15.302644800757411
12.59	16.18342730300045
12.6	14.933216784905804
12.61	15.355872166859415
12.62	14.44367818338915
12.63	13.620529578285804
12.64	12.894674044065589
12.65	13.02666512966001
12.66	13.57351713575744
12.67	12.764687042236941
12.68	11.82342960162116
12.69	12.630780137359206
12.7	9.701865173093465
12.71	10.909304992588156
12.72	11.38888366879996
12.73	9.766138543545523
12.74	10.084907834754626
12.75	9.070162763559566
12.76	7.910251780022354
12.77	8.454570666895457
12.78	8.747466223012658
12.79	7.7454453088502415
12.8	8.55170567668587
12.81	7.4563957919164965
12.82	5.7428565935629425
12.83	6.657929888725011
12.84	5.551466980098964
12.85	5.307410893466626
12.86	4.98913032012792
12.87	3.9849829847264924
12.88	4.312530587819641
12.89	4.457923515348467
12.9	4.029946384648279
12.91	3.6281532848210563
12.92	2.9332110133473908
12.93	3.3721571926327685
12.94	4.09858272047307
12.95	2.6658345429448724
12.96	2.589272334822737
12.97	1.4353737056649751
12.98	2.3301985121222253
12.99	1.1121450049461696
13.0	2.2276862635503987
13.01	1.9181746097346815
13.02	2.064150043341903
13.03	1.1667529437904405
13.04	0.819930691446991
13.05	0.42988047560310105
13.06	-0.5134287421420961
13.07	1.364033947149311
13.08	0.7424595158845957
13.09	0.8625009075329804
13.1	0.9371965254921151
13.11	2.043444376485062
13.12	1.757492364142775
13.13	1.1217723588441275
13.14	1.1238703447739045
13.15	1.2188138716532344
13.16	2.1057667984735513
13.17	0.5895401111938753
13.18	1.2283450017944926
13.19	1.4276865793372688
13.2	1.7956750564095576
13.21	2.5872068520923586
13.22	2.486105100740469
13.23	1.5756712854310497
13.24	1.620029416500639
13.25	2.0219728472483975
13.26	2.9349651484803534
13.27	3.149555704686258
13.28	3.198871852665195
13.29	3.564516988058656
13.3	4.401593263930211
13.31	3.5096956733392397
13.32	4.31825773845544
13.33	4.518199714520589
13.34	4.829523567100233
13.35	5.617591423656003
13.36	5.789403659246483
13.37	5.66176264534709
13.38	5.726260523567201
13.39	5.560767253508782
13.4	6.595451729885835
13.41	7.6555294794758275
13.42	8.535373870270814
13.43	8.453574079078706
13.44	8.267155570056621
13.45	9.196088255930784
13.46	10.285463934806366
13.47	10.16029336420064
13.48	11.023452606943
13.49	10.12548035857199
13.5	11.764289120025365
13.51	11.457913921532292
13.52	12.592094556561129
13.53	13.316218219970985
13.54	13.183973872987512
13.55	14.011664846625411
13.56	14.622874825254188
13.57	14.522395983194427
13.58	15.180574459088454
13.59	15.308341845611237
13.6	15.484032695544862
13.61	17.277406428189227
13.62	16.559274716731107
13.63	17.115956672295056
13.64	18.18481843350194
13.65	18.176499455786885
13.66	18.786176585615152
13.67	19.87230329344109
13.68	20.42900433183429
13.69	20.03350206487546
13.7	20.518922572105296
13.71	20.408372094762704
13.72	19.970317382264874
13.73	20.83228403072446
13.74	21.225256781839004
13.75	21.7956684629776
13.76	21.57952348141448
13.77	22.29195254543996
13.78	21.435442665073463
13.79	22.402998515873296
13.8	21.62678408670002
13.81	21.68884823237581
13.82	21.04408696953804
13.83	21.861137577852706
13.84	20.83310049861869
13.85	20.841412439045865
13.86	20.811181834475278
13.87	21.79338480252674
13.88	20.173446659548446
13.89	19.44540699898493
13.9	19.689802113333666
13.91	19.188228229906475
13.92	19.04617279869528
13.93	19.534096285741036
13.94	17.989791240720432
13.95	17.408700610199446
13.96	17.540120072316796
13.97	17.576679562228723
13.98	16.201716212126666
13.99	15.874885476281676
14.0	15.952180951473405
14.01	15.427810100772328
14.02	13.93791586853861
14.03	14.234686833722911
14.04	14.01679022860051
14.05	12.595407983718442
14.06	12.215845940905059
14.07	11.026687002843175
14.08	10.598587396388206
14.09	10.551260049111107
14.1	9.387327325740698
14.11	10.201359907115462
14.12	10.372061028466325
14.13	8.135927822387877
14.14	7.960024639315082
14.15	7.128922218783511
14.16	7.498196683401057
14.17	6.195802688746052
14.18	6.632217417465481
14.19	6.216267986632139
14.2	4.851178840933943
14.21	4.644556336630238
14.22	3.7807620341065227
14.23	3.177625319041491
14.24	4.061284961023729
14.25	3.6063104643040815
14.26	2.6028435800240866
14.27	3.1227549223286077
14.28	2.5557138577217127
14.29	3.0624616455372164
14.3	1.5922945127212091
14.31	2.067196837570952
14.32	2.0631838143101247
14.33	1.119103530268701
14.34	2.304038060224223
14.35	1.8260283427952078
14.36	0.584661126476079
14.37	1.0593059501880173
14.38	1.3993488933635307
14.39	-0.04400273415746481
14.4	1.1249930099783843
14.41	1.0840457902708813
14.42	-0.0381175235467448
14.43	2.381488370734942
14.44	0.370988825459182
14.45	-0.3861613440019338
14.46	0.4499177228725786
14.47	0.7377572401585711
14.48	1.5605388774296507
14.49	2.552899840908327
14.5	1.7259756997687523
14.51	1.7241985289233854
14.52	2.684898129718069
14.53	2.3264491799895235
14.54	2.6925799213389983
14.55	2.494738288610148
14.56	3.261622186216218
14.57	2.228067866514494
14.58	3.362782433141775
14.59	3.5287101663109564
14.6	3.9080233630924295
14.61	3.9148315833006775
14.62	3.7670975975385006
14.63	4.780433684626809
14.64	4.388458693528503
14.65	5.5089144138149475
14.66	6.304898666644034
14.67	5.682868628136093
14.68	6.9843800437817105
14.69	5.298428474822991
14.7	6.981598033498658
14.71	6.4245193226815624
14.72	6.404743451627425
14.73	7.444774225267183
14.74	7.071549771645846
14.75	8.207570193424662
14.76	8.184669957800743
14.77	8.417244211538238
14.78	8.319119260047374
14.79	10.39493589884851
14.8	9.180256543872595
14.81	11.059355061801657
14.82	10.867622847954673
14.83	11.320890701139836
14.84	10.736733825646988
14.85	11.121271398947101
14.86	12.50758505539944
14.87	11.208526521034877
14.88	12.208020443931815
14.89	13.221851621417482
14.9	13.514061357662671
14.91	13.583047635578195
14.92	14.61083254139515
14.93	14.490760772665045
14.94	15.910693778278404
14.95	15.878338283210171
14.96	15.886575186474552
14.97	16.17367488357169
14.98	16.88191350882048
14.99	17.332048093184746
15.0	17.564264124822337
15.01	17.477237076382856
15.02	16.953669950254422
15.03	17.02511790424185
15.04	18.297252671567946
15.05	18.74817989894558
15.06	19.045734487884456
15.07	18.98076147926862
15.08	19.268705204798884
15.09	19.673915940058414
15.1	18.988034508225073
15.11	19.460861421127756
15.12	20.165014358452808
15.13	18.991514959635172
15.14	19.08202126554823
15.15	19.182083131576015
15.16	18.522143407438744
15.17	19.29514091015872
15.18	19.36078038712322
15.19	19.623425724521713
15.2	18.402524165978047
15.21	18.794692482756766
15.22	18.32435014338254
15.23	18.23922320947072
15.24	17.206280406131956
15.25	17.686389769727853
15.26	17.533943709689893
15.27	16.24293792943018
15.28	16.065752039267053
15.29	15.841377124131848
15.3	15.012945902292168
15.31	14.075844372495473
15.32	12.893953745510991
15.33	13.66060795992789
15.34	14.830653285435698
15.35	12.86284711517306
15.36	13.627783137239911
15.37	12.470569317812304
15.38	11.285175774402344
15.39	11.037194202492024
15.4	11.055473720107065
15.41	9.933991736018005
15.42	9.333439016834447
15.43	10.019331304338394
15.44	8.6023532733952
15.45	8.902438069679913
15.46	8.038917484654325
15.47	7.492886233920962
15.48	6.841133737968629
15.49	5.919094510734067
15.5	6.459743388338011
15.51	5.067106849584062
15.52	4.424693974628571
15.53	6.0066665615589905
15.54	4.266818595940983
15.55	3.991773647106338
15.56	2.7983722892300325
15.57	3.6926680101796086
15.58	3.636499953205008
15.59	3.060911729908489
15.6	2.7031545999068434
15.61	2.796202863362898
15.62	2.1150512474650762
15.63	2.2015759163511284
15.64	1.8383777087011681
15.65	1.241734477930708
15.66	1.0275967693498866
15.67	2.4632488986638075
15.68	0.1559429595614727
15.69	0.6973070009726683
15.7	0.18991248021028562
15.71	0.49238772533297587
15.72	0.6587907903830624
15.73	-0.5087956578070876
15.74	-0.11386944022528045
15.75	-0.09755401387109641
15.76	-0.03231633663903713
15.77	0.21440618807599268
15.78	0.8023846131605563
15.79	0.3362561676293201
15.8	0.2599958463896369
15.81	1.0139004046438853
15.82	0.8239044634146573
15.83	-0.06218885511099359
15.84	0.9184851094439763
15.85	0.5726021706888572
15.86	0.7005530613788572
15.87	0.8185415484785428
15.88	1.8060013408327382
15.89	1.921658732054232
15.9	1.0804961187460074
15.91	1.2455058844125082
15.92	1.866733370376431
15.93	3.149516895053234
15.94	2.682152831454783
15.95	1.87690802471008
15.96	3.4134768036396084
15.97	4.751703970841893
15.98	2.7324959947961487
15.99	3.496181701491044
16.0	4.028114519610338
16.01	4.323030978497825
16.02	5.223220177631092
16.03	6.096966442528318
16.04	4.562897166606797
16.05	5.178535288817324
16.06	5.464213770601257
16.07	6.724184214797295
16.08	7.194135798687081
16.09	6.208562651140533
16.1	7.168656880644899
16.11	8.851792505825076
16.12	8.784632892194608
16.13	9.557627678254006
16.14	8.680101674226314
16.15	10.998959007179085
16.16	9.99190467112166
16.17	9.983412398856593
16.18	11.502408443301185
16.19	12.544743085669845
16.2	12.23188144580362
16.21	11.540779048039212
16.22	12.558397406355603
16.23	12.903441289996817
16.24	13.735639875162741
16.25	12.98209596645487
16.26	14.055563486601864
16.27	14.353514369547689
16.28	15.175381464977768
16.29	15.092605044186692
16.3	15.50831631995587
16.31	16.823094619330714
16.32	16.27025787997698
16.33	15.207032651084573
16.34	16.23600274720987
16.35	16.35622996799147
16.36	17.36071128288482
16.37	17.22780824759311
16.38	17.17476679854153
16.39	17.529571035312244
16.4	16.965674721603065
16.41	18.29231509346977
16.42	17.54387288319883
16.43	18.276516437569363
16.44	18.30444282804506
16.45	18.389909028454756
16.46	18.131029867021496
16.47	18.010536395537024
16.48	18.147820806659542
16.49	18.47483900078779
16.5	16.751107093592907
16.51	17.960651795789435
16.52	18.299496762097842
16.53	17.094048267151575
16.54	17.744449516517612
16.55	18.621341905067304
16.56	18.217306670475807
16.57	16.539906933962172
16.58	17.81214030165346
16.59	16.44744435393056
16.6	15.791734819039627
16.61	17.269649779152658
16.62	17.595113023801716
16.63	15.219358227088499
16.64	17.429731293107835
16.65	16.158905815145022
16.66	16.17880031177851
16.67	14.276547349683655
16.68	15.673796984486916
16.69	15.329569488223507
16.7	14.79994851850513
16.71	14.073517027558918
16.72	13.491201881865527
16.73	14.10216153770589
16.74	13.278999108102315
16.75	12.117347668268474
16.76	11.96951732005813
16.77	11.80700959974351
16.78	11.609881508978853
16.79	10.048601772694882
16.8	10.597739693482389
16.81	9.844563906364865
16.82	10.184201660204712
16.83	8.525883795597494
16.84	8.301985256826582
16.85	8.00120685336526
16.86	7.971151762266676
16.87	6.761470620497075
16.88	6.005068732255844
16.89	6.876578131265353
16.9	5.836620500270003
16.91	4.440377230997267
16.92	4.977337882045099
16.93	4.374300881086954
16.94	4.024967013523636
16.95	3.538639995552443
16.96	4.226577968818739
16.97	2.8362564898104914
16.98	3.425789568016126
16.99	3.0445311715653944
17.0	2.3699286053597617
17.01	2.2693312781299437
17.02	1.6677324442178894
17.03	0.5011122277466928
17.04	1.5086504539625007
17.05	1.6276835905098461
17.06	1.2062451417901086
17.07	0.2502521522644806
17.08	0.27369131434072164
17.09	1.335359267109941
17.1	0.27243631137110186
17.11	0.44175462042170055
17.12	0.6875241035586325
17.13	0.3167961236797756
17.14	-0.38142068787464023
17.15	-0.2794597357407137
17.16	1.0647998755756753
17.17	0.6592619013170378
17.18	0.10971613799603575
17.19	1.2134646760919234
17.2	0.9559661990109707
17.21	0.3072190617604128
17.22	0.7052249886107957
17.23	1.4587239040760345
17.24	1.787529637921221
17.25	1.0929541137796994
17.26	1.306272184734174
17.27	0.6772134292259689
17.28	0.44933447472081944
17.29	1.5580666957907587
17.3	0.7337322198364331
17.31	2.3529244934908244
17.32	1.6468669377468828
17.33	2.2786792573523047
17.34	3.962915705877312
17.35	3.224122810902969
17.36	2.5015887412473092
17.37	4.105830713831744
17.38	3.8575176596384186
17.39	3.9099176710475163
17.4	4.612746110897056
17.41	4.949482066763076
17.42	5.373137178267261
17.43	5.652771841600658
17.44	6.876219301970048
17.45	6.148049035059818
17.46	6.748580296143352
17.47	7.038395431129352
17.48	7.240693340287497
17.49	8.83799052236234
17.5	8.55850603277948
17.51	9.079274912600898
17.52	9.564367690554135
17.53	9.58074552813825
17.54	9.606235239015987
17.55	10.849847862935963
17.56	11.250741699856285
17.57	12.326562411174002
17.58	11.716021761719466
17.59	12.41727612097751
17.6	13.368450666268416
17.61	13.131126344442611
17.62	13.172867743500694
17.63	14.768330666677075
17.64	13.6225585212378
17.65	14.732371053040218
17.66	15.605764419593154
17.67	14.844511290356692
17.68	15.653840088730927
17.69	15.979261753159927
17.7	15.943009614678974
17.71	16.24146306590197
17.72	16.31221991061077
17.73	15.742792594732334
17.74	16.014399171206612
17.75	15.1848201238304
17.76	17.07601259206079
17.77	17.468912740471925
17.78	17.02156540037102
17.79	17.881717347266253
17.8	15.970653862383134
17.81	17.14585800626329
17.82	16.727873205982334
17.83	16.62013391530041
17.84	16.165956684805785
17.85	15.90345943563513
17.86	16.814774037945483
17.87	14.305151802985993
17.88	15.566090366318193
17.89	15.56993043621008
17.9	15.435965834343266
17.91	15.824059105296284
17.92	14.6244823552625
17.93	14.303330922881951
17.94	13.92790301114373
17.95	14.54219497779661
17.96	14.306557867235828
17.97	12.692133655662834
17.98	12.934911330712568
17.99	13.361835624527737
18.0	12.646792226973439
18.01	11.71522711193538
18.02	11.057768305624549
18.03	10.806768597061426
18.04	10.073267789669076
18.05	9.746165596535233
18.06	9.489591897051497
18.07	9.455375702857536
18.08	8.936101474197956
18.09	9.046500988277236
18.1	8.298055041858499
18.11	7.2295646072542015
18.12	7.125618932452033
18.13	7.046156917153679
18.14	6.85062841029694
18.15	5.215925874592027
18.16	6.194912346487636
18.17	4.910205518359055
18.18	5.107708724294437
18.19	3.9661306020844345
18.2	4.821246955103961
18.21	3.467911737603364
18.22	4.435984307214015
18.23	3.920083733888852
18.24	3.0329461189978772
18.25	3.0381590749394793
18.26	1.9369073295316952
18.27	2.356364820738314
18.28	2.910882301684016
18.29	2.79257515949533
18.3	2.725782335454969
18.31	1.8898727698904014
18.32	1.805585124393117
18.33	2.4291510914770393
18.34	2.465631488780583
18.35	3.017708718829442
18.36	1.186877660335776
18.37	2.0897104005534217
18.38	1.279267219512926
18.39	1.733989842144042
18.4	0.9255025064533018
18.41	1.7471362421413135
18.42	1.8584106089900387
18.43	1.165036091104635
18.44	1.489356389552013
18.45	3.187228052663218
18.46	2.3672912695578026
18.47	2.163713959724336
18.48	2.1131809519232148
18.49	2.199202075901797
18.5	3.0159543952914887
18.51	2.9916983277318105
18.52	3.509267301103965
18.53	3.4884851572376703
18.54	3.8251515098965463
18.55	3.4801640614372578
18.56	4.662417673385632
18.57	4.993959687876266
18.58	4.27208104785001
18.59	4.895936791696161
18.6	6.238688116670831
18.61	6.313687626772902
18.62	5.3202713102150385
18.63	5.457183841565421
18.64	7.27736875518542
18.65	7.380288615045697
18.66	6.921975078708299
18.67	8.371060805143186
18.68	8.673715136175526
18.69	8.955171882235614
18.7	8.916799216723566
18.71	10.153174822313103
18.72	9.526144507399605
18.73	11.12658435629171
18.74	10.725903973276985
18.75	11.17890067354002
18.76	11.005497926814936
18.77	12.384419799836149
18.78	12.068285918460507
18.79	12.98659993047178
18.8	12.635639158084468
18.81	14.598973230325026
18.82	14.675194780153724
18.83	14.16089413986684
18.84	14.020916245637446
18.85	14.608299134299328
18.86	14.25690835536935
18.87	15.842176733764997
18.88	14.513597860920568
18.89	14.819605297221354
18.9	15.208526070553887
18.91	16.239266687013963
18.92	15.33417940010361
18.93	14.802849248789084
18.94	15.966983958024683
18.95	15.830520013335816
18.96	16.205116985217884
18.97	15.849970509181476
18.98	15.718364572252005
18.99	15.089997824452968
19.0	14.26550525897495
19.01	14.687141762407439
19.02	14.75658374969261
19.03	14.409189444037077
19.04	14.733555514241205
19.05	13.285443609854177
19.06	12.323424240880735
19.07	13.663533632548882
19.08	12.993351781485645
19.09	12.612078757627591
19.1	11.772020085756498
19.11	12.434680191765366
19.12	11.721646337024103
19.13	11.34927915573323
19.14	10.538203305243332
19.15	10.744143905425455
19.16	9.838903804380562
19.17	9.236654490090677
19.18	9.387869455781736
19.19	9.050298331015187
19.2	9.303153210874198
19.21	9.240798550581713
19.22	7.530288283739914
19.23	6.470544687868107
19.24	6.364720129026556
19.25	4.971677456772359
19.26	5.9101752064883835
19.27	6.470252636749289
19.28	6.013717870524502
19.29	4.06674159391787
19.3	4.7499602376607415
19.31	3.5740251044638907
19.32	3.6609443481147412
19.33	3.75654003663838
19.34	4.232113306028769
19.35	3.693779312889273
19.36	2.746925981807158
19.37	3.3489665317884847
19.38	2.248368988418711
19.39	2.525590564654389
19.4	2.5717213368063203
19.41	2.423876206253962
19.42	1.3246830258399476
19.43	1.299269889070905
19.44	1.9891032790812324
19.45	0.3078347369396089
19.46	0.5927535893150098
19.47	1.2450064185793637
19.48	0.31021456879138165
19.49	0.40070343090368576
19.5	1.0391063593051681
19.51	1.030831456488183
19.52	0.777564124243969
19.53	1.346655897007703
19.54	0.6395524155366031
19.55	2.3668346694825075
19.56	1.0666946180965051
19.57	1.0381217776261005
19.58	1.4839842922541084
19.59	1.1241375908641558
19.6	2.641441053617498
19.61	2.245288997272019
19.62	3.360054046048393
19.63	2.345341156240229
19.64	2.610792333233712
19.65	2.888003626897551
19.66	3.8401287333019103
19.67	3.851838166957924
19.68	3.1186034510675436
19.69	3.467834974484299
19.7	4.608601509543506
19.71	5.547021548807566
19.72	4.557303493498931
19.73	6.032784820934288
19.74	5.94543863057652
19.75	6.9142727627941545
19.76	6.399306507241672
19.77	6.9259552585913795
19.78	7.0565250519369185
19.79	8.223898772684805
19.8	9.173103200705576
19.81	10.039150176131637
19.82	11.338639361272168
19.83	9.051054851230356
19.84	10.686561815602646
19.85	10.797232561803016
19.86	11.980389644148449
19.87	11.177942172418112
19.88	11.816245099592328
19.89	11.825877023249477
19.9	13.01955374735552
19.91	13.323699718875623
19.92	13.472459997384366
19.93	14.185142718619401
19.94	14.808579003273833
19.95	14.02216270536603
19.96	14.82561351672183
19.97	13.905651990966525
19.98	14.792902013177576
19.99	14.114445690600439
20.0	15.172815337306133
