10.01	28.990350769746613
10.02	28.390351170666055
10.03	28.51457323811969
10.04	27.769744477882707
10.05	27.698168881292606
10.06	27.400425850642947
10.07	27.05743271673988
10.08	26.72289350828421
10.09	24.80394868632714
10.1	25.606221096689666
10.11	25.605425697807956
10.12	24.001902042365625
10.13	23.29249702417903
10.14	22.267689546240206
10.15	20.611869227491432
10.16	21.30413879574475
10.17	18.718492023986297
10.18	19.541349334727038
10.19	19.488888730171897
10.2	16.870984128536477
10.21	17.466776402909314
10.22	15.605996905228807
10.23	14.507564572188016
10.24	13.977917147546039
10.25	13.708976206727579
10.26	12.465895379723984
10.27	12.09478052413822
10.28	12.101031253917506
10.29	11.289766542061454
10.3	10.844913582006098
10.31	9.630045932099117
10.32	9.112468761400496
10.33	8.944233962812678
10.34	8.058215169650783
10.35	6.79902838179869
10.36	7.596905945892725
10.37	7.207868024835055
10.38	6.2248018674695516
10.39	6.463335497637878
10.4	5.433795416024011
10.41	6.2913327666205126
10.42	4.987298669941529
10.43	4.588361800569603
10.44	3.8599931795957088
10.45	3.688296700892408
10.46	4.574813776854364
10.47	2.693729502243164
10.48	3.7220433159986674
10.49	3.218846456089286
10.5	3.4478584430272106
10.51	3.519775811306505
10.52	3.327449098833199
10.53	3.326119415118426
10.54	4.003126489125058
10.55	3.2854995953693575
10.56	3.3747615087159106
10.57	3.6435295193252775
10.58	4.181349784777643
10.59	2.820685242355135
10.6	3.2691160176992065
10.61	4.946038008425965
10.62	4.045661588091844
10.63	5.33884599746085
10.64	5.295589909674627
10.65	5.171801754450199
10.66	6.3472723657420955
10.67	6.963509116573292
10.68	7.152515438319595
10.69	7.701941620372062
10.7	8.662668734482086
10.71	8.700901537567036
10.72	9.103333361281477
10.73	10.116302279775578
10.74	9.97977269526481
10.75	10.525484545627668
10.76	12.414439315847122
10.77	13.578692521090863
10.78	14.512419836488002
10.79	15.740722598797449
10.8	16.38236469944517
10.81	16.986662648779543
10.82	17.965993336796394
10.83	19.224502364347572
10.84	18.400078657482148
10.85	20.090973502150902
10.86	21.667372204772374
10.87	21.640302790001655
10.88	22.440942695704127
10.89	23.11354959332254
10.9	22.803729147128678
10.91	24.36342625525801
10.92	24.634442248048344
10.93	26.319862742979033
10.94	26.946786680668733
10.95	26.732476444162838
10.96	26.260100332777967
10.97	28.264910529928436
10.98	28.571702647780263
10.99	29.11002658537594
11.0	29.03786168751047
11.01	29.93099360580678
11.02	29.803061999324967
11.03	30.07106262863907
11.04	30.794633762484384
11.05	30.66203134087966
11.06	30.41776438567459
11.07	29.952325255375644
11.08	30.273371954880034
11.09	30.293242597615727
11.1	30.808199633053015
11.11	31.020952819756488
11.12	30.0824732335847
11.13	30.762602043107876
11.14	29.856444653370623
11.15	30.63068978213552
11.16	29.930017877135885
11.17	29.677729114634086
11.18	29.152706125980114
11.19	29.635916913908193
11.2	29.708187977936205
11.21	28.798978167512
11.22	28.182489283794702
11.23	27.782283788486936
11.24	27.91776972364644
11.25	25.742263351944015
11.26	25.571719197029207
11.27	26.173603090243912
11.28	25.17182426926673
11.29	24.317706380395997
11.3	23.264010347072496
11.31	23.562164053946553
11.32	22.488067577661933
11.33	21.105190974240358
11.34	20.884403940485832
11.35	21.068671721125124
11.36	19.44138828622505
11.37	19.387454607698427
11.38	18.474167578397417
11.39	17.543306756271836
11.4	16.40283132688208
11.41	16.257747584446633
11.42	15.428956163783754
11.43	14.969540153200652
11.44	13.148387224274355
11.45	12.246139910781453
11.46	11.727523026641146
11.47	10.93803990834072
11.48	10.980724408239768
11.49	9.520344547764578
11.5	9.472521178332872
11.51	7.630636071439063
11.52	7.562097783387448
11.53	7.5989767449477705
11.54	7.872078617590977
11.55	6.698214470948611
11.56	4.6192752561584385
11.57	4.873540859478657
11.58	5.100395372630215
11.59	4.685929180283076
11.6	3.843516651078543
11.61	3.8113936289615147
11.62	3.9500708435840206
11.63	2.5203547229757035
11.64	2.3248559545100966
11.65	2.72549731246767
11.66	1.3446734955307504
11.67	2.1759509681609788
11.68	2.2961891474131386
11.69	1.0254279550603336
11.7	1.7313557335530263
11.71	1.1504028529455375
11.72	1.366765515721566
11.73	0.4302842676097196
11.74	0.9070777271758756
11.75	1.0713537049603281
11.76	1.1291080296890232
11.77	0.7716693579781081
11.78	0.7915954792397746
11.79	0.9277679125374484
11.8	1.1518113199904763
11.81	0.41142859358187556
11.82	1.1271971610064146
11.83	0.7926647582795008
11.84	1.6368269545447696
11.85	1.1911255093504323
11.86	1.0439714285461485
11.87	1.1312518841487882
11.88	1.3922733859514733
11.89	2.4093625195767214
11.9	2.19883671676678
11.91	1.600331093646258
11.92	2.5368865375637064
11.93	2.059094648003451
11.94	2.93851528837984
11.95	3.629558831627721
11.96	2.9615512941416435
11.97	3.9520695638608974
11.98	3.543403430311628
11.99	5.0617142939278965
12.0	5.305630687225077
12.01	4.308390629020344
12.02	5.1258514578666725
12.03	5.525079043327504
12.04	6.9639957338477485
12.05	7.788821122277612
12.06	7.568628778698894
12.07	8.90839518944745
12.08	9.345778305932589
12.09	10.393187360922251
12.1	11.165881441770399
12.11	11.589335195471449
12.12	12.232402203323668
12.13	13.459623189903885
12.14	13.758081034893534
12.15	15.19312094550895
12.16	15.966975287160732
12.17	15.552831253538383
12.18	16.55256846437874
12.19	17.747827646773523
12.2	17.77827369013022
12.21	20.25210463712133
12.22	19.329359004711417
12.23	19.83965023992668
12.24	20.99281265825792
12.25	21.72170681628436
12.26	22.005626887442265
12.27	22.48181180012707
12.28	24.223086915830436
12.29	24.00607348686801
12.3	24.423146658106386
12.31	24.88708100115987
12.32	25.396402622203293
12.33	24.80098542273177
12.34	26.521574485381617
12.35	27.70306923465105
12.36	27.18334462650646
12.37	27.764498887244326
12.38	27.45932226760556
12.39	27.42032950707996
12.4	26.685968945715086
12.41	27.67783293104237
12.42	28.97931738840706
12.43	27.37309710634737
12.44	28.23369810260829
12.45	28.982815061536385
12.46	28.876406697430408
12.47	30.189891333433646
12.48	28.646770012494528
12.49	29.709486647117476
12.5	28.91647479662528
12.51	29.296389283120046
12.52	28.75956648419272
12.53	28.85207030258638
12.54	29.3694253564347
12.55	29.101136246660793
12.56	28.57785453776863
12.57	28.806561396142534
12.58	30.427241395656004
12.59	28.795323092659004
12.6	29.170392325561192
12.61	29.168272304145393
12.62	28.446418420707587
12.63	28.941702714068217
12.64	28.1966839076056
12.65	29.076243049253538
12.66	28.85201501111718
12.67	28.448487888893528
12.68	27.997710813187055
12.69	27.41985829764704
12.7	27.320315442137947
12.71	27.74786674940857
12.72	28.756152731120903
12.73	27.67462068971168
12.74	27.033483474537384
12.75	27.190636137720997
12.76	24.980512640591815
12.77	25.282148750458937
12.78	25.307558144377197
12.79	24.07272185379828
12.8	24.292981416138037
12.81	23.24726622822654
12.82	23.45965839981062
12.83	21.894379529395028
12.84	22.1187393285594
12.85	20.850326111638424
12.86	20.256183896690107
12.87	19.773741011244663
12.88	20.307139799090276
12.89	18.934231203557925
12.9	18.1142232552013
12.91	17.055410448137533
12.92	16.608248995899558
12.93	16.209473285006272
12.94	16.220182198499284
12.95	14.276207250617128
12.96	14.19374549131581
12.97	13.003989251858211
12.98	12.515147959246859
12.99	12.403550654310285
13.0	10.724804993336654
13.01	11.664743509059846
13.02	10.959546426546803
13.03	10.389056866248957
13.04	8.839988226446511
13.05	8.828067753187847
13.06	9.891545093883355
13.07	8.9761350099207
13.08	7.9483987527021425
13.09	6.797872288599517
13.1	7.490714321285634
13.11	7.2038839538001165
13.12	6.989724379459853
13.13	5.570317953931232
13.14	5.878961028721966
13.15	4.8499099509558015
13.16	4.53306875254099
13.17	4.421741910767177
13.18	5.028859981647911
13.19	5.014554736241206
13.2	4.35897333097194
13.21	4.731729728247937
13.22	4.652445228765635
13.23	5.2775682534522055
13.24	4.504839831156011
13.25	4.100328857998973
13.26	3.7559654769361983
13.27	3.9566750313598305
13.28	4.408831451036452
13.29	4.163413481341868
13.3	4.595290958348185
13.31	4.248883767285134
13.32	4.848162096884433
13.33	5.059838845602831
13.34	4.07912119311246
13.35	4.345199365923913
13.36	5.340046187364231
13.37	3.672541253710212
13.38	3.6529220764173416
13.39	5.305509558588392
13.4	4.842875886632337
13.41	5.3025021883939445
13.42	5.405932819892648
13.43	5.868707490641751
13.44	6.240308574229781
13.45	6.359141464279683
13.46	6.802662123217952
13.47	6.943891148366127
13.48	8.99455614561235
13.49	7.912339304248865
13.5	9.26305552098642
13.51	9.140245395738978
13.52	9.280015615625327
13.53	9.713178446588413
13.54	11.097763630435585
13.55	10.888948749501678
13.56	10.626635329446598
13.57	11.775876025483637
13.58	12.999115973228166
13.59	13.665521509052315
13.6	13.798518811833347
13.61	14.016795272853086
13.62	16.038152221876235
13.63	15.93301003239774
13.64	16.78335732626668
13.65	17.067994681496398
13.66	18.20878320161506
13.67	17.700682322641125
13.68	19.264360835959188
13.69	18.441374939370526
13.7	19.38505855373729
13.71	20.509457759587672
13.72	21.27887534872961
13.73	22.50850050223884
13.74	21.563236246295496
13.75	21.731917574820805
13.76	22.835680986007496
13.77	23.737117776241007
13.78	24.20041589840538
13.79	23.130245460509975
13.8	24.892765719532292
13.81	23.980053072841994
13.82	24.611897530698705
13.83	24.836135141972147
13.84	26.159938543433693
13.85	26.188432743380126
13.86	25.49791203176654
13.87	26.711419136411923
13.88	26.470081755162205
13.89	26.785427460749535
13.9	25.893825550457677
13.91	27.116669517038527
13.92	26.990080136415877
13.93	26.095956254824422
13.94	25.77151768141537
13.95	26.329947632693475
13.96	26.65453059767539
13.97	26.355473813954813
13.98	27.385623232117744
13.99	27.374683468392984
14.0	26.82022538547076
14.01	26.66922671294967
14.02	26.80774935730098
14.03	26.139937961155947
14.04	25.564298168637762
14.05	26.174985617186273
14.06	25.626159652347358
14.07	26.002940095313498
14.08	25.89977416052475
14.09	25.59433238996719
14.1	25.479917334470276
14.11	25.77806477652171
14.12	25.432447101970226
14.13	24.847944811295946
14.14	24.327466270758105
14.15	25.458254607270188
14.16	24.672855246939683
14.17	23.150700943015654
14.18	23.36087455431149
14.19	21.663190638095877
14.2	22.224840580285775
14.21	22.43750079740908
14.22	21.827481585700863
14.23	21.368862620571033
14.24	20.55466381797443
14.25	20.63112575913771
14.26	19.1025380570326
14.27	19.077339371808286
14.28	18.99394936479311
14.29	17.51030958136102
14.3	15.924199696223624
14.31	16.27586196172165
14.32	15.406067644669129
14.33	15.361588423129623
14.34	14.774520876157283
14.35	13.217893615193406
14.36	12.96260608820427
14.37	12.605618351091548
14.38	11.032397554616702
14.39	9.748379629174654
14.4	9.27714822746055
14.41	8.916613772623649
14.42	8.619698798378113
14.43	8.2619093382515
14.44	8.640722887331995
14.45	7.649804892274728
14.46	6.792325056332334
14.47	5.52045492515783
14.48	5.005418966029364
14.49	5.316325127954493
14.5	3.917192731211019
14.51	4.641167102915978
14.52	3.9945601539564066
14.53	4.116198968066155
14.54	3.3937847471724325
14.55	2.8393398234290115
14.56	2.9965119093711605
14.57	2.2457745528076436
14.58	2.467149223483632
14.59	1.6623728198201242
14.6	1.5796262652682906
14.61	2.573415529497408
14.62	1.621847227367494
14.63	1.8282706213213054
14.64	1.0116622164282525
14.65	0.8055855225763239
14.66	0.8248444314870056
14.67	1.0668442028021223
14.68	-0.09564045383987574
14.69	1.6804700182192733
14.7	1.1434662736867427
14.71	2.432274208649073
14.72	1.0394063774880282
14.73	1.832768423379452
14.74	1.3546176187895322
14.75	1.8245284868453564
14.76	2.537426588531687
14.77	2.025785386562677
14.78	2.3204411515414884
14.79	3.1169169996760315
14.8	3.894385769663523
14.81	2.4302034912830592
14.82	3.38154485518969
14.83	4.615281054236526
14.84	4.719464909437613
14.85	5.476381853521171
14.86	4.5674273343608665
14.87	6.414722121675926
14.88	7.897486745539285
14.89	7.841237714966521
14.9	8.200751098757967
14.91	9.400359597372036
14.92	9.34439487209216
14.93	10.472185239731512
14.94	11.555715470741363
14.95	11.978151240492247
14.96	12.620998776162034
14.97	13.50263787630596
14.98	14.625311697608215
14.99	14.794484992520017
15.0	16.192350882790645
15.01	17.527877780353666
15.02	17.372263214002032
15.03	18.96603762451438
15.04	19.373307603292677
15.05	19.121157414788712
15.06	19.6090351570754
15.07	20.222800322712818
15.08	22.242994706247725
15.09	21.70671620951852
15.1	22.396498652760396
15.11	23.06243602588226
15.12	23.807493131824856
15.13	23.968685140232175
15.14	24.20271852468375
15.15	24.456998047504847
15.16	25.889916236075077
15.17	26.68497427767057
15.18	26.507963044676828
15.19	26.17859918346721
15.2	25.56062229746172
15.21	26.222776981641587
15.22	27.405919948963792
15.23	26.14984488509521
15.24	27.398790046985766
15.25	27.40539954606562
15.26	28.212574673146097
15.27	27.268584737126893
15.28	27.85097805363318
15.29	27.324734511915054
15.3	27.863331773983315
15.31	26.68571225155496
15.32	28.4303823335128
15.33	28.385165251414847
15.34	27.37368275080518
15.35	27.706086303757854
15.36	27.129510376611023
15.37	27.844060576910962
15.38	27.185963189874645
15.39	25.793161282927052
15.4	26.94029935656262
15.41	27.163247831400703
15.42	25.892958902927717
15.43	25.872733750024445
15.44	25.674868817434895
15.45	25.197861019489924
15.46	24.86637460150204
15.47	24.370644814504583
15.48	23.253060732643725
15.49	22.290777164559216
15.5	22.251151650097963
15.51	22.558760965821836
15.52	20.8994105174215
15.53	20.086580911735705
15.54	18.494129094375136
15.55	18.998298118868526
15.56	19.20428514367062
15.57	17.40101394148677
15.58	16.939608321019893
15.59	15.315119540853553
15.6	15.499669624437644
15.61	14.714243906018453
15.62	13.708599726036168
15.63	13.064396189763105
15.64	12.28204605261115
15.65	11.942750353477047
15.66	11.193403187321712
15.67	10.469930252263884
15.68	9.030486756834945
15.69	9.989543484993945
15.7	7.170722988405381
15.71	7.042875146930272
15.72	6.443908575021319
15.73	5.952995764132904
15.74	4.41195479528426
15.75	5.4361327322279775
15.76	4.696233747944254
15.77	3.8564649915911975
15.78	3.5610366372240265
15.79	2.2309151788489783
15.8	2.4487228401178487
15.81	2.372724955995974
15.82	2.4556533580794406
15.83	1.337063784373832
15.84	1.462291164888973
15.85	1.5066678048092836
15.86	1.8060740579740096
15.87	0.3238255743854417
15.88	0.23414270357144146
15.89	0.014360625014813944
15.9	0.4413738028361634
15.91	-0.5166403900908548
15.92	-0.2604498454326978
15.93	-0.1315335996872583
15.94	0.30940915272739156
15.95	0.13367039425447014
15.96	-0.14007001533013672
15.97	1.3897088393294634
15.98	0.18523381885005746
15.99	1.4340405001130045
16.0	2.1585101376690377
16.01	1.010385062302641
16.02	0.6918175257925483
16.03	1.7831344877207786
16.04	2.0036839812790914
16.05	2.0528700374605426
16.06	2.7073914791053952
16.07	2.7135636592357346
16.08	3.866544209837826
16.09	3.984393282765558
16.1	5.183813420422533
16.11	4.774903770075859
16.12	5.140150385931202
16.13	6.483302654396305
16.14	7.073635563219612
16.15	8.830038783497544
16.16	8.544526430120248
16.17	9.774775602350891
16.18	10.197360288565912
16.19	10.394382495259912
16.2	11.3608198483254
16.21	12.905003257042042
16.22	13.273679871089234
16.23	13.594987237681995
16.24	15.430922152633645
16.25	14.300131924322235
16.26	15.631463947939313
16.27	16.71440729413835
16.28	18.04364474907517
16.29	18.06158147163922
16.3	18.883497572625394
16.31	19.38010581198038
16.32	20.172043668395713
16.33	21.19534243593186
16.34	21.740712179462896
16.35	22.418391087981806
16.36	22.353191834520665
16.37	22.741958256092445
16.38	23.25911105710463
16.39	24.132663433276935
16.4	24.976146665323494
16.41	25.113303839955485
16.42	26.8019504062163
16.43	26.021701047588536
16.44	26.526103112707943
16.45	27.532646474486064
16.46	26.60901049889486
16.47	27.69813809110439
16.48	27.83336605860717
16.49	27.943010098623986
16.5	27.952564957656655
16.51	28.011683298233923
16.52	27.597773351339626
16.53	27.924623622949735
16.54	27.687382771765865
16.55	27.555411288528926
16.56	28.806568668897047
16.57	27.720155452039524
16.58	29.024740410491393
16.59	27.999917389059537
16.6	27.96782192228582
16.61	28.61982983444625
16.62	26.901964658876924
16.63	28.66155068540144
16.64	28.288220466210987
16.65	28.382011335740806
16.66	27.171395151104313
16.67	27.397520617109652
16.68	27.75835800206836
16.69	26.681929341445414
16.7	25.993239499729416
16.71	26.766514351708835
16.72	25.016796529593115
16.73	26.49071746783451
16.74	24.17006151988735
16.75	25.715147954069415
16.76	24.07672952120258
16.77	24.06002538507591
16.78	23.11091889000971
16.79	22.77929986600766
16.8	21.790726524573635
16.81	21.612529532724164
16.82	21.857655698441874
16.83	20.685271187812603
16.84	19.970021273259704
16.85	20.07031157034862
16.86	18.204149537220832
16.87	18.82392729673434
16.88	18.491422463614807
16.89	16.944572922818814
16.9	17.092745965171584
16.91	16.129284176378235
16.92	15.696720355633428
16.93	14.559288985934424
16.94	13.634481143607092
16.95	12.96649147568766
16.96	12.592305910593275
16.97	12.77024312451445
16.98	10.653310982226628
16.99	11.533555402256482
17.0	10.555320753142809
17.01	10.030418257338411
17.02	10.374604674421123
17.03	9.324867989003875
17.04	8.45248842063011
17.05	7.608217750348325
17.06	7.598796202505519
17.07	6.855315216084708
17.08	5.533852941598992
17.09	6.274666440362333
17.1	6.3014370493370375
17.11	5.503610403005095
17.12	4.695624716952271
17.13	5.027543902472795
17.14	4.719638240779584
17.15	4.6563654790778735
17.16	3.4336526825793405
17.17	4.835974878636405
17.18	3.851623171371421
17.19	4.197641511931307
17.2	4.194354371879708
17.21	3.7979487149006816
17.22	4.104931531471102
17.23	3.7141539861832933
17.24	4.539737036250059
17.25	2.571725679814868
17.26	3.0519923348091833
17.27	3.4346411509577157
17.28	4.822369819911962
17.29	4.530029014251252
17.3	3.38621038890738
17.31	4.9595708572409345
17.32	3.8971059675041255
17.33	4.574361468576215
17.34	4.842354743509755
17.35	4.7723055218275485
17.36	5.614445252944625
17.37	5.411247268998376
17.38	6.574611420536553
17.39	6.122236993120252
17.4	7.328653246530268
17.41	7.782361749794073
17.42	7.236992558256943
17.43	7.781009431855246
17.44	8.879167457058763
17.45	9.572836756940161
17.46	9.388913133370165
17.47	11.109385962239926
17.48	10.91056391052342
17.49	11.921353283228543
17.5	12.114713456377437
17.51	13.177637752451608
17.52	14.110646514562381
17.53	15.720982355154154
17.54	15.336017411835018
17.55	16.301943510916573
17.56	16.816965438304962
17.57	17.1201293683999
17.58	18.65985175240811
17.59	18.131722949684136
17.6	19.06504113072705
17.61	19.780226848095673
17.62	20.378013388167567
17.63	21.015740430993873
17.64	21.861312837198014
17.65	22.043184787809356
17.66	22.109752136461037
17.67	23.80241036879895
17.68	23.496461607676547
17.69	24.704705741492955
17.7	24.180223368556753
17.71	25.01219579957576
17.72	24.734006999564617
17.73	25.36263369259782
17.74	25.660954477227932
17.75	26.379769512901884
17.76	26.948538536638438
17.77	26.775535209453736
17.78	27.12234550826223
17.79	26.177799875297367
17.8	27.790047683548178
17.81	27.52605330943422
17.82	27.613099703209496
17.83	28.00876528683778
17.84	28.37504041204773
17.85	27.72313925449475
17.86	26.70230990143147
17.87	27.374778108635397
17.88	26.495262654773217
17.89	27.09817911045813
17.9	26.97943269991399
17.91	26.45492584167643
17.92	26.351095056198567
17.93	27.65299467155706
17.94	26.241259932189354
17.95	26.252477844294233
17.96	25.703715469191028
17.97	23.88039796475121
17.98	23.67960298882407
17.99	22.1957461200086
18.0	22.66872221572102
18.01	22.73814069086936
18.02	21.872312844120422
18.03	21.428375094397346
18.04	20.100573977040355
18.05	18.64752647027103
18.06	18.93817772774048
18.07	18.718770624826874
18.08	18.341983657541892
18.09	17.04654838578393
18.1	16.41428729654071
18.11	15.893426652999299
18.12	15.028877877011489
18.13	13.425076093931718
18.14	15.004261236687622
18.15	13.155895172577756
18.16	12.434803115332446
18.17	10.456230370458929
18.18	11.423698038845048
18.19	10.467676630143444
18.2	10.842159301364184
18.21	10.326325026821351
18.22	8.958145306138713
18.23	8.050764334631783
18.24	7.880667988999613
18.25	7.6686560313493874
18.26	7.474567895733406
18.27	7.3140997004318224
18.28	5.995203883000493
18.29	6.206365346673303
18.3	6.854406425213858
18.31	6.013381800074058
18.32	5.650438138479729
18.33	3.8495150205804998
18.34	4.927697393168993
18.35	3.0468992243871194
18.36	4.422443856908641
18.37	5.12896921868746
18.38	4.837468663637264
18.39	3.4998611042883727
18.4	4.098065508531103
18.41	3.2057318726483555
18.42	4.049414622386547
18.43	2.947504790821212
18.44	4.564705106189142
18.45	4.797868516832159
18.46	3.9795445625163044
18.47	3.8259998394771864
18.48	3.8282742183546614
18.49	4.03309946805798
18.5	3.2507156515957343
18.51	2.910226123907403
18.52	4.0614029311261035
18.53	3.640479789936982
18.54	4.862941348536084
18.55	4.520300183280731
18.56	4.825055314572624
18.57	6.02575855841015
18.58	6.882871982732768
18.59	6.044166211901512
18.6	7.67127965804769
18.61	6.516853377258625
18.62	9.251086531895972
18.63	9.388645479175805
18.64	9.935519512750048
18.65	11.876225258566356
18.66	10.355073793797837
18.67	11.568398854433273
18.68	13.522898354972643
18.69	13.92048378348742
18.7	14.622376327112656
18.71	15.46145065737786
18.72	16.154224795298283
18.73	16.840152885330706
18.74	17.45265772669374
18.75	17.914916919852704
18.76	18.223985103240263
18.77	19.436876075257306
18.78	20.789433035868917
18.79	21.9441835672599
18.8	22.068454254236364
18.81	22.339059561324518
18.82	21.93044057850332
18.83	23.415826431157914
18.84	23.866764234221563
18.85	24.28288014289325
18.86	25.794193866216784
18.87	25.609087053705018
18.88	24.811090783643767
18.89	25.728176176185187
18.9	26.44982366262738
18.91	26.570233214430004
18.92	26.877439382017076
18.93	26.922655125132938
18.94	27.986899283042796
18.95	26.63427388916578
18.96	28.05939954633859
18.97	28.015384977609358
18.98	27.478071241468445
18.99	27.592490096084514
19.0	27.731008183596618
19.01	27.24244167370894
19.02	27.13735435726828
19.03	27.480152680894236
19.04	28.57237701810795
19.05	26.82323949957573
19.06	27.46110624976655
19.07	27.200106007038418
19.08	27.967717600916874
19.09	27.720206339496404
19.1	27.15389224532316
19.11	26.88107243380719
19.12	26.232059695245667
19.13	25.097093684529437
19.14	25.67298997500224
19.15	25.474023027805686
19.16	24.364562365909517
19.17	23.89577809974963
19.18	23.58115804416441
19.19	23.41383232168815
19.2	22.694003941110388
19.21	22.647642807585324
19.22	22.00765934540405
19.23	21.344186281163417
19.24	20.663132565498323
19.25	19.12815685298067
19.26	18.587582740993017
19.27	18.573461095666854
19.28	17.729543891048866
19.29	16.163025147579187
19.3	16.225688533447222
19.31	15.500355565915608
19.32	15.6479339391623
19.33	13.553455930761588
19.34	12.931442920628438
19.35	12.443536487184804
19.36	12.232529385593551
19.37	10.680058247972346
19.38	11.264989358726703
19.39	9.778345641821602
19.4	9.274638557906925
19.41	8.472726854186705
19.42	6.800912648677479
19.43	7.752319699363936
19.44	6.961437170310097
19.45	6.317007738232367
19.46	4.440119625119674
19.47	5.061171068012768
19.48	5.248288806566876
19.49	5.049769848372095
19.5	4.029760670360807
19.51	3.099254842585612
19.52	2.932536478856276
19.53	2.939928759478991
19.54	3.2314826983009315
19.55	1.9246831364441288
19.56	1.9341319685070257
19.57	2.321653154435989
19.58	1.4876800297336472
19.59	0.9843069662959132
19.6	1.2487478500952724
19.61	1.3889979008293905
19.62	0.9393849777325762
19.63	0.9096858318723521
19.64	0.7039969360499289
19.65	0.5687026613577848
19.66	0.6752265266570421
19.67	1.213994560213556
19.68	0.5901110411549116
19.69	0.2323124286712643
19.7	-0.4507308013830508
19.71	0.6167590781792087
19.72	0.45404490761057725
19.73	1.094507716559387
19.74	1.280904309496047
19.75	0.4783974500072513
19.76	1.0302870113807718
19.77	1.4554863385392127
19.78	2.0777713407005587
19.79	1.6975899143479527
19.8	1.8398453814796816
19.81	2.851887146719553
19.82	2.7527361291848065
19.83	2.118466624969548
19.84	3.318415998754315
19.85	3.5985656061533953
19.86	3.8165313627794557
19.87	4.823754703767342
19.88	5.0465725174622715
19.89	4.785274793667982
19.9	5.880238477439543
19.91	7.060000800219072
19.92	7.320613020617402
19.93	7.977543613280426
19.94	8.345796357746329
19.95	8.441922316425087
19.96	8.905801466434939
19.97	10.442345785051465
19.98	10.307030530643509
19.99	10.251746558765962
20.0	10.519088679828904
