1.968503937	-98.94495605441544
1.970472441	-80.52318012311805
1.972440945	-75.12170891654301
1.974409449	-85.80723658978562
1.976377953	-106.78564940854562
1.978346457	-109.45961244862228
1.980314961	-88.18372045209956
1.982283465	-73.05057114688573
1.984251969	-71.4990275264287
1.986220472	-87.19958840007497
1.988188976	-88.0069803602312
1.99015748	-76.4315389956748
1.992125984	-56.2713895066638
1.994094488	-51.037352043750495
1.996062992	-66.64678359734727
1.998031496	-80.21115739154277
2.0	-79.19342966631135
2.001968504	-67.19036282028819
2.003937008	-60.69391078620569
2.005905512	-75.20551674092563
2.007874016	-90.27800238051458
2.00984252	-90.97170345566742
2.011811024	-76.79015383026525
2.013779528	-61.4938215271284
2.015748031	-65.49887594495017
2.017716535	-70.30054225716569
2.019685039	-75.63644434197191
2.021653543	-73.6022163230809
2.023622047	-81.52148940139878
2.025590551	-98.4035347554838
2.027559055	-107.08758679651447
2.029527559	-100.54696087870283
2.031496063	-81.13381422430422
2.033464567	-75.17701852753177
2.035433071	-93.23714615366781
2.037401575	-116.9848871180523
2.039370079	-116.41882615733347
2.041338583	-93.60128994427468
2.043307087	-69.36005788562466
2.045275591	-76.60312348420193
2.047244094	-99.57397386566456
2.049212598	-113.44969309453644
2.051181102	-105.76088040553694
2.053149606	-86.6804260334175
2.05511811	-80.34574673305552
2.057086614	-87.17499957697083
2.059055118	-101.37785916421363
2.061023622	-107.05246699828784
2.062992126	-97.10211219904423
2.06496063	-93.91007684390087
2.066929134	-95.85957351123703
2.068897638	-98.20749091497925
2.070866142	-96.8994445728659
2.072834646	-98.9999587646513
2.07480315	-109.45321208123754
2.076771654	-114.27911640484194
2.078740157	-100.17599357675493
2.080708661	-74.35646624314545
2.082677165	-63.322925718082374
2.084645669	-79.46640810606112
2.086614173	-105.80700053926999
2.088582677	-113.13555157349576
2.090551181	-91.1106209526756
2.092519685	-71.64232242628299
2.094488189	-85.50268871686515
2.096456693	-118.47547963539375
2.098425197	-147.069809009163
2.100393701	-144.5897719484055
2.102362205	-120.79222845390247
2.104330709	-109.83621910998183
2.106299213	-117.13713231984714
2.108267717	-119.8631798840161
2.11023622	-108.09157975788811
2.112204724	-91.49786683553187
2.114173228	-85.8293720567165
2.116141732	-94.55790211548116
2.118110236	-105.75395318725376
2.12007874	-117.76047142549402
2.122047244	-118.55440258784597
2.124015748	-111.45768808826199
2.125984252	-105.35727910657722
2.127952756	-102.66424254583659
2.12992126	-112.89400821375659
2.131889764	-129.62054526354487
2.133858268	-139.7871691430548
2.135826772	-122.86650866572539
2.137795276	-102.13526907307397
2.13976378	-95.20076149076996
2.141732283	-107.58811036948885
2.143700787	-133.26861294165067
2.145669291	-144.61419641864717
2.147637795	-125.86602016313267
2.149606299	-99.23596592357065
2.151574803	-87.7385588646217
2.153543307	-101.22997548081861
2.155511811	-114.05294368996441
2.157480315	-108.62342554253003
2.159448819	-77.3578621714654
2.161417323	-54.731471182432195
2.163385827	-63.97230937374049
2.165354331	-98.74592217732081
2.167322835	-123.63698712848796
2.169291339	-125.05822134868792
2.171259843	-101.64412205284046
2.173228346	-89.12508370423649
2.17519685	-105.4138316458673
2.177165354	-134.55266122353103
2.179133858	-158.09524336730536
2.181102362	-147.5707588056995
2.183070866	-125.15992254579201
2.18503937	-121.86826494989728
2.187007874	-131.62050293986889
2.188976378	-145.07369613559385
2.190944882	-133.70359630649375
2.192913386	-105.19258566975553
2.19488189	-76.47238893912436
2.196850394	-75.9337612594068
2.198818898	-100.18306879181297
2.200787402	-113.40160706326668
2.202755906	-111.56088691330444
2.204724409	-101.7327380553097
2.206692913	-110.3971990109542
2.208661417	-132.12779118379513
2.210629921	-152.2590678239848
2.212598425	-154.32493306162007
2.214566929	-137.35304877187087
2.216535433	-120.93118168079903
2.218503937	-124.15996921214798
2.220472441	-141.01045365756647
2.222440945	-156.07620939377625
2.224409449	-143.8125171720422
2.226377953	-128.7608100355923
2.228346457	-123.78046392947101
2.230314961	-130.636056980746
2.232283465	-140.8518458743334
2.234251969	-133.90491674576296
2.236220472	-118.58077495003772
2.238188976	-108.25549248814123
2.24015748	-106.92128813584091
2.242125984	-116.14590406368829
2.244094488	-121.51182500813604
2.246062992	-122.48296214931844
2.248031496	-127.91857532379788
2.25	-133.83315008614755
2.251968504	-137.9724651745566
2.253937008	-134.7755374073316
2.255905512	-128.34437974257222
2.257874016	-127.41347718049185
2.25984252	-130.8722847733237
2.261811024	-135.2937351235425
2.263779528	-135.96046856712155
2.265748031	-136.17413374908378
2.267716535	-134.47603165068952
2.269685039	-130.66386105943732
2.271653543	-137.2188442980108
2.273622047	-151.99783618983093
2.275590551	-161.41294739613687
2.277559055	-153.6734718268158
2.279527559	-131.42716517149088
2.281496063	-111.66703070205897
2.283464567	-115.69623789146097
2.285433071	-135.69491453495658
2.287401575	-146.2001207269463
2.289370079	-134.00525675441054
2.291338583	-109.85152247439903
2.293307087	-103.26139833346515
2.295275591	-127.74708254137708
2.297244094	-155.17633059097528
2.299212598	-171.77090551486603
2.301181102	-162.0890368991397
2.303149606	-149.66773563700715
2.30511811	-140.65181103024028
2.307086614	-148.0832556528085
2.309055118	-149.55485371002806
2.311023622	-153.33177350823928
2.312992126	-136.87806970880484
2.31496063	-114.81529274266059
2.316929134	-101.30070147249897
2.318897638	-115.957816767126
2.320866142	-139.63826417196944
2.322834646	-149.77524585815263
2.32480315	-144.66017551794965
2.326771654	-148.5610082032179
2.328740157	-162.53534219325368
2.330708661	-178.29832037638818
2.332677165	-169.4752122272814
2.334645669	-149.3600279002085
2.336614173	-139.8961708354575
2.338582677	-158.7920542600024
2.340551181	-179.75424912323123
2.342519685	-172.2214034745817
2.344488189	-135.51189280163047
2.346456693	-110.91061764066697
2.348425197	-134.7896029748106
2.350393701	-186.7339848356439
2.352362205	-209.0261904958309
2.354330709	-182.50598019789732
2.356299213	-141.088107257091
2.358267717	-139.99613436497364
2.36023622	-174.03608928999802
2.362204724	-212.159702007044
2.364173228	-215.31814751775616
2.366141732	-185.73199773333505
2.368110236	-162.43213856438885
2.37007874	-166.9501346083824
2.372047244	-188.33686405374485
2.374015748	-205.79318947798168
2.375984252	-211.95794625458797
2.377952756	-217.62688758472024
2.37992126	-218.99046172304017
2.381889764	-208.30985365648485
2.383858268	-191.43696742754912
2.385826772	-175.95080685931165
2.387795276	-183.3278174320733
2.38976378	-201.2364690051791
2.391732283	-205.34754523697134
2.393700787	-191.54474978559773
2.395669291	-177.5263216616631
2.397637795	-179.47754454853714
2.399606299	-188.9508754083092
2.401574803	-184.93340933056524
2.403543307	-164.02957787286167
2.405511811	-144.03452909374917
2.407480315	-138.43779326425803
2.409448819	-138.6683785754071
2.411417323	-139.4263295973241
2.413385827	-125.02027541252514
2.415354331	-103.96803108624111
2.417322835	-91.61860465758413
2.419291339	-96.93529556801568
2.421259843	-126.64550456954154
2.423228346	-150.94259795648458
2.42519685	-152.18412564939828
2.427165354	-118.14224026103857
2.429133858	-80.3872360982344
2.431102362	-74.36087731284466
2.433070866	-105.24193968218673
2.43503937	-138.14121539661326
2.437007874	-124.20074869509268
2.438976378	-89.38781021993921
2.440944882	-68.74483245074397
2.442913386	-92.77986427238487
2.44488189	-140.91745013574408
2.446850394	-174.3599952387155
2.448818898	-170.29539533211855
2.450787402	-142.0500195530191
2.452755906	-124.437664128883
2.454724409	-124.41317904466851
2.456692913	-136.5159217907104
2.458661417	-142.2509605834245
2.460629921	-131.71068983847692
2.462598425	-113.16407146417903
2.464566929	-102.22654721379888
2.466535433	-118.15974890919935
2.468503937	-156.80367669561247
2.470472441	-191.9740838239141
2.472440945	-217.02626874764084
2.474409449	-247.13528271828022
2.476377953	-312.81487722220123
2.478346457	-405.82758549706176
2.480314961	-484.6018699921754
2.482283465	-525.5125580421748
2.484251969	-544.7787911286854
2.486220472	-579.6661579766403
2.488188976	-634.6140124886143
2.49015748	-675.7858031118467
2.492125984	-662.0146338103182
2.494094488	-605.1819859570257
2.496062992	-547.9864546540856
2.498031496	-508.01490308310974
2.5	-468.56438797637185
2.501968504	-402.6257112062948
2.503937008	-302.26984383444136
2.505905512	-203.66830441807798
2.507874016	-124.7626894859835
2.50984252	-75.11664665974972
2.511811024	-47.020904809691174
2.513779528	-26.66085222583027
2.515748031	-11.595866191002068
2.517716535	-10.94983015858779
2.519685039	-23.83428063789988
2.521653543	-38.93224763685512
2.523622047	-58.01621667056174
2.525590551	-76.99617215580056
2.527559055	-72.82678847684576
2.529527559	-61.6186172138931
2.531496063	-57.437184358813305
2.533464567	-61.43816842608902
2.535433071	-70.67473634888512
2.537401575	-61.429552154748734
2.539370079	-38.44762841176196
2.541338583	-21.31282635239897
2.543307087	-31.20865718301907
2.545275591	-57.684950069711064
2.547244094	-65.24253987156283
2.549212598	-46.49958291242464
2.551181102	-18.804004810637192
2.553149606	-15.763195005955808
2.55511811	-37.61352132997508
2.557086614	-60.62365161512964
2.559055118	-58.6550373344576
2.561023622	-29.548276315496494
2.562992126	-10.373109883283856
2.56496063	-20.33020597324411
2.566929134	-53.04137122820177
2.568897638	-75.25660435856389
2.570866142	-72.30945767613039
2.572834646	-58.48850103838321
2.57480315	-60.53092349621859
2.576771654	-74.21650398260687
2.578740157	-86.37243328479823
2.580708661	-72.17320916094205
2.582677165	-48.64949350834798
2.584645669	-32.34542265854909
2.586614173	-39.199080571438174
2.588582677	-56.06707435988843
2.590551181	-67.35473773495067
2.592519685	-60.36427746913049
2.594488189	-56.89952120673308
2.596456693	-61.65268358480877
2.598425197	-68.20686041900568
2.600393701	-81.36710583265877
2.602362205	-95.82752722252138
2.604330709	-100.6495422822004
2.606299213	-104.63441144040877
2.608267717	-101.3585675757013
2.61023622	-97.89917934760496
2.612204724	-104.51107345253124
2.614173228	-113.86399006371656
2.616141732	-101.49170350355068
2.618110236	-76.50960495814954
2.62007874	-70.10023116020322
2.622047244	-91.44527388668799
2.624015748	-127.35083035424549
2.625984252	-144.7258567873662
2.627952756	-118.12128725110728
2.62992126	-80.97910381631522
2.631889764	-70.88525721689253
2.633858268	-107.28209564551098
2.635826772	-156.780445028521
2.637795276	-173.0956031886338
2.63976378	-151.69070048090302
2.641732283	-115.66613283897061
2.643700787	-99.96512115847416
2.645669291	-113.41911388774581
2.647637795	-145.11110701864345
2.649606299	-170.2181294721028
2.651574803	-173.48613815790327
2.653543307	-155.70656999314392
2.655511811	-130.66280499308326
2.657480315	-118.64269171123752
2.659448819	-129.72854846958765
2.661417323	-154.81869904323165
2.663385827	-170.61937204116052
2.665354331	-167.73620500220534
2.667322835	-152.56568343467114
2.669291339	-142.4067308129397
2.671259843	-152.5475382832759
2.673228346	-160.9020301132824
2.67519685	-172.74693789187853
2.677165354	-177.3254327836377
2.679133858	-180.17966924334064
2.681102362	-187.91557365008006
2.683070866	-201.02113172958732
2.68503937	-219.56109288109135
2.687007874	-229.4682203978422
2.688976378	-217.63884535158135
2.690944882	-194.96543708853082
2.692913386	-179.9614508138495
2.69488189	-186.53158595972025
2.696850394	-205.2877769250839
2.698818898	-213.53995260413197
2.700787402	-201.35626796702033
2.702755906	-175.5275277298028
2.704724409	-169.5227927287042
2.706692913	-200.15339798865705
2.708661417	-236.96314778557334
2.710629921	-260.4496440863068
2.712598425	-266.88882816275924
2.714566929	-265.1603874099405
2.716535433	-266.3956857124562
2.718503937	-270.0589390915689
2.720472441	-252.5564758101303
2.722440945	-234.50319870849336
2.724409449	-219.87817222369162
2.726377953	-230.82538947783033
2.728346457	-245.06202030033964
2.730314961	-246.7177533834924
2.732283465	-229.90126307780605
2.734251969	-225.75191379907187
2.736220472	-233.84314291621254
2.738188976	-253.8128587946036
2.74015748	-270.86172505984524
2.742125984	-276.7909605090293
2.744094488	-269.81678030490235
2.746062992	-259.47158685223866
2.748031496	-249.7716195434023
2.75	-244.90352867986104
2.751968504	-241.19637566385873
2.753937008	-241.04918175463933
2.755905512	-242.44045838032127
2.757874016	-239.41614449656095
2.75984252	-235.40411626369198
2.761811024	-230.4962988903723
2.763779528	-228.9952317715917
2.765748031	-230.94686255205275
2.767716535	-230.18866838119183
2.769685039	-215.9701724014072
2.771653543	-204.4686308412429
2.773622047	-193.86929975055986
2.775590551	-194.97643390996518
2.777559055	-193.9275431043716
2.779527559	-179.20648561074947
2.781496063	-156.88738908897005
2.783464567	-134.90384406483494
2.785433071	-135.63792779330495
2.787401575	-153.61526759723208
2.789370079	-161.93233561848686
2.791338583	-147.85412944268583
2.793307087	-111.84964610683234
2.795275591	-82.88652222568655
2.797244094	-79.71011591799875
2.799212598	-97.21350780795515
2.801181102	-104.01251614466938
2.803149606	-85.5072076374826
2.80511811	-60.78213273613643
2.807086614	-52.78420420024933
2.809055118	-65.48344873309914
2.811023622	-82.96278911096272
2.812992126	-78.16364038078463
2.81496063	-56.33324348806053
2.816929134	-40.13115004202788
2.818897638	-54.757694269160375
2.820866142	-87.07313524804152
2.822834646	-106.29666347649164
2.82480315	-98.15171559133037
2.826771654	-77.02443203025175
2.828740157	-59.20474850319204
2.830708661	-73.68398363283377
2.832677165	-97.46423169363165
2.834645669	-106.64435959541082
2.836614173	-97.1632946491097
2.838582677	-70.82494220290219
2.840551181	-52.11204394502279
2.842519685	-60.71710277545491
2.844488189	-74.59924059742984
2.846456693	-88.95313296160009
2.848425197	-89.54674507409375
2.850393701	-85.54406011589899
2.852362205	-80.30363706687584
2.854330709	-81.72150212443688
2.856299213	-82.71862301871157
2.858267717	-73.42988933020442
2.86023622	-70.06214283021517
2.862204724	-71.08134630922527
2.864173228	-77.67493265436784
2.866141732	-81.85055608220691
2.868110236	-92.72564847271978
2.87007874	-96.59543932830555
2.872047244	-98.36986618999053
2.874015748	-96.95979827321302
2.875984252	-99.33954825361559
2.877952756	-111.55187219929292
2.87992126	-128.3245434756425
2.881889764	-136.21625490984366
2.883858268	-128.78714311760234
2.885826772	-106.39472306913291
2.887795276	-88.2331849596573
2.88976378	-86.41669601397463
2.891732283	-98.6583945877073
2.893700787	-105.1904666099801
2.895669291	-101.6412685482448
2.897637795	-95.44528125906389
2.899606299	-99.6532391877948
2.901574803	-112.91275740243145
2.903543307	-129.1604541640639
2.905511811	-137.3526977584925
2.907480315	-138.09890225980843
2.909448819	-129.7324130736406
2.911417323	-116.32701485404887
2.913385827	-112.65790226501431
2.915354331	-118.97186648879133
2.917322835	-137.34145889995833
2.919291339	-143.81041140091423
2.921259843	-127.92866533312964
2.923228346	-103.1355869450487
2.92519685	-101.46284463141554
2.927165354	-119.74920107875144
2.929133858	-138.87942182865044
2.931102362	-132.26474225370774
2.933070866	-109.14621761569795
2.93503937	-88.77530373727421
2.937007874	-91.86753025846818
2.938976378	-105.2082798371651
2.940944882	-107.13308673326489
2.942913386	-109.15833586322138
2.94488189	-117.76968341715228
2.946850394	-136.05580076387488
2.948818898	-132.53712726722125
2.950787402	-113.57238203682319
2.952755906	-98.47530105040748
2.954724409	-103.54134222905796
2.956692913	-133.91446180683752
2.958661417	-154.33215732016794
2.960629921	-135.70971002997993
2.962598425	-105.5080444312312
2.964566929	-92.13471485654452
2.966535433	-106.13896000698526
2.968503937	-124.2565465612774
2.970472441	-123.79885600125618
2.972440945	-112.58285588652898
2.974409449	-110.49810617153865
2.976377953	-111.37463500438055
2.978346457	-100.66281056330084
2.980314961	-82.33801362144195
2.982283465	-85.24632267882325
2.984251969	-116.59907281216356
2.986220472	-153.3158674961983
2.988188976	-164.22562313496877
2.99015748	-138.06901985426015
2.992125984	-115.52930572112403
2.994094488	-118.60046996372158
2.996062992	-147.3595447858118
2.998031496	-161.48639671085803
3.0	-138.21298122915127
3.001968504	-104.03584990831827
3.003937008	-85.74821996043413
3.005905512	-92.9174122677603
3.007874016	-109.58564151544857
3.00984252	-118.06566486357768
3.011811024	-115.91960074434931
3.013779528	-116.78697002867816
3.015748031	-118.50369076621814
3.017716535	-114.9117337632925
3.019685039	-120.08321365866084
3.021653543	-113.9523040178653
3.023622047	-118.04026200716395
3.025590551	-120.38111194160125
3.027559055	-125.28957555351661
3.029527559	-124.64489248041987
3.031496063	-122.68581242875663
3.033464567	-119.13391546100598
3.035433071	-117.74447568419103
3.037401575	-121.71482771010088
3.039370079	-124.7564441673899
3.041338583	-123.8908086446795
3.043307087	-117.86517257233967
3.045275591	-106.3661732795795
3.047244094	-104.24903440024976
3.049212598	-107.29069102154794
3.051181102	-106.2433886313514
3.053149606	-102.44045423147372
3.05511811	-104.5683852281139
3.057086614	-119.22382916796636
3.059055118	-137.7320896151722
3.061023622	-135.39451873188986
3.062992126	-123.7210317307897
3.06496063	-111.25629513007907
3.066929134	-119.44715658388257
3.068897638	-137.32545815016874
3.070866142	-140.78139018121982
3.072834646	-124.80863167622724
3.07480315	-106.69731925538507
3.076771654	-106.79052170014961
3.078740157	-132.65444176573575
3.080708661	-155.02986297292648
3.082677165	-159.09785863375504
3.084645669	-144.18662539404383
3.086614173	-130.58079827186728
3.088582677	-122.58984996134737
3.090551181	-118.51609119232035
3.092519685	-106.77190185590017
3.094488189	-112.65538579325904
3.096456693	-126.53668601003798
3.098425197	-137.5072275253747
3.100393701	-126.95124755475719
3.102362205	-108.25810937751025
3.104330709	-109.93534790900176
3.106299213	-135.73195726236716
3.108267717	-175.9147041045991
3.11023622	-185.82154157093083
3.112204724	-157.4869886230486
3.114173228	-118.96607739119898
3.116141732	-105.93525366584686
3.118110236	-120.77460530289474
3.12007874	-135.3252589591084
3.122047244	-132.74025389625422
3.124015748	-126.10842495887243
3.125984252	-133.7677601370362
3.127952756	-153.80880637263243
3.12992126	-172.99738449005977
3.131889764	-181.63041266594365
3.133858268	-186.8018153480498
3.135826772	-189.2355611692849
3.137795276	-196.72807672291142
3.13976378	-206.43559791926612
3.141732283	-200.44688124516992
3.143700787	-181.8512636001406
3.145669291	-160.95492906895535
3.147637795	-153.65966498116723
3.149606299	-169.21593108265932
3.151574803	-192.33783304832588
3.153543307	-197.4954897668589
3.155511811	-177.55794699943047
3.157480315	-158.20741810030586
3.159448819	-163.16655249031916
3.161417323	-180.06553959455718
3.163385827	-188.74986422835838
3.165354331	-164.90466531793643
3.167322835	-132.66844713144624
3.169291339	-119.47277843162291
3.171259843	-130.6004848856291
3.173228346	-145.15595579128637
3.17519685	-135.4259351478814
3.177165354	-105.98975516081886
3.179133858	-83.69302500325153
3.181102362	-85.28857307111826
3.183070866	-102.91724322144356
3.18503937	-102.69669429021772
3.187007874	-91.18258973239082
3.188976378	-75.77734169619289
3.190944882	-72.82692630445719
3.192913386	-85.09656591733237
3.19488189	-94.34995637426408
3.196850394	-94.00132496161838
3.198818898	-93.76796493229546
3.200787402	-100.52808509539898
3.202755906	-118.57701055352008
3.204724409	-134.95564782351428
3.206692913	-122.89961415805512
3.208661417	-97.155792896712
3.210629921	-83.83638561126645
3.212598425	-99.65227635027959
3.214566929	-126.4526557103954
3.216535433	-128.20715115591625
3.218503937	-107.1874940348628
3.220472441	-89.57415949859251
3.222440945	-102.77107438876723
3.224409449	-133.1449784271428
3.226377953	-150.63853087398834
3.228346457	-141.45051369795576
3.230314961	-127.49946409164951
3.232283465	-134.42455540762202
3.234251969	-166.61015246199713
3.236220472	-215.73833463898714
3.238188976	-255.45277835722266
3.24015748	-296.49492422433326
3.242125984	-343.8874210693392
3.244094488	-407.9233519957839
3.246062992	-477.75373006119725
3.248031496	-537.840035759902
3.25	-572.7133518634021
3.251968504	-592.6668292666798
3.253937008	-596.4762031092695
3.255905512	-594.2081808083541
3.257874016	-569.9239732599345
3.25984252	-528.4048650954936
3.261811024	-465.9727487411488
3.263779528	-388.4655093963421
3.265748031	-306.64037362282386
3.267716535	-228.69813858049636
3.269685039	-156.95305744409782
3.271653543	-93.16045767906775
3.273622047	-45.160299361907065
3.275590551	-12.527179540425234
3.277559055	0.14662111456347313
3.279527559	-3.951442722592959
3.281496063	-9.980940178434636
3.283464567	-19.15664198942903
3.285433071	-36.49506298286263
3.287401575	-68.40936807919539
3.289370079	-95.15419752242144
3.291338583	-94.51746875862707
3.293307087	-71.1035913076141
3.295275591	-56.741401853616296
3.297244094	-70.57762853651754
3.299212598	-86.73586687577682
3.301181102	-82.78839298925294
3.303149606	-51.48007074791245
3.30511811	-19.891336587930727
3.307086614	-20.289142075125927
3.309055118	-50.548730954896456
3.311023622	-73.1892707220573
3.312992126	-69.90460366117105
3.31496063	-58.27710358392308
3.316929134	-59.15651118668157
3.318897638	-62.89291312055476
3.320866142	-59.74026905510467
3.322834646	-52.079559710136955
3.32480315	-55.94700413881836
3.326771654	-77.39505924805138
3.328740157	-96.88354082670739
3.330708661	-89.36345882875892
3.332677165	-79.21327136280314
3.334645669	-69.05092955052537
3.336614173	-89.4989354443661
3.338582677	-111.05678341373749
3.340551181	-117.7141570013096
3.342519685	-95.71072568470987
3.344488189	-75.54978041559124
3.346456693	-63.47224212469172
3.348425197	-71.67024239616016
3.350393701	-91.86926578556574
3.352362205	-105.3970525909022
3.354330709	-103.88907738001588
3.356299213	-89.02637718725538
3.358267717	-75.32287081425237
3.36023622	-80.79518442396295
3.362204724	-104.63141080364717
3.364173228	-131.67368780180948
3.366141732	-134.1070598544667
3.368110236	-109.42979994096882
3.37007874	-92.61378348839811
3.372047244	-96.43184946557771
3.374015748	-125.47843799391089
3.375984252	-141.70311064602768
3.377952756	-128.05701826073064
3.37992126	-103.83651469266331
3.381889764	-98.75139870004995
3.383858268	-115.46084348902941
3.385826772	-141.10061097614275
3.387795276	-143.7072663914899
3.38976378	-133.48300031076693
3.391732283	-126.77937086851763
3.393700787	-124.15430574734347
3.395669291	-127.94871868174273
3.397637795	-133.23502338221633
3.399606299	-136.5695891190502
3.401574803	-144.0388227481694
3.403543307	-157.57144529349318
3.405511811	-158.1826012485642
3.407480315	-155.48576814769254
3.409448819	-157.3577614339367
3.411417323	-168.64896729072112
3.413385827	-168.4704324104254
3.415354331	-160.0372701315541
3.417322835	-157.8153910588939
3.419291339	-168.0332305847852
3.421259843	-187.63133748235413
3.423228346	-190.20691734749983
3.42519685	-171.92247770880408
3.427165354	-157.39489920075272
3.429133858	-171.81674256068987
3.431102362	-206.49965105908706
3.433070866	-227.81223190634054
3.43503937	-213.36544602474288
3.437007874	-178.8969847028427
3.438976378	-163.09255677697203
3.440944882	-180.24094705988486
3.442913386	-211.1225345519469
3.44488189	-220.0535348658011
3.446850394	-212.2837133982408
3.448818898	-206.36182329307385
3.450787402	-208.47255901251648
3.452755906	-210.9486125254223
3.454724409	-208.56439798713535
3.456692913	-211.26812062819766
3.458661417	-224.41118813693538
3.460629921	-241.95889203373426
3.462598425	-242.99219357919927
3.464566929	-231.52843601747037
3.466535433	-223.61971967794844
3.468503937	-228.08851494137298
3.470472441	-251.03122161920345
3.472440945	-260.9667181387376
3.474409449	-254.17705164724617
3.476377953	-239.59451935206775
3.478346457	-235.26581819273153
3.480314961	-241.00948418921456
3.482283465	-251.07861850904618
3.484251969	-255.39650188148207
3.486220472	-250.54096809864544
3.488188976	-240.24550373165698
3.49015748	-244.51103019737332
3.492125984	-255.57163983403208
3.494094488	-261.15939200116
3.496062992	-259.80404130613266
3.498031496	-254.1668625811472
3.5	-251.4164522600832
3.501968504	-253.6010910037335
3.503937008	-263.60142680033954
3.505905512	-269.86746803184514
3.507874016	-270.61551113874066
3.50984252	-262.97801617913774
3.511811024	-249.0584999280861
3.513779528	-241.62180969323228
3.515748031	-239.0238019620945
3.517716535	-246.62752335947016
3.519685039	-248.16949594895388
3.521653543	-245.53517360886497
3.523622047	-232.2486597101979
3.525590551	-221.04767745937954
3.527559055	-223.39473469138738
3.529527559	-229.26073971922193
3.531496063	-229.44848604855426
3.533464567	-219.1350634960133
3.535433071	-199.1273459156898
3.537401575	-176.442013838887
3.539370079	-164.2652830823538
3.541338583	-161.85191633443876
3.543307087	-155.91006778915596
3.545275591	-142.96407635285973
3.547244094	-122.33658569176247
3.549212598	-110.19039152458551
3.551181102	-111.08857236435136
3.553149606	-112.06076362375583
3.55511811	-112.10022028437567
3.557086614	-102.64021431871176
3.559055118	-99.29279260221494
3.561023622	-101.64094445552648
3.562992126	-102.81735139698851
3.56496063	-94.0534224406981
3.566929134	-76.77203705792824
3.568897638	-64.58816685286057
3.570866142	-60.09834823696679
3.572834646	-61.28952472155176
3.57480315	-59.80189209118451
3.576771654	-52.25201940717115
3.578740157	-40.436911060705334
3.580708661	-39.30375440486475
3.582677165	-38.10429871040386
3.584645669	-50.26119164798143
3.586614173	-59.62736284339695
3.588582677	-61.77875682286465
3.590551181	-49.23187814698781
3.592519685	-28.296171052695733
3.594488189	-26.01399531052222
3.596456693	-43.61948342663255
3.598425197	-68.28333247214634
3.600393701	-74.17190770133215
3.602362205	-64.21268678585727
3.604330709	-49.652735686672045
3.606299213	-58.42415230643375
3.608267717	-84.09200774167535
3.61023622	-108.49538148632304
3.612204724	-106.93274374154781
3.614173228	-84.73104413741555
3.616141732	-65.90730680356056
3.618110236	-63.20927756471286
3.62007874	-72.26306005055567
3.622047244	-78.30997987931468
3.624015748	-63.757345313080734
3.625984252	-43.44338651495363
3.627952756	-45.44763998645794
3.62992126	-64.47184387187514
3.631889764	-79.50842437354834
3.633858268	-82.57468248463111
3.635826772	-78.40881057691944
3.637795276	-82.85441784850047
3.63976378	-100.7374053263391
3.641732283	-122.91241330807297
3.643700787	-122.21426773222746
3.645669291	-102.57112822782697
3.647637795	-82.89125919431422
3.649606299	-79.63548067115171
3.651574803	-95.83596142562138
3.653543307	-97.0832290866019
3.655511811	-92.61162952065561
3.657480315	-85.9214696123934
3.659448819	-86.87269378976777
3.661417323	-112.40957204566573
3.663385827	-126.47591436274855
3.665354331	-118.71333173322047
3.667322835	-100.41078565069866
3.669291339	-96.9743338114798
3.671259843	-114.73494053171237
3.673228346	-136.28662920330405
3.67519685	-131.75409294625288
3.677165354	-103.52867389044698
3.679133858	-79.2186215249479
3.681102362	-83.95583962093146
3.683070866	-114.16514412120961
3.68503937	-142.98455946267921
3.687007874	-147.3256774918634
3.688976378	-130.05509496491163
3.690944882	-115.18013468501289
3.692913386	-113.37716763365397
3.69488189	-116.87585381455133
3.696850394	-119.4181680349411
3.698818898	-126.76097515476137
3.700787402	-126.53664506344502
3.702755906	-115.56028491902802
3.704724409	-100.12099351123697
3.706692913	-90.3515350564597
3.708661417	-99.69968499540565
3.710629921	-130.79910939057012
3.712598425	-144.55480860231202
3.714566929	-137.78459226652103
3.716535433	-114.096619500285
3.718503937	-97.81689422730376
3.720472441	-103.41046958699317
3.722440945	-124.02996768942455
3.724409449	-131.3017800593595
3.726377953	-127.16511944981893
3.728346457	-117.71424113899661
3.730314961	-124.29686930873677
3.732283465	-130.3216072674773
3.734251969	-129.92179673368523
3.736220472	-124.25052750788451
3.738188976	-135.50250058808743
3.74015748	-139.2702255734976
3.742125984	-136.82583696140009
3.744094488	-118.18013944165841
3.746062992	-102.77439142437423
3.748031496	-103.10572835337969
3.75	-119.82156323471645
3.751968504	-129.5861187645031
3.753937008	-125.13369977686709
3.755905512	-110.3903388188489
3.757874016	-114.0409654654172
3.75984252	-127.9220137938946
3.761811024	-137.48096028564564
3.763779528	-129.45228540499784
3.765748031	-113.59541490484145
3.767716535	-112.81292661900461
3.769685039	-125.0991345272091
3.771653543	-123.54380895437627
3.773622047	-110.70208860170708
3.775590551	-96.02473463954841
3.777559055	-99.14461929221025
3.779527559	-106.62322411896291
3.781496063	-105.65606854549316
3.783464567	-95.03181020983679
3.785433071	-92.28807198001056
3.787401575	-110.12358210346213
3.789370079	-127.45834074571343
3.791338583	-131.42525166033147
3.793307087	-114.9133300398347
3.795275591	-97.94684204216823
3.797244094	-103.44513047756607
3.799212598	-120.16118046484634
3.801181102	-127.12261934137489
3.803149606	-116.02034647892086
3.80511811	-101.24900357202988
3.807086614	-94.70305040715859
3.809055118	-100.58330607007693
3.811023622	-105.49884016073439
3.812992126	-111.04377521355995
3.81496063	-113.89384611989745
3.816929134	-121.60063678936257
3.818897638	-125.2661950801534
3.820866142	-127.2982966140413
3.822834646	-124.68312150603602
3.82480315	-123.87930825253969
3.826771654	-119.7394350734017
3.828740157	-117.949615202443
3.830708661	-119.32882412546938
3.832677165	-121.3594306962285
3.834645669	-124.78280446038728
3.836614173	-130.97087917058482
3.838582677	-133.96490583207492
3.840551181	-136.04108609835828
3.842519685	-143.55677661887756
3.844488189	-155.83693152613645
3.846456693	-179.24278845067568
3.848425197	-192.99611809461706
3.850393701	-184.09287496409027
3.852362205	-163.90488081262214
3.854330709	-137.49472297255295
3.856299213	-127.58373379896928
3.858267717	-126.36252848187934
3.86023622	-132.75850736212175
3.862204724	-139.1870345951831
3.864173228	-141.66362376791048
3.866141732	-137.37353035597354
3.868110236	-134.6335191521861
3.87007874	-143.18170675907035
3.872047244	-156.3229391299049
3.874015748	-175.75887865494175
3.875984252	-183.9513232398481
3.877952756	-184.6393193756758
3.87992126	-190.95869878300985
3.881889764	-200.55782068283526
3.883858268	-206.11283510626086
3.885826772	-196.43005831494918
3.887795276	-185.33573193950477
3.88976378	-191.89450255945954
3.891732283	-206.2627853589171
3.893700787	-209.87948794176518
3.895669291	-192.15971150961917
3.897637795	-164.27214878247577
3.899606299	-153.9695437108556
3.901574803	-162.09217722647074
3.903543307	-175.23244282269354
3.905511811	-167.4006675239923
3.907480315	-144.1611798900662
3.909448819	-125.55493923939814
3.911417323	-113.16634109034335
3.913385827	-114.84059145128325
3.915354331	-116.2482921875922
3.917322835	-112.83131106718253
3.919291339	-100.7439319860132
3.921259843	-88.79939401458965
3.923228346	-90.44424522682144
3.92519685	-106.38820276404012
3.927165354	-120.34454402824838
3.929133858	-120.74066699107884
3.931102362	-104.2577342428734
3.933070866	-86.72647847915756
3.93503937	-93.1364411947521
