10.01	26.084375324049105
10.02	30.0661609884675
10.03	26.481100589226255
10.04	29.147121104317833
10.05	26.58020049762647
10.06	26.808972231068886
10.07	24.329341281114818
10.08	28.0976901898977
10.09	21.75654677906352
10.1	25.126048535391206
10.11	24.08221772345681
10.12	22.236630548812172
10.13	22.555541805929927
10.14	23.174564074209243
10.15	22.07566675703902
10.16	21.284339310706994
10.17	18.631194651921287
10.18	18.012108481448024
10.19	17.648769400239722
10.2	18.572328322118032
10.21	17.470175451628634
10.22	18.625187527302604
10.23	15.678593069763139
10.24	15.80226436280747
10.25	11.5016173899607
10.26	12.573182368266611
10.27	14.033329444282792
10.28	11.924629183247898
10.29	11.98863291296976
10.3	12.719073948857313
10.31	9.516336886355216
10.32	7.4705908748544045
10.33	8.110194286567964
10.34	9.370665993906096
10.35	8.563117224272208
10.36	8.064552258118477
10.37	4.727826585477416
10.38	7.150021746357857
10.39	7.838271650464596
10.4	3.487872445061471
10.41	6.218827857173793
10.42	6.450289834834204
10.43	5.063617120573126
10.44	3.756648361249895
10.45	3.810076778702248
10.46	2.0097930944998996
10.47	3.045354549113334
10.48	4.138279441837336
10.49	3.9562306246114005
10.5	2.7312064507505074
10.51	0.8971576083236612
10.52	3.545069806132147
10.53	4.759061271505181
10.54	2.74630134816379
10.55	4.663590223576257
10.56	5.809397633436189
10.57	1.7786416947768195
10.58	2.6235497583067193
10.59	2.741133559195359
10.6	5.3627972168935845
10.61	5.680737198185218
10.62	5.012998058677281
10.63	7.602817254539065
10.64	5.989559727116106
10.65	4.947952238129977
10.66	8.812306248455961
10.67	4.607351290099462
10.68	7.4473763560682285
10.69	10.008540667615287
10.7	8.020331877180976
10.71	7.200940570371049
10.72	7.7323629581877595
10.73	11.709693178739103
10.74	11.085085604931418
10.75	11.341114714876078
10.76	11.5288216670022
10.77	13.278054304331965
10.78	12.835832112696984
10.79	14.099409440566383
10.8	14.563481879857905
10.81	14.943187060319598
10.82	17.5637774768688
10.83	16.355192930208766
10.84	17.799477946162988
10.85	20.102096063138568
10.86	21.153689399165604
10.87	20.784858683772423
10.88	20.862639441335563
10.89	21.967782521770722
10.9	23.4712381135709
10.91	25.84687069316548
10.92	27.184959050798497
10.93	26.37772950572888
10.94	26.228332037809047
10.95	24.02203135161309
10.96	27.80223168478357
10.97	29.840975191714275
10.98	32.10295876481768
10.99	28.107158986437508
11.0	28.94487598985899
11.01	30.228534925110118
11.02	31.66707285798831
11.03	29.10501276691617
11.04	29.505417396729165
11.05	27.79025664067054
11.06	32.70703379411455
11.07	29.43336574375438
11.08	32.633629214268375
11.09	31.936709076770935
11.1	31.282337359953857
11.11	30.045718762027967
11.12	30.19213084486502
11.13	31.90296219347019
11.14	29.26785289562273
11.15	29.13216288828714
11.16	30.136089262805758
11.17	28.79704532374293
11.18	28.434588455403897
11.19	29.553188910001065
11.2	27.77169988298681
11.21	29.9437109416384
11.22	27.63538588763891
11.23	27.228692069125323
11.24	27.702521596388923
11.25	25.23397149627243
11.26	26.865700252749352
11.27	26.056170158650406
11.28	27.403083970474434
11.29	24.877009165757023
11.3	24.44067859731356
11.31	23.381100170955
11.32	20.254322500909545
11.33	21.16662796389145
11.34	19.062006321542448
11.35	25.240972942992386
11.36	18.275315403958498
11.37	16.66086915104873
11.38	18.08158358837797
11.39	17.06155467782182
11.4	16.368335818497762
11.41	15.847382034312083
11.42	13.223282013576007
11.43	15.055342462839478
11.44	16.060819390998944
11.45	12.840214407150937
11.46	11.865271795112436
11.47	12.335255776874225
11.48	12.807546577807035
11.49	11.003621046239914
11.5	7.0120469208308975
11.51	7.408106302253394
11.52	7.142851386286305
11.53	7.064937633887808
11.54	7.900564729620557
11.55	4.309871648351971
11.56	5.233318224889762
11.57	5.613476909400063
11.58	3.5365053400369137
11.59	4.879605280513759
11.6	4.395244379137461
11.61	2.7435143756475755
11.62	1.2181017336136502
11.63	3.752400241720263
11.64	0.41745324971714926
11.65	2.8722152474927087
11.66	3.415421829407763
11.67	2.8058276181532116
11.68	2.906861560312126
11.69	1.6133512888706236
11.7	0.23825910362709868
11.71	1.696438030185416
11.72	0.8032585148973579
11.73	0.7012516274786376
11.74	1.1038669074997292
11.75	2.225600194017053
11.76	0.4222073772436924
11.77	0.4635197895883529
11.78	-0.15128871233944396
11.79	3.027381097340375
11.8	-0.48042103936177427
11.81	-2.12187291873534
11.82	0.7157370472582225
11.83	0.8646699553255877
11.84	0.12134391163070601
11.85	-1.5943981372507727
11.86	1.2561404638672986
11.87	2.8371564161857936
11.88	3.3761673518775526
11.89	1.4716621426132006
11.9	-1.063227445765188
11.91	3.74300006280876
11.92	0.825296254668856
11.93	2.7359853279137187
11.94	3.6856097337443163
11.95	1.075356899175467
11.96	3.1111859801746933
11.97	4.146101010783237
11.98	6.551951501922794
11.99	4.516576104215012
12.0	4.612730125385149
12.01	5.17597719374964
12.02	4.903981234521531
12.03	6.79753582198529
12.04	7.4081244279672385
12.05	6.509717826899596
12.06	3.6127734464536037
12.07	10.43485164084789
12.08	9.462920602174798
12.09	10.079119414905884
12.1	11.673715785246069
12.11	10.401085179669481
12.12	11.898548303120334
12.13	13.91853071007882
12.14	9.22092089729821
12.15	17.817041650890594
12.16	13.892672352027262
12.17	15.655930353900969
12.18	17.66150150531337
12.19	17.94655929103145
12.2	20.572496072608434
12.21	19.40997066594115
12.22	18.2624480759915
12.23	19.66879640101155
12.24	20.791072794370898
12.25	21.51923823760304
12.26	23.219630205599923
12.27	24.036553530757775
12.28	22.763237727091457
12.29	23.931031975038636
12.3	23.42933647470134
12.31	24.64621318930335
12.32	26.084075797690282
12.33	22.90315155251252
12.34	26.960611109780594
12.35	27.282363047316593
12.36	24.24355596943234
12.37	25.817862548827517
12.38	28.06593471669784
12.39	26.350399118148427
12.4	26.805188946262774
12.41	28.60255622895076
12.42	23.9810381812878
12.43	28.53286841682082
12.44	27.818782832466095
12.45	30.95213095823928
12.46	28.633057937636234
12.47	26.141219946155925
12.48	30.123568454074974
12.49	29.240295332681846
12.5	29.1913792194965
12.51	29.117767212358302
12.52	27.73946980052182
12.53	31.76615169447517
12.54	29.755879646893
12.55	28.98643709593209
12.56	30.00913466470744
12.57	30.57869557896694
12.58	29.05114545535098
12.59	31.765814097984425
12.6	29.47219159389503
12.61	29.460691334592678
12.62	28.09312324403495
12.63	31.30828410845918
12.64	29.12491929280553
12.65	30.101290495611128
12.66	29.62201694071833
12.67	33.18419633930412
12.68	29.52986643576363
12.69	26.823464801004455
12.7	27.782816843665866
12.71	27.274761154674042
12.72	28.46348151944429
12.73	27.677701654094985
12.74	29.694311178225004
12.75	24.171314768616657
12.76	27.08809556870777
12.77	22.371909596919764
12.78	23.35855027069384
12.79	23.090167383675652
12.8	22.10084558074242
12.81	22.239891926537947
12.82	23.21797028067407
12.83	23.032333000448965
12.84	22.64755013825508
12.85	18.51933850240231
12.86	22.212904929204786
12.87	17.469406057441823
12.88	17.233844334736165
12.89	17.772608498295696
12.9	19.932444393687444
12.91	19.56674811732954
12.92	16.131848649852778
12.93	19.395558512848353
12.94	15.40605126915351
12.95	13.84813301364581
12.96	15.242883319187976
12.97	14.536851716641085
12.98	9.509126022139357
12.99	12.864261126294371
13.0	11.631022441316988
13.01	12.088905949609227
13.02	13.716952242563561
13.03	9.88508078772087
13.04	10.607493113834568
13.05	10.365050740962685
13.06	9.699852678096114
13.07	8.602992508961153
13.08	9.740083984607125
13.09	4.438035834276205
13.1	3.2362383463391278
13.11	9.588105801261927
13.12	6.2721118906018365
13.13	5.98544684131647
13.14	7.270981639680821
13.15	6.060828315978477
13.16	4.993604581998512
13.17	5.722921239098788
13.18	2.2037830226710535
13.19	4.471914119408071
13.2	4.245570209378605
13.21	6.667574827420925
13.22	4.303772112063343
13.23	4.148367207690499
13.24	1.7008708549705784
13.25	4.949639029727037
13.26	4.806519113495586
13.27	3.932462244852189
13.28	5.09161712049092
13.29	2.988885068885585
13.3	5.102027048916584
13.31	4.818333019932357
13.32	4.563449465702465
13.33	3.7878875458173438
13.34	4.43516683659314
13.35	1.2583162618704944
13.36	5.2084891773035755
13.37	5.628287256433135
13.38	6.1733933861045305
13.39	5.432314053304906
13.4	5.118235697178771
13.41	5.162186670612891
13.42	7.1017960757684175
13.43	6.299324088648373
13.44	8.09338488721244
13.45	7.5749226358179875
13.46	6.901644586310725
13.47	3.964552784094863
13.48	9.123887242107319
13.49	11.680203984441334
13.5	12.570478908762361
13.51	7.4817163379761205
13.52	6.724933640148
13.53	7.990439502755854
13.54	12.298018118603116
13.55	13.256454200563581
13.56	9.05508256759752
13.57	12.247189507482508
13.58	10.017211233316177
13.59	12.346086026962592
13.6	13.329568687238323
13.61	13.03732468059391
13.62	16.856873166975035
13.63	15.14947890292194
13.64	16.61334846277923
13.65	16.784544073651713
13.66	17.047088608270926
13.67	17.879866740186728
13.68	18.885980722422048
13.69	21.029095070658126
13.7	20.84394865647132
13.71	19.14310072575506
13.72	23.2378272623492
13.73	24.086279887920796
13.74	21.053774064504655
13.75	23.799321009588493
13.76	22.474119511319547
13.77	21.127835892387125
13.78	20.916088117086616
13.79	24.649728606343604
13.8	21.529126671020894
13.81	24.24026645901566
13.82	24.168813387674412
13.83	23.770647780293178
13.84	27.26099010219562
13.85	25.060514719603017
13.86	25.45883572132722
13.87	25.019060894606902
13.88	27.992987889196286
13.89	24.74332147247486
13.9	26.167299993874547
13.91	27.03265923515418
13.92	29.668476972319013
13.93	28.576502506912878
13.94	27.645436049207614
13.95	25.556082081772296
13.96	25.51861514648105
13.97	26.15087327179795
13.98	25.09781574084583
13.99	26.044752807931978
14.0	25.579630469891615
14.01	27.55923482919217
14.02	25.71427770596645
14.03	26.898054213851296
14.04	26.822497350155793
14.05	25.901195240222545
14.06	26.05643675233304
14.07	24.643169092359205
14.08	27.844535685256734
14.09	25.989855299271863
14.1	23.707809342258646
14.11	24.70915875265716
14.12	27.011285133585687
14.13	25.346118959931026
14.14	25.13729555579141
14.15	25.14164564380531
14.16	24.316861461204585
14.17	21.251549523256262
14.18	20.789322364849884
14.19	21.436916007312973
14.2	19.05832167073808
14.21	21.71942114458469
14.22	23.52263896262859
14.23	21.567221983238056
14.24	20.563571811839292
14.25	19.605872484186644
14.26	21.51407354634894
14.27	19.81693503991459
14.28	18.644534167833854
14.29	18.504791082384276
14.3	18.42127122312985
14.31	15.477453508340407
14.32	16.301219143403877
14.33	14.98244779539547
14.34	13.568197001469064
14.35	10.55622862061773
14.36	13.198545835903715
14.37	11.452379075925675
14.38	10.842383119173668
14.39	9.78152575579591
14.4	7.68029326651635
14.41	13.31570134430573
14.42	6.779545511351667
14.43	8.576312562103759
14.44	12.503438228669316
14.45	8.696394752237095
14.46	6.062824897459547
14.47	5.551775197363905
14.48	2.8170367614077754
14.49	7.156706437022211
14.5	3.624337837703825
14.51	5.791717378462735
14.52	2.6459046463961955
14.53	2.4130158744411716
14.54	1.8386570298328233
14.55	2.7960393564042545
14.56	2.6452774547806124
14.57	4.178450238886331
14.58	3.715991869429689
14.59	3.8046700475552035
14.6	-0.5771639361051517
14.61	1.1701078856344638
14.62	1.4186460385230562
14.63	1.919814253002718
14.64	0.5084205501719561
14.65	2.2324909265690094
14.66	3.174036865797967
14.67	4.446525619560214
14.68	1.4156640198005463
14.69	4.19176529025555
14.7	0.0011181822358594662
14.71	1.7884539996785207
14.72	1.0516738467689193
14.73	3.76203799146571
14.74	3.463717489617668
14.75	2.056866364233141
14.76	2.4323374127414557
14.77	4.394246141678045
14.78	-0.006489792866086752
14.79	-0.49549781596271547
14.8	2.337847190065763
14.81	3.3617118554029193
14.82	3.988946909288862
14.83	7.390334860536976
14.84	8.013520194793788
14.85	3.6724873738024044
14.86	6.636619695871112
14.87	7.73450702423585
14.88	7.323756955139415
14.89	7.383021302504675
14.9	7.146932261347775
14.91	8.016762007122521
14.92	10.731629402984966
14.93	12.71851570629068
14.94	10.956160330685911
14.95	14.647845963204093
14.96	11.64573100641857
14.97	14.149130320273596
14.98	15.725960825738415
14.99	16.18453520902582
15.0	15.075995974872471
15.01	16.89470629060267
15.02	17.896569796386192
15.03	18.79214300636886
15.04	18.01163236522534
15.05	20.29705205913411
15.06	19.646642730081705
15.07	22.067216591684634
15.08	22.297025665285364
15.09	20.965176160252568
15.1	19.23799853389445
15.11	22.051374364997507
15.12	23.83826720164421
15.13	23.56673382991955
15.14	24.068430922041628
15.15	26.16693151536384
15.16	25.982451000875617
15.17	25.22386035244874
15.18	27.588711737080523
15.19	23.451849511835274
15.2	24.011358218141073
15.21	24.541281414653767
15.22	26.396353821409452
15.23	27.19410627862511
15.24	25.063169528550027
15.25	32.76089931912159
15.26	28.57841672208304
15.27	28.76335712314238
15.28	31.58257731636689
15.29	27.435490344086393
15.3	29.81530616274692
15.31	29.675185820857553
15.32	29.00189631849344
15.33	27.96894002450757
15.34	28.437210223809508
15.35	28.659920376781095
15.36	25.33218996707157
15.37	28.680043150856523
15.38	28.40914047097877
15.39	25.992135991450137
15.4	22.6124669286057
15.41	25.793327265744857
15.42	27.726846503754118
15.43	30.55774658575376
15.44	23.958549557423414
15.45	23.49672775412877
15.46	24.599873294928074
15.47	23.608403876424163
15.48	21.571173242202917
15.49	22.691798255852053
15.5	21.396073625866666
15.51	25.479008929523506
15.52	21.984309721227927
15.53	19.979109984176706
15.54	20.933920922416856
15.55	18.961028040374995
15.56	17.908111218119043
15.57	18.24516897748989
15.58	15.86557205649221
15.59	15.919500649362737
15.6	14.863743948831463
15.61	14.725500675701827
15.62	14.998501276351853
15.63	11.512268064256448
15.64	11.212484087230333
15.65	14.718178085594092
15.66	11.143813586105981
15.67	8.4233772793111
15.68	8.646799023749786
15.69	9.631728729754402
15.7	5.8195032180444946
15.71	6.501619872505134
15.72	7.429421920849746
15.73	7.342115535306851
15.74	3.958036477009732
15.75	3.151674367658591
15.76	3.9250965577319152
15.77	7.415383391995497
15.78	1.7140795217211335
15.79	3.591638414142784
15.8	7.0152426419242895
15.81	1.0035581061189816
15.82	3.1881136284633627
15.83	2.311114245508942
15.84	3.3085077723555205
15.85	0.4878543541856394
15.86	1.8356916042952198
15.87	-2.8724800270540713
15.88	1.7998410294347449
15.89	2.0807730396211017
15.9	0.4013957025060111
15.91	1.0375139376799574
15.92	0.9929897435109316
15.93	1.0470208598434874
15.94	2.5098105325137716
15.95	2.8066033654310902
15.96	-1.0940192847433554
15.97	1.6437993982021937
15.98	-0.22410536828227862
15.99	-0.1805009177721555
16.0	2.101652587375502
16.01	1.0342224840132244
16.02	2.4611356506931394
16.03	1.7721886256573824
16.04	5.5436535818845165
16.05	1.7162942801954353
16.06	3.7881859789520576
16.07	1.633951673427869
16.08	2.971295935342871
16.09	5.74859296268907
16.1	3.8030053864936932
16.11	5.05093817078954
16.12	6.890690044790518
16.13	6.455516597815346
16.14	7.459396318664568
16.15	7.272313036203888
16.16	8.495815671304634
16.17	8.474216069248493
16.18	10.13502662567259
16.19	10.70815564478001
16.2	14.952865416027862
16.21	11.370250482116285
16.22	14.059821847699514
16.23	12.69918328606404
16.24	12.850006266341264
16.25	16.662709110306743
16.26	15.398562835559684
16.27	15.533344050324896
16.28	18.146926314087413
16.29	19.686383375199963
16.3	19.908331255023995
16.31	19.66148821204653
16.32	20.767275322774715
16.33	21.228915535643228
16.34	22.25815978376653
16.35	24.55842262990727
16.36	24.82393410703855
16.37	25.176893726655326
16.38	23.40247740173764
16.39	23.29330978904538
16.4	25.787433910947826
16.41	22.54897026296005
16.42	26.61122698282829
16.43	26.854928817286982
16.44	25.4361801908318
16.45	25.986873534530822
16.46	24.59134198409803
16.47	25.68978023814035
16.48	28.059844421860266
16.49	25.937819457968164
16.5	25.20193620500661
16.51	27.590910090045732
16.52	26.721672771586405
16.53	27.687850563091768
16.54	30.953937547671725
16.55	29.947251865285267
16.56	26.47296411224241
16.57	25.930793976965546
16.58	28.324588736504378
16.59	29.47095828352809
16.6	30.14858346024399
16.61	28.672162968857325
16.62	26.10403027738075
16.63	26.339780121915418
16.64	27.4073267976114
16.65	28.947144371861246
16.66	25.79616107022926
16.67	26.675157532870664
16.68	27.070822788151972
16.69	26.77606738880033
16.7	26.83518167599295
16.71	25.983221574984594
16.72	24.18832027919972
16.73	22.38114102323235
16.74	27.390939185930204
16.75	23.54510685221664
16.76	26.54418394826495
16.77	23.918547150486628
16.78	25.036092081847844
16.79	20.16240473346556
16.8	22.677324894444116
16.81	21.96766281246028
16.82	18.907308572780604
16.83	20.060035847772664
16.84	21.36179329977633
16.85	18.77753279023629
16.86	16.83341829055355
16.87	18.253644340395734
16.88	17.73636855883841
16.89	14.321196524431153
16.9	15.584079939745598
16.91	16.29093122745031
16.92	14.977882349329022
16.93	13.881019870077035
16.94	16.547146957196297
16.95	13.792548846997732
16.96	12.037521775167413
16.97	8.845353021372926
16.98	12.037479490304342
16.99	12.934081197620912
17.0	9.798495114309963
17.01	10.130147470070737
17.02	10.311900300430427
17.03	5.622193424956693
17.04	8.462372129388186
17.05	7.593997740468044
17.06	6.664007308058048
17.07	5.696238083941011
17.08	6.013491151237527
17.09	9.403668114104494
17.1	4.842629418878738
17.11	5.336424348860074
17.12	2.221971447476437
17.13	5.729146803698422
17.14	2.842084135261114
17.15	6.379673884214166
17.16	6.260807272574174
17.17	2.9823674735455317
17.18	4.62892224520564
17.19	2.9403483775039865
17.2	2.7875120143272936
17.21	4.83457535263293
17.22	4.176234500858383
17.23	1.6314707170290528
17.24	1.4271873310903556
17.25	4.967010269327691
17.26	5.425015090602017
17.27	1.5858806809357238
17.28	4.257767109736426
17.29	5.683929351662943
17.3	2.1992900938186395
17.31	3.2717057858431224
17.32	4.930428379004134
17.33	3.6088873156283046
17.34	5.157014002928945
17.35	4.833378500498677
17.36	4.7551950633297295
17.37	4.717278490079825
17.38	6.481934612406507
17.39	4.579338629314749
17.4	7.298144290562885
17.41	6.323526664733502
17.42	7.022937178246858
17.43	7.38618503617353
17.44	10.760456530300488
17.45	9.600440622459931
17.46	9.79828464288935
17.47	10.281023812894325
17.48	10.695822617679626
17.49	12.631867720110304
17.5	11.148284586777544
17.51	10.602276522679283
17.52	14.390385996935073
17.53	13.67568725177709
17.54	14.98107908286949
17.55	13.706011128726207
17.56	14.913969719984822
17.57	16.276359420014074
17.58	16.040550787295825
17.59	17.46208376615866
17.6	16.725974075028496
17.61	21.718877182551843
17.62	18.62317349901352
17.63	21.994905549517128
17.64	19.137428664559117
17.65	20.94886815821625
17.66	24.86239736964989
17.67	24.892352800983986
17.68	23.092521871215478
17.69	26.088049801309758
17.7	25.10509869518059
17.71	24.786324527496326
17.72	26.461778142370953
17.73	26.25492183821719
17.74	27.482072972574976
17.75	23.628673030808255
17.76	26.50569990845165
17.77	24.081817602799426
17.78	26.5298801040852
17.79	25.674472162236523
17.8	29.18907608500794
17.81	26.91930043365669
17.82	25.161091049736434
17.83	26.227520673295828
17.84	28.297331861786557
17.85	29.0341536400094
17.86	29.181163879062225
17.87	28.431332699871756
17.88	24.824538030423255
17.89	26.511198702621197
17.9	26.003484324943166
17.91	24.566433048961333
17.92	28.126989551462525
17.93	27.310365931229317
17.94	25.231004118157717
17.95	25.927301632144623
17.96	23.91568297673502
17.97	24.61068101319688
17.98	22.953030171903848
17.99	25.209297179774612
18.0	21.947705566804
18.01	21.377808297750203
18.02	21.321598736575172
18.03	16.551639857114452
18.04	20.42369162816315
18.05	17.730762395690363
18.06	18.432371290348012
18.07	16.242527911115673
18.08	16.844722707897095
18.09	19.995174620038423
18.1	18.247597150521926
18.11	15.802025451668632
18.12	16.391064809410917
18.13	16.05859696289586
18.14	13.844839579564846
18.15	10.083026270552075
18.16	9.321296938261796
18.17	14.131053757323457
18.18	12.585385594509168
18.19	13.360326173182399
18.2	9.313860644039998
18.21	8.649662572264681
18.22	10.501239187297815
18.23	7.539932854070731
18.24	8.30045551392004
18.25	8.874660393892356
18.26	6.500332147179998
18.27	7.950403325131145
18.28	5.6586892107489595
18.29	4.546922360940928
18.3	6.254287493021956
18.31	3.1938171208529065
18.32	3.9137583788808454
18.33	4.7896178137342975
18.34	4.2472038840190605
18.35	6.803395455975497
18.36	3.414724837840412
18.37	2.744761268900113
18.38	3.9179691901809157
18.39	4.51627445971364
18.4	2.614835642937404
18.41	1.5898314450000153
18.42	3.3563135893279714
18.43	3.2310265423549356
18.44	2.4167647411594317
18.45	4.686943492689202
18.46	2.6095943653766884
18.47	0.19643524960006875
18.48	5.108894565773798
18.49	4.018123087545468
18.5	5.632376859246957
18.51	3.1794070463179445
18.52	3.810096780827288
18.53	2.5493465985032078
18.54	5.314964131566477
18.55	5.619360117024474
18.56	6.954237981657448
18.57	5.56464014523389
18.58	8.493176182842598
18.59	8.097870458812512
18.6	8.57082560126079
18.61	10.188390158629616
18.62	6.7033043780962975
18.63	10.30405219950613
18.64	6.886560582826096
18.65	9.034401655382277
18.66	10.59934206575018
18.67	13.032557155558747
18.68	14.174857943391489
18.69	15.904377052484492
18.7	13.622050493690079
18.71	13.887021249158465
18.72	15.344800626949489
18.73	17.038319000227485
18.74	16.831334302946637
18.75	18.532553000496726
18.76	19.596518511992073
18.77	18.420312194276153
18.78	19.67984248711325
18.79	21.11935348391662
18.8	20.738607510698866
18.81	20.348312797960855
18.82	22.650413416759253
18.83	23.769926387847182
18.84	26.19996023692112
18.85	25.13454557195911
18.86	24.608158708027915
18.87	28.641936471231155
18.88	27.103164621935846
18.89	25.867709867391433
18.9	25.612110386803508
18.91	27.118377446523013
18.92	24.352087198651468
18.93	26.265950640311893
18.94	25.721357910103542
18.95	27.15035915727373
18.96	26.832943374605694
18.97	29.16574363339974
18.98	27.09011382479649
18.99	26.56818062350873
19.0	28.267018675173496
19.01	27.77733952924762
19.02	27.42706896378559
19.03	27.641124004392285
19.04	29.172736426620773
19.05	25.2612514198091
19.06	27.442882210694854
19.07	25.856600008728194
19.08	27.562559759358102
19.09	27.218438705036185
19.1	26.71428003724097
19.11	25.34972312242437
19.12	27.87960274173712
19.13	27.058737332587988
19.14	24.754065229743905
19.15	23.82309923088627
19.16	23.510114414810907
19.17	22.00186020184165
19.18	23.75390712979958
19.19	24.475235085352484
19.2	20.48045158544008
19.21	23.47485624114454
19.22	18.130909849319288
19.23	21.287135913409397
19.24	20.00076191381051
19.25	19.866767587238762
19.26	17.000796596851522
19.27	18.46210203129484
19.28	17.710217310495146
19.29	18.352175919427154
19.3	17.772807101377097
19.31	14.42078667533994
19.32	15.299881072147333
19.33	12.89277497853873
19.34	13.521382843355704
19.35	9.048336498929705
19.36	10.934656519868872
19.37	9.98665131979143
19.38	10.169840976015937
19.39	9.01150666727669
19.4	10.958809379763338
19.41	5.9331266235607885
19.42	8.419641544429435
19.43	9.470328617561554
19.44	7.560511777652502
19.45	6.160726399249186
19.46	6.275217956108952
19.47	5.0161143289626695
19.48	3.42488779058215
19.49	4.528395685005195
19.5	4.513285552963298
19.51	4.299185038261308
19.52	1.176221831694687
19.53	3.953206152677118
19.54	2.211008551813057
19.55	3.3610907199404076
19.56	1.4708775917533425
19.57	-0.052436150199439924
19.58	-0.6661812152164222
19.59	0.3706624786221453
19.6	0.38901385089937923
19.61	0.009942173836866575
19.62	0.20145300069961125
19.63	-1.450204569366643
19.64	2.4739176644698233
19.65	0.6308659331823497
19.66	1.7223602313007775
19.67	0.47549653658128443
19.68	-0.49616485489324125
19.69	-1.9395940969668888
19.7	-1.9193665421666513
19.71	-1.3845919473223138
19.72	1.7946350999520155
19.73	0.7596903206235505
19.74	1.4467617200764835
19.75	-0.8379462840115679
19.76	3.3054730516745607
19.77	0.48616027531120876
19.78	0.3680542112712699
19.79	2.193173987196988
19.8	0.9472742847573256
19.81	2.1204978402000343
19.82	3.166159736135761
19.83	3.4637921362909125
19.84	1.8320188579010872
19.85	2.7683026153098527
19.86	5.561421364339558
19.87	6.404176711912975
19.88	5.610532461009841
19.89	3.9303833133077553
19.9	5.928453579317127
19.91	4.224299602907184
19.92	7.50061028245039
19.93	7.290192867431944
19.94	7.769927049342676
19.95	8.404206762134846
19.96	10.386019436823215
19.97	9.901270089457311
19.98	9.631631092763289
19.99	11.493689387571111
20.0	8.693536483293569
