10.01	5.274929104191125
10.02	7.808093433966469
10.03	3.3374196053916174
10.04	3.784617529984003
10.05	3.0152961878576807
10.06	4.545046332576981
10.07	4.383669943137908
10.08	2.709930017085475
10.09	2.878550404462721
10.1	2.051782607740195
10.11	1.9723446704315954
10.12	3.3677605090032063
10.13	2.2422481254812214
10.14	3.4034641649836277
10.15	2.9224571172729203
10.16	3.326182504811125
10.17	2.4715198430765546
10.18	2.56240833013296
10.19	-0.9967993469779435
10.2	2.317524303750073
10.21	2.594122733192044
10.22	0.3833393863069585
10.23	0.4887139133436072
10.24	1.2428527600780477
10.25	-1.0520980618418068
10.26	1.334975768162785
10.27	0.6614883175194655
10.28	1.2448225222465843
10.29	0.4227953469023852
10.3	0.7392441375839561
10.31	-0.9315305126736557
10.32	1.6656749494243026
10.33	1.0357941606670782
10.34	0.7246911883609093
10.35	0.9551057679848943
10.36	1.5567882981364811
10.37	3.9620848153572252
10.38	2.4308030755488907
10.39	1.414621623125031
10.4	2.387511742945225
10.41	-0.5458122255012818
10.42	3.327437063758595
10.43	2.6026118589588325
10.44	1.1359194691019066
10.45	4.391996012339343
10.46	3.3206424811737363
10.47	4.149578416945152
10.48	3.549960737311887
10.49	6.253877888324434
10.5	5.942555955369339
10.51	4.2179586595183745
10.52	6.802396122397628
10.53	8.248744111664244
10.54	8.588451276636025
10.55	6.593298388508593
10.56	9.755442937783789
10.57	6.972254945658686
10.58	7.197040930604349
10.59	10.648703164505148
10.6	9.90418034967194
10.61	9.192732970441192
10.62	13.743029526397805
10.63	12.433819896772421
10.64	11.21839624121718
10.65	12.218894021968612
10.66	14.233483792483362
10.67	9.927097667372507
10.68	14.052454463741466
10.69	15.983251235807527
10.7	16.26071589243072
10.71	15.218031487507977
10.72	13.960151120606607
10.73	16.547368971303364
10.74	15.029444871330211
10.75	16.08847515673986
10.76	18.123110186615122
10.77	16.46286255702088
10.78	17.674776417775156
10.79	18.73694546811285
10.8	19.581779168654876
10.81	21.84442226352508
10.82	20.807813218607222
10.83	18.379233109312345
10.84	18.122762308405875
10.85	19.266646241240515
10.86	20.417018253056636
10.87	19.44559633183076
10.88	22.541160879277843
10.89	18.959545584230927
10.9	19.03932352032242
10.91	18.925007986770233
10.92	17.763579584226942
10.93	22.515077827033927
10.94	22.690147006842256
10.95	20.85627138592904
10.96	20.491820739738362
10.97	23.393490653641027
10.98	18.997910824215896
10.99	19.153207147768462
11.0	19.400954776522486
11.01	20.126197751091546
11.02	17.778742784651985
11.03	21.295354415476773
11.04	21.770174194581966
11.05	22.976540679792613
11.06	21.8259718841297
11.07	17.551902642692916
11.08	18.317838949005697
11.09	19.724065605056655
11.1	20.032117522251394
11.11	21.671940057782756
11.12	19.624713574312473
11.13	19.298498527908286
11.14	18.41697383002131
11.15	19.45787952513471
11.16	20.007299259955275
11.17	17.476477575197503
11.18	19.609203073372743
11.19	18.71199473529418
11.2	17.026951722520398
11.21	19.185413962225358
11.22	14.802788169590158
11.23	17.417889010152436
11.24	16.460813178618032
11.25	17.389719674229813
11.26	13.952082562676301
11.27	14.94955818337539
11.28	12.283550888206205
11.29	14.26141922249407
11.3	12.634659257388206
11.31	14.150359950605583
11.32	13.16213391440141
11.33	12.507566546593916
11.34	9.995172653933427
11.35	10.333183429265786
11.36	10.337174472443783
11.37	9.823232346655534
11.38	8.523619739401681
11.39	8.698616308217053
11.4	5.207524959451495
11.41	7.694838370261335
11.42	11.157147178216679
11.43	4.740357320524714
11.44	9.25185010874484
11.45	7.118157227750287
11.46	3.968867431222444
11.47	5.701690523500432
11.48	6.881282014153165
11.49	3.58709832410105
11.5	7.903949248395747
11.51	4.7683443722158
11.52	3.337783628055866
11.53	3.0310742259166332
11.54	1.5146443567701877
11.55	3.0996413996186503
11.56	4.199604505321065
11.57	5.411890334351353
11.58	0.5681918241638861
11.59	-1.3121710437245713
11.6	2.36315574725764
11.61	1.7389675149559023
11.62	2.7019967225536434
11.63	0.8845859550428705
11.64	-0.8300575262715331
11.65	2.0852683504733935
11.66	3.479332723177521
11.67	1.1177402847980584
11.68	-0.24170995740303458
11.69	0.7862925879076845
11.7	3.239734371705736
11.71	-1.1898172796150934
11.72	2.226291084754781
11.73	3.024964140620641
11.74	-1.0565557044881952
11.75	1.6605403440863
11.76	2.0911186294704383
11.77	2.652094565487467
11.78	2.6899882638755437
11.79	-0.8786225694385907
11.8	-0.3125699528783332
11.81	2.90266560600438
11.82	5.735597492432774
11.83	1.3627037642812612
11.84	4.3926966857697805
11.85	0.6572904021970238
11.86	1.8152206091850507
11.87	3.535261603213301
11.88	3.9903766627634942
11.89	1.4876717663098225
11.9	4.303538074593891
11.91	4.800349505644132
11.92	3.32190730401456
11.93	3.3110491642997744
11.94	5.501560709627201
11.95	7.3200750465324225
11.96	4.814488943869756
11.97	5.042465705592387
11.98	5.892676397501734
11.99	6.5414845702459745
12.0	7.7733267545937785
12.01	8.918893712046769
12.02	3.628771431696915
12.03	8.618205579156262
12.04	6.478034787082244
12.05	8.089435995043916
12.06	10.07321325889724
12.07	8.90950168120154
12.08	6.831691553833039
12.09	9.203542555764894
12.1	10.365134001048247
12.11	12.097468608125471
12.12	11.306741920837935
12.13	9.16699477681048
12.14	11.492428325323354
12.15	11.864340230519911
12.16	13.593500870502076
12.17	12.094016948626496
12.18	13.721169039985888
12.19	13.1186998303903
12.2	12.516768359877059
12.21	17.47173001984765
12.22	15.461786333060676
12.23	12.904794434184515
12.24	12.04369799907477
12.25	14.565175838225944
12.26	16.75983013771973
12.27	18.459609104633255
12.28	15.7827506737678
12.29	16.870991480282214
12.3	14.242589483434273
12.31	15.239525115084739
12.32	16.219102210797146
12.33	14.337717066292129
12.34	16.681131855792238
12.35	16.313823847320247
12.36	17.108693493312664
12.37	17.53275944891231
12.38	17.65472207912239
12.39	17.356496401511784
12.4	16.741440244853806
12.41	16.84280442867205
12.42	19.8951461150342
12.43	18.504065303908124
12.44	19.393006492054102
12.45	17.213749957363834
12.46	18.622237399926558
12.47	18.1960108474573
12.48	19.419500416967182
12.49	16.262851791646987
12.5	21.995390964808752
12.51	16.667940514028633
12.52	15.95321847668988
12.53	15.119429756682305
12.54	18.47185510933715
12.55	16.55839857912255
12.56	18.537472321648092
12.57	17.268460991124464
12.58	15.343788875572763
12.59	12.983450564956016
12.6	13.584265454515158
12.61	17.259692749869426
12.62	14.792589650330255
12.63	13.473817282615485
12.64	12.211515106422317
12.65	11.37619020846912
12.66	13.536138743715059
12.67	11.077345713344528
12.68	12.027093283302692
12.69	9.749215777028342
12.7	9.17706929830658
12.71	10.657284520535235
12.72	8.731171565481784
12.73	9.674912705292522
12.74	9.675679840865639
12.75	9.433684156674719
12.76	9.204907110600487
12.77	7.2323257419509215
12.78	8.943831628062055
12.79	8.654144562197093
12.8	6.753194203357016
12.81	6.766577895180279
12.82	4.990152965567817
12.83	5.528272017207115
12.84	5.006306568516468
12.85	7.822865367779625
12.86	6.026213446744384
12.87	5.735192969556425
12.88	3.6504375387702632
12.89	3.8999559767831435
12.9	3.956963933900188
12.91	6.066712749516733
12.92	1.0460068014134594
12.93	2.3504904514147777
12.94	1.1034838876274702
12.95	-0.9811364315315081
12.96	2.891016062862268
12.97	2.333745223223268
12.98	4.0555661849185025
12.99	2.2704843923182767
13.0	0.9539910189337074
13.01	1.684586553876195
13.02	0.7233154268690922
13.03	0.902598138709567
13.04	1.829160294019992
13.05	0.050779545716322594
13.06	1.8477846042944557
13.07	2.062879121806734
13.08	3.1708630148856316
13.09	2.459195540362354
13.1	3.502592931144658
13.11	1.2797353842141421
13.12	1.2966817042363334
13.13	1.590253279551956
13.14	-1.7220107805524203
13.15	2.771332242403849
13.16	0.6917687422847003
13.17	-1.8430701075053955
13.18	2.9855752872343095
13.19	0.13456640475948722
13.2	2.3230617676502763
13.21	3.358105004498311
13.22	1.2992535489778052
13.23	3.7953381449044254
13.24	3.9737084401583953
13.25	3.770759977588547
13.26	1.7866715753663498
13.27	2.912058201403648
13.28	4.430864058884945
13.29	3.669253704014605
13.3	1.2141675855624459
13.31	3.171125137637167
13.32	4.580884033472484
13.33	4.958229952653626
13.34	4.958101826432559
13.35	5.821547746319739
13.36	8.243755050330245
13.37	5.370560632806864
13.38	3.5247616451367474
13.39	6.599071986522441
13.4	7.190051218609442
13.41	5.567309752224993
13.42	6.897110090502849
13.43	8.489193470298735
13.44	8.975535963873936
13.45	7.0864753228703465
13.46	8.095294417742332
13.47	10.3345767462264
13.48	10.271666057621006
13.49	7.43663272304234
13.5	11.31088440995718
13.51	14.50655397275672
13.52	13.25646333963443
13.53	12.78749837000084
13.54	12.59482355231629
13.55	12.57427615732067
13.56	14.955990026393303
13.57	12.86828938955359
13.58	14.931945598495714
13.59	17.296966701053023
13.6	18.309582364443163
13.61	16.22368823996435
13.62	17.460540544171188
13.63	17.97687895291908
13.64	17.443647296460327
13.65	19.322904261713347
13.66	19.427477635434975
13.67	21.088828492781325
13.68	20.582431727177166
13.69	21.122437356934945
13.7	18.20678778122347
13.71	21.433112090589468
13.72	19.787078393745297
13.73	21.468063389948792
13.74	22.685651713930852
13.75	21.86241755417223
13.76	21.17720864325579
13.77	22.064254827587046
13.78	22.683317416789414
13.79	22.086253447969863
13.8	22.267373891886937
13.81	20.53383218740871
13.82	21.770854193088315
13.83	24.12646483244947
13.84	22.22277032600734
13.85	21.501173077962385
13.86	18.82016796756218
13.87	18.701094792026357
13.88	21.896267624764636
13.89	20.965036030213188
13.9	19.03152498298683
13.91	17.390062041159176
13.92	21.028492108161252
13.93	20.608981512369738
13.94	15.282790468926633
13.95	18.5990581228883
13.96	17.518280938739206
13.97	16.82821658944284
13.98	18.219698122400906
13.99	18.20687673038197
14.0	17.075523652700625
14.01	14.38416555010488
14.02	14.74474650256168
14.03	16.242398204507023
14.04	10.193985843695605
14.05	12.352992218327554
14.06	12.6014424834177
14.07	12.385777778518673
14.08	10.516111011360282
14.09	13.013843925709196
14.1	13.14452014421121
14.11	9.436573753594933
14.12	8.680241656620378
14.13	9.80024335672299
14.14	7.923739142674988
14.15	8.151126484759386
14.16	4.4231878256484265
14.17	8.525274303061652
14.18	7.193419861084213
14.19	7.424937853085053
14.2	3.1580613021297634
14.21	3.4640191495659485
14.22	3.828716095311291
14.23	2.6923831857250136
14.24	3.370628028368647
14.25	6.735531870496271
14.26	3.0017266981520523
14.27	4.597513082454505
14.28	2.796927609670462
14.29	4.719117889093011
14.3	-0.008830722772856126
14.31	1.0370271807384066
14.32	3.1636730352478217
14.33	2.2911835195236754
14.34	0.9581592674171857
14.35	3.555664527309216
14.36	0.5923433255921482
14.37	-0.8504372045607742
14.38	4.344014844137799
14.39	2.7167261648087857
14.4	0.6634428313259828
14.41	-3.0441145507986955
14.42	1.5256367451951807
14.43	0.8491014246009106
14.44	-1.0007177511610161
14.45	1.721160432500183
14.46	1.511263145577446
14.47	2.317416771542219
14.48	0.31971712757460025
14.49	2.3718086115425194
14.5	3.4524207263339726
14.51	-0.9392274044884938
14.52	3.9241711196973617
14.53	3.5621734165122714
14.54	2.7523609191063296
14.55	2.2881640710300672
14.56	5.037946153349017
14.57	2.5989721434266917
14.58	5.731941192233582
14.59	4.854145570721276
14.6	3.9301813117746986
14.61	4.301267770338538
14.62	3.055467868975999
14.63	5.395635347400053
14.64	5.6003449867429005
14.65	6.673146355988243
14.66	3.8345647296699066
14.67	5.888758987367569
14.68	4.713579593133575
14.69	6.007688708473042
14.7	8.256674579260034
14.71	7.947195555107024
14.72	8.35887784079479
14.73	8.367774416831185
14.74	6.854810158927877
14.75	8.345162448319602
14.76	9.349943580120408
14.77	7.891163925099848
14.78	9.885512013379373
14.79	11.733895652291453
14.8	10.610310719432732
14.81	11.430702991618261
14.82	6.8586014359779774
14.83	10.681399988655325
14.84	9.530771204308914
14.85	9.8262843418199
14.86	12.494641323868008
14.87	12.953332318263763
14.88	11.763679952097839
14.89	13.960016082606485
14.9	11.50822984021383
14.91	13.260902762402944
14.92	13.886277574269391
14.93	18.62965861842829
14.94	14.368572490913651
14.95	14.42556548267992
14.96	14.273677272611632
14.97	12.768019612575845
14.98	18.3303258644057
14.99	15.971964773748448
15.0	19.577182194481114
15.01	15.759753519738602
15.02	18.717168628800028
15.03	16.62645487579065
15.04	17.401425803370145
15.05	16.642212596783445
15.06	18.31493455217579
15.07	17.313140384514544
15.08	16.72945207097964
15.09	18.373180689790853
15.1	18.155299617448097
15.11	17.476774699846406
15.12	16.619342736005663
15.13	20.797694565265413
15.14	22.014061052917853
15.15	21.124548487436382
15.16	19.92782856923209
15.17	19.875686605060384
15.18	20.347768539046633
15.19	19.787755250864542
15.2	20.457299320677386
15.21	18.263928050211867
15.22	19.09728448460776
15.23	15.825196229082685
15.24	16.760592092898968
15.25	16.48317895544062
15.26	17.24586101044186
15.27	15.652047441701878
15.28	14.92371841141758
15.29	19.180073533512385
15.3	17.290421472305056
15.31	15.606254811663963
15.32	12.833038735993254
15.33	12.982247562433113
15.34	14.980585763330746
15.35	14.897112464091288
15.36	13.947252190958299
15.37	8.638209425231668
15.38	10.330397708640133
15.39	10.665402969926527
15.4	8.574907800797746
15.41	10.234016876994668
15.42	7.025798579683319
15.43	8.747779654353275
15.44	10.440911770476326
15.45	10.053655739656332
15.46	10.85482147574603
15.47	6.665998795759428
15.48	5.311352445742053
15.49	6.095818899888761
15.5	3.924116135330228
15.51	7.2503529057191
15.52	3.417935560958854
15.53	4.134575761485117
15.54	5.669663924347158
15.55	5.138648007963317
15.56	3.762590029550225
15.57	2.475202779398462
15.58	1.58789638305448
15.59	4.5030212983419675
15.6	1.523709347241343
15.61	3.2915938915555842
15.62	1.5896610834610216
15.63	0.6585688153316762
15.64	2.0342804295750714
15.65	1.4223239902375036
15.66	4.767438318662272
15.67	3.3733660387107918
15.68	-3.878392992456375
15.69	-0.7093583163191721
15.7	2.7114549592950827
15.71	0.4274991136193331
15.72	-1.9717191546483892
15.73	0.7658687141289451
15.74	-1.6230816163441306
15.75	0.33153191177597385
15.76	-2.6225237097232186
15.77	3.203239383137425
15.78	0.826373189535826
15.79	2.089348377561066
15.8	-0.3901108649292478
15.81	0.1870399670207638
15.82	2.5185338465538547
15.83	2.338066838460987
15.84	1.0333388186988808
15.85	-0.699889368910976
15.86	0.89873759946842
15.87	2.6758436446168137
15.88	2.5593192469851465
15.89	0.7085977032347666
15.9	0.9550982181388565
15.91	4.852314966994112
15.92	4.793078389593084
15.93	3.191269586910466
15.94	0.6123737895566315
15.95	3.747847889070269
15.96	5.536035132964409
15.97	2.831464828829831
15.98	4.371757135837605
15.99	5.500171309836495
16.0	5.52946252157542
16.01	4.723386993474542
16.02	2.3672473280026174
16.03	4.110434231906199
16.04	6.238354981413083
16.05	7.101688143282988
16.06	8.136587331789794
16.07	8.768015280971653
16.08	6.813049735223489
16.09	4.242498726214198
16.1	5.443120292071107
16.11	8.601381468368546
16.12	7.4434053231232875
16.13	9.20107942342115
16.14	8.162957260770375
16.15	14.0319529162687
16.16	11.105261195273087
16.17	7.2152783329919625
16.18	11.732177439112371
16.19	12.328142317946389
16.2	12.983047078238698
16.21	13.824477613551403
16.22	10.327005606848827
16.23	14.49272256522269
16.24	10.322268204106203
16.25	13.215429321774739
16.26	14.68176180416881
16.27	16.104763641707383
16.28	16.173725615389174
16.29	16.875583146689262
16.3	17.105849851820008
16.31	16.2823137726026
16.32	14.854478950141438
16.33	16.063196307383514
16.34	18.108895538470787
16.35	16.680100321355
16.36	17.1144958910055
16.37	16.09629673507318
16.38	15.034881242860825
16.39	17.61071783161603
16.4	18.684388953088156
16.41	18.669178683244922
16.42	16.41735861639454
16.43	16.937413854855357
16.44	18.517690639703417
16.45	16.931775185255226
16.46	18.4833709070105
16.47	16.595348733546846
16.48	17.785493477118475
16.49	18.392713108322194
16.5	17.87738318605827
16.51	19.042593184708714
16.52	19.06944380310981
16.53	19.020567362838698
16.54	17.086366597629524
16.55	16.019091651192646
16.56	16.47474111226907
16.57	19.173225320659654
16.58	17.8920576772053
16.59	17.922179249711956
16.6	17.86675205172192
16.61	17.19165433897881
16.62	16.602653304307225
16.63	15.654744094495843
16.64	16.7283080631616
16.65	13.746366498583157
16.66	16.1342400483522
16.67	15.84535063696096
16.68	13.432243067091878
16.69	13.200384315342081
16.7	11.559377699672828
16.71	14.13697312613458
16.72	15.246185394218193
16.73	14.080905072353422
16.74	10.993832612770248
16.75	11.169576243753875
16.76	10.726038651941677
16.77	11.941280093299625
16.78	12.664270549297301
16.79	8.334329772846974
16.8	8.649477947595313
16.81	10.285297805805845
16.82	8.727813656660231
16.83	7.019603312845267
16.84	9.354534096452353
16.85	7.520732706747626
16.86	8.83800870684992
16.87	7.115209831442402
16.88	8.03223638838094
16.89	6.067245468055065
16.9	6.328977186579286
16.91	3.7618213938560463
16.92	6.5065302001200305
16.93	2.866805621659511
16.94	1.9336442700259582
16.95	1.2892259914249893
16.96	3.040533028855547
16.97	3.416874545855475
16.98	2.3605143496875627
16.99	0.17499824280423848
17.0	1.467002622297686
17.01	1.241683579918694
17.02	0.30644985068564945
17.03	1.7307312639083272
17.04	0.261552353828149
17.05	0.5460372740937527
17.06	2.315853769146237
17.07	1.5076785869076643
17.08	-1.3151691083970667
17.09	0.9445214384854885
17.1	-0.384074959644362
17.11	1.344191089489928
17.12	-2.385109723369841
17.13	0.4281198450850454
17.14	3.2388349458486996
17.15	1.0326308556994515
17.16	0.41509461591296803
17.17	-0.6492859790611154
17.18	-2.5141198976771717
17.19	0.2185053828999568
17.2	0.7136839169457638
17.21	-0.5888171217605114
17.22	0.8914934313267759
17.23	0.9051603075348775
17.24	-0.9949729510116021
17.25	0.9788979773076534
17.26	2.1997946680788862
17.27	1.8430007625418847
17.28	-2.162743696740151
17.29	4.821985230023218
17.3	2.718611920498845
17.31	4.958285465493857
17.32	0.6459952124615638
17.33	1.3335788052302455
17.34	2.3635821498300484
17.35	2.161418690813943
17.36	4.216121072101274
17.37	1.940071435818722
17.38	2.8313616042720544
17.39	5.838228988139312
17.4	3.402168404327933
17.41	5.642543160347637
17.42	4.1330994390668785
17.43	5.221890170375876
17.44	4.550920290818301
17.45	5.909811945961802
17.46	7.490738283417421
17.47	8.276181047424657
17.48	9.395517417549323
17.49	6.732239817838853
17.5	7.921102793265349
17.51	8.091073443107142
17.52	8.272641657889745
17.53	9.020401294272824
17.54	10.895210150893343
17.55	8.138830602831089
17.56	12.497673204251166
17.57	14.373096478291243
17.58	12.710171516550696
17.59	12.532846735335829
17.6	12.24550582618626
17.61	13.309276212715126
17.62	10.371856545261984
17.63	11.607239371334959
17.64	14.614724212880676
17.65	15.272922137128834
17.66	14.359806106530208
17.67	14.18848464622418
17.68	16.35453489212462
17.69	13.488813203116623
17.7	13.187939245813288
17.71	15.460757475848176
17.72	17.166383569775448
17.73	15.735013566968954
17.74	14.48792230994038
17.75	19.080448645698304
17.76	14.793004445568878
17.77	16.736075723952663
17.78	16.655792697812604
17.79	16.052316182262118
17.8	17.015610319847994
17.81	16.788507125175496
17.82	19.33793966809585
17.83	16.37406389901497
17.84	16.392180147202517
17.85	15.279425569427243
17.86	16.433513485210565
17.87	17.04744678849077
17.88	14.791187217793484
17.89	15.734113366854471
17.9	14.565892667374133
17.91	15.817282699327524
17.92	14.030607998679727
17.93	16.689673492627147
17.94	16.727668398532096
17.95	13.683509604957143
17.96	13.436775893916838
17.97	11.880275807844384
17.98	15.76214967610208
17.99	14.289352980805248
18.0	11.041255106908707
18.01	14.269713847456007
18.02	14.10523512226785
18.03	12.030552358829967
18.04	10.583486051975024
18.05	7.890854164057915
18.06	9.605070418997395
18.07	9.343255465723994
18.08	12.261739443436175
18.09	8.23535263550013
18.1	8.676062510481835
18.11	6.274867939987184
18.12	6.289991047137447
18.13	8.68175848711951
18.14	6.8415922578122075
18.15	7.311036735601986
18.16	7.397343912022594
18.17	5.361006607206749
18.18	3.0940087294394685
18.19	3.582810191570752
18.2	3.9951256875103933
18.21	3.9744289784776248
18.22	6.144381578275739
18.23	1.7375751422711991
18.24	3.495573117801285
18.25	1.0236998468453284
18.26	3.7841019486913527
18.27	2.3990283644980948
18.28	2.923081323717674
18.29	2.582270482727389
18.3	4.924904984554126
18.31	3.8687986952824893
18.32	1.0309352465417412
18.33	1.7274818042036362
18.34	-0.47981773796528593
18.35	-0.40502242758187346
18.36	1.1373558746077705
18.37	2.860262105596737
18.38	1.7360783166264204
18.39	1.5471646934465255
18.4	3.266386772927631
18.41	1.8660313195371445
18.42	3.6856559129783175
18.43	2.1884864552102257
18.44	3.392307143695228
18.45	1.4109815940105628
18.46	-0.08942675319066629
18.47	1.1520316244590945
18.48	4.033533642147325
18.49	1.8450574797792136
18.5	3.2699865795734597
18.51	4.365371881301836
18.52	4.71128893933831
18.53	3.204548830945887
18.54	3.94404300542842
18.55	3.410918683745039
18.56	3.990067484533574
18.57	5.232891389251025
18.58	2.808710024038996
18.59	6.5750787030898
18.6	4.705850187349601
18.61	6.42706360412143
18.62	5.279932944935856
18.63	3.415257982180067
18.64	10.223102109874501
18.65	6.028688918250982
18.66	5.6418569126232985
18.67	9.707803254457817
18.68	8.175422059943687
18.69	8.7264975733782
18.7	12.027743541415344
18.71	7.82502529012147
18.72	8.721697692870675
18.73	14.731399129969258
18.74	8.464675699645744
18.75	10.71713293337032
18.76	10.980272067189556
18.77	12.899496758679794
18.78	13.718536139436939
18.79	13.847573118099678
18.8	12.664891639055316
18.81	12.910480604820036
18.82	17.50690960672669
18.83	11.688852065011378
18.84	12.424268121515398
18.85	13.955991958018988
18.86	11.939123750381661
18.87	16.073317586882926
18.88	16.265607202623507
18.89	16.545042733881594
18.9	17.509797589462693
18.91	14.755308395344532
18.92	15.518785686682833
18.93	16.401061030345172
18.94	17.464175689057825
18.95	17.195743592186354
18.96	13.52454593515772
18.97	15.072014240832988
18.98	15.724844585539113
18.99	15.828228997767809
19.0	17.167199423969798
19.01	12.611863788632176
19.02	16.06204818806974
19.03	15.26285925279831
19.04	15.986430007636612
19.05	12.924643937562411
19.06	12.354851933775379
19.07	12.703767612900949
19.08	14.63579315521261
19.09	10.790882741397606
19.1	13.039310601543802
19.11	11.511232389092958
19.12	10.780861498393293
19.13	12.371606885838046
19.14	11.205650690145717
19.15	9.15559370802392
19.16	9.041861972277387
19.17	10.70705627275387
19.18	12.600188706508593
19.19	10.41269491884017
19.2	5.937926248019685
19.21	6.532808976707449
19.22	7.671725067371424
19.23	7.894587684026052
19.24	5.684381364297514
19.25	7.432009263384972
19.26	6.259124628171465
19.27	7.457189315793096
19.28	4.96953817903379
19.29	5.825011783902689
19.3	4.483249692438232
19.31	2.5378899380973188
19.32	4.28560540670085
19.33	3.326203643522002
19.34	4.392840711484361
19.35	2.420036400608578
19.36	1.476090602406318
19.37	1.8642554560674232
19.38	2.6089271535586747
19.39	2.567946150829174
19.4	3.672193954747067
19.41	4.912318669077396
19.42	-0.4814073820226126
19.43	0.831808139715488
19.44	2.2400760251221286
19.45	0.8507192608107386
19.46	0.9741170134975388
19.47	3.94844334356673
19.48	1.5264777146661421
19.49	1.2537389885797727
19.5	0.6339388958155204
19.51	2.519509743268647
19.52	-1.420487232313336
19.53	2.0870335966599955
19.54	-1.9596348292561003
19.55	-0.6578784062918626
19.56	1.300046216058425
19.57	2.053812341377151
19.58	2.110018292242369
19.59	3.692961571718007
19.6	4.035954601089558
19.61	3.7791795307109117
19.62	0.57014341739835
19.63	1.1132979071792644
19.64	2.1195072220050912
19.65	1.7427584626773693
19.66	4.055971390182784
19.67	5.150347082922764
19.68	2.480567814187336
19.69	3.9640850670789
19.7	4.627925563600589
19.71	3.2251275861764133
19.72	2.7584025429650882
19.73	4.6877503064430925
19.74	6.602242245785485
19.75	6.690297786070551
19.76	7.978439590444977
19.77	5.4904251745582275
19.78	7.614922312572462
19.79	10.132770669667106
19.8	9.106982833594172
19.81	10.28653617307942
19.82	8.259811052100252
19.83	10.982905370025737
19.84	11.445429791212982
19.85	13.267815845397873
19.86	9.989471824680246
19.87	11.22964939799162
19.88	9.4144120069918
19.89	14.304943945095069
19.9	11.011688810251929
19.91	11.500639106386103
19.92	12.343981785455425
19.93	12.743395142949774
19.94	13.636182661157683
19.95	15.497145178847095
19.96	14.277481731022691
19.97	15.632977814017353
19.98	14.464659639493966
19.99	14.76168325825078
20.0	12.23795893998372
