10.01	31.26644700397198
10.02	32.01155499357878
10.03	28.562512811500177
10.04	28.60884105009517
10.05	27.896154407386373
10.06	28.113886137279987
10.07	27.84133702985202
10.08	23.44006445452557
10.09	27.88788119032944
10.1	25.050655017111477
10.11	23.836832292579913
10.12	24.491849775013904
10.13	23.425122635536475
10.14	23.09486226937362
10.15	20.495438971091847
10.16	20.221322778604055
10.17	20.866811880395623
10.18	19.649601039546166
10.19	17.08438061697768
10.2	15.731214956135478
10.21	17.507189358285817
10.22	18.300486185033243
10.23	15.331028669258304
10.24	15.994946788264855
10.25	14.455368366350738
10.26	10.586274472236067
10.27	13.157335246673107
10.28	11.525366142924852
10.29	11.797100136205875
10.3	12.67398950495784
10.31	10.395120927013975
10.32	8.084206922716067
10.33	7.655800886994098
10.34	9.502496157996536
10.35	7.6784881344065825
10.36	7.408006623588225
10.37	7.496012522191085
10.38	5.123069124032569
10.39	4.925671672721725
10.4	6.852598805992299
10.41	3.371052255983574
10.42	5.0972011515344535
10.43	2.7956814539952735
10.44	3.8172158730524646
10.45	2.720335246205376
10.46	3.1411922861281756
10.47	3.11338366339165
10.48	4.970150594685704
10.49	5.119888007755513
10.5	2.6858078666187146
10.51	0.4903465468791133
10.52	5.556169820377434
10.53	3.252100145822546
10.54	5.058606657664545
10.55	3.2268132276852732
10.56	4.5617732873864885
10.57	4.793001427250864
10.58	6.538255548190596
10.59	-0.1097867511051156
10.6	2.45171835499107
10.61	3.8233988813323077
10.62	5.194822553544188
10.63	6.492497537192531
10.64	7.070779871348365
10.65	5.998919525298881
10.66	6.38670772216363
10.67	7.461153138671609
10.68	7.8755464399915835
10.69	6.64619158753354
10.7	7.431305885535252
10.71	7.8855017845109945
10.72	9.962704729503129
10.73	8.933267214874727
10.74	9.98820738202194
10.75	12.128083768397367
10.76	11.291627751356222
10.77	12.906173546772578
10.78	14.550288937390624
10.79	15.672779616848462
10.8	18.89635570741231
10.81	16.320566485233698
10.82	17.72683515157768
10.83	16.687326979293818
10.84	17.727402408711384
10.85	18.215458959885673
10.86	20.266673284222794
10.87	23.003573673010223
10.88	23.185823915856208
10.89	20.910785131081347
10.9	23.080846801313594
10.91	21.362003420310444
10.92	22.912383751557478
10.93	25.678195099199435
10.94	25.03267387721977
10.95	24.66335305969825
10.96	28.128703957849943
10.97	29.548880881448113
10.98	28.06111701872035
10.99	28.532624942189496
11.0	27.208738743076484
11.01	30.27296811203349
11.02	27.653179436537137
11.03	28.427117782232333
11.04	28.213798881877537
11.05	31.56509830521469
11.06	31.018250599589337
11.07	29.39749516314861
11.08	28.647841898392638
11.09	28.165789981247002
11.1	32.95778573676287
11.11	29.93979852586431
11.12	32.10685362269744
11.13	30.08292959834633
11.14	28.783144128796973
11.15	29.60050908590892
11.16	33.220268486738064
11.17	30.7904900562966
11.18	32.17837919839288
11.19	27.774988025991302
11.2	28.293093102708216
11.21	29.901115456046213
11.22	30.44653301366971
11.23	26.528560383863642
11.24	29.293712739257916
11.25	24.199261986512017
11.26	27.816519899992954
11.27	26.92267704591934
11.28	27.810792747955265
11.29	25.12108129976236
11.3	21.628291518266195
11.31	23.99223183711633
11.32	24.718118914246208
11.33	22.934453264307507
11.34	22.411046574969372
11.35	22.28695141328166
11.36	22.229511807904892
11.37	19.810605341660683
11.38	19.08761051474818
11.39	17.494857660628362
11.4	17.208762105767025
11.41	19.536161549913242
11.42	17.25785287166156
11.43	17.175326427655893
11.44	15.048655633879315
11.45	13.831300590739957
11.46	11.41654035117351
11.47	10.382967742000885
11.48	10.15343670520464
11.49	10.29134061891467
11.5	10.887549727403899
11.51	8.764911568839429
11.52	9.65594515512812
11.53	8.59920945155168
11.54	9.107784114467211
11.55	5.952882364354659
11.56	7.126600265603452
11.57	5.785342043950217
11.58	4.415511115471834
11.59	3.194619716056039
11.6	3.8811114791848187
11.61	4.376958025214503
11.62	1.568446523672009
11.63	3.016552349555047
11.64	3.7479407631134483
11.65	3.032844701566069
11.66	-1.5642083330399958
11.67	1.8157626115598906
11.68	1.6154673006562437
11.69	0.5427998947175379
11.7	1.7609363707661512
11.71	2.4707241219219442
11.72	-0.24749983867986414
11.73	2.487852823199073
11.74	-0.03558555702112187
11.75	0.3488336021224895
11.76	-0.6893338853275555
11.77	-0.7140991116445168
11.78	0.5832534651416345
11.79	-0.48674458475832294
11.8	0.2914534282265051
11.81	-0.07839566826410305
11.82	2.0117772348591343
11.83	-1.6705194614533974
11.84	4.863333377793321
11.85	-0.33303901011599146
11.86	2.116652641743671
11.87	1.7785881452650636
11.88	1.1842498070751133
11.89	1.2934580163133262
11.9	0.6334383668344428
11.91	2.2628858526679645
11.92	3.338158852230756
11.93	-0.009730422236992275
11.94	4.976427327367835
11.95	3.1283675406065443
11.96	3.1246385930217184
11.97	4.590653703069184
11.98	5.260374286892875
11.99	3.024785197913028
12.0	3.6063992269306695
12.01	6.925135776020872
12.02	5.447054187322006
12.03	6.8390562936066335
12.04	8.958403209260897
12.05	8.671724910755179
12.06	7.053631734003261
12.07	6.164362758560216
12.08	9.245198725418733
12.09	8.716490610062381
12.1	10.611832233632017
12.11	9.364300815085258
12.12	11.960920227932702
12.13	12.839603441885687
12.14	11.871516921670715
12.15	14.5389799776154
12.16	14.751626287670714
12.17	15.47902400066754
12.18	18.65694182987136
12.19	18.21678353794387
12.2	19.111012726407985
12.21	19.628005095426396
12.22	19.786088395918217
12.23	20.156388935062363
12.24	20.137579381854888
12.25	23.81460434123781
12.26	23.558297541210294
12.27	23.454191003566116
12.28	22.2640539148291
12.29	22.239959403112604
12.3	23.42463787679614
12.31	21.416351547930322
12.32	27.222592016517062
12.33	23.321840438709874
12.34	29.148820983314003
12.35	27.866147512643966
12.36	26.49504665926442
12.37	28.182354185750995
12.38	27.398953152697146
12.39	28.40769304870386
12.4	27.41111661974808
12.41	28.598953337086655
12.42	27.024116980739315
12.43	28.148766988586072
12.44	27.689838826802745
12.45	33.73053573170895
12.46	32.26797055233678
12.47	31.944595412214124
12.48	29.48663862481807
12.49	30.586586322015577
12.5	29.339634256120036
12.51	28.21585936042293
12.52	28.051225141198813
12.53	26.994386961574182
12.54	32.16022492075946
12.55	29.730547168426412
12.56	29.306640354693727
12.57	30.18183049476773
12.58	27.089777846261324
12.59	27.912505647663455
12.6	29.239455643003566
12.61	30.771086285618665
12.62	29.12805388354995
12.63	29.090197496722965
12.64	29.286882576964995
12.65	29.03440621956694
12.66	27.532858845321105
12.67	29.217227825837455
12.68	24.329555601891556
12.69	26.17340952463247
12.7	22.355850211622723
12.71	26.911528528128468
12.72	29.1979675521619
12.73	26.693676937368103
12.74	26.609760048812188
12.75	26.44007974204994
12.76	28.146923716187445
12.77	25.05459241330513
12.78	25.608824140408732
12.79	25.111087791241317
12.8	24.28707837708965
12.81	25.33372386696294
12.82	21.528678474349366
12.83	23.655611457677402
12.84	23.190840178902437
12.85	22.399956597376974
12.86	20.447935028517755
12.87	19.465415917724297
12.88	18.60393060639478
12.89	19.317607247806958
12.9	18.892956271087446
12.91	18.643145193152268
12.92	16.176165484605864
12.93	17.10602224971519
12.94	18.188228852607367
12.95	10.853231728873023
12.96	14.747898489554183
12.97	13.792698016608485
12.98	13.848654504686026
12.99	13.659985630905338
13.0	10.750231087553267
13.01	13.476088198596628
13.02	9.915099420215702
13.03	10.936814278921482
13.04	8.861815918111141
13.05	10.572044692162365
13.06	12.0850504938499
13.07	9.362282627979807
13.08	6.653535843511694
13.09	10.24340541655073
13.1	7.677027927586666
13.11	6.356464230489295
13.12	5.532191826815591
13.13	7.768788608022834
13.14	6.098246090905297
13.15	4.4697114546707395
13.16	7.356081290014699
13.17	6.405443351001897
13.18	6.477013755350338
13.19	3.403853504352524
13.2	3.844186250107718
13.21	2.5470117432006822
13.22	3.253674061165593
13.23	5.278558290996035
13.24	2.242341894181833
13.25	6.984618162312593
13.26	3.8781953272025724
13.27	4.530386233064066
13.28	4.694835556824793
13.29	4.083521370379938
13.3	7.266742755842641
13.31	3.5899968701426626
13.32	4.341214997053577
13.33	3.533855121200407
13.34	2.887296834623462
13.35	1.497123405268701
13.36	7.158869332626267
13.37	3.9556821002357543
13.38	7.404596247693538
13.39	5.9184510951406875
13.4	4.095513701006235
13.41	3.998242103041284
13.42	4.625502888548166
13.43	5.611346180057704
13.44	7.141600561560559
13.45	6.748681380754011
13.46	7.335894169013469
13.47	8.718177084711474
13.48	6.636605979388821
13.49	11.116624440156384
13.5	7.696614707168145
13.51	12.365189118292994
13.52	10.154428491418319
13.53	9.099224962496338
13.54	11.228261900996861
13.55	12.318018982311623
13.56	9.083347712209305
13.57	14.210210313599188
13.58	11.813746878196136
13.59	14.446348230006787
13.6	12.233272701536752
13.61	17.71571300634752
13.62	14.399869510707585
13.63	16.10330953656593
13.64	15.504068476570964
13.65	15.835060946618924
13.66	15.266016741796081
13.67	18.865076406147793
13.68	18.068426472879963
13.69	16.646197103913273
13.7	20.30198174732978
13.71	19.236969890587623
13.72	23.055659777619592
13.73	19.749844716033362
13.74	20.786394692333
13.75	23.646989393683643
13.76	24.23882252712645
13.77	22.443782205100174
13.78	23.321019611820688
13.79	23.197456387067035
13.8	25.1862850374892
13.81	22.97142435923288
13.82	23.44319610149362
13.83	26.699673947923863
13.84	23.924162777924174
13.85	25.623477262425872
13.86	23.922792790901124
13.87	25.974207381341678
13.88	26.437012248101446
13.89	28.244826279290997
13.9	26.97441845598185
13.91	26.006649412082723
13.92	27.31626728041491
13.93	27.89165745201678
13.94	26.29291295760397
13.95	28.01964468580432
13.96	26.98569721310837
13.97	29.837215202112827
13.98	27.42638678666415
13.99	29.19015751204363
14.0	23.27671831379717
14.01	27.65961929028808
14.02	26.449254510741465
14.03	26.222968444400237
14.04	27.172297100884098
14.05	26.034898178101848
14.06	27.163083492670093
14.07	26.873663810059504
14.08	26.546829707735583
14.09	22.093817082873226
14.1	23.98705081853446
14.11	26.833762415034197
14.12	26.798757695123513
14.13	23.016187313354656
14.14	25.451008746192045
14.15	22.863638203974016
14.16	23.236994727377866
14.17	21.549335703743125
14.18	23.773213717094322
14.19	22.9472921357844
14.2	21.7665029468569
14.21	19.662222265207575
14.22	22.398593064127702
14.23	19.848842461074778
14.24	23.091860801712162
14.25	21.518065748351624
14.26	19.554869632365822
14.27	19.37339631078992
14.28	16.75592834464687
14.29	17.688306739301968
14.3	17.057473928960423
14.31	17.24155632302832
14.32	13.963933771654638
14.33	16.250218018784963
14.34	13.80170674286776
14.35	12.850617573786824
14.36	13.141086563091969
14.37	13.044931317014035
14.38	10.155065860642093
14.39	9.088364723195408
14.4	12.53294343052944
14.41	8.48978054286796
14.42	9.279242228989983
14.43	7.895404873188158
14.44	7.110866639116847
14.45	6.060955402050734
14.46	6.081647891294144
14.47	5.525087638440345
14.48	4.024865571195338
14.49	6.203973981959798
14.5	4.858473502849877
14.51	3.867265862386532
14.52	3.886055364710417
14.53	5.528548496824072
14.54	1.0354474214772795
14.55	2.504386908325161
14.56	1.8089143539998138
14.57	5.407256684591555
14.58	2.0504360786473024
14.59	2.061241852590355
14.6	2.0906430087639296
14.61	2.900957179652959
14.62	1.2270766554460204
14.63	1.7388375585485427
14.64	1.219115309712857
14.65	-0.8675965882717831
14.66	1.02294534414153
14.67	2.2723918333027378
14.68	2.103866160252565
14.69	1.7105824741435876
14.7	-0.27820951504124536
14.71	3.614604227266951
14.72	1.806692302538543
14.73	1.657692094521027
14.74	1.573543374662455
14.75	3.7647257803787517
14.76	-0.5061019783602974
14.77	3.526868830812387
14.78	3.019888317172045
14.79	4.404228805821996
14.8	4.370485470076991
14.81	5.753702692229724
14.82	3.873810032607433
14.83	4.157840129088285
14.84	5.215003775292866
14.85	6.1765083857813785
14.86	10.261162648719491
14.87	4.834947552754023
14.88	7.329184474235491
14.89	8.766169832001781
14.9	8.270279815681189
14.91	11.417803229407573
14.92	11.099281513732887
14.93	9.467558282206973
14.94	12.74604783763083
14.95	11.574845686854948
14.96	10.488772388420394
14.97	14.233792957742077
14.98	12.13908350958745
14.99	17.768842322064035
15.0	17.782515394540216
15.01	15.116012811023547
15.02	16.165985124199615
15.03	17.066247144301204
15.04	17.452990525900233
15.05	21.929818496935823
15.06	19.955866468034714
15.07	19.373985053868026
15.08	20.212963820359693
15.09	22.33189665255108
15.1	21.080152805458024
15.11	23.755642759410733
15.12	21.961575680482554
15.13	22.27757101508931
15.14	26.960072551365766
15.15	26.427902059565522
15.16	24.06477479559643
15.17	27.010156855688802
15.18	24.62203438572674
15.19	26.137851949483245
15.2	28.07179821702346
15.21	26.607762652300735
15.22	25.70809736417059
15.23	28.21979995493892
15.24	28.26992916959247
15.25	26.076810366762444
15.26	26.795575942366956
15.27	28.860252230789435
15.28	28.524581052949017
15.29	27.833583824807878
15.3	27.979724610046116
15.31	27.40678339446879
15.32	28.588940619255016
15.33	29.863735254496625
15.34	26.960533833591402
15.35	28.176489834308292
15.36	26.63333608479036
15.37	29.20572879287127
15.38	24.520230793806093
15.39	27.260698476418835
15.4	28.36161739118799
15.41	25.46146821731365
15.42	25.9523526614547
15.43	26.9670011804995
15.44	25.9645422981963
15.45	24.10903605426571
15.46	23.7960007521154
15.47	20.69224428303177
15.48	26.558673419710747
15.49	23.51425376683137
15.5	22.646168166566813
15.51	22.047381778549873
15.52	19.39638742646131
15.53	20.413931192584148
15.54	19.448841889533377
15.55	17.40465996449153
15.56	18.796487984333314
15.57	18.04190723970966
15.58	15.105845201724645
15.59	18.975362387559674
15.6	15.561501373696403
15.61	14.988956724106448
15.62	12.394362309499957
15.63	13.663304410870024
15.64	10.531383401298466
15.65	13.276204088508067
15.66	11.077639389353573
15.67	11.432323272561757
15.68	11.333914705012775
15.69	7.827385192662711
15.7	7.266976693759458
15.71	6.176529136840824
15.72	4.714420948511143
15.73	7.0277566405800975
15.74	4.4484167687132565
15.75	4.72822503969353
15.76	3.9924810444066683
15.77	2.930347244458976
15.78	3.2433042909231045
15.79	4.661098482104094
15.8	3.539552442691301
15.81	0.8801995852774336
15.82	5.079109845213943
15.83	-1.7389009884840263
15.84	2.789029867445506
15.85	-0.5185798920810243
15.86	0.2494283067528642
15.87	0.2951300228756224
15.88	0.904762515641462
15.89	-0.9961950015244716
15.9	0.19935643461009306
15.91	-0.16102505823292398
15.92	-0.47015048247442065
15.93	1.5265847441534508
15.94	-1.1783485457704928
15.95	-0.2904371432495
15.96	-0.34026032722252725
15.97	1.9985388258423649
15.98	-0.6516140154496718
15.99	2.815585410247291
16.0	-1.2316318975766878
16.01	1.0157485250576037
16.02	-4.0266575846919865
16.03	1.85663399917503
16.04	2.502696927647129
16.05	0.32194458985871055
16.06	2.7877597393125106
16.07	3.5877465386758267
16.08	5.451285790187436
16.09	4.894055003542615
16.1	6.901883812620041
16.11	5.723468226669638
16.12	5.550197486348016
16.13	7.879320102498759
16.14	9.987117774310537
16.15	7.058051063748715
16.16	8.816967624944
16.17	7.948106795586948
16.18	10.489286285210428
16.19	10.08686821396144
16.2	9.573694164269494
16.21	11.580727128275697
16.22	13.510973932272902
16.23	12.453033479712893
16.24	15.208034023740941
16.25	14.155477380967296
16.26	15.718883719721475
16.27	17.65887573617214
16.28	19.73151665947535
16.29	19.499882881100223
16.3	20.533174234273783
16.31	17.202696631452092
16.32	22.211992970859498
16.33	19.481231277306843
16.34	20.303449538683196
16.35	21.546296694511174
16.36	22.34592261617232
16.37	24.334153238490526
16.38	21.15098535538066
16.39	19.84158977471278
16.4	23.540026551826625
16.41	25.702046549850568
16.42	27.788228323971552
16.43	28.22463301954226
16.44	28.99356482262575
16.45	25.09684542798758
16.46	26.310421972283514
16.47	26.882450890606403
16.48	28.431797843481007
16.49	27.53179266545274
16.5	26.780744839392487
16.51	30.60386459446678
16.52	28.851014945570142
16.53	28.017994072557244
16.54	29.229819303410093
16.55	27.987867922457387
16.56	27.2603974292818
16.57	28.406539122710583
16.58	25.752220522071827
16.59	28.08711018101623
16.6	29.218111811707708
16.61	28.858541104410264
16.62	32.63053164780447
16.63	28.294015808234022
16.64	28.621410899588987
16.65	31.58936129248393
16.66	29.12750443700891
16.67	26.385086089779296
16.68	25.320242642218645
16.69	28.257133805330092
16.7	25.420456835239396
16.71	25.767947473114877
16.72	26.34580145962403
16.73	27.092066152522904
16.74	24.98487869998469
16.75	24.974384434994626
16.76	25.009330774985763
16.77	24.185320015002386
16.78	24.825340868141375
16.79	22.557397826378107
16.8	24.031983985611113
16.81	22.237190387423016
16.82	22.640660603881013
16.83	20.631256767705004
16.84	22.023640022759853
16.85	18.891542369099295
16.86	18.699602451186124
16.87	18.878845996946236
16.88	18.219719618425234
16.89	17.55765460452381
16.9	17.6963543305128
16.91	13.291230153846913
16.92	15.022573729021296
16.93	14.991261881470653
16.94	14.807591162729068
16.95	10.431283971937994
16.96	13.23384737030811
16.97	10.866835767797552
16.98	13.962652814577824
16.99	10.318535268377865
17.0	11.032761711879209
17.01	9.117728507032327
17.02	10.610547314867157
17.03	7.759934015830785
17.04	6.284652972659494
17.05	9.068558388804377
17.06	6.805583038424888
17.07	7.472698366085106
17.08	5.33771923554162
17.09	7.726407264861201
17.1	4.821310966322433
17.11	6.3073802074706675
17.12	6.065241966289207
17.13	4.368721803645869
17.14	3.862464681164706
17.15	5.487322294664545
17.16	5.518474487149835
17.17	4.677336326153013
17.18	1.0974812745196836
17.19	1.591154144564821
17.2	5.326307011172975
17.21	4.597989062145201
17.22	3.331274943572955
17.23	3.4185489412525865
17.24	0.3767759768932093
17.25	5.582278790462865
17.26	3.484545865288329
17.27	3.810489573004877
17.28	3.184841121965318
17.29	3.8659776425334234
17.3	2.8687883872948907
17.31	3.830996449928175
17.32	7.144845149740988
17.33	5.362194192267101
17.34	1.9779707548235805
17.35	6.844598091384109
17.36	7.378419163267538
17.37	3.783566302929229
17.38	9.103765703474858
17.39	3.2457689440100266
17.4	7.332593788692939
17.41	7.569530063603167
17.42	7.611340259516674
17.43	7.610417458273191
17.44	6.590341380486804
17.45	7.756059676282382
17.46	9.683181175574957
17.47	10.29032465080909
17.48	13.126667858104318
17.49	11.347987065149992
17.5	11.51920724227783
17.51	14.48648398870572
17.52	13.94561750700181
17.53	13.414141842144058
17.54	14.722871862326121
17.55	16.787852508274778
17.56	13.185610764563643
17.57	14.476492923494337
17.58	19.496332450336077
17.59	18.59950633555547
17.6	19.866048479889223
17.61	18.866731068829495
17.62	16.03427429886039
17.63	22.203119729814638
17.64	21.42761346801023
17.65	22.726321573284427
17.66	24.07404922935953
17.67	25.361436365101188
17.68	22.773144956704694
17.69	24.240482469171802
17.7	22.58875008918906
17.71	25.370626823084855
17.72	25.30965692838985
17.73	22.33335603033289
17.74	25.585287218749933
17.75	25.404643700730205
17.76	26.073067788382808
17.77	26.71786497041101
17.78	26.954078347724398
17.79	28.655183832734963
17.8	28.448838767967587
17.81	30.078727226930646
17.82	25.773060295375174
17.83	26.884308840009943
17.84	30.879098532046136
17.85	25.886438432952897
17.86	29.704440484112023
17.87	27.00279783650904
17.88	29.603914636441946
17.89	25.087156685353687
17.9	29.488166089776307
17.91	27.85396953817099
17.92	26.943070363386667
17.93	23.638901086692204
17.94	26.780600730452313
17.95	25.37379705323754
17.96	23.155217260943843
17.97	26.36863430529502
17.98	23.581997295488808
17.99	21.01666424777802
18.0	22.47256515760095
18.01	24.36501025844365
18.02	18.967510833188364
18.03	22.729012952277927
18.04	20.245443887067985
18.05	16.37782742438225
18.06	21.334930479685006
18.07	17.812934893636154
18.08	17.50266890945592
18.09	19.64614636620551
18.1	14.96280991890512
18.11	15.624140985264965
18.12	15.818180530424998
18.13	13.10192818432004
18.14	15.489580831606466
18.15	12.28238323527514
18.16	12.47833697326049
18.17	11.864587739569238
18.18	10.02036731865414
18.19	9.110533438948089
18.2	9.375498995880646
18.21	7.985874468229631
18.22	7.080132748499137
18.23	10.834812994190326
18.24	6.572568856342788
18.25	6.304460616700148
18.26	4.5212764529974425
18.27	7.26780746714399
18.28	6.614578030470569
18.29	5.719864784904647
18.3	5.632050722905311
18.31	6.768827804071016
18.32	7.406907894127295
18.33	4.940822826715812
18.34	3.6128204556415486
18.35	4.819141861642271
18.36	2.886928540271713
18.37	5.943893296924492
18.38	4.142814784547907
18.39	5.132208038052678
18.4	5.724448461897896
18.41	4.6178744743642275
18.42	5.138377516275879
18.43	5.055312072815068
18.44	3.405034788680064
18.45	4.892735349584506
18.46	4.476046914122217
18.47	3.422611641390715
18.48	5.106028288032833
18.49	3.032410640203258
18.5	7.239187394693092
18.51	1.687321091887756
18.52	5.008891991548666
18.53	6.585684517573535
18.54	7.32140628901278
18.55	4.961441287058523
18.56	7.218745677142345
18.57	5.303552204765016
18.58	4.66790450044303
18.59	5.160117858991121
18.6	7.39652815440527
18.61	5.634046802733833
18.62	6.797151263003968
18.63	8.945314573465877
18.64	11.202253962409925
18.65	11.883818096222537
18.66	10.526187429590891
18.67	11.399742130006267
18.68	14.32435574388682
18.69	9.815456303524508
18.7	11.850841786887495
18.71	16.419270248485176
18.72	17.756180718606384
18.73	15.503592710143005
18.74	19.489352006256173
18.75	17.39875538061771
18.76	20.560612241815793
18.77	17.869966374611113
18.78	18.169864837010056
18.79	22.165227185198034
18.8	24.293864597731236
18.81	20.343264878735678
18.82	22.558609268970347
18.83	24.625514480442916
18.84	22.4674916716967
18.85	24.040006355986133
18.86	26.713130467228094
18.87	27.375480886483547
18.88	25.461617452526177
18.89	25.38462005736992
18.9	25.206513577228556
18.91	28.427417602607367
18.92	26.164754876061906
18.93	27.878478579036827
18.94	28.211675557512578
18.95	28.22640406129129
18.96	29.14989232308916
18.97	25.744424697197914
18.98	29.098678308868227
18.99	27.806983099479563
19.0	26.872831693898274
19.01	26.825269938822334
19.02	26.424876916142367
19.03	29.076187368469885
19.04	27.862903953004032
19.05	26.43977311689839
19.06	28.140656550485573
19.07	28.154537065036756
19.08	27.747233389271706
19.09	25.789803600962415
19.1	23.65396693058483
19.11	26.31624081590333
19.12	26.08976238557496
19.13	24.73086900363166
19.14	25.096840270125757
19.15	26.830038991638236
19.16	26.952663545011788
19.17	24.023316834718287
19.18	27.02950771057422
19.19	23.711930194566715
19.2	22.769159956162305
19.21	22.161780488002826
19.22	23.895522275349588
19.23	21.041093479986113
19.24	23.03275700585282
19.25	18.752492035787675
19.26	17.455616245787684
19.27	17.262641584027513
19.28	19.842209163934882
19.29	14.582377831269397
19.3	17.465796943871055
19.31	15.408316472506723
19.32	16.701278367420443
19.33	13.760724677495801
19.34	16.17372251233466
19.35	13.714297761453045
19.36	12.002682678770817
19.37	11.419629344511208
19.38	11.369329858829385
19.39	8.630501452956693
19.4	7.562648056946339
19.41	9.24793793133627
19.42	6.315620927852172
19.43	5.0531809814361255
19.44	6.333509861969357
19.45	8.517402178677264
19.46	5.795242366206926
19.47	4.9918913681634836
19.48	7.077128878491608
19.49	3.493160103895817
19.5	2.9409159148635426
19.51	6.607305488346107
19.52	1.8149393347832519
19.53	0.1633133245225702
19.54	1.855803711400139
19.55	3.156994435452339
19.56	3.1214753907972916
19.57	-0.9679942082078883
19.58	1.447723844659837
19.59	2.9474245267320125
19.6	1.2793038547206528
19.61	1.0403704736118444
19.62	1.0888405615357266
19.63	0.92178690120383
19.64	1.2456122856421867
19.65	-0.6479906785770753
19.66	0.6065791520570429
19.67	1.1437225150085286
19.68	0.7139500156580258
19.69	1.658844725811581
19.7	-2.3314287537993854
19.71	2.072298739592737
19.72	2.80208838950096
19.73	1.3034697105982125
19.74	1.9356966665647592
19.75	1.6548968361552265
19.76	1.3924706289670328
19.77	2.8978842320626725
19.78	2.2046240294772645
19.79	4.3866989327034
19.8	-0.7611587505829889
19.81	0.5609800353169307
19.82	3.9633475718073883
19.83	1.9818585529743253
19.84	1.261078744660154
19.85	3.5720510837011807
19.86	6.194712395467015
19.87	3.552124884171751
19.88	7.153150930828569
19.89	5.403871850587886
19.9	7.330694146063289
19.91	6.309097424351801
19.92	9.510988438995916
19.93	9.129353206932679
19.94	9.776427531968066
19.95	5.607590739651913
19.96	6.468063499287336
19.97	9.081576069798126
19.98	9.850689216802046
19.99	11.355109092578564
20.0	10.595397940253388
