10.01	5.418629513495882
10.02	4.9597656288569345
10.03	4.896330540260032
10.04	5.080197138351832
10.05	3.3794259191973834
10.06	3.7508724745158064
10.07	3.914125870341241
10.08	3.1425494044796998
10.09	3.206456266923075
10.1	2.9196506137026934
10.11	3.2849697884916886
10.12	2.180266253856417
10.13	1.8894177376569072
10.14	2.286317185187942
10.15	2.156880801432154
10.16	2.1322665245626555
10.17	1.2316281549578794
10.18	1.4027818859839698
10.19	1.1809593901704583
10.2	1.3459603099064883
10.21	1.1435267594533987
10.22	0.6556540282741599
10.23	1.0940292385891235
10.24	0.8311825104241919
10.25	0.662217193918197
10.26	0.6006505173451169
10.27	0.6011472799201484
10.28	0.2799176086269003
10.29	0.563319584783258
10.3	0.5227537777641258
10.31	0.1973540639567411
10.32	0.9688535507241927
10.33	1.539969592142648
10.34	0.7461211987502477
10.35	1.4629863238894507
10.36	1.5784503060095858
10.37	1.726043721341499
10.38	1.7696678923518891
10.39	2.369540881553282
10.4	2.5472542409565624
10.41	2.4288616381403085
10.42	2.9237736660897817
10.43	3.204871427088673
10.44	3.397093698306143
10.45	3.9604943409893174
10.46	4.338748429423189
10.47	4.4641992392618395
10.48	4.79127419873414
10.49	5.026188185409046
10.5	5.6482140326670365
10.51	6.337266797659939
10.52	6.7965658659798
10.53	6.978465056579968
10.54	6.621151608045061
10.55	7.9492328338837925
10.56	7.886780448044844
10.57	8.244349540839421
10.58	8.970793166032932
10.59	9.31678581712758
10.6	10.050868266942132
10.61	10.774204304699827
10.62	11.080384059552683
10.63	11.853926116522358
10.64	11.644041085676697
10.65	12.428396386204739
10.66	12.954235796254352
10.67	12.967844921670428
10.68	13.156238560966809
10.69	14.073436318174403
10.7	14.374398219272003
10.71	15.116526268628283
10.72	15.160103136521816
10.73	15.663767807823065
10.74	15.639598943514212
10.75	16.355449913189464
10.76	16.208093264606767
10.77	17.519095107822885
10.78	17.170412252547397
10.79	17.62331020967437
10.8	18.138783729116277
10.81	18.924122865397678
10.82	18.620576840556467
10.83	18.962217138437648
10.84	19.062400284906925
10.85	19.39457639997314
10.86	19.527782925001105
10.87	20.303351637631387
10.88	19.988592383722562
10.89	20.12462685045292
10.9	20.244160702370074
10.91	20.03663804847432
10.92	20.7269560078558
10.93	21.115109918599742
10.94	21.061585830171953
10.95	21.136014504820963
10.96	21.626663660929758
10.97	21.136382476017356
10.98	20.838773911625974
10.99	21.55047191448381
11.0	21.449054826359955
11.01	21.10217993485316
11.02	21.003816709400205
11.03	20.88978902065707
11.04	20.826796884282004
11.05	20.508973131230864
11.06	20.643923170733135
11.07	20.361389054466645
11.08	20.662936294053804
11.09	19.849861158149714
11.1	19.386680378973736
11.11	19.502421904224615
11.12	19.545716509145088
11.13	19.436508501998595
11.14	19.109526521433377
11.15	18.968603010724884
11.16	18.26889922000664
11.17	17.86728818238769
11.18	17.78160839975926
11.19	17.22484964352752
11.2	17.06259006188268
11.21	16.210569965337957
11.22	16.24699230376113
11.23	15.663738549776351
11.24	15.469084359433758
11.25	14.610495705032788
11.26	14.143409976828758
11.27	14.064742798715898
11.28	12.806645307447868
11.29	13.22537187187928
11.3	12.658299358916278
11.31	12.424690289655489
11.32	11.556580112502925
11.33	11.445130597037283
11.34	11.160387968089196
11.35	10.292782787064976
11.36	10.169568038479323
11.37	9.682349284315634
11.38	9.456289575942801
11.39	8.630884390161453
11.4	8.743817683358877
11.41	8.179014323561486
11.42	7.937014543088613
11.43	7.153795505264926
11.44	7.330408042007485
11.45	6.490206264631934
11.46	6.454388931783826
11.47	6.87745655100482
11.48	5.519100419068892
11.49	4.854425506498749
11.5	4.938035183925152
11.51	4.624875010552145
11.52	4.2491563094263585
11.53	3.334351448488525
11.54	3.587438635486224
11.55	3.6894534707957964
11.56	3.2807403792477112
11.57	3.123681773297826
11.58	3.322638175816611
11.59	2.951199178925852
11.6	3.1181784989507593
11.61	2.5590925579936266
11.62	2.180353457076002
11.63	2.3850144349035993
11.64	1.8534765775088988
11.65	2.2525787628868534
11.66	2.1213231262012253
11.67	1.78552568322438
11.68	2.298502624143798
11.69	1.6476499152204098
11.7	1.8744866710293693
11.71	1.7324010995723216
11.72	1.8190843362497682
11.73	1.3919700517709472
11.74	1.9081011027292214
11.75	1.3859078141153571
11.76	1.7203157579008652
11.77	2.0357390955279135
11.78	2.3913936639994806
11.79	2.1250951502298205
11.8	2.227224114666047
11.81	2.2370038454656442
11.82	2.4314350460081613
11.83	2.349408217760698
11.84	2.955363997037758
11.85	2.8244510422015905
11.86	3.31169700465962
11.87	2.7865678096509297
11.88	3.6642885723279712
11.89	3.323343973703497
11.9	3.721200436697891
11.91	3.3738763294501504
11.92	3.917994037023161
11.93	4.7676644951044675
11.94	5.164762258512901
11.95	5.217381576096258
11.96	5.527639011700433
11.97	5.6086861233167875
11.98	5.415174701352742
11.99	6.483167058002732
12.0	6.417604503853631
12.01	6.8783692223957695
12.02	7.157537997258089
12.03	7.7904574401409326
12.04	8.05945644076467
12.05	8.502975516263776
12.06	8.889660303541179
12.07	9.724176795233015
12.08	9.310476421848103
12.09	9.95844271318117
12.1	10.021166589754882
12.11	9.895531621101696
12.12	10.495338974284254
12.13	10.996385516774984
12.14	10.923943707152441
12.15	12.095809817459688
12.16	12.414253145145464
12.17	12.333812416653767
12.18	12.57657900003888
12.19	12.594793289433278
12.2	13.268560192717713
12.21	13.193090856788567
12.22	13.277075517529877
12.23	14.433159680685538
12.24	14.41268844740569
12.25	14.457552299940058
12.26	15.133958853797038
12.27	15.121809050467828
12.28	15.05879797447936
12.29	15.315447474318844
12.3	15.69290179471395
12.31	16.07690182729639
12.32	16.068795668715495
12.33	16.275629231787295
12.34	16.29827312996577
12.35	16.885030000780795
12.36	17.276997737478393
12.37	17.278666555624664
12.38	17.391749979192326
12.39	17.231694718302283
12.4	17.708636649273924
12.41	17.32528051906509
12.42	17.775310121565713
12.43	17.567412791867078
12.44	17.39841940817274
12.45	17.824319835924765
12.46	18.033272167752738
12.47	17.721689483428445
12.48	17.996036595613255
12.49	17.647929005310946
12.5	17.400089210407387
12.51	16.95296416936282
12.52	17.32614421632612
12.53	16.81685498547253
12.54	16.109011335886734
12.55	16.186709083975853
12.56	16.30623132546674
12.57	16.359389578845455
12.58	15.627688774571808
12.59	15.52155597000478
12.6	15.389699514446743
12.61	14.670409136336728
12.62	14.549080097536898
12.63	13.744576856532207
12.64	13.165412283530769
12.65	13.149737181497914
12.66	12.916454883903976
12.67	12.33760258636253
12.68	12.120511287650444
12.69	11.627725308803633
12.7	11.577355565920964
12.71	10.847653646822113
12.72	10.439248193640951
12.73	10.242263293761939
12.74	9.895188886091027
12.75	9.457312498844725
12.76	8.767361516087552
12.77	8.890160994372206
12.78	8.014845665385062
12.79	7.563991539665248
12.8	7.43930615275819
12.81	6.686316757853621
12.82	6.14616098333447
12.83	5.957922425103615
12.84	5.861124312066417
12.85	5.326867196071617
12.86	5.083663205630761
12.87	5.191563410691513
12.88	4.97757012896364
12.89	3.9427470312958457
12.9	3.681209784466411
12.91	3.906759462585659
12.92	3.8717032411204904
12.93	2.9371272647087188
12.94	3.130615647673666
12.95	2.4262691853796907
12.96	2.3899949145287414
12.97	2.1387090538401803
12.98	1.9212202135675045
12.99	1.7275913827889
13.0	1.8164844132376454
13.01	1.81290450648082
13.02	1.7140342107464224
13.03	1.7088537977021778
13.04	1.199717233055289
13.05	0.4044623279896022
13.06	0.4429309714002522
13.07	1.1831603911599902
13.08	1.1715879982846833
13.09	0.6945993172441041
13.1	1.316380555419706
13.11	1.5875508464913284
13.12	1.0847834415669084
13.13	0.9694156738128992
13.14	0.9563356933732006
13.15	1.8443035728312913
13.16	1.2984573766066156
13.17	1.1757073687717339
13.18	1.5318892542174043
13.19	1.2651405869955137
13.2	1.4386639528610057
13.21	2.3342275645534434
13.22	2.25271538251467
13.23	2.6082091950818116
13.24	1.9608533092598168
13.25	2.8995528900142054
13.26	2.6775409891977513
13.27	2.8116943687113065
13.28	3.7241343838257164
13.29	3.25079162913053
13.3	3.887159521653225
13.31	3.488361119775755
13.32	4.619875713279157
13.33	4.339233433332445
13.34	5.121192047498311
13.35	4.850282515362283
13.36	5.458197566268165
13.37	6.236150798396092
13.38	5.7265376222608015
13.39	6.784055320258863
13.4	7.02641689463441
13.41	7.656566833238642
13.42	7.976105858300218
13.43	8.673361671477405
13.44	8.4794660049718
13.45	8.85248680633725
13.46	9.372375706602801
13.47	9.839739817722583
13.48	10.520757518215929
13.49	10.450727460207546
13.5	11.5245928470034
13.51	12.899163768229815
13.52	12.07912188479525
13.53	12.784733414393395
13.54	13.03899137878951
13.55	13.606146126979025
13.56	14.988768721199738
13.57	14.631681078155237
13.58	15.391622262646207
13.59	15.91961554103583
13.6	16.229085989516427
13.61	15.928736259753745
13.62	17.41176282092973
13.63	18.179302453811818
13.64	18.616703535275175
13.65	18.598593438422437
13.66	19.281758296468777
13.67	19.58505581362698
13.68	20.088063287691696
13.69	20.020738448012114
13.7	20.166821744439243
13.71	20.781794286032603
13.72	20.995984110545983
13.73	21.08749123351534
13.74	21.089924874076797
13.75	21.821963804000813
13.76	21.01009412359587
13.77	21.56590139193397
13.78	21.721446026034887
13.79	22.12457244760399
13.8	21.34811472312432
13.81	21.672203028577684
13.82	21.847190158779913
13.83	21.56280321238882
13.84	21.508559715271595
13.85	21.11657876721963
13.86	20.892365651129904
13.87	20.912552454804484
13.88	20.317188698485282
13.89	20.139761741957987
13.9	19.76213747250993
13.91	19.012638182073992
13.92	19.19732629329597
13.93	18.36171263903943
13.94	18.032880172316403
13.95	17.713704948586592
13.96	17.1473867484127
13.97	16.581486865072883
13.98	16.319562748792322
13.99	15.953675096843703
14.0	15.284011927925006
14.01	15.177268469678454
14.02	14.174785533938651
14.03	13.73697141841273
14.04	13.271724551175645
14.05	13.133809589170646
14.06	12.056011524710728
14.07	11.725298676111512
14.08	10.844127954020257
14.09	10.466189955549622
14.1	10.140246223295621
14.11	9.637112890006007
14.12	8.996899481080952
14.13	8.461087839745106
14.14	7.750163025537174
14.15	7.382887863540239
14.16	6.912734885375418
14.17	6.364927980649143
14.18	6.246824619802103
14.19	5.84723185652066
14.2	5.66792399323264
14.21	4.567719564130504
14.22	4.439707489359621
14.23	3.984723285191119
14.24	3.661254459327421
14.25	3.4415365252062053
14.26	3.096570053906376
14.27	2.6765679474710162
14.28	2.299295846692459
14.29	2.693918156448253
14.3	2.1912207449435583
14.31	1.8276515405233231
14.32	1.4603922786281
14.33	1.7769301172963479
14.34	1.2539971865120056
14.35	1.1598570488110411
14.36	0.9483419825630669
14.37	0.7505547346179817
14.38	1.0186871967863727
14.39	0.661432670775178
14.4	1.2150004199887299
14.41	0.81841025158781
14.42	1.0318181459664624
14.43	1.4834005021038452
14.44	1.1727781551440342
14.45	1.5507961771553558
14.46	0.8940665359630886
14.47	1.438790154733216
14.48	1.1320801476265154
14.49	1.6478498665511885
14.5	1.3596351928088137
14.51	1.988138381411626
14.52	1.8626345816390928
14.53	2.2554632713577147
14.54	2.4085321584033825
14.55	2.4541969419377496
14.56	2.5425225452495694
14.57	2.764558720404315
14.58	3.400402997972948
14.59	3.5287681547953462
14.6	3.5016838263167775
14.61	4.05043272220338
14.62	4.092106953148346
14.63	4.237510475930272
14.64	4.5994004600232445
14.65	5.040928100368037
14.66	5.667246343043254
14.67	5.718009891733468
14.68	6.053738232415529
14.69	5.898207447821903
14.7	6.263813186548571
14.71	6.7773988990529075
14.72	6.980831015450712
14.73	7.703389951700703
14.74	7.93129946485318
14.75	7.752191152697676
14.76	8.960532073965124
14.77	8.562280617643454
14.78	9.018218244004157
14.79	9.815550558340753
14.8	10.156938220819567
14.81	9.864470397594085
14.82	10.312588030790044
14.83	11.085390229592653
14.84	11.162946684804476
14.85	11.510556662740951
14.86	12.293739266009018
14.87	12.18894294456973
14.88	12.491503063138174
14.89	12.980498068092814
14.9	13.395784457626371
14.91	14.094352382794678
14.92	14.746874398836663
14.93	14.997333409949496
14.94	15.289745992101967
14.95	15.365828503095836
14.96	15.686671076549352
14.97	16.02917168158632
14.98	16.598263083083786
14.99	16.700924684351136
15.0	17.26500201222862
15.01	17.324674057077225
15.02	18.13220273550454
15.03	17.98309856955896
15.04	17.814322056255662
15.05	18.289461253010135
15.06	18.467430602267108
15.07	19.461115785150394
15.08	18.776050701653617
15.09	19.406365947531736
15.1	19.152029577774826
15.11	19.100071065770607
15.12	19.374436751490766
15.13	19.783699959310184
15.14	19.27451502609152
15.15	19.17926207462878
15.16	19.155704598104197
15.17	19.20757383757535
15.18	19.19880962924045
15.19	19.06424933765429
15.2	18.843636612252478
15.21	18.155709180084894
15.22	18.34828815252567
15.23	18.17855415839307
15.24	17.30230975448647
15.25	17.206390255912034
15.26	17.338913753810324
15.27	16.316057248923496
15.28	16.049944105316136
15.29	16.22566846292769
15.3	15.661354472187272
15.31	15.253196717572255
15.32	14.358997831844318
15.33	14.068420788428618
15.34	13.921866168154404
15.35	13.108020777382125
15.36	12.611444034378087
15.37	12.077357136788473
15.38	12.219888815595855
15.39	11.299403512113638
15.4	10.98617917291667
15.41	10.112326955799414
15.42	10.143104880360719
15.43	9.695848301419444
15.44	9.186155175657927
15.45	8.740022687154648
15.46	7.983195768547606
15.47	7.331270149845879
15.48	6.625581759753324
15.49	6.939863567566928
15.5	6.30517276221116
15.51	5.996392405883824
15.52	4.545402620183668
15.53	5.2434731267557035
15.54	4.664368235985
15.55	4.228367770164601
15.56	3.3628633410673783
15.57	3.631932616221999
15.58	3.502850725482875
15.59	3.060477699770607
15.6	2.8743911097053627
15.61	2.11219164722687
15.62	2.312561152017122
15.63	1.5836513272417558
15.64	1.4327913010365971
15.65	1.29231171378527
15.66	1.053722977646054
15.67	1.0712303574402293
15.68	0.6410965285742561
15.69	0.2757605414982278
15.7	0.578054772758118
15.71	0.3256312484366223
15.72	0.2913224419466477
15.73	0.007508343828959322
15.74	0.30694873717534155
15.75	0.18033795230056793
15.76	0.011507409518997508
15.77	-0.1090664119344534
15.78	0.3217292784399865
15.79	0.777056540086418
15.8	-0.12156793156657991
15.81	0.4936736405920449
15.82	0.6793903095355307
15.83	0.4075657173267144
15.84	0.9191982367114585
15.85	0.34066594983476095
15.86	0.9800281349979256
15.87	0.34616833628483595
15.88	1.0630211407249457
15.89	1.529529995594074
15.9	1.5979233150073366
15.91	1.9784742509250062
15.92	2.0787771442839205
15.93	1.8008518056488492
15.94	2.564218195739021
15.95	2.4755106201972588
15.96	3.213279511736835
15.97	3.4822677169794964
15.98	3.682924211919454
15.99	3.337912129786769
16.0	4.408144260504675
16.01	4.413319574898554
16.02	4.564652708585797
16.03	5.207429899928779
16.04	4.881170789783901
16.05	5.020230622360221
16.06	5.8884481055720395
16.07	6.882808665335759
16.08	7.0014203504569545
16.09	6.914284299225461
16.1	7.806172850239407
16.11	8.07740510171403
16.12	9.05822336236853
16.13	8.792018117085826
16.14	9.147021670253588
16.15	9.943260982135904
16.16	10.079300861733252
16.17	10.794257085293314
16.18	10.982775835729553
16.19	11.475732405459008
16.2	11.754972797963967
16.21	12.193340316441814
16.22	12.291501193778725
16.23	12.999249973957207
16.24	13.12798241535727
16.25	13.524945358415726
16.26	14.245709657981985
16.27	14.41302231318222
16.28	14.855242886076208
16.29	15.149593500711742
16.3	15.42931614834312
16.31	15.541016768632453
16.32	16.54921619756437
16.33	16.06567074486825
16.34	16.353713525071754
16.35	16.54630365580022
16.36	17.03676348803736
16.37	17.043455883855053
16.38	17.207967193952122
16.39	17.059128680656386
16.4	17.49089288154873
16.41	17.68037616109537
16.42	18.009082688264886
16.43	17.7602734971804
16.44	17.77397826698802
16.45	18.167018786316888
16.46	17.745505696617666
16.47	18.039320372074837
16.48	18.099615992786326
16.49	18.165368857644914
16.5	17.983831037562744
16.51	17.978220856157815
16.52	18.1061849031946
16.53	18.352827576618935
16.54	17.785774797244066
16.55	17.973271713895354
16.56	17.917959588099826
16.57	17.29958267592311
16.58	17.56949947349886
16.59	17.296138792385428
16.6	16.826686243257665
16.61	16.944876922362724
16.62	16.24968891404498
16.63	16.348259563624623
16.64	16.23272403785392
16.65	16.141930857655222
16.66	15.919071958478073
16.67	14.985889425858502
16.68	15.7418841502234
16.69	15.167649271019915
16.7	14.958461483293519
16.71	14.006752710740923
16.72	13.319485112736155
16.73	13.13149012558132
16.74	12.968938692566239
16.75	12.341365904975952
16.76	11.98037972852128
16.77	11.70051995599523
16.78	11.112620336517287
16.79	10.302542253171008
16.8	10.089350646679994
16.81	9.930448414516448
16.82	9.304344520290984
16.83	8.702469929952281
16.84	8.47830369779196
16.85	7.752110580282082
16.86	7.65804148082663
16.87	7.0410463195582516
16.88	6.523426966133385
16.89	6.514564642529298
16.9	5.5151148644635155
16.91	5.268187208930515
16.92	4.8066606943482535
16.93	4.22162521576343
16.94	4.0191256040692345
16.95	3.540690699089208
16.96	3.744498732610887
16.97	3.1025512179536587
16.98	3.3182043848411955
16.99	2.4356231398974018
17.0	2.3210424457062597
17.01	2.0378142612959524
17.02	1.2143468666097887
17.03	1.443326795206641
17.04	1.6952809005107354
17.05	1.4262003503071892
17.06	1.1852461567702166
17.07	0.9360618663217147
17.08	0.7076919638479359
17.09	0.403177549089322
17.1	0.9396109081348785
17.11	0.6148133103622903
17.12	0.6035030139733657
17.13	0.5395542578047192
17.14	0.5520385050389821
17.15	0.3458771936299485
17.16	0.47495245623180105
17.17	0.3237203134172008
17.18	0.2938020285330532
17.19	0.23996278039295182
17.2	0.8233282461117651
17.21	0.47955956190488935
17.22	0.7854144647564668
17.23	0.41672712822406155
17.24	1.4592314266545294
17.25	1.2074303164587732
17.26	0.9428206534922243
17.27	1.3297875812485584
17.28	1.801497271977992
17.29	2.109570007397004
17.3	2.0509790337763367
17.31	1.8073924557953776
17.32	2.4323896564853418
17.33	3.221706564610471
17.34	2.8267171936063513
17.35	3.168547181543812
17.36	3.364300656024046
17.37	3.4187821610104083
17.38	3.7719240052372895
17.39	4.477978409412036
17.4	4.195946927062454
17.41	5.269722501469458
17.42	5.50540146241148
17.43	6.195070086746779
17.44	6.548587522926797
17.45	6.09129206540044
17.46	6.761915716808542
17.47	7.036112555958653
17.48	7.973099155998842
17.49	8.237834048055676
17.5	8.550075774457815
17.51	9.40063431193747
17.52	9.381655011676893
17.53	10.135897498675282
17.54	10.074664609997637
17.55	11.391006348184359
17.56	10.9145820594218
17.57	11.326820641130768
17.58	11.890023782349033
17.59	12.429694043703234
17.6	12.695394596459458
17.61	12.970563441418959
17.62	13.274371988957656
17.63	14.142899101613821
17.64	14.59085645531834
17.65	14.78352242563406
17.66	15.038787613180642
17.67	15.332907438313118
17.68	15.107477760287702
17.69	15.874018043674175
17.7	16.248920638447252
17.71	16.474585179419492
17.72	16.26881162922653
17.73	16.17010200866086
17.74	16.708816396268833
17.75	16.733336900222895
17.76	17.04465708908421
17.77	16.71206727955934
17.78	16.85828123461461
17.79	17.02371159610335
17.8	17.34685730437945
17.81	17.07065487171724
17.82	16.566404822991984
17.83	16.480277672128526
17.84	17.114376750173484
17.85	16.78536655088483
17.86	16.11993587195769
17.87	16.187357287576965
17.88	16.140458272221625
17.89	15.658997591468852
17.9	15.743782579525659
17.91	15.556100909334587
17.92	14.727107131353371
17.93	14.800675723785766
17.94	14.20042668330031
17.95	14.835499510619357
17.96	13.406569440426
17.97	13.243895772564002
17.98	12.789973672147934
17.99	13.027709856940723
18.0	12.7966379113062
18.01	11.79134085336636
18.02	11.5111105439777
18.03	11.038430691696169
18.04	9.580592199066253
18.05	10.302859892621909
18.06	9.529323815290294
18.07	9.318730501219115
18.08	8.577232002219715
18.09	8.347270972677405
18.1	7.768872879402881
18.11	7.520346546868021
18.12	6.929164280497202
18.13	6.678544171941354
18.14	6.653383927192971
18.15	6.14394832005893
18.16	5.692727013549824
18.17	5.643197260358758
18.18	4.995865002897637
18.19	4.9062217481633965
18.2	4.41135573666083
18.21	3.559106460310188
18.22	3.5435624442975544
18.23	3.6016291821676214
18.24	3.400908098330774
18.25	2.9810466822330337
18.26	3.315310283984258
18.27	3.2102597310595358
18.28	2.5081839347919237
18.29	2.9451438026802275
18.3	2.3455305971642844
18.31	1.934218430606101
18.32	1.9259710045529144
18.33	2.1979931361401475
18.34	1.4744196149219164
18.35	1.7159943828313355
18.36	1.9844988390374383
18.37	1.558808436048267
18.38	1.9087360407090652
18.39	2.030811624983615
18.4	1.0818563125272362
18.41	1.6212342891787535
18.42	2.262511246517911
18.43	1.8630763837149202
18.44	2.1297558303856508
18.45	2.44605427558319
18.46	2.6280066241716975
18.47	2.3316278816109817
18.48	2.2411206781552915
18.49	2.1228709180048893
18.5	3.1397915615249388
18.51	2.987188545836833
18.52	3.071535315089185
18.53	3.4908445566063064
18.54	3.39842899515401
18.55	3.423655845696284
18.56	4.499399967723602
18.57	4.641568397100131
18.58	4.663323089690071
18.59	4.913647325764195
18.6	5.7956855549157105
18.61	6.028840968499091
18.62	6.221473873271681
18.63	6.200182728031678
18.64	7.303496428445647
18.65	6.455199572999213
18.66	7.199001428644291
18.67	8.460884981101476
18.68	8.07331111287382
18.69	8.838886497539242
18.7	9.503554739356671
18.71	9.814178743979054
18.72	9.60750912507076
18.73	10.568265979637244
18.74	10.971303458077212
18.75	11.436979021034816
18.76	11.630178572469141
18.77	12.4720727320651
18.78	12.819336317360273
18.79	12.709515434031285
18.8	12.999805538174869
18.81	13.685500369709027
18.82	14.321991301464555
18.83	14.256858712083162
18.84	14.301339708886484
18.85	14.925673678570693
18.86	15.059960391517329
18.87	14.926222483483073
18.88	15.1604836089003
18.89	14.969063990491563
18.9	15.292054532613514
18.91	15.401868225528048
18.92	15.288107042950628
18.93	15.303991876673058
18.94	15.68126514684012
18.95	15.674838787888085
18.96	15.83354388165482
18.97	15.342753941160769
18.98	15.028606433986559
18.99	14.979881922637505
19.0	14.475705705706195
19.01	15.070451862794688
19.02	14.476535620560684
19.03	14.353410050026303
19.04	14.446915377586038
19.05	13.992658387959013
19.06	13.49600783810918
19.07	13.008037548868622
19.08	12.965416851224317
19.09	12.511397646873759
19.1	12.37876188522926
19.11	12.214691525189721
19.12	11.705430836811477
19.13	11.458206839306364
19.14	11.201814536800661
19.15	10.200499917664809
19.16	10.006891953323011
19.17	9.614512998224987
19.18	9.497985251657356
19.19	8.722177322238409
19.2	8.708166757587488
19.21	8.122548659491459
19.22	7.45448460103443
19.23	6.941502627773428
19.24	7.010780222237763
19.25	6.171633090948226
19.26	5.898977557932715
19.27	5.594481403784951
19.28	5.094226951745661
19.29	5.168967176213153
19.3	4.580554428766356
19.31	4.375398063777713
19.32	3.512830913031125
19.33	3.8116215966623965
19.34	3.3634063806916115
19.35	2.8064131817727667
19.36	2.6159133998447586
19.37	2.8367694448213174
19.38	2.2646723596652443
19.39	2.504896897674605
19.4	2.4872476850255456
19.41	1.9596341552372332
19.42	1.753227416223462
19.43	1.5982270046539149
19.44	1.9258789624782684
19.45	0.6259509048211803
19.46	1.267487774679101
19.47	0.8453417873557105
19.48	0.7503184813919221
19.49	0.7042665552353107
19.5	0.6377373208664161
19.51	0.8869784897042639
19.52	1.5174369992937957
19.53	1.3434968473426958
19.54	0.8545276884908494
19.55	1.4003618864378402
19.56	1.2096222902919882
19.57	1.086470537938918
19.58	1.7756614706939797
19.59	1.5950069673161202
19.6	1.9439708960193696
19.61	2.5223522044289184
19.62	2.5694200786083514
19.63	2.787806324456737
19.64	2.9575639753489495
19.65	2.4626661523787177
19.66	3.3583568720481507
19.67	3.5525120722016434
19.68	4.053916820613036
19.69	4.324591741405618
19.7	4.702820022687909
19.71	5.166511488737352
19.72	5.377488952659008
19.73	6.095412859594839
19.74	6.212968197711876
19.75	7.04383756089697
19.76	7.052006434280808
19.77	7.2200528175269
19.78	8.025444188693585
19.79	8.076697521377591
19.8	8.516133143724096
19.81	9.549011810073232
19.82	9.784025280395813
19.83	9.881326791379518
19.84	10.321013003435114
19.85	10.859612041485493
19.86	10.929892070835509
19.87	11.321939905030463
19.88	12.360909222181505
19.89	12.059408215494239
19.9	12.76748264022419
19.91	12.865776562240761
19.92	13.168404714220376
19.93	14.262182248214131
19.94	13.565789226800229
19.95	14.703836248705807
19.96	13.777418690626973
19.97	14.555194658733202
19.98	14.877249254662992
19.99	14.608029079511855
20.0	14.911285200977701
