10.01	28.574311277257635
10.02	28.169116540295914
10.03	28.129525993848958
10.04	27.210860347944067
10.05	27.792901028885247
10.06	26.7170480927024
10.07	26.878866775730902
10.08	26.934004770310622
10.09	25.663736464365307
10.1	24.90652634368004
10.11	24.796120635703275
10.12	23.45807779389561
10.13	22.185861780330907
10.14	22.133576420507353
10.15	21.737269097948143
10.16	21.152924693182115
10.17	19.71924867223696
10.18	19.890994350252026
10.19	17.76243263453848
10.2	16.975804578195056
10.21	16.564696227838663
10.22	15.979397913137898
10.23	14.56310048453694
10.24	14.864533240280497
10.25	12.760777231492984
10.26	12.089513581298014
10.27	12.893502936864577
10.28	11.532828919603432
10.29	10.105163595088424
10.3	10.742657251480447
10.31	9.36052383033832
10.32	10.223024117994191
10.33	8.513485924492736
10.34	7.765874125110928
10.35	7.02352499827052
10.36	7.730462574006101
10.37	6.952133149826179
10.38	6.051916811127429
10.39	7.149006765028343
10.4	5.944372587072257
10.41	4.9867184276840595
10.42	5.316865615981075
10.43	4.860629294185247
10.44	5.3619938835308085
10.45	3.8870903738808
10.46	4.3974928669131
10.47	4.076972545830613
10.48	3.467056758808491
10.49	3.738691870226694
10.5	3.453926506869288
10.51	4.53997674195484
10.52	3.028224324266555
10.53	3.6090231417568033
10.54	3.817548621424678
10.55	4.134746475192616
10.56	3.449837478710571
10.57	3.9370776855231937
10.58	3.5465815875023035
10.59	4.908495651741352
10.6	4.9240497953909665
10.61	4.320778454571552
10.62	4.886123034129269
10.63	5.228322059944001
10.64	6.319592178836786
10.65	5.727452176182152
10.66	6.183262411908219
10.67	7.085821511235224
10.68	7.439748031078054
10.69	7.92145878091613
10.7	8.314644674696224
10.71	8.18609050908633
10.72	9.02171402308086
10.73	10.335928676843764
10.74	10.972486160875834
10.75	11.610489073682352
10.76	12.333639700648858
10.77	13.41637911839654
10.78	13.320893458249515
10.79	15.763512654779511
10.8	15.443162567503713
10.81	15.993533234992066
10.82	16.417009826842445
10.83	18.66365994100202
10.84	19.52799436001965
10.85	20.074441471384954
10.86	20.194893465862982
10.87	21.868361520086818
10.88	22.447711618357157
10.89	22.151318203383845
10.9	23.803759712003988
10.91	24.2977801701338
10.92	24.402345635389597
10.93	26.1798015215289
10.94	26.16955320052057
10.95	26.789086906815864
10.96	26.194225219243524
10.97	27.32338358350697
10.98	28.209517430611477
10.99	28.889684075931587
11.0	28.397967726594
11.01	29.549526694909307
11.02	29.578482848520782
11.03	29.13118369684076
11.04	29.4471685106189
11.05	30.51128448457611
11.06	29.93641698919646
11.07	30.230168407956597
11.08	29.567219208780962
11.09	30.029140847032163
11.1	30.557621102680272
11.11	29.922771682792888
11.12	31.043376618017188
11.13	30.470504989481057
11.14	31.16996967822955
11.15	30.13365770559571
11.16	30.413315784353358
11.17	30.662035912991918
11.18	30.79520654183512
11.19	29.202769489248798
11.2	28.742644662012392
11.21	29.20391068649842
11.22	27.531803256416193
11.23	28.0038278302895
11.24	27.6009497218754
11.25	26.769447269100734
11.26	26.317788322383585
11.27	26.042036418605534
11.28	24.950433587875832
11.29	25.554978155164743
11.3	24.459496413557666
11.31	23.915419520903612
11.32	22.834499350021712
11.33	21.785967792470533
11.34	20.829637221899812
11.35	20.26068303949241
11.36	19.68551275799431
11.37	18.91018804306257
11.38	18.037583030868888
11.39	18.481361752630242
11.4	15.93796715908294
11.41	16.128737925563684
11.42	15.935485789225591
11.43	14.273800552521637
11.44	13.928287964017457
11.45	12.167802338670015
11.46	12.57364436062162
11.47	11.936765159470728
11.48	10.250137073082765
11.49	9.735332918845467
11.5	9.368899920138379
11.51	8.870710150364832
11.52	8.508912120811754
11.53	7.67922775638832
11.54	7.029602122360385
11.55	6.785595985646926
11.56	5.76140801719977
11.57	4.238051758499084
11.58	4.549933620996003
11.59	4.481904338313204
11.6	5.30557399862607
11.61	3.0971544573918237
11.62	3.1137283383503362
11.63	3.18949059802124
11.64	3.1485873485427565
11.65	2.98438732840747
11.66	2.721563931965296
11.67	2.467788648455007
11.68	2.057643015113283
11.69	1.5136985403928307
11.7	1.1993591586369037
11.71	2.140574978484823
11.72	0.6710314115172181
11.73	0.6491872210465675
11.74	1.0067263129470787
11.75	0.7782588261832327
11.76	1.0187985861690478
11.77	-0.8873742403853602
11.78	0.786466096318993
11.79	1.7035713723027084
11.8	0.6191827469914729
11.81	1.4872486092797939
11.82	0.2719621945674806
11.83	0.3713931297176506
11.84	0.21994814526546214
11.85	1.7789869035874608
11.86	1.3069486799517012
11.87	0.7878884049082348
11.88	1.1065971988753445
11.89	1.1424939617072636
11.9	2.0406523035538764
11.91	2.623164568396633
11.92	1.817077803501375
11.93	3.015957988813378
11.94	2.461073915490414
11.95	2.8710287697162156
11.96	3.254154705843994
11.97	4.079783176006577
11.98	3.213381674927431
11.99	4.694915242022054
12.0	5.398698289297043
12.01	5.268266134228355
12.02	5.836028042776349
12.03	5.661378015656123
12.04	6.514620508352058
12.05	7.842295527102275
12.06	8.089601866581283
12.07	9.138972708514908
12.08	9.348980860633349
12.09	9.77370198965196
12.1	10.930992244101159
12.11	10.706080211453331
12.12	12.11830635837618
12.13	13.27037173960889
12.14	13.94850828506279
12.15	16.16050116549682
12.16	15.203994511065092
12.17	16.71587749922776
12.18	17.608677437135594
12.19	17.55789212954437
12.2	19.193358413762454
12.21	17.450070812183064
12.22	19.522935541993288
12.23	19.915027106549154
12.24	20.82686739611334
12.25	21.239465917234504
12.26	22.267053444086173
12.27	22.702295630728134
12.28	22.75725258118653
12.29	23.663517641333996
12.3	23.91422080686722
12.31	24.437677446929175
12.32	24.909825665344076
12.33	25.427114326294895
12.34	26.52460595496764
12.35	27.147017868280013
12.36	26.44335448159063
12.37	27.08080561223725
12.38	27.029546064694095
12.39	27.440603169623355
12.4	28.19340930583039
12.41	27.867091981836747
12.42	28.51653091123365
12.43	28.409370775682493
12.44	28.78650847518666
12.45	28.895059588891517
12.46	29.534268751209897
12.47	29.380475912261254
12.48	29.825715513162603
12.49	28.467664154335168
12.5	29.228915615566127
12.51	29.51852950854132
12.52	28.560260897584786
12.53	30.26874607057342
12.54	28.778713716799547
12.55	29.359026241246738
12.56	29.481220609330347
12.57	29.52219635933153
12.58	29.357060494023575
12.59	28.390412675894588
12.6	28.858322638927046
12.61	30.04037056380571
12.62	29.832740088685892
12.63	29.56984699942716
12.64	29.160345539626565
12.65	29.58623066419138
12.66	28.64855781107257
12.67	27.869952150517523
12.68	27.64224073080797
12.69	27.43033397192544
12.7	27.76561622377746
12.71	27.518378562172842
12.72	27.709885734473936
12.73	27.857708367448698
12.74	27.525693121069665
12.75	26.193960844050736
12.76	26.2856151610058
12.77	24.985911598433336
12.78	24.483985023338096
12.79	24.745205140628727
12.8	24.160254412401923
12.81	23.51086256915
12.82	22.895093051452037
12.83	21.848286441891265
12.84	22.298827476175404
12.85	20.59030990833587
12.86	20.138846502671065
12.87	20.472779688551622
12.88	18.829663610018763
12.89	19.08141799087212
12.9	18.438190121570578
12.91	17.476962612307723
12.92	16.549574382259202
12.93	15.823582853527272
12.94	15.06785529514699
12.95	16.492812457959033
12.96	14.300361860026218
12.97	12.463398218770518
12.98	12.756453776416183
12.99	11.676702366230451
13.0	11.115664673997449
13.01	10.604978093478419
13.02	10.353344029719214
13.03	10.173591273997635
13.04	9.101040118886358
13.05	9.564544590653645
13.06	7.895024056378815
13.07	8.634566450352933
13.08	8.481484145371423
13.09	7.802916467289533
13.1	7.047328950638822
13.11	6.903678585254501
13.12	6.368198221300134
13.13	6.311321363105998
13.14	5.8977462603074455
13.15	5.615487040598573
13.16	5.0082488677861825
13.17	5.124669331923565
13.18	5.7826171018331545
13.19	5.307275797805891
13.2	3.732283132127247
13.21	4.695739868261573
13.22	4.088348044527036
13.23	3.8242502374852756
13.24	4.182285201115581
13.25	5.253944823635154
13.26	5.013365761621188
13.27	4.387507067202532
13.28	4.022878043606484
13.29	3.357162878225474
13.3	3.8161123011786033
13.31	4.134127294817458
13.32	3.8364836234979736
13.33	4.166510986560477
13.34	4.345063770265221
13.35	3.491970570642261
13.36	4.729797618822162
13.37	4.912403306063894
13.38	4.731991689310012
13.39	4.5618776410312964
13.4	5.249561759648818
13.41	4.405720120195717
13.42	5.288712190021427
13.43	5.050408119836915
13.44	6.229333838724316
13.45	5.829656467230328
13.46	6.8678432619833085
13.47	6.394310555433279
13.48	8.21549492630514
13.49	7.571033970456834
13.5	7.753837357457285
13.51	10.203136668938654
13.52	9.761292617346577
13.53	9.841905652491201
13.54	10.168920926968513
13.55	11.007325094770966
13.56	11.43118109847034
13.57	12.152106605817645
13.58	12.211538920167623
13.59	13.743209612708847
13.6	14.29373847612886
13.61	13.523794902847284
13.62	15.63652856981571
13.63	15.906705813684015
13.64	16.65316111034727
13.65	15.835601127546745
13.66	18.116902181132126
13.67	18.127319401727615
13.68	18.523204597808235
13.69	19.130941191642012
13.7	20.172800806904196
13.71	20.537605746418773
13.72	19.71197049482832
13.73	21.121969476617796
13.74	21.723369748180176
13.75	22.331371594445226
13.76	22.163861864816443
13.77	24.158499067603255
13.78	24.037849471990068
13.79	24.905175640252864
13.8	23.98407933300883
13.81	24.230951216798744
13.82	24.91838086643678
13.83	24.62343775448849
13.84	25.716827150606964
13.85	26.38514088136336
13.86	25.235975461034187
13.87	25.883351706667234
13.88	26.480468535709516
13.89	25.646474017778228
13.9	27.052338129846333
13.91	26.45831008736504
13.92	27.1873222459127
13.93	26.508367795488887
13.94	25.845616340589917
13.95	26.042988454019262
13.96	26.87472448763039
13.97	26.248786852384114
13.98	26.89312662692843
13.99	26.88745418978365
14.0	26.66874016850258
14.01	27.025939645942998
14.02	27.534728713064787
14.03	26.701621144140155
14.04	26.711290223855137
14.05	26.104989453990363
14.06	26.60519770135095
14.07	26.38237582175712
14.08	26.526855255900063
14.09	27.50821315899865
14.1	25.406187953007816
14.11	24.927827493989327
14.12	24.36428019345457
14.13	24.47111236659227
14.14	24.540097784776687
14.15	24.494195499771028
14.16	23.871976520285283
14.17	24.156681112850574
14.18	22.90683674229312
14.19	23.960343432603675
14.2	22.485514704136786
14.21	22.599565872732374
14.22	22.035366249320678
14.23	20.28055285004407
14.24	20.739561533863093
14.25	19.622237038013804
14.26	18.992832777537433
14.27	19.24352821910838
14.28	18.62326549309101
14.29	18.71672281227651
14.3	16.875715511817532
14.31	15.578348673231567
14.32	15.95105108808615
14.33	14.976336545697988
14.34	13.239085441182427
14.35	13.242737413316501
14.36	13.79509681104992
14.37	12.16385212703447
14.38	11.6904106716468
14.39	11.327200188999951
14.4	10.565106783301566
14.41	9.594709552643943
14.42	9.2609442299124
14.43	7.779920560508725
14.44	7.65479295518057
14.45	7.237717736906269
14.46	6.406293839466096
14.47	5.289344783151852
14.48	5.794039650478676
14.49	5.0326776996925675
14.5	3.744207112772795
14.51	4.532552889303643
14.52	4.551315867624811
14.53	4.345339468238667
14.54	2.4366181673408396
14.55	2.9755759891695632
14.56	1.8782509685287545
14.57	3.0905211667478825
14.58	1.6227869329943012
14.59	1.877119087183296
14.6	2.492706482368502
14.61	1.267944637268148
14.62	1.0313709623377367
14.63	1.3609159260970092
14.64	1.7128504513310494
14.65	0.9792074916518786
14.66	1.1155841211151298
14.67	0.8598281009802782
14.68	0.33740627104269105
14.69	1.071585356301678
14.7	0.6040760115550692
14.71	0.2865676482257491
14.72	0.6391331597126778
14.73	1.013835602528681
14.74	1.8860085770979518
14.75	0.7394342381203161
14.76	0.08339645632607784
14.77	2.663681156281954
14.78	2.2045317711748575
14.79	2.5452312777532873
14.8	3.7372652583364547
14.81	3.0808093279098503
14.82	3.5573474559078693
14.83	4.505752765372782
14.84	4.448053756159573
14.85	5.114392333269811
14.86	6.180692145428842
14.87	5.57869730367137
14.88	7.162566922208469
14.89	8.01774511835709
14.9	8.549927872297866
14.91	9.93938561442287
14.92	9.54467865523325
14.93	10.960152725283017
14.94	10.791562966173993
14.95	12.770761230575545
14.96	13.101445744533397
14.97	14.075296143578157
14.98	14.438942497800173
14.99	14.515704696178254
15.0	16.50775771841889
15.01	16.95994142517068
15.02	17.95788807580606
15.03	18.52525969213518
15.04	18.931332933990184
15.05	19.880232060759514
15.06	21.18846594397256
15.07	21.213070678210475
15.08	21.79859630597134
15.09	22.188970281976424
15.1	21.569448831877647
15.11	22.948785397745656
15.12	23.941803786364233
15.13	23.530674680527053
15.14	24.651908084124617
15.15	24.36487839028396
15.16	26.096392896712803
15.17	25.84906260088898
15.18	26.139435470523182
15.19	26.03317620778666
15.2	27.08476754892292
15.21	26.639384563791975
15.22	27.330640282011462
15.23	25.912022836465958
15.24	27.36137199556891
15.25	26.939237152752877
15.26	27.510553809592242
15.27	26.982570956591537
15.28	27.92146780311886
15.29	27.96489988563167
15.3	27.901354797825448
15.31	27.632611666954524
15.32	28.222653026541497
15.33	27.857916388110866
15.34	27.52599522784085
15.35	26.992696608378818
15.36	26.842902906735848
15.37	27.23505008558315
15.38	27.7207162918034
15.39	26.672761530471995
15.4	27.105465133130252
15.41	26.683685764016452
15.42	25.920569150888728
15.43	25.959486270164906
15.44	25.006916145778145
15.45	25.236653879495297
15.46	24.42227283865473
15.47	24.443649034722828
15.48	23.382470300524027
15.49	22.407362117472235
15.5	21.740475573035027
15.51	22.2982708266473
15.52	20.874840661559
15.53	20.041692641599983
15.54	19.53296041164163
15.55	19.228694538328053
15.56	18.732946187989565
15.57	17.16798858398947
15.58	16.305707332015373
15.59	16.616117027010535
15.6	16.043516933163403
15.61	14.4274680883393
15.62	14.697420592387578
15.63	12.880842889274183
15.64	13.184350064830223
15.65	11.904654894529774
15.66	10.156784463767016
15.67	10.113559299801054
15.68	9.427244258788297
15.69	9.549062225014232
15.7	7.516844272233584
15.71	7.465714170701476
15.72	6.878093244784415
15.73	5.156536685019759
15.74	5.616779300941974
15.75	4.931769606345569
15.76	3.9710145537170867
15.77	3.898562804989808
15.78	3.9809319629664053
15.79	3.753851101389873
15.8	2.3144069695246947
15.81	1.2610993857076647
15.82	1.487904894848942
15.83	1.696003640354111
15.84	1.138430614400849
15.85	1.5651891012284933
15.86	0.6535300225529808
15.87	0.7687118741583887
15.88	0.6365076069235541
15.89	0.9388212468604561
15.9	0.17458391626361858
15.91	-0.5704979316593902
15.92	0.40975258655196745
15.93	0.6257703814106294
15.94	0.3921116923472877
15.95	-0.6157720970095599
15.96	-0.5766864480956785
15.97	-0.09871426363715274
15.98	-0.19551436053984958
15.99	0.8021418827839475
16.0	1.1165624530128702
16.01	-0.0725936860669385
16.02	0.6541925862473784
16.03	1.652572602226956
16.04	2.2296268768472953
16.05	2.374158021947198
16.06	2.542455691182327
16.07	3.1955789946534545
16.08	2.827651936035006
16.09	4.785069261000818
16.1	4.339557267399145
16.11	5.661385405405145
16.12	5.824513345773868
16.13	5.1634660982913205
16.14	7.779639574249642
16.15	7.6442311750196374
16.16	8.609007736477967
16.17	8.694241407882688
16.18	9.91810002006823
16.19	10.417557229773433
16.2	11.675733891206987
16.21	13.08743209894759
16.22	14.212890358756553
16.23	13.98533063747788
16.24	14.629523135392766
16.25	15.753454115472163
16.26	15.328735596933845
16.27	16.35454877793372
16.28	17.639726168317196
16.29	19.05577999609652
16.3	18.90753758666229
16.31	19.442668713460538
16.32	21.37315237559383
16.33	20.44541709360457
16.34	21.033843285878966
16.35	22.1810662051691
16.36	22.549467557170907
16.37	23.526543303564047
16.38	22.612074074475682
16.39	22.814181352322386
16.4	23.74847308002771
16.41	25.21856193358057
16.42	25.684520360394952
16.43	25.76539145404541
16.44	26.017192089987635
16.45	25.402285614324686
16.46	26.522350865514337
16.47	26.92118958882358
16.48	27.56554096992607
16.49	28.16349216042866
16.5	27.566353927026444
16.51	27.85791192165677
16.52	27.765873627543794
16.53	27.170070576356224
16.54	27.73310768797715
16.55	27.55501408429235
16.56	27.632531156009456
16.57	28.11147574243433
16.58	28.39596442206838
16.59	28.02762780650312
16.6	28.206451269557107
16.61	28.709318178943057
16.62	26.333702016958377
16.63	26.802461829213378
16.64	28.379423287306892
16.65	27.337007467849013
16.66	26.66918598723988
16.67	26.60313170506574
16.68	27.26216136587885
16.69	26.695091795058357
16.7	26.520194670566283
16.71	25.41614637794419
16.72	25.117644998399925
16.73	26.21859274894418
16.74	25.165204323380454
16.75	24.583586440655044
16.76	23.703853062788518
16.77	23.753537199796465
16.78	23.350948103459153
16.79	23.6649984097135
16.8	22.640960086730736
16.81	21.683290910776066
16.82	21.553144739193005
16.83	20.886342189301576
16.84	20.528345975885546
16.85	19.650562931268098
16.86	18.969437628456845
16.87	18.581233100190232
16.88	17.927098891107146
16.89	17.07176345484447
16.9	16.258287607088192
16.91	15.567925192088712
16.92	15.799013468390596
16.93	14.614435257792628
16.94	13.982196195853284
16.95	12.644764214567532
16.96	12.604557931412433
16.97	11.803030184832878
16.98	10.635216236752024
16.99	11.217470579938022
17.0	10.685031457594047
17.01	9.769266891498425
17.02	9.70747339576976
17.03	8.341137657902244
17.04	8.694564949136971
17.05	7.762947937488711
17.06	7.48122499468055
17.07	6.862703564850189
17.08	7.3840652965555735
17.09	5.579864522918846
17.1	6.08586495206123
17.11	6.034676689466133
17.12	4.450045852466798
17.13	5.68847197636881
17.14	5.228221145050219
17.15	5.366537620977725
17.16	4.032841978938573
17.17	5.270277454773272
17.18	3.5871151648107764
17.19	4.375552624465669
17.2	3.535037240552278
17.21	3.654856557228744
17.22	4.00521661814667
17.23	3.7862284057408955
17.24	4.352351270882073
17.25	3.8447757551567556
17.26	4.031850500445656
17.27	3.6742107595370084
17.28	4.115418284059045
17.29	4.316289127022122
17.3	4.296745322618442
17.31	3.6442701966784514
17.32	4.614534314588197
17.33	4.916975453553119
17.34	5.024084136849707
17.35	4.503528583888776
17.36	4.232735534275227
17.37	5.0894009687886195
17.38	6.633436224055698
17.39	6.296286118519869
17.4	6.505810294238731
17.41	7.983998947219962
17.42	7.23988970596964
17.43	7.227483769307197
17.44	9.248381179245017
17.45	10.068165157927323
17.46	10.24228859900247
17.47	10.8145471097531
17.48	11.662528291565392
17.49	10.198832730897301
17.5	12.968827213214016
17.51	13.728760993767246
17.52	14.20625073329874
17.53	14.631862552856937
17.54	15.879850811844427
17.55	16.368347089980656
17.56	16.34987120126556
17.57	17.75365436019708
17.58	17.869488918604727
17.59	19.006300792974695
17.6	18.607550565886932
17.61	19.659636578509527
17.62	20.988984831968256
17.63	21.724996115574985
17.64	22.331479227389504
17.65	21.684759593906595
17.66	23.32357216745931
17.67	22.499771566643176
17.68	23.77415378273268
17.69	24.25714413145288
17.7	24.74096484690946
17.71	25.551243456394452
17.72	25.082247766651104
17.73	25.612280939323703
17.74	25.3309206062309
17.75	25.884487621866924
17.76	27.017204630226583
17.77	27.135085700976713
17.78	26.29201520266217
17.79	27.344061111266388
17.8	27.174189384172614
17.81	27.62579024279408
17.82	28.885251870614084
17.83	27.27983071390534
17.84	27.386451212018894
17.85	27.491645977694652
17.86	26.27492319595523
17.87	26.821915835553042
17.88	27.24173155600856
17.89	27.227210176116305
17.9	26.872013165984075
17.91	26.059481574167556
17.92	26.465062162729932
17.93	26.871462841755175
17.94	26.02353141548631
17.95	24.584517447290676
17.96	24.700046576587454
17.97	23.670826092606923
17.98	24.181650614570692
17.99	23.585715000787147
18.0	23.481299218321137
18.01	22.90807539620303
18.02	22.579732493338007
18.03	21.948179173545704
18.04	20.425226887407014
18.05	19.284346137455902
18.06	19.018002580863474
18.07	19.00907295271237
18.08	16.733768629990216
18.09	15.64244266483589
18.1	15.572116238329409
18.11	14.815423655679314
18.12	15.04754426145572
18.13	13.52044521100294
18.14	13.348754422060939
18.15	12.627259642023565
18.16	12.243962827807787
18.17	11.517070737786906
18.18	11.317475144246398
18.19	10.44617323531164
18.2	9.949596974226365
18.21	10.44690568580578
18.22	9.23443841259786
18.23	8.56919224421088
18.24	7.702728249701933
18.25	8.009905592335926
18.26	7.250363329696613
18.27	7.371754502552876
18.28	6.110023667400786
18.29	6.387982469304133
18.3	6.081974197477408
18.31	5.25217495724189
18.32	5.222235010261563
18.33	5.097648937060059
18.34	4.370839207041961
18.35	4.081877830870139
18.36	4.981988004616309
18.37	4.331920750342557
18.38	4.107771050544856
18.39	4.696697194570778
18.4	3.6267500763466765
18.41	3.8919094695528664
18.42	4.563992128031859
18.43	4.863610037239696
18.44	3.4703772678506946
18.45	3.969314190558397
18.46	3.521726295247982
18.47	2.9231291442710425
18.48	4.03441089106468
18.49	4.305785086401952
18.5	4.115652334848233
18.51	4.064331370898078
18.52	4.787026815442423
18.53	4.192609125931623
18.54	5.076631487832382
18.55	6.268167426848054
18.56	6.1396876615099245
18.57	5.709838692883025
18.58	6.9249091453022436
18.59	6.846954684178277
18.6	7.824085371981135
18.61	8.955764734689742
18.62	9.31411719116889
18.63	8.993467912034129
18.64	9.218986108648739
18.65	10.045129738064617
18.66	10.570034418036794
18.67	12.062885706811294
18.68	13.41807280047052
18.69	13.095890218738491
18.7	14.335605543792164
18.71	15.229311692300637
18.72	16.49650332994923
18.73	17.268704473559566
18.74	17.544015187923048
18.75	18.224523214819563
18.76	19.424002031327404
18.77	19.763714511081325
18.78	20.702930909376423
18.79	20.845081291135063
18.8	21.783299608960743
18.81	22.144494322061924
18.82	22.669439282674716
18.83	23.591031227232982
18.84	24.073582833248548
18.85	24.40086045778637
18.86	24.116764290708627
18.87	24.85458970075925
18.88	25.77119364495962
18.89	25.22328956084483
18.9	26.016395324373047
18.91	26.667793531542486
18.92	26.80344474640242
18.93	27.50600297618025
18.94	27.740841365815385
18.95	27.316255520615968
18.96	27.90263898434866
18.97	27.23739719383377
18.98	27.305888758144988
18.99	27.901461652439433
19.0	27.66374803430245
19.01	27.380801027299437
19.02	27.320884411420867
19.03	27.73200339740693
19.04	27.18463037144024
19.05	27.78026277727025
19.06	27.796140634847635
19.07	28.50062824624733
19.08	27.02021153775826
19.09	26.587988706041884
19.1	25.940954411670813
19.11	26.987280686053985
19.12	25.653544903897362
19.13	25.25799728622192
19.14	25.81721500755594
19.15	25.34527517617157
19.16	24.274621566605425
19.17	24.008754457637266
19.18	22.992148844751785
19.19	23.92110894271971
19.2	23.763281274764047
19.21	22.175268025400463
19.22	21.16021302369503
19.23	20.944374943091464
19.24	20.949597413740687
19.25	19.58021408869116
19.26	18.417628435984565
19.27	18.37287006135598
19.28	18.512247070773416
19.29	16.75365257798094
19.3	16.045335333100073
19.31	15.838193716030855
19.32	14.15906203217036
19.33	13.631627553231853
19.34	13.555118585545063
19.35	13.148136423083685
19.36	12.393571585892968
19.37	10.336624550090649
19.38	9.764465365360842
19.39	9.574239306105563
19.4	8.569665746576488
19.41	8.209039288023922
19.42	8.247456903856108
19.43	7.636608090477002
19.44	6.475272599103611
19.45	6.14865207768943
19.46	6.2690780417583225
19.47	5.322916265560276
19.48	4.796173991303672
19.49	4.793095298492237
19.5	3.871020926651477
19.51	3.7285731612309196
19.52	2.9651872648108473
19.53	1.6492384366527417
19.54	2.4985084020139596
19.55	2.542326884491991
19.56	2.257268899763346
19.57	2.339080932538013
19.58	1.4352312924957253
19.59	0.8151580394143998
19.6	0.8226195536608976
19.61	1.6732735879475666
19.62	1.640655659783611
19.63	0.7384384337892815
19.64	0.877623768119405
19.65	-0.07549435531133095
19.66	1.1650672124216732
19.67	0.43177168264556826
19.68	0.586001750029147
19.69	0.03814384580366521
19.7	0.13401484678050588
19.71	0.2540108954225141
19.72	0.44023601466954265
19.73	0.050611417207170994
19.74	0.16620101709252766
19.75	0.8582357728425404
19.76	0.8334406853297481
19.77	1.6297808142835395
19.78	0.8228637446936271
19.79	1.7222361911670836
19.8	1.6995190697519877
19.81	2.039521021671456
19.82	2.1259791249197946
19.83	2.044937818679502
19.84	2.2253573123427026
19.85	2.9092777122621567
19.86	3.6008703880958177
19.87	3.33034847520557
19.88	5.257586697593885
19.89	4.320422906936005
19.9	6.446852552614096
19.91	5.78170873295212
19.92	6.777405456307781
19.93	7.601543577735918
19.94	7.594306668598951
19.95	8.194613351654633
19.96	9.053416209503794
19.97	9.47819546965371
19.98	11.745916745384978
19.99	10.700694540064212
20.0	10.817148358251519
