10.01	28.00682538107739
10.02	29.886857633808997
10.03	28.80743352901929
10.04	26.95414171854515
10.05	29.597831076806038
10.06	26.359969728331
10.07	27.661811387177217
10.08	25.427537171306064
10.09	25.82409972433479
10.1	24.85223667015678
10.11	23.203133992599618
10.12	24.546352360259945
10.13	21.547872948429987
10.14	21.753932726565704
10.15	21.0498566454238
10.16	21.74963808308016
10.17	19.13741347278846
10.18	19.29064500746523
10.19	19.825377602443346
10.2	15.431652109000439
10.21	15.411583536196842
10.22	15.261011132982306
10.23	16.10508138228669
10.24	16.692174384289853
10.25	16.57322803425274
10.26	12.852939389343959
10.27	9.924306136085287
10.28	12.606984373665782
10.29	8.838799491174878
10.3	11.193950953247588
10.31	10.744271393013657
10.32	9.505779259849403
10.33	8.86760614408256
10.34	8.103840870668511
10.35	5.414576412362738
10.36	5.927786736068717
10.37	3.6353954224957534
10.38	6.417129228175333
10.39	4.624530453763329
10.4	3.368032068037124
10.41	5.585091034751085
10.42	5.521519261513315
10.43	3.5300732529785366
10.44	1.855141721270806
10.45	5.632910817385602
10.46	5.9496901742332895
10.47	0.24189669158883698
10.48	3.983137459959658
10.49	2.4016838815051944
10.5	5.3268427586025275
10.51	0.1658154485729857
10.52	6.063516216988349
10.53	3.5705352670798707
10.54	2.136351054887971
10.55	5.147719011408727
10.56	4.5585392011753045
10.57	3.1174608489751594
10.58	4.9295744512006685
10.59	1.739886089038594
10.6	1.7377087824906652
10.61	6.477956051012443
10.62	4.945007741669133
10.63	5.884318090043139
10.64	2.6166642006874157
10.65	4.774729866975363
10.66	6.631670147551573
10.67	9.142158125244976
10.68	6.954903790851849
10.69	9.165294109296072
10.7	9.811373419306195
10.71	8.472153516185777
10.72	7.318087967163667
10.73	10.490931874184122
10.74	11.871161249633934
10.75	13.118471584805166
10.76	12.486647479355907
10.77	11.143369444403419
10.78	13.379476625234037
10.79	15.68707344885389
10.8	14.359943297028387
10.81	17.89234536818818
10.82	17.267531723511464
10.83	21.22420768280697
10.84	16.692947057324044
10.85	18.32452853638249
10.86	20.44625274782163
10.87	19.233364730521938
10.88	22.978448781648115
10.89	23.30216104561106
10.9	22.819810858044516
10.91	20.113749465535953
10.92	23.832149300062802
10.93	27.34326996182376
10.94	25.321440558693542
10.95	26.18380133169568
10.96	25.380476620102595
10.97	27.717003204577008
10.98	29.990369883787405
10.99	27.206681744018457
11.0	31.97035077021979
11.01	29.709304612236544
11.02	28.380417498179742
11.03	30.236221244570743
11.04	30.78549226776921
11.05	32.053313514661
11.06	30.97811756501752
11.07	28.668902173503106
11.08	31.561889040699587
11.09	31.5789871810358
11.1	31.212964130332242
11.11	30.932006770956363
11.12	29.728991867975296
11.13	30.773407013549427
11.14	32.54339476648793
11.15	27.331777456831503
11.16	31.70267707868975
11.17	31.771203852594418
11.18	28.157776653219322
11.19	29.560673768765618
11.2	28.564664474576578
11.21	29.014182693421336
11.22	29.56929825340872
11.23	31.367389618633737
11.24	22.696566778702717
11.25	25.280730347221255
11.26	26.572646241660117
11.27	24.81025977010435
11.28	24.465217573373977
11.29	24.300935686750794
11.3	23.239947005221815
11.31	22.517489654183393
11.32	19.896065674550353
11.33	22.056613316315975
11.34	19.860644576491453
11.35	19.60426177019085
11.36	18.50449909396687
11.37	18.480114095905257
11.38	18.587077805212402
11.39	15.910650984686939
11.4	18.958677928109285
11.41	16.140943649824862
11.42	14.562828232791468
11.43	15.537769482742746
11.44	12.000775841124389
11.45	13.005865776585692
11.46	12.27898660022508
11.47	10.972116050772375
11.48	12.605326055326753
11.49	10.094816691701157
11.5	11.616187390060308
11.51	6.998523961134256
11.52	7.950489830074705
11.53	9.045859661509756
11.54	8.711427443038712
11.55	7.7740242026401996
11.56	3.2403027638133075
11.57	5.492498549848825
11.58	2.931129762696608
11.59	2.9930082007020173
11.6	5.737783388992898
11.61	3.4027793015904
11.62	3.313313814016704
11.63	2.434283842840494
11.64	3.9369384319490273
11.65	2.6006138604444633
11.66	2.694608800930828
11.67	4.231183830843979
11.68	0.8861454386845653
11.69	0.9366680458402402
11.7	2.3091225109436784
11.71	-1.1971854070063344
11.72	-0.7909419841871992
11.73	-1.0520029980048136
11.74	2.222982684598282
11.75	-0.16322445994693213
11.76	1.1120660560830296
11.77	3.1226870459944704
11.78	-1.7875155761689099
11.79	-0.2420335461770382
11.8	-0.16770306009559
11.81	-1.957079998201222
11.82	1.6500199013805945
11.83	2.578610248063695
11.84	1.626617783885734
11.85	0.9409610504727833
11.86	3.888249295059711
11.87	1.2721803030397958
11.88	1.3271873314273908
11.89	0.5751208670101613
11.9	3.031020763774561
11.91	2.4089703352302445
11.92	3.210383917809354
11.93	3.908928892382232
11.94	3.572721528669188
11.95	0.4435063006420834
11.96	5.6409444727541525
11.97	5.18996622721832
11.98	3.649956545563938
11.99	7.09727571504538
12.0	5.22244759850453
12.01	5.579621289062059
12.02	6.823041154919833
12.03	5.817905381934376
12.04	6.896223299754339
12.05	9.435257935144348
12.06	8.065675603106282
12.07	11.082420903409846
12.08	9.510064602263983
12.09	12.596508057356866
12.1	11.516282019078224
12.11	9.70616608015785
12.12	10.329988726189
12.13	12.161672100350888
12.14	14.55862757027118
12.15	15.321528526115594
12.16	14.976995353278383
12.17	18.160336376515843
12.18	16.633430432131014
12.19	19.0682990452181
12.2	17.77562343288914
12.21	18.37293792242365
12.22	20.592636747712053
12.23	19.42579047350076
12.24	20.442195339968027
12.25	20.250537179784875
12.26	20.53733140941785
12.27	23.200912488431577
12.28	22.451067774866747
12.29	20.538954206582638
12.3	25.463713232436607
12.31	23.902260168451395
12.32	23.571328802416385
12.33	26.924567873937686
12.34	26.589790465538535
12.35	27.589394997131627
12.36	23.65182374753641
12.37	25.894017449272877
12.38	29.287779511859668
12.39	30.086214038091384
12.4	29.001937362076653
12.41	29.36168695594769
12.42	28.61019101579611
12.43	26.94161431913563
12.44	30.879939767187047
12.45	28.832041138918147
12.46	28.674458672258396
12.47	28.506954457899422
12.48	27.800673706950974
12.49	29.802870376997895
12.5	27.840353967194723
12.51	31.511365598107613
12.52	29.6259636562305
12.53	27.384993216243195
12.54	30.01844250025332
12.55	29.256308301387104
12.56	29.557134585200295
12.57	27.879678248155546
12.58	29.475086575188755
12.59	27.871400140065163
12.6	26.99267189624878
12.61	30.48852872199997
12.62	30.392863508490336
12.63	29.52400748258764
12.64	30.277405127924556
12.65	27.6835727173024
12.66	27.70816380577619
12.67	29.140969249276708
12.68	28.251850220614344
12.69	28.935483057230734
12.7	27.481164065986363
12.71	26.183951088938038
12.72	25.062804961106487
12.73	27.322452659712077
12.74	24.103996950670407
12.75	23.02251298916574
12.76	26.661574614074336
12.77	22.41064377525572
12.78	24.993544074620704
12.79	25.346867762159558
12.8	22.158796565800603
12.81	23.806204103535805
12.82	24.41601375332918
12.83	23.24683825026443
12.84	21.777119488195005
12.85	20.933611054081886
12.86	21.39698810563938
12.87	18.61761473403248
12.88	17.46519161811003
12.89	15.389056996521306
12.9	15.165106443248295
12.91	15.766710434355515
12.92	16.81513556377877
12.93	19.06172476526554
12.94	14.582559003386143
12.95	15.807839982705856
12.96	12.61653554226747
12.97	14.688667195641935
12.98	9.971067401739235
12.99	12.591615281782806
13.0	11.290816924685464
13.01	13.674468158732868
13.02	12.422292702174381
13.03	14.130077044419046
13.04	9.920329036999387
13.05	8.400054493432075
13.06	6.368542287831903
13.07	9.025525818049905
13.08	5.418575023556024
13.09	5.378855541836003
13.1	6.161298119588611
13.11	2.549282755866412
13.12	8.803030078919871
13.13	5.578232465640356
13.14	5.735504277601156
13.15	5.008662508119075
13.16	4.843343387031284
13.17	5.995323317324472
13.18	4.339459914793096
13.19	5.412403280798672
13.2	4.537506953445504
13.21	6.423731290787146
13.22	3.209492588597116
13.23	4.3997539912870245
13.24	3.420243300848716
13.25	4.3578533643712625
13.26	7.398748195682445
13.27	2.891769683485453
13.28	2.578152856399064
13.29	3.722873672090436
13.3	4.9458824558302945
13.31	4.850519265539059
13.32	2.2442471524770413
13.33	4.462763844085016
13.34	6.229148934519268
13.35	3.937219023597848
13.36	2.6886123089717335
13.37	5.2804623933065615
13.38	5.995402047809315
13.39	5.937956338346903
13.4	3.561136347114395
13.41	5.580283796157206
13.42	5.020611592242524
13.43	7.491850595128797
13.44	4.34357386788573
13.45	7.84582980424709
13.46	8.34576324772249
13.47	7.707506590454526
13.48	9.153052737343351
13.49	9.280785633225463
13.5	9.73089200063161
13.51	7.932370680902768
13.52	9.56319449684607
13.53	11.697080402343989
13.54	13.82494417315108
13.55	13.234488571102123
13.56	11.943083039709142
13.57	12.266169947075939
13.58	15.43372652687205
13.59	14.917878000601888
13.6	13.317089738897412
13.61	14.080915990119477
13.62	14.41142284550007
13.63	16.45280175903851
13.64	18.75484713013343
13.65	17.53094484437631
13.66	18.31036081314549
13.67	16.713665625174784
13.68	18.103993191829932
13.69	18.23396960760481
13.7	17.011556071795013
13.71	21.291253638197084
13.72	19.453797827627458
13.73	23.259343775943524
13.74	21.638989856674097
13.75	24.253066085847284
13.76	22.62353079990475
13.77	22.729671239452834
13.78	24.984185742990938
13.79	22.409180531509435
13.8	24.93991237390485
13.81	26.71671371626186
13.82	24.789554820860587
13.83	22.48631713358755
13.84	27.595941161399562
13.85	23.505592156392062
13.86	25.100014566297187
13.87	27.73504309782213
13.88	28.708339307647996
13.89	24.133372607916748
13.9	24.785226282752586
13.91	25.25272843132841
13.92	26.759472448843834
13.93	27.101949648020472
13.94	26.292027678479908
13.95	27.837737414920856
13.96	26.240773352980117
13.97	26.912598859394066
13.98	26.881014086966083
13.99	24.582806384145325
14.0	25.033778903369537
14.01	28.78374325456939
14.02	24.747407729181614
14.03	25.120006019566272
14.04	25.585415008354573
14.05	26.274624930127484
14.06	25.247454956391785
14.07	25.65715056919925
14.08	25.33306071912061
14.09	25.766337563124562
14.1	26.604127883037417
14.11	25.127064589389413
14.12	25.03005933466328
14.13	25.506882505470003
14.14	22.39690680993318
14.15	27.551175968558812
14.16	24.549564100574944
14.17	22.267702406852667
14.18	22.369446025214675
14.19	21.080045378365515
14.2	23.741517987229898
14.21	22.751275668123274
14.22	21.600743523466384
14.23	22.819383266876052
14.24	19.52637781638668
14.25	19.87456547500749
14.26	21.179147209961645
14.27	18.08047772928134
14.28	20.307862226636765
14.29	16.65705469027273
14.3	15.66897804025916
14.31	15.71169787653182
14.32	14.637582683462789
14.33	13.858029330073272
14.34	13.4827613345899
14.35	13.180543317204025
14.36	11.627466568426161
14.37	11.89543064325221
14.38	10.240755961461073
14.39	10.139192393698087
14.4	7.694167052979939
14.41	10.848662641407001
14.42	11.595869027015638
14.43	7.216983165792753
14.44	8.028879625039826
14.45	7.431044215741191
14.46	4.042701807834869
14.47	4.4477087367911405
14.48	5.510613244855125
14.49	5.837099551899616
14.5	3.175515889775105
14.51	3.6064704691950995
14.52	5.170293009081494
14.53	0.6262224895016617
14.54	1.9151970595016943
14.55	2.4497206610097395
14.56	2.1546060125521826
14.57	2.2157795115553847
14.58	1.3167072038428462
14.59	4.727291090718728
14.6	-2.064245608884005
14.61	-0.14016412987769344
14.62	2.1676052566239994
14.63	2.5578450930844956
14.64	0.41259283613031955
14.65	0.18903869091311432
14.66	0.4075834549665367
14.67	0.006166263720160159
14.68	0.5986578038627182
14.69	1.6048295657059155
14.7	-0.11961615564903072
14.71	3.035513294002729
14.72	1.4116082064162672
14.73	3.6421284692648728
14.74	2.8331948446539386
14.75	4.693440538140033
14.76	3.4101509447076497
14.77	-0.4532708450031553
14.78	0.7907978863999856
14.79	1.5952438675370242
14.8	2.732005569927062
14.81	2.213637644866699
14.82	3.696160036435858
14.83	3.731398500149598
14.84	5.1252837363847075
14.85	4.728673233018296
14.86	7.034287036251063
14.87	7.41313632872374
14.88	9.715445544081867
14.89	10.196038687778366
14.9	7.722356453027653
14.91	12.831422493213658
14.92	9.226154750059278
14.93	9.745752527955714
14.94	10.53522458210689
14.95	12.489416150617183
14.96	12.608382618820984
14.97	15.648384636572402
14.98	14.478433056771554
14.99	15.703501021566527
15.0	15.487889044825979
15.01	15.769965081691831
15.02	19.96794104430216
15.03	15.372996269980097
15.04	17.256966094722884
15.05	21.326734017296303
15.06	19.159272915578526
15.07	19.303528326584733
15.08	21.06462833928697
15.09	20.187791495432805
15.1	20.717241993063194
15.11	23.506331850132113
15.12	23.29489329203975
15.13	24.54535866378546
15.14	26.135913000225322
15.15	25.466474318899454
15.16	26.090637771481113
15.17	25.891616595311067
15.18	26.401969675992934
15.19	23.954274420755905
15.2	25.04445175323354
15.21	27.6040484959254
15.22	25.59386005594288
15.23	26.838388556874794
15.24	26.75953799123138
15.25	26.30531979035795
15.26	28.57700551294193
15.27	27.84600386081794
15.28	25.843643993743438
15.29	24.87174366724933
15.3	27.90882783300774
15.31	25.884342243567712
15.32	27.65858186875502
15.33	28.635341502149178
15.34	30.39991808592161
15.35	25.153128234223878
15.36	26.43526681584367
15.37	28.202725165143384
15.38	24.970253053603752
15.39	24.973508290192996
15.4	26.36552067660329
15.41	23.38006032360243
15.42	25.75930698369006
15.43	26.15567305235994
15.44	25.905925503739933
15.45	22.960373523252894
15.46	24.616093497016198
15.47	26.138274825051635
15.48	22.538154942143667
15.49	25.532237374007984
15.5	22.701140842287863
15.51	22.648225161889393
15.52	18.173481499665794
15.53	21.913926064983148
15.54	18.37602234013128
15.55	17.65220170000635
15.56	16.264020888231713
15.57	17.71153788977685
15.58	15.813639788791875
15.59	14.66443967421656
15.6	17.665363981024836
15.61	17.444470262105217
15.62	14.023487523897305
15.63	10.3793934211747
15.64	11.715880250264323
15.65	12.69497912822305
15.66	9.699944049332194
15.67	10.570912875026174
15.68	12.673918567379017
15.69	9.646005395741305
15.7	9.55794333016494
15.71	5.5792020993837275
15.72	5.336960858950568
15.73	5.417629311778629
15.74	4.297286799275209
15.75	5.421579869481021
15.76	2.2806552346991964
15.77	2.4168692579369164
15.78	2.3565979213613426
15.79	3.5037221694290874
15.8	3.8354989731220943
15.81	2.1900118603542396
15.82	2.826970373390764
15.83	0.2869492708030559
15.84	2.4104818499254543
15.85	1.1674606511898757
15.86	2.7519536037309367
15.87	0.4522964945324878
15.88	0.13315438521285106
15.89	0.9218439788321453
15.9	-1.2960292370200788
15.91	2.7246810511075
15.92	0.8566377090621603
15.93	1.424916134261983
15.94	-0.27313493618486007
15.95	0.6241840599128082
15.96	-0.8308978052047999
15.97	0.2874743028288917
15.98	0.09564849038002853
15.99	-0.9779846862032644
16.0	1.0121034525320025
16.01	1.0177219859753914
16.02	0.4456482187208918
16.03	2.59434555623206
16.04	5.410346582584722
16.05	1.6341546439040917
16.06	1.6262379353429917
16.07	5.063685777109428
16.08	4.451723582690926
16.09	7.359436762417317
16.1	6.059544603994121
16.11	5.7967881444869125
16.12	8.198073698356273
16.13	7.360971064950656
16.14	3.9695685424723703
16.15	7.934393106226114
16.16	9.35247963638954
16.17	8.986923387744055
16.18	9.627325947339653
16.19	10.401418672699167
16.2	13.791326987538858
16.21	11.217178271079185
16.22	15.282906406691035
16.23	15.288961716007028
16.24	14.703616358370562
16.25	14.778777864765143
16.26	17.712411315526275
16.27	17.260503818048424
16.28	16.28835078013668
16.29	18.272034798439417
16.3	18.353740890218983
16.31	20.674545089192623
16.32	20.067454905025905
16.33	21.30915105040159
16.34	21.768981728001087
16.35	22.176230270465865
16.36	22.55649048426242
16.37	20.528126043459075
16.38	23.206195013947983
16.39	22.30013351762478
16.4	25.19570954091851
16.41	23.362760631883162
16.42	24.1887064965798
16.43	26.415041590806467
16.44	26.43064148273638
16.45	25.343558588284907
16.46	26.48881555912969
16.47	26.706480722552445
16.48	27.48971923642224
16.49	27.170997185140372
16.5	28.77169651761854
16.51	26.15701194889458
16.52	28.819072525351096
16.53	30.042604427870106
16.54	26.714531783739343
16.55	27.365579291538094
16.56	29.109780673497454
16.57	25.691256380590183
16.58	28.345873455182414
16.59	27.33132506153128
16.6	30.32691485008094
16.61	28.67406558119056
16.62	26.302785152133822
16.63	30.42344254309357
16.64	26.34045981605763
16.65	28.965668547681478
16.66	28.74414348674799
16.67	25.500225750398762
16.68	24.619142426051184
16.69	25.07260798796376
16.7	25.293725998763932
16.71	26.366442715981822
16.72	22.997802548317164
16.73	25.851546832025928
16.74	26.441230427551435
16.75	25.411112610606384
16.76	22.595522621881003
16.77	21.273787726122006
16.78	22.729107439845606
16.79	21.841735056726655
16.8	22.66893907266443
16.81	20.9763637125101
16.82	22.760946019746545
16.83	21.61945147415493
16.84	19.128561689560893
16.85	21.860045760401498
16.86	16.783306475059632
16.87	18.927228879557433
16.88	17.68539400061415
16.89	17.398820494698445
16.9	17.00754339712325
16.91	15.589597815601067
16.92	14.60152497836515
16.93	13.691019847627597
16.94	15.739403660765783
16.95	11.703698037037809
16.96	11.262954597718721
16.97	10.738203596488557
16.98	12.228310798778034
16.99	11.460772944717693
17.0	10.778203197865171
17.01	9.921367051911938
17.02	8.30465660026513
17.03	9.600474587768053
17.04	9.120106718249966
17.05	8.18239973698987
17.06	7.275045106741574
17.07	6.116321625200277
17.08	5.716249096232712
17.09	7.698515639369264
17.1	4.565984032457772
17.11	4.430994618903605
17.12	5.606635925783254
17.13	4.307947030633749
17.14	5.187457987550598
17.15	3.529138041491661
17.16	4.458090263487011
17.17	3.3546421491153513
17.18	4.972158699429185
17.19	3.8376708427124973
17.2	0.8977491533142752
17.21	3.7847476318922415
17.22	4.263507835670658
17.23	4.701098167049844
17.24	5.991236108279057
17.25	3.286551726809601
17.26	3.2055751226983014
17.27	3.5946409427030392
17.28	2.0299024627186966
17.29	2.3850129931883752
17.3	6.857547954737976
17.31	4.895118864461463
17.32	4.634146511501927
17.33	2.3505978682726982
17.34	7.303261186829421
17.35	3.759906962586831
17.36	4.811625400787496
17.37	7.78313422169893
17.38	5.7671462545386465
17.39	4.54836908006215
17.4	4.4012071076214205
17.41	7.557141978223205
17.42	7.84108363362564
17.43	7.932150607731647
17.44	6.971009167509858
17.45	8.234164207843488
17.46	8.701082402691297
17.47	10.581085101302241
17.48	11.473943147693394
17.49	14.344325718601699
17.5	11.685795880111828
17.51	11.543679179271653
17.52	15.820707254267479
17.53	16.028639393034968
17.54	14.425119536467557
17.55	16.767706107472165
17.56	17.928754192309302
17.57	15.646029616153042
17.58	19.002245715503463
17.59	19.909492303568413
17.6	17.623216799805288
17.61	20.872025246555726
17.62	20.137618551914986
17.63	20.805938806735245
17.64	20.037956582758007
17.65	21.027909185957146
17.66	22.39753325573849
17.67	23.827420103995905
17.68	23.769406203766522
17.69	22.130341518189372
17.7	20.749976602027743
17.71	26.31348565940325
17.72	27.889082622552117
17.73	25.602152894905807
17.74	25.784962265889344
17.75	25.696096393559216
17.76	26.312077608119438
17.77	27.27430009789281
17.78	27.364054711550278
17.79	26.549263579242247
17.8	28.124542888656975
17.81	28.225886251184424
17.82	27.530852775510787
17.83	26.803286435719055
17.84	25.097406339902367
17.85	30.51092747336163
17.86	29.232560057569952
17.87	26.63592380145237
17.88	29.27939535793985
17.89	27.474763761467933
17.9	28.249060352925113
17.91	28.517865339833733
17.92	25.761690903452376
17.93	25.96436932980208
17.94	26.219810876425086
17.95	26.324682066884282
17.96	22.396909236451133
17.97	25.034744309687575
17.98	25.616839342239384
17.99	25.31873966075984
18.0	23.62163010335116
18.01	20.263413000756668
18.02	19.76196138301021
18.03	24.35583097148016
18.04	19.60885262691335
18.05	18.007172950347716
18.06	18.659993724405357
18.07	16.59121254227313
18.08	16.849705115835246
18.09	18.164262039210783
18.1	19.98323740257314
18.11	15.703674681795773
18.12	17.250007749973015
18.13	12.572502339364352
18.14	13.277332519171141
18.15	12.67284694973251
18.16	13.496438651872982
18.17	11.546785847762767
18.18	11.864911220830512
18.19	8.368771427187022
18.2	12.176013969440406
18.21	9.652857431259783
18.22	10.27145539108439
18.23	9.162551965907195
18.24	8.42165886915155
18.25	8.095467620779166
18.26	7.368562287513931
18.27	8.244430458390966
18.28	5.904113838145598
18.29	6.360139670715359
18.3	5.347738052409863
18.31	4.278292617823298
18.32	1.570260740691713
18.33	3.4278970933424997
18.34	8.137716787832094
18.35	3.8904197774176428
18.36	3.1116688658042033
18.37	5.049266066438317
18.38	2.7417939839672436
18.39	4.151617740042017
18.4	5.271775134387411
18.41	2.881015516389378
18.42	4.530561165975432
18.43	3.7339074933298346
18.44	2.407834680205599
18.45	3.875629696445512
18.46	3.693172572327798
18.47	8.05125655792602
18.48	4.098574605986423
18.49	4.386739106080596
18.5	5.795323186644767
18.51	3.677784859368309
18.52	3.6309347442239437
18.53	5.266458285320942
18.54	6.404562462588371
18.55	6.439722000359477
18.56	6.5849385760712424
18.57	4.5576349938667775
18.58	5.987258640893072
18.59	6.154060841089174
18.6	10.494809177040521
18.61	7.44936908144203
18.62	8.556594285009133
18.63	9.005468774163297
18.64	8.996628826169895
18.65	11.25338716662863
18.66	9.787186188595962
18.67	12.406367270015147
18.68	12.044943774490264
18.69	13.617271713990476
18.7	13.90025760997418
18.71	15.342487574466942
18.72	15.615893496891495
18.73	19.859449170637216
18.74	20.477538708375086
18.75	19.70297115243229
18.76	18.09530576923785
18.77	19.55064229592087
18.78	21.613863556252284
18.79	22.521561682694745
18.8	20.586746095166085
18.81	24.976086943072605
18.82	23.449589565119307
18.83	23.02560286456372
18.84	25.846482208710096
18.85	25.823005385002578
18.86	24.67994211686317
18.87	22.991997063588872
18.88	26.61724938467411
18.89	23.939674715986182
18.9	23.95148360363635
18.91	27.728987071324905
18.92	26.58458912507802
18.93	28.607109844558916
18.94	25.84972660098703
18.95	26.223146558884313
18.96	28.974525134740706
18.97	28.402294978798665
18.98	27.32003911494173
18.99	27.02738691262249
19.0	27.395142614902273
19.01	28.180401887033454
19.02	25.221796092849747
19.03	27.75326315915213
19.04	25.80120127290259
19.05	26.69402822195983
19.06	28.379980236172738
19.07	28.221248892121036
19.08	26.908475088942545
19.09	26.728304330598476
19.1	26.030370891730016
19.11	26.5594349333142
19.12	24.42817541688713
19.13	25.022434161023472
19.14	22.736673815002934
19.15	24.843276402373217
19.16	24.1305167649322
19.17	24.39981247580206
19.18	23.970462633114327
19.19	23.50102160011289
19.2	24.890091878963197
19.21	24.193250477122433
19.22	22.41226901292734
19.23	19.967209204553935
19.24	18.187431757888977
19.25	18.954021277892366
19.26	20.055266597943817
19.27	21.765747573584054
19.28	16.72966973485604
19.29	17.452094650802575
19.3	14.946392647202385
19.31	15.53026867644039
19.32	14.01374100365019
19.33	16.641113869724403
19.34	12.799567987634825
19.35	13.027896327425388
19.36	10.523318473622577
19.37	10.64197194762108
19.38	11.16455129223192
19.39	11.74024276369737
19.4	11.955159898026203
19.41	8.469087121610096
19.42	6.94333410339735
19.43	7.110306171565902
19.44	7.265071103572004
19.45	5.031566319182026
19.46	3.949580444941793
19.47	6.83052328565406
19.48	5.243480856846655
19.49	2.9019495466914034
19.5	5.124751829819559
19.51	2.956577326833046
19.52	1.5336172798461312
19.53	2.2807349953900626
19.54	4.341927167063703
19.55	1.996870577624778
19.56	0.9691558042405037
19.57	1.0757541879362391
19.58	0.9233669980918592
19.59	-1.1309655494484374
19.6	4.794564929402686
19.61	-0.45053862893544494
19.62	1.479590304483395
19.63	1.9181107390203826
19.64	0.9746524891787367
19.65	0.2625897986662319
19.66	-0.2465942800663229
19.67	1.9608929243566815
19.68	1.5712718274108823
19.69	-0.7736050663798618
19.7	-0.11321790865124806
19.71	-1.6792693550389013
19.72	0.023364680181327757
19.73	1.3379495033435953
19.74	-0.6434722632445757
19.75	-2.5208334826040404
19.76	-1.664206173100727
19.77	3.7454404520332876
19.78	2.4410520969849077
19.79	0.21978893933209842
19.8	-0.06804770604191535
19.81	-0.8780985319510095
19.82	1.4702543099122063
19.83	2.850242307909605
19.84	3.320944201615826
19.85	2.7722644279768094
19.86	1.3310039122423651
19.87	5.202246406897417
19.88	7.202906587696725
19.89	5.118445457226511
19.9	6.180619092691632
19.91	5.114402188873266
19.92	8.278991567749774
19.93	5.481043328644107
19.94	9.64968012425974
19.95	10.46181109317958
19.96	8.032607991712782
19.97	10.694083371710224
19.98	12.446204035787694
19.99	10.20688621332909
20.0	13.467077145542147
