10.01	0.5413208192023189
10.02	2.288296958381872
10.03	1.3711236539747762
10.04	2.269948139211317
10.05	0.8413734366700375
10.06	-1.2984107039774133
10.07	-1.6613714914395974
10.08	0.397512169401958
10.09	0.7109570825149047
10.1	-0.9468219732473039
10.11	0.2972173821353413
10.12	0.16469185880089765
10.13	0.5414454723100712
10.14	0.8195766153559976
10.15	-0.25763899205263163
10.16	2.052494387091276
10.17	0.238184630003401
10.18	0.13185526785501478
10.19	3.573896245776617
10.2	2.1417329830258294
10.21	-0.7655034146081173
10.22	1.3992491301348606
10.23	2.233626140163646
10.24	-0.1631044194688862
10.25	-1.540637788087341
10.26	1.6758438615911329
10.27	-1.2166605580841963
10.28	2.6597175988307624
10.29	0.776924959820356
10.3	0.7437343106509788
10.31	-0.6789936213901361
10.32	0.9992905689120913
10.33	1.1988593941208268
10.34	-1.3931845356131682
10.35	-1.7195792939863224
10.36	0.8654725202794613
10.37	-0.27017203039132753
10.38	2.0670619026726786
10.39	0.5933933699791819
10.4	-1.614367194874102
10.41	-0.9552159512856487
10.42	0.07230695630299305
10.43	1.289297896424038
10.44	-0.32225890960252335
10.45	1.8600197629267474
10.46	1.286578359748178
10.47	-0.041594098038843064
10.48	0.5261674332486069
10.49	-0.08177201818443802
10.5	0.6528796244004604
10.51	-1.3278074850837456
10.52	1.3203066621281199
10.53	1.5228715296407176
10.54	-1.0887263457441891
10.55	0.7915773981027991
10.56	1.0380742703029693
10.57	-0.8177067649149611
10.58	0.38441736721066894
10.59	1.3072578945086806
10.6	-0.748167811001687
10.61	2.117667925170065
10.62	-1.0214293042856168
10.63	1.671451421463154
10.64	0.5988450621204073
10.65	0.569184726256033
10.66	1.2698578563199034
10.67	0.7643980408481166
10.68	0.4564229286484872
10.69	2.4623184155174713
10.7	1.5429656636393019
10.71	0.03089791413155718
10.72	-0.2754043404262184
10.73	1.169293072971286
10.74	1.0890135880270049
10.75	1.6408409107003958
10.76	-0.37203690734002753
10.77	1.529200020896421
10.78	-1.9067360475093507
10.79	0.27505029009439713
10.8	-0.3751895989654356
10.81	0.04188712594143479
10.82	-1.0495096146014613
10.83	-0.13641234071081032
10.84	0.20794954472160737
10.85	2.530887294174127
10.86	-2.4110031592837693
10.87	1.8905810242570449
10.88	3.4720087929646133
10.89	-2.4709261733282832
10.9	3.548899892432914
10.91	0.9261447720238745
10.92	0.9483623372247799
10.93	-0.008452218957038626
10.94	-0.8232075337507642
10.95	1.0397004064782642
10.96	-2.0195524279526476
10.97	0.897815029958704
10.98	1.8843757182542094
10.99	-1.815018027168211
11.0	0.7968793178711628
11.01	-0.41342067857615306
11.02	1.2914540955997538
11.03	-0.2997311800799197
11.04	-0.3803815706727508
11.05	0.8327349447062466
11.06	-0.7955341572238439
11.07	-0.8632277353058981
11.08	0.9552458110633778
11.09	1.942913312699841
11.1	0.046150602834160726
11.11	-1.8652182957120083
11.12	0.2282031208554764
11.13	3.179885768095921
11.14	2.8818876858734486
11.15	1.5475096690396515
11.16	-0.8931095054519121
11.17	1.3373644678245973
11.18	-0.04767995575736039
11.19	-0.3162438329337306
11.2	-0.03291235824307481
11.21	1.6259615123648397
11.22	-0.6257349723276585
11.23	-1.4259998728495136
11.24	1.3520822181138332
11.25	-0.31030649313061176
11.26	-2.1058465028557505
11.27	1.502607392195348
11.28	-0.1558489948353159
11.29	0.534140288230285
11.3	1.005928456098646
11.31	0.42602938882732355
11.32	1.6428954911195488
11.33	-0.6834784893973856
11.34	0.16200091244854714
11.35	-0.021427263580850342
11.36	-0.5541594612927394
11.37	0.6133536398567655
11.38	-1.0920764879795586
11.39	0.25141606236653535
11.4	0.9555608272984195
11.41	1.044429190072551
11.42	4.782018288928861
11.43	1.1068772885781466
11.44	1.2629257344017544
11.45	-1.0013180916401425
11.46	2.751103485051853
11.47	0.35569112788086943
11.48	-2.200417051358386
11.49	-0.6946749073315933
11.5	-1.1141895305195666
11.51	-1.3245257258445866
11.52	-2.8664470240611175
11.53	1.6893028282749873
11.54	0.8301219646168081
11.55	1.1836949977271094
11.56	0.11264798469001833
11.57	2.3094910128911343
11.58	2.187826422307129
11.59	1.334201950261904
11.6	0.21812694326435866
11.61	-0.965659343285847
11.62	0.3712211651344398
11.63	-2.3422917172789948
11.64	-0.7722977218037823
11.65	1.5160210442471103
11.66	-1.6584864195017515
11.67	-1.340600117339248
11.68	1.118872647314244
11.69	2.4224632501831906
11.7	1.0545169041245812
11.71	-1.4530934601663952
11.72	1.4408449175117775
11.73	-1.178507869964665
11.74	-1.5344942522123257
11.75	0.7694526438444432
11.76	1.3921409332810402
11.77	0.38788894594570245
11.78	0.17145464205127492
11.79	0.5809388826380506
11.8	2.196045817170539
11.81	0.711443787237747
11.82	4.609216887590726
11.83	-0.4362223672371669
11.84	0.07515692211229319
11.85	-0.15825260116906348
11.86	0.07430621562240336
11.87	-0.29234066909514084
11.88	3.7288381790376044
11.89	3.2520252987913127
11.9	-2.0078738015705184
11.91	1.1328340018071499
11.92	1.1661146301022645
11.93	-1.8245856166099206
11.94	-3.2597835877031938
11.95	1.2487460376357358
11.96	-0.9588813147285432
11.97	-0.15380488759335154
11.98	0.37542356476772315
11.99	2.931502069932924
12.0	1.1085787030418073
12.01	1.2652115292465456
12.02	0.7122914882089202
12.03	3.92858417048473
12.04	0.5073346872044361
12.05	-1.398948031054398
12.06	1.1909122877221223
12.07	-3.194182343644588
12.08	-1.1007628871994584
12.09	-1.6538906605105417
12.1	0.805331484598957
12.11	2.2647473488270404
12.12	1.9319898979186128
12.13	-1.4073753546039371
12.14	-2.915647393456526
12.15	-0.6002022835348217
12.16	0.4577921614554325
12.17	0.7596633778647313
12.18	2.68694179316576
12.19	2.7766576678096486
12.2	-0.5826773559740548
12.21	2.3557079495275097
12.22	-1.7740290099678204
12.23	-2.7414100780639967
12.24	0.6933946792606303
12.25	0.7701646492508654
12.26	-2.5250947228512803
12.27	2.1928279959283694
12.28	-1.3861621282408314
12.29	-1.6594386465500275
12.3	1.6252221898740393
12.31	3.0588067483863397
12.32	0.26054279549997317
12.33	0.8573587634350395
12.34	1.8286297436208638
12.35	0.5556212832734915
12.36	0.23144312754134128
12.37	-1.0360324928170885
12.38	-1.113986633477497
12.39	0.041563567516959055
12.4	0.7361994259869358
12.41	-1.0213972251367254
12.42	-2.3259704570674673
12.43	0.597712629638954
12.44	-1.0910436937836638
12.45	0.15200125274590662
12.46	-2.5527745985181283
12.47	2.3991551292208406
12.48	0.09180778296077141
12.49	-1.6980356085587816
12.5	2.1652954409994187
12.51	2.533331677032467
12.52	0.7038051111783239
12.53	-0.4321522746016246
12.54	-1.0629635522808214
12.55	0.09300424624172049
12.56	-0.8898159981066556
12.57	0.19385531561412922
12.58	0.1684931868295467
12.59	4.507029897248331
12.6	-0.5146401333025021
12.61	-0.09354187001904068
12.62	0.4509499801248575
12.63	-0.13763531192588774
12.64	-2.574656932221186
12.65	-2.629474629958177
12.66	-0.045118920540310414
12.67	-0.3916407881962022
12.68	-0.3149110383705955
12.69	1.7474708189068866
12.7	-2.1761525486535356
12.71	0.6405974326409869
12.72	-0.827895179679379
12.73	-1.527745585568609
12.74	-0.8885637981904504
12.75	-0.10378689737203034
12.76	1.2763182751821702
12.77	-2.1510773011546416
12.78	-0.21587732658178338
12.79	-1.3645956813909779
12.8	1.1341499742232843
12.81	0.23414794249552823
12.82	0.9172463279017884
12.83	0.7626328689301156
12.84	1.9835853049887662
12.85	-0.4806287655239972
12.86	-1.2270970312607483
12.87	0.8106132093370939
12.88	-1.5657562684488655
12.89	0.58476982992996
12.9	2.5514316587669414
12.91	0.9822985957533579
12.92	3.361132534654504
12.93	-0.25987475163550355
12.94	0.500201358981099
12.95	-0.4804432360714725
12.96	0.5904768113403038
12.97	1.843128797414239
12.98	0.49248034597859813
12.99	1.0523984351325424
13.0	-1.7086792498518777
13.01	0.4044539972763916
13.02	-0.25604278610534853
13.03	-3.9500435177065016
13.04	0.25573005830002304
13.05	0.3450098012368831
13.06	-0.586790075673747
13.07	0.02932150326254848
13.08	-1.6372387151889074
13.09	0.9419352758550417
13.1	-2.60885001367384
13.11	-0.2858747860637157
13.12	1.4659561130103738
13.13	2.770263349009952
13.14	-0.24462909024019325
13.15	0.9246506823592017
13.16	0.4588770632740649
13.17	0.8957288091656381
13.18	0.12525180152495022
13.19	0.5266606449279055
13.2	-1.1551213813574763
13.21	0.8837010025199845
13.22	-0.09341474723278376
13.23	0.3823612275928206
13.24	-0.7380114338338992
13.25	0.7655663529883605
13.26	0.3415796594212357
13.27	1.1469715061866141
13.28	0.7431711793756444
13.29	-3.081919392436971
13.3	-2.321130889336615
13.31	3.2610804347100877
13.32	-0.8000753934848976
13.33	-0.13792265972564677
13.34	1.6832833648396823
13.35	-0.26194370228330754
13.36	-0.31851405756045265
13.37	-1.117817122567126
13.38	-2.033220462842093
13.39	1.334288276476941
13.4	2.522515645869768
13.41	-0.32016547424653663
13.42	-0.4457193977457999
13.43	-0.7911428178893378
13.44	-0.8209410380981312
13.45	-1.335470298144606
13.46	0.7918903988270964
13.47	-0.12468534494588021
13.48	0.5116273835280416
13.49	2.374963474145675
13.5	-2.586768375892968
13.51	0.16486734067452963
13.52	0.36054048264473215
13.53	1.2325680366053366
13.54	-1.6933185640895458
13.55	2.696893952824119
13.56	-1.9744030141940834
13.57	0.05047140010857465
13.58	2.478130693486434
13.59	-2.9496324209254876
13.6	-1.2623851224841762
13.61	2.3835704151436565
13.62	0.7920809637364437
13.63	0.8636613492291354
13.64	-0.6277370304842871
13.65	0.7880595203059153
13.66	0.22018822427124396
13.67	1.0350255116282308
13.68	1.9145231855291314
13.69	-0.6379668069307304
13.7	-0.9795869968994992
13.71	2.8077222521202048
13.72	4.2608242879216105
13.73	-0.19852644079507414
13.74	-1.9916325328196782
13.75	-2.7487815713370307
13.76	2.291472713024011
13.77	-2.045461996522728
13.78	-1.2053468903446365
13.79	-2.2965542196995044
13.8	-1.0309997240799
13.81	1.5979640868732405
13.82	-0.9477932838997165
13.83	-0.6881732384463886
13.84	-2.8756482766833424
13.85	1.8005054643142202
13.86	0.09929451787938119
13.87	-0.8306256519723916
13.88	1.2125432798674498
13.89	-0.6422967711265717
13.9	-0.1244908557812045
13.91	0.08430765962556333
13.92	1.606759858163732
13.93	-0.6146028114009117
13.94	0.9382087745688346
13.95	0.5199433503080162
13.96	0.01949266526174745
13.97	-0.4154498739109242
13.98	-0.6056338162497525
13.99	0.7954693457810063
14.0	-0.2160134155374896
14.01	0.11243800701419705
14.02	-0.10077931825803377
14.03	0.199147522885175
14.04	-1.740801255778951
14.05	-1.5902637852279562
14.06	1.609133380771802
14.07	0.556772872356813
14.08	1.666306179654912
14.09	0.7411827433065454
14.1	3.4812175404019086
14.11	-0.7912335617817046
14.12	-0.020969936184545956
14.13	-0.37459341469563184
14.14	0.6717719203496928
14.15	3.1364559999808987
14.16	1.7400764770934383
14.17	1.6740758686640047
14.18	0.7273921172275386
14.19	1.2938698290191715
14.2	-2.313386416010865
14.21	2.7226734185056376
14.22	-0.5473927642533913
14.23	0.6944653167766097
14.24	-1.0617846596175167
14.25	-0.59673497124544
14.26	2.410166922313567
14.27	1.2804984840139249
14.28	2.161205865298818
14.29	0.48111590783632036
14.3	-1.196030626351163
14.31	1.0558492689438452
14.32	0.3974108088195607
14.33	1.3964604025835534
14.34	0.9777578337622008
14.35	0.4295234402175517
14.36	-0.46446784040343975
14.37	0.3650017862758511
14.38	-0.8177143594238727
14.39	-0.765499302190152
14.4	1.2049664563526254
14.41	1.3601785558878075
14.42	-1.2691919170692205
14.43	0.044402008288038766
14.44	-1.681008849310482
14.45	1.9446369664827612
14.46	1.4185864865128546
14.47	-1.1822389627186045
14.48	-0.4713158995481324
14.49	1.29257670823732
14.5	-2.0519986913346515
14.51	1.58185076584187
14.52	0.27110058086506084
14.53	-1.971952985704847
14.54	-0.6427087908913318
14.55	-1.4628015237814134
14.56	-0.09361167491574254
14.57	-0.027627494288319537
14.58	2.9909608121671982
14.59	0.10545783826589572
14.6	2.920000594939774
14.61	-1.3221226635463335
14.62	1.2975094889752903
14.63	1.3037111859463828
14.64	-1.5054207908176902
14.65	1.9144196169054386
14.66	-0.29488542167426346
14.67	0.42640230942303736
14.68	0.8351909087518963
14.69	0.6391559412039336
14.7	-0.9008028547346845
14.71	1.14385650981816
14.72	-1.1113199024301275
14.73	0.8828810161342551
14.74	2.540049490144923
14.75	2.9015963917367857
14.76	1.4371792226126126
14.77	-2.869569942230765
14.78	1.162398549240776
14.79	1.2846934813449307
14.8	3.9353568498958293
14.81	-0.7391434332985338
14.82	2.1996217314669706
14.83	0.9389407652988899
14.84	2.310946351655562
14.85	-0.8633449093770471
14.86	-0.37335815444686066
14.87	-0.7797634899088632
14.88	1.4520294480888656
14.89	-0.8537586715701664
14.9	2.958252458793083
14.91	3.4146982827132804
14.92	0.67982818783684
14.93	2.8740974456052513
14.94	-0.40619492037516075
14.95	2.4082067794367195
14.96	-0.19137338047010716
14.97	1.6527768982386488
14.98	1.418748933450484
14.99	-0.8142615528144274
15.0	-0.716212144692117
15.01	2.089437127696529
15.02	-0.5829396695103002
15.03	0.30961562106857715
15.04	0.31339012731759897
15.05	-0.7359218933034164
15.06	0.5574232421372279
15.07	-0.8260293539186327
15.08	-1.4291431231080225
15.09	2.8153049230050757
15.1	1.6594111033364203
15.11	-0.10044850892313512
15.12	-0.4537725951952348
15.13	-0.07969728515454172
15.14	-1.1927526977161205
15.15	0.8707074587841541
15.16	1.1719770990476133
15.17	-1.2231153873563232
15.18	0.9161116635934148
15.19	-0.15616173140860345
15.2	-0.2769916706606646
15.21	1.479754391493566
15.22	-0.05464618355182599
15.23	-1.2556145287350422
15.24	-0.8552990377239542
15.25	-1.0059702290145098
15.26	0.0013799852804532303
15.27	0.5899537904962919
15.28	-1.1020000530808858
15.29	0.01620712622819606
15.3	0.6831523982966454
15.31	2.1159217226682197
15.32	2.0420897059260996
15.33	-0.0769714207919833
15.34	1.9529194219838517
15.35	-1.231791604546528
15.36	-1.0073081380781514
15.37	-0.8832508680163504
15.38	0.4557064407120101
15.39	0.9490379233134072
15.4	1.1914203013960567
15.41	0.3006956400204083
15.42	-1.530792053557152
15.43	1.4027947832904708
15.44	-0.8262829656882456
15.45	1.3860855440663487
15.46	-1.8271998311454016
15.47	0.36527695868287613
15.48	1.7557021482512918
15.49	-0.5972848735042244
15.5	-1.5721427423856111
15.51	-0.29786307598309253
15.52	0.4014373213920765
15.53	1.901258287783264
15.54	-0.38490008191009156
15.55	-0.894380729642535
15.56	-1.2174043575176194
15.57	2.01726639985632
15.58	-2.5760059410175375
15.59	-0.820801547697986
15.6	-0.4261411978460404
15.61	4.284053064964144
15.62	-1.3571386709669029
15.63	-1.3298254265520328
15.64	0.37761804821939166
15.65	1.7346093965277387
15.66	0.04645157076246019
15.67	-1.0689133999591593
15.68	1.7169515523469134
15.69	-0.26202294428882905
15.7	-1.5172752007988783
15.71	1.59042756413546
15.72	-2.2755152275394552
15.73	-2.115954484495603
15.74	-1.2871601729329387
15.75	-0.025387303795608218
15.76	-0.5793007547497349
15.77	-0.5951608102239927
15.78	0.7418122266623038
15.79	1.257447141463663
15.8	-0.6305637143733649
15.81	0.38614718921499414
15.82	-0.11279776527603638
15.83	-0.4282161392142633
15.84	2.643600087281551
15.85	0.29340764419941745
15.86	2.070073283693153
15.87	-0.0005330877769569864
15.88	0.9032920961977309
15.89	1.2919370167549529
15.9	-2.500893563539679
15.91	-1.5814722021654473
15.92	-0.9816237524558902
15.93	-1.2697866862295513
15.94	-0.7263609028717288
15.95	-0.1106304388726504
15.96	0.2785550820292366
15.97	1.1631913773247642
15.98	-0.060807886047247406
15.99	0.9590967528972197
16.0	-0.3918157619413132
16.01	-0.38040481764561135
16.02	-0.2102871727790993
16.03	1.439582461789502
16.04	-0.5192106894121153
16.05	1.7054292393676944
16.06	-4.219387537275207
16.07	-0.7917358892445403
16.08	-0.2957491221835633
16.09	0.0957518871858929
16.1	1.0658050239634265
16.11	1.1719250348885795
16.12	1.6174644074611733
16.13	-0.10176467428738523
16.14	0.6407809811142844
16.15	0.47907498123515624
16.16	-0.24981042919021412
16.17	0.21146608651063586
16.18	-0.9592755755184033
16.19	-0.723723085766024
16.2	-0.6856927349912264
16.21	2.525260572716493
16.22	0.536458030078214
16.23	-1.4942289201741712
16.24	2.068177509011058
16.25	0.1308941379320104
16.26	-2.2671409309390382
16.27	1.586460487070014
16.28	1.4551598863072466
16.29	3.64643948629535
16.3	1.1498308087506401
16.31	0.08450115078684999
16.32	-0.10178613631807912
16.33	-1.1827929927962253
16.34	-1.5719736481061397
16.35	-1.5562133147051813
16.36	-1.7214504223596883
16.37	-0.9315322416165539
16.38	-0.17938144691739427
16.39	1.1100661400567284
16.4	1.4777205507312754
16.41	-1.4299308223233318
16.42	0.5208254342706881
16.43	-1.1641958182301233
16.44	-0.19623234391887015
16.45	-0.7075175482823234
16.46	0.34227953031307756
16.47	0.41409658578764025
16.48	-1.5438886998428916
16.49	0.9248021250892109
16.5	-0.5428549949156836
16.51	2.0356254641953813
16.52	1.4667930976180064
16.53	0.5301114608208906
16.54	2.050870304697492
16.55	-0.9152341735462244
16.56	-0.016187218670155185
16.57	1.0672667089677388
16.58	-1.1821984706892312
16.59	-0.8352786624276226
16.6	2.023920802599733
16.61	-0.13880672071213826
16.62	0.5267031152776162
16.63	-0.4706851633522198
16.64	-1.8312767969286228
16.65	-4.1905640305485905
16.66	-1.49748095320062
16.67	0.5219949158170105
16.68	-0.22945943983846617
16.69	-1.597031286665567
16.7	-1.3017321989718222
16.71	1.4742501205929393
16.72	2.4789401729934863
16.73	-0.6558183553164121
16.74	0.9965454256480287
16.75	-1.4089751022154682
16.76	3.048675509193817
16.77	2.4699609352648157
16.78	-0.9208332057903121
16.79	-1.5419688703679395
16.8	3.680291937083466
16.81	-0.752657720892823
16.82	0.5239223028226796
16.83	-3.945401865326593
16.84	0.8946764453615137
16.85	-0.6534369217229932
16.86	-0.7324462847465966
16.87	1.8211237636294981
16.88	0.7167140630725781
16.89	-0.4256580419709123
16.9	-0.21380080701132054
16.91	1.0719007709187915
16.92	0.9324667604995125
16.93	2.3339975674719633
16.94	0.3910704746209957
16.95	-0.5393710081237083
16.96	-0.49516316149100265
16.97	2.5924562349045
16.98	-1.1969851569074672
16.99	1.4063855863963943
17.0	-0.35981966080494876
17.01	1.9036929931962239
17.02	-0.4457535433306075
17.03	0.8075202812775658
17.04	1.5506251535630577
17.05	1.262471412684988
17.06	1.18349445134192
17.07	-3.6837482239084625
17.08	0.8927979268096953
17.09	-0.48887836561213044
17.1	2.4697618068104066
17.11	-0.07821697315035774
17.12	0.5425938298638454
17.13	-4.892525345568507
17.14	2.3688849749166607
17.15	3.227248338578882
17.16	0.9014833037238998
17.17	-0.8516375389913236
17.18	-0.5069453362593623
17.19	-0.9287450679641511
17.2	-0.9928858786952481
17.21	0.44605667423782536
17.22	3.2885014704438094
17.23	3.3902887839485762
17.24	0.692574753186217
17.25	0.32669348824345823
17.26	0.10642411155767459
17.27	1.0903725506768294
17.28	-0.43662540140031264
17.29	-1.5556887780893078
17.3	-0.7627483426700896
17.31	0.7694258726937506
17.32	0.1946282545242899
17.33	-1.0483937458342782
17.34	-1.9470159485257414
17.35	1.6031520261031065
17.36	-0.43884553233409557
17.37	-0.4822526880461146
17.38	-0.2709982810558777
17.39	1.0504033616645416
17.4	1.641687915875318
17.41	-0.634219713546444
17.42	-0.3849853716827375
17.43	-0.5646842703453225
17.44	1.8104346928980002
17.45	-0.423227969796976
17.46	0.16137558500879706
17.47	2.8397196657181105
17.48	1.5457326623980703
17.49	-0.07836392269507289
17.5	-1.1620946753256651
17.51	1.3312037253358735
17.52	0.9019768602290419
17.53	0.4902160569442859
17.54	-1.4682823203851356
17.55	2.235051359591755
17.56	0.32049087802787124
17.57	1.2118751093527533
17.58	-1.3567565054688937
17.59	0.3067670544714041
17.6	0.2514003222932075
17.61	1.8160899476060062
17.62	1.3691406131670747
17.63	-3.428184613022759
17.64	-1.9320920829470323
17.65	1.8892391022981758
17.66	-0.10732134645139414
17.67	1.3705296058978316
17.68	1.275580928640903
17.69	-0.3811105265006775
17.7	-2.1552384352844327
17.71	0.14165552918833835
17.72	0.2013354012623425
17.73	-0.013926768585139027
17.74	0.7567825397009953
17.75	-1.012980498339953
17.76	0.9724320859637765
17.77	-0.4184731180789016
17.78	2.555371174497177
17.79	-1.3719750091377376
17.8	2.52304508438047
17.81	-0.5279511518731108
17.82	1.2806124992598988
17.83	-0.22481618437877315
17.84	-0.7671958567492134
17.85	0.6253396609640147
17.86	-1.9812206827805687
17.87	0.9134046422994201
17.88	-0.771094820976048
17.89	-0.9181620415175208
17.9	-0.0032069790516741636
17.91	-0.8431630656268314
17.92	1.0042975165562154
17.93	0.521162426391903
17.94	-0.034780469745251064
17.95	-0.09536408241939509
17.96	2.327733786109923
17.97	-0.07599037057088584
17.98	1.0002537642316742
17.99	0.7804805124658498
18.0	0.552718414430615
18.01	2.170444378310173
18.02	1.209640320554194
18.03	1.7232984667606526
18.04	-2.534749160311198
18.05	0.32516123520060675
18.06	-0.18006485356530877
18.07	-0.8534203387488614
18.08	1.1038036910901345
18.09	0.552508653213585
18.1	1.202937017620549
18.11	2.1014512150894555
18.12	0.14226784605967085
18.13	-0.8037755477861319
18.14	-1.6387211779566688
18.15	1.438613115697264
18.16	0.9965356161391077
18.17	2.187802895232063
18.18	-1.0976512184661096
18.19	-0.11481868834821596
18.2	2.1917883307847696
18.21	-0.38198810778546866
18.22	1.9981018685152296
18.23	1.3103260607910965
18.24	1.419145585473889
18.25	0.03169215332523884
18.26	-1.1732168528709819
18.27	2.451553141216665
18.28	-0.3871421177478672
18.29	-0.7979807798393438
18.3	-0.1472085364022846
18.31	0.989678086801647
18.32	1.3321834539839226
18.33	1.9895298892760462
18.34	0.8730680896795955
18.35	0.20887049355268425
18.36	-0.22736412436067754
18.37	0.8925881436094539
18.38	1.2379669715631907
18.39	1.684374948714698
18.4	1.2573698721870505
18.41	3.2256677399634692
18.42	2.972619176606169
18.43	-1.9447436183272253
18.44	0.21099027320874603
18.45	1.4867519047043984
18.46	0.5344138082204968
18.47	2.0927317198781648
18.48	2.072022649578307
18.49	0.7483293064079561
18.5	-0.2054275489798021
18.51	0.548825176134675
18.52	1.7237060637723252
18.53	0.4303507788202307
18.54	0.8499902366311249
18.55	-1.5943285678291836
18.56	0.22856607252344158
18.57	-2.03089657923198
18.58	0.636846854922981
18.59	0.6259955810873078
18.6	-2.3647272701193374
18.61	0.47893448022678015
18.62	0.9511726307848265
18.63	-0.20756593363649123
18.64	1.927742097522656
18.65	-0.7683137870371856
18.66	-0.06076448753007013
18.67	-0.2204270099087553
18.68	2.9134349518849154
18.69	0.07097134294438973
18.7	-0.2641666581344798
18.71	0.40308277215482735
18.72	0.9330355271743607
18.73	2.3155739309457237
18.74	1.780496616586038
18.75	-0.01774560805277947
18.76	2.325110636138385
18.77	-1.5896281776663514
18.78	0.927434426843607
18.79	1.299650095219928
18.8	1.259923759322921
18.81	0.8983501718413673
18.82	3.8112100476685833
18.83	1.731005128330008
18.84	-1.2489294666815218
18.85	-1.748178529179102
18.86	-0.7114072768818139
18.87	1.8350086692279604
18.88	-0.9229659316752471
18.89	-1.9277341321683834
18.9	1.1076871891196487
18.91	-1.2264457425868747
18.92	-0.7178841493199805
18.93	1.1677595979431663
18.94	0.17660986402919648
18.95	0.9806434941835908
18.96	-0.41536934365215905
18.97	0.33170537548713025
18.98	-0.5632891981863676
18.99	2.2370117871773347
19.0	2.3952345774202106
19.01	-0.6061438563034364
19.02	-2.876901053085833
19.03	-0.3067704013131014
19.04	0.23238792022383148
19.05	0.3774755100632629
19.06	-0.45196724772762753
19.07	0.003318993945485238
19.08	1.7255785469922484
19.09	0.587125772666345
19.1	2.9794595579031915
19.11	-2.479173477374617
19.12	-0.8655313147865534
19.13	-0.6045957274553831
19.14	0.3954311983089184
19.15	2.6856352670680668
19.16	-2.570840344517748
19.17	-1.4988928383748195
19.18	1.6463026051215621
19.19	-0.6974442720255914
19.2	1.846577810477696
19.21	0.6441246618236074
19.22	0.1621447554502335
19.23	-1.261574025533314
19.24	0.988611957400694
19.25	-1.029111079445029
19.26	2.5189482627704294
19.27	1.1808882255648014
19.28	1.3368974036612848
19.29	3.274253968019466
19.3	1.674621051134936
19.31	-0.1654323461716738
19.32	-0.6275453399926229
19.33	1.2093254365763797
19.34	1.4190530280437352
19.35	0.6663063089189205
19.36	-0.543165313264217
19.37	0.6774130898269912
19.38	1.39367502715774
19.39	-0.18841519824006714
19.4	1.455728577293577
19.41	2.6443520567437666
19.42	0.8843737264011335
19.43	1.1255785847132538
19.44	-0.9655244286724581
19.45	1.9672374964348505
19.46	0.16529500282598814
19.47	2.4592034048058644
19.48	-0.00871301188817275
19.49	0.07458497813369058
19.5	1.2092748839369707
19.51	1.0471219845094555
19.52	0.10671890427473568
19.53	2.7919944456152757
19.54	2.056256991990107
19.55	2.2025619084344137
19.56	1.074405497034157
19.57	0.14845901550913881
19.58	-0.5000728519366618
19.59	1.6402009588679611
19.6	0.7258127597954775
19.61	0.16119881890862708
19.62	1.7482885209996835
19.63	1.2691541989405568
19.64	1.4417873402680423
19.65	2.4837450589976564
19.66	1.675284648877629
19.67	2.7328612373851917
19.68	-0.15094497655964978
19.69	0.2497091942649567
19.7	-1.0227479855673964
19.71	3.316328514485644
19.72	2.0353257022094895
19.73	1.825509230796059
19.74	0.13291344925570187
19.75	0.030383099874200903
19.76	1.1107989947607741
19.77	-0.9274788245220323
19.78	-0.10127243248566553
19.79	-0.8990405330410368
19.8	-2.344584196192995
19.81	-0.3270346153134559
19.82	1.4847507647499385
19.83	0.6371483849286976
19.84	0.608248967869332
19.85	-0.4116032167302005
19.86	0.6722769379808609
19.87	-1.533796611646702
19.88	-3.2543079630397935
19.89	1.4921515480893306
19.9	0.47831535725840557
19.91	0.2220329946091566
19.92	1.8569683821262024
19.93	-2.3249192481220424
19.94	2.9335656733676934
19.95	1.882260644477253
19.96	-1.0566234405792994
19.97	0.565725453001312
19.98	1.0499699357710632
19.99	-0.8538330512426496
20.0	-2.3151471209536716
