1.968503937	-96.19253057490363
1.970472441	-80.9496413205498
1.972440945	-72.35975537046038
1.974409449	-85.04576609144668
1.976377953	-106.91397523571085
1.978346457	-110.04209807861466
1.980314961	-90.45321323246354
1.982283465	-73.03922986583729
1.984251969	-74.08089461518534
1.986220472	-86.91833066858115
1.988188976	-89.65123059850681
1.99015748	-74.72239710462652
1.992125984	-53.700408864349505
1.994094488	-51.93603077186814
1.996062992	-65.8660752361392
1.998031496	-79.08165988096039
2.0	-77.19067098382287
2.001968504	-64.24029931417878
2.003937008	-61.49192574369603
2.005905512	-73.37052347595305
2.007874016	-89.03512955999925
2.00984252	-92.1566307119418
2.011811024	-78.45412061119463
2.013779528	-64.77289924923795
2.015748031	-63.8978908313723
2.017716535	-70.54848052516262
2.019685039	-74.73163844564137
2.021653543	-74.98777229529951
2.023622047	-82.16959542413933
2.025590551	-99.47429190364721
2.027559055	-108.53353928183607
2.029527559	-100.12584529455359
2.031496063	-81.10103921325424
2.033464567	-74.96242855713054
2.035433071	-94.1448347944763
2.037401575	-116.90954830967001
2.039370079	-117.56934041996793
2.041338583	-94.48770786506765
2.043307087	-72.62712860587828
2.045275591	-76.1047578001205
2.047244094	-98.77746923084145
2.049212598	-113.16544398897858
2.051181102	-104.39485653887627
2.053149606	-84.41031917251881
2.05511811	-78.96849248244817
2.057086614	-90.60341931671019
2.059055118	-103.79394511777576
2.061023622	-107.61259902717785
2.062992126	-100.04422969340216
2.06496063	-95.29192523464667
2.066929134	-95.75876791443117
2.068897638	-97.67917009562034
2.070866142	-96.3493818823489
2.072834646	-99.80638955609363
2.07480315	-108.50114318657239
2.076771654	-112.10343298711047
2.078740157	-99.51205037842796
2.080708661	-74.74293918353527
2.082677165	-63.24617011748936
2.084645669	-79.03795465928724
2.086614173	-105.88714777636652
2.088582677	-112.63285634880329
2.090551181	-92.40633680074976
2.092519685	-72.64838911664894
2.094488189	-85.42696181627835
2.096456693	-120.97910614158612
2.098425197	-147.09304603546343
2.100393701	-142.774255427188
2.102362205	-121.80810224720003
2.104330709	-110.31145069836056
2.106299213	-116.82850297687038
2.108267717	-120.0647636076641
2.11023622	-108.61865391978161
2.112204724	-91.29928185341333
2.114173228	-85.80813879476108
2.116141732	-94.6721508051869
2.118110236	-109.91824020719918
2.12007874	-117.01027367551974
2.122047244	-116.18017680550034
2.124015748	-110.15091007701395
2.125984252	-104.08750672151865
2.127952756	-103.73182440295359
2.12992126	-113.70181758891289
2.131889764	-129.16714105341086
2.133858268	-137.3377185734062
2.135826772	-125.23321286015504
2.137795276	-102.66522843674241
2.13976378	-94.43007581184774
2.141732283	-108.10524446041656
2.143700787	-133.15533216136834
2.145669291	-143.0124694888114
2.147637795	-125.78637458048132
2.149606299	-98.26558467165957
2.151574803	-89.99698513437875
2.153543307	-104.07627779463346
2.155511811	-115.87023059231572
2.157480315	-106.18468803760271
2.159448819	-76.45484097349063
2.161417323	-54.59723041155653
2.163385827	-65.26500861668588
2.165354331	-98.75626461016932
2.167322835	-124.93649996985597
2.169291339	-122.96214812651155
2.171259843	-100.9731780286832
2.173228346	-88.56012246974052
2.17519685	-104.41511374589366
2.177165354	-136.76088066018661
2.179133858	-155.63708945973758
2.181102362	-147.60426166274064
2.183070866	-128.6343893803245
2.18503937	-120.53848352322065
2.187007874	-131.55706048029606
2.188976378	-142.68754304277948
2.190944882	-133.63524310029666
2.192913386	-104.3581754526714
2.19488189	-79.45456567946073
2.196850394	-79.51571663257221
2.198818898	-98.20597925863827
2.200787402	-113.53565132406855
2.202755906	-111.86043323578467
2.204724409	-102.99101810833099
2.206692913	-108.39149784028571
2.208661417	-132.80933687235353
2.210629921	-153.7486585302284
2.212598425	-156.3140849280913
2.214566929	-138.65833041892978
2.216535433	-123.28551229900091
2.218503937	-127.6895464111773
2.220472441	-143.16769524403207
2.222440945	-152.58871397773774
2.224409449	-145.62370297448481
2.226377953	-129.86204543682788
2.228346457	-124.60156532001042
2.230314961	-131.61700599355922
2.232283465	-139.484803634213
2.234251969	-134.47303634045588
2.236220472	-120.27147278346779
2.238188976	-109.03575967823774
2.24015748	-109.84023109972084
2.242125984	-116.92785732633318
2.244094488	-122.68508370086467
2.246062992	-124.93808127275867
2.248031496	-129.54798256845257
2.25	-135.46748962997927
2.251968504	-138.1366409189717
2.253937008	-132.6963871296019
2.255905512	-128.40614353105823
2.257874016	-127.32970334436006
2.25984252	-131.4788082768532
2.261811024	-135.5895475262644
2.263779528	-137.42703193053282
2.265748031	-136.11645270639082
2.267716535	-133.1685370955288
2.269685039	-131.8223700018929
2.271653543	-136.49006659833375
2.273622047	-149.65110114647297
2.275590551	-159.51189889760417
2.277559055	-153.07945313216425
2.279527559	-130.25616262031804
2.281496063	-111.9280714751439
2.283464567	-116.41516315826661
2.285433071	-137.0310750404507
2.287401575	-146.41909004396
2.289370079	-132.49379539227908
2.291338583	-110.45900535164576
2.293307087	-104.80344373291086
2.295275591	-125.63630885763651
2.297244094	-153.4184258412013
2.299212598	-167.29140052975447
2.301181102	-163.91242745089033
2.303149606	-149.85101797470912
2.30511811	-141.4118120131394
2.307086614	-145.13695620957745
2.309055118	-153.36224172320772
2.311023622	-154.11788657582304
2.312992126	-137.92746388665356
2.31496063	-113.77559856375952
2.316929134	-102.90329572518276
2.318897638	-116.24610328063835
2.320866142	-137.8378381271006
2.322834646	-149.10746557477586
2.32480315	-146.59130354810227
2.326771654	-148.81937804825972
2.328740157	-164.12767032326352
2.330708661	-178.18218728957766
2.332677165	-171.29220339122938
2.334645669	-148.03694030660748
2.336614173	-137.59590896548056
2.338582677	-157.5685849406772
2.340551181	-181.87742175007492
2.342519685	-172.49609750639783
2.344488189	-135.23272295399778
2.346456693	-111.76331510084206
2.348425197	-135.3456561860156
2.350393701	-186.93275571333106
2.352362205	-209.12837219500094
2.354330709	-183.47139136757747
2.356299213	-141.7407531995876
2.358267717	-138.30369527433183
2.36023622	-175.31138357894204
2.362204724	-213.981154131577
2.364173228	-215.12759624873252
2.366141732	-185.18702281282447
2.368110236	-162.42441374483437
2.37007874	-168.51408065284232
2.372047244	-190.4950652394131
2.374015748	-206.441610141954
2.375984252	-212.35203168124016
2.377952756	-216.95030897109646
2.37992126	-219.2500116063827
2.381889764	-209.1217011024229
2.383858268	-189.5743500450018
2.385826772	-176.28506151243454
2.387795276	-182.71679038311746
2.38976378	-200.16389173402246
2.391732283	-205.15382136596187
2.393700787	-192.39175785934356
2.395669291	-178.9650415766655
2.397637795	-181.0881115570007
2.399606299	-189.12900696550994
2.401574803	-185.5094741090871
2.403543307	-163.688269175802
2.405511811	-144.0199274427803
2.407480315	-136.42409503621764
2.409448819	-140.3073556285021
2.411417323	-138.4161158797041
2.413385827	-123.94229282644008
2.415354331	-102.93417271234583
2.417322835	-88.93424105165388
2.419291339	-98.60818680354929
2.421259843	-128.47168647677492
2.423228346	-153.04264537082463
2.42519685	-151.85588546591475
2.427165354	-116.62082953388152
2.429133858	-78.8062701210479
2.431102362	-75.52465793940613
2.433070866	-106.5821592790254
2.43503937	-135.3197947315291
2.437007874	-125.67682826101637
2.438976378	-88.63727731465599
2.440944882	-68.03831467742566
2.442913386	-90.9875642573531
2.44488189	-140.76097195931462
2.446850394	-173.4517028766606
2.448818898	-169.5369796504217
2.450787402	-143.52090929546043
2.452755906	-123.71258312623543
2.454724409	-126.15140289076122
2.456692913	-136.78583234102234
2.458661417	-141.62387152836342
2.460629921	-131.61368523726702
2.462598425	-111.78881780054174
2.464566929	-103.04890670375055
2.466535433	-120.00173645990515
2.468503937	-156.58844979276256
2.470472441	-192.97306854133444
2.472440945	-217.3149364714541
2.474409449	-250.4850555899777
2.476377953	-314.77781289396586
2.478346457	-404.91567899572357
2.480314961	-483.2064973262858
2.482283465	-524.5292515685303
2.484251969	-543.1908769907297
2.486220472	-578.8494101840444
2.488188976	-634.566315192415
2.49015748	-674.6986519801093
2.492125984	-663.1765166956786
2.494094488	-606.767910264144
2.496062992	-546.748141145299
2.498031496	-507.141790618903
2.5	-469.57724431148495
2.501968504	-402.6942149182423
2.503937008	-305.8100825490551
2.505905512	-203.21487603009857
2.507874016	-126.05862572111634
2.50984252	-77.57049910386978
2.511811024	-47.58416413301448
2.513779528	-25.6723598918956
2.515748031	-11.895584677845903
2.517716535	-11.420874137403471
2.519685039	-21.019515035444055
2.521653543	-39.39287345597527
2.523622047	-61.3260135840701
2.525590551	-75.77819787527716
2.527559055	-75.47374554084988
2.529527559	-65.12166015924063
2.531496063	-58.80529761663527
2.533464567	-64.37585800748744
2.535433071	-70.68057059312949
2.537401575	-62.341727801197614
2.539370079	-36.88360214331013
2.541338583	-21.396347644458626
2.543307087	-32.07459068264581
2.545275591	-58.47505186674281
2.547244094	-67.76733788283474
2.549212598	-47.407998812956784
2.551181102	-20.58580972543258
2.553149606	-15.86566906600032
2.55511811	-37.633667553957274
2.557086614	-60.80856275936743
2.559055118	-56.23308232544136
2.561023622	-26.8017094003123
2.562992126	-8.090833640581847
2.56496063	-21.439270682522963
2.566929134	-54.315180692363384
2.568897638	-77.22854487006991
2.570866142	-73.79665334452547
2.572834646	-59.039761771486134
2.57480315	-57.46119766163684
2.576771654	-73.21302644002172
2.578740157	-84.54999632286356
2.580708661	-73.77885726372577
2.582677165	-48.04591264365896
2.584645669	-30.847330848506292
2.586614173	-38.342849343387456
2.588582677	-56.6020569582971
2.590551181	-66.65426379385119
2.592519685	-62.949488169128095
2.594488189	-56.31220092603782
2.596456693	-57.87859749732901
2.598425197	-68.2700607076507
2.600393701	-81.00432449617597
2.602362205	-93.28768890430452
2.604330709	-100.5297719299292
2.606299213	-103.88098495170816
2.608267717	-100.52634575339553
2.61023622	-98.18313299928671
2.612204724	-104.65030179367203
2.614173228	-108.87616034630199
2.616141732	-99.70939637842929
2.618110236	-80.06982912881362
2.62007874	-69.82615536099772
2.622047244	-90.50250744063868
2.624015748	-127.8030620365767
2.625984252	-143.48433313671222
2.627952756	-119.03607023658577
2.62992126	-80.21365780634038
2.631889764	-72.12791181871464
2.633858268	-107.59747147071428
2.635826772	-154.79885696956595
2.637795276	-172.9022945175837
2.63976378	-151.7038430125419
2.641732283	-115.19379462135868
2.643700787	-99.02878072634165
2.645669291	-112.63619505653196
2.647637795	-144.96238736293432
2.649606299	-170.82577613427495
2.651574803	-174.5243275284067
2.653543307	-154.69474843314217
2.655511811	-129.47183437565533
2.657480315	-119.20923189493753
2.659448819	-131.4345750663401
2.661417323	-155.83286339353532
2.663385827	-170.19347870705806
2.665354331	-167.13788757761597
2.667322835	-153.62638790726496
2.669291339	-146.69408213116554
2.671259843	-148.47077209184124
2.673228346	-160.49187071709636
2.67519685	-171.9943909834546
2.677165354	-175.48872844099597
2.679133858	-179.61762195793563
2.681102362	-186.37938547942804
2.683070866	-202.79421413665068
2.68503937	-220.12913000525484
2.687007874	-229.78362674542072
2.688976378	-218.98635020572578
2.690944882	-195.53473379530965
2.692913386	-180.00469614367427
2.69488189	-184.42760228840083
2.696850394	-204.4917379972414
2.698818898	-214.27935704472395
2.700787402	-200.44555193304197
2.702755906	-175.93216261175652
2.704724409	-171.4337947229039
2.706692913	-198.47099155461848
2.708661417	-236.0072808443829
2.710629921	-259.99709660830763
2.712598425	-263.9163195071121
2.714566929	-264.9510729037002
2.716535433	-268.9531476105305
2.718503937	-268.41293876731714
2.720472441	-252.1170037924393
2.722440945	-230.24856996835794
2.724409449	-222.38152552470711
2.726377953	-231.92920673001206
2.728346457	-245.61539602880217
2.730314961	-245.27134357275892
2.732283465	-233.18160809976487
2.734251969	-225.46847702549354
2.736220472	-234.39816592848152
2.738188976	-255.32704271080294
2.74015748	-270.3150975543132
2.742125984	-275.5498401881233
2.744094488	-270.386826894738
2.746062992	-261.25919674931106
2.748031496	-251.00110065842694
2.75	-242.6922483938967
2.751968504	-240.6369225749996
2.753937008	-240.63993008057173
2.755905512	-243.44685235333228
2.757874016	-239.65581970163285
2.75984252	-233.94625597800223
2.761811024	-230.04976149845677
2.763779528	-230.13155977172423
2.765748031	-230.84723336998624
2.767716535	-227.6184454507678
2.769685039	-216.49837916588336
2.771653543	-202.68907551854366
2.773622047	-195.4091644024714
2.775590551	-196.0854430158737
2.777559055	-195.13212579734338
2.779527559	-181.53001662718572
2.781496063	-154.79480265427873
2.783464567	-135.03669764422892
2.785433071	-135.4154136572572
2.787401575	-151.46766691170234
2.789370079	-163.7125020345739
2.791338583	-147.96871471046708
2.793307087	-110.14333014411652
2.795275591	-80.87627570872152
2.797244094	-79.89031953421774
2.799212598	-95.94040476500305
2.801181102	-104.18829390322593
2.803149606	-86.78761333177596
2.80511811	-60.61627132631019
2.807086614	-50.62365320961717
2.809055118	-65.55366714827996
2.811023622	-82.89343707113242
2.812992126	-78.45384678888664
2.81496063	-56.168854259041005
2.816929134	-41.323297539602095
2.818897638	-55.776238649490736
2.820866142	-88.2885149225687
2.822834646	-109.65980772356903
2.82480315	-100.8811457620917
2.826771654	-74.13120553004339
2.828740157	-60.14927851909729
2.830708661	-71.77391528135337
2.832677165	-96.29091583115954
2.834645669	-108.06772801767929
2.836614173	-95.84187231856336
2.838582677	-71.96518701116645
2.840551181	-55.779760514307135
2.842519685	-60.83634181527709
2.844488189	-75.3082907559831
2.846456693	-86.61749601223313
2.848425197	-88.87568620178237
2.850393701	-85.47730770999428
2.852362205	-83.87973279726505
2.854330709	-84.5283631716673
2.856299213	-80.66203814672315
2.858267717	-75.5917135476404
2.86023622	-70.49991351174441
2.862204724	-71.22428686226252
2.864173228	-76.27418754032732
2.866141732	-83.84560572488057
2.868110236	-90.61401297856362
2.87007874	-95.4650012804762
2.872047244	-98.63159397975157
2.874015748	-96.9720954308692
2.875984252	-99.63551391694509
2.877952756	-110.012776576953
2.87992126	-129.075428363203
2.881889764	-137.46569031305356
2.883858268	-127.85827390419738
2.885826772	-105.7535279632853
2.887795276	-87.68482660285039
2.88976378	-87.36631602751405
2.891732283	-97.22756349209465
2.893700787	-104.2897239228062
2.895669291	-101.50027853359816
2.897637795	-96.78752301542882
2.899606299	-101.36430663104069
2.901574803	-114.31256846421199
2.903543307	-126.3952639701855
2.905511811	-137.01616151905637
2.907480315	-137.08416668403004
2.909448819	-128.3697631377392
2.911417323	-116.65164600436016
2.913385827	-112.84765595193721
2.915354331	-120.05078033294402
2.917322835	-137.6381479469726
2.919291339	-142.49584684918608
2.921259843	-126.43439251394382
2.923228346	-104.54732283560267
2.92519685	-101.26618646071125
2.927165354	-119.35119269275829
2.929133858	-138.35920907861518
2.931102362	-133.39268965396843
2.933070866	-108.97687793167137
2.93503937	-88.61685676103714
2.937007874	-90.73219403865971
2.938976378	-102.17404443165984
2.940944882	-106.32300128279111
2.942913386	-108.27882954120122
2.94488189	-118.32006220231447
2.946850394	-134.77854030544222
2.948818898	-135.63076156191002
2.950787402	-113.85530727339568
2.952755906	-95.80635400263303
2.954724409	-106.44518475966247
2.956692913	-137.9931628410993
2.958661417	-154.2494009587651
2.960629921	-135.86326290170183
2.962598425	-105.20866154921697
2.964566929	-93.06295476957804
2.966535433	-109.3569479113486
2.968503937	-124.69354334573012
2.970472441	-123.16849521647251
2.972440945	-113.55273454923108
2.974409449	-110.2796354173388
2.976377953	-111.55820603499882
2.978346457	-101.57141333768416
2.980314961	-85.85412153766038
2.982283465	-85.74731694879762
2.984251969	-116.40421189997916
2.986220472	-154.7976560751417
2.988188976	-163.89299470509636
2.99015748	-138.2939264654782
2.992125984	-113.73463654286738
2.994094488	-120.37555275527397
2.996062992	-147.59541130289892
2.998031496	-159.34143108443303
3.0	-138.0977171710258
3.001968504	-102.1898298658349
3.003937008	-86.17510716095651
3.005905512	-92.96753563437657
3.007874016	-111.51048152130211
3.00984252	-119.8108684786774
3.011811024	-118.4804052175665
3.013779528	-117.11312072830971
3.015748031	-118.58667861865753
3.017716535	-120.3144934722501
3.019685039	-117.69600570503218
3.021653543	-115.23613118069201
3.023622047	-115.828186362452
3.025590551	-120.16135100744305
3.027559055	-124.92776719996074
3.029527559	-124.75728816075619
3.031496063	-121.06448140438955
3.033464567	-118.78734212502768
3.035433071	-118.0607622589541
3.037401575	-120.90346710323745
3.039370079	-123.6229713453031
3.041338583	-122.80426372990091
3.043307087	-115.88553775415966
3.045275591	-109.61368986524808
3.047244094	-106.383244195845
3.049212598	-106.44448833673046
3.051181102	-105.47232066174239
3.053149606	-103.05880344695858
3.05511811	-106.33665044962738
3.057086614	-118.64293688848063
3.059055118	-134.20416501354188
3.061023622	-137.50569003779162
3.062992126	-124.81408574483432
3.06496063	-112.06074366097917
3.066929134	-118.41416931390201
3.068897638	-134.6042992781084
3.070866142	-141.4927334964135
3.072834646	-125.52507836478497
3.07480315	-106.15638995536622
3.076771654	-106.88183736231147
3.078740157	-128.03714300666581
3.080708661	-152.82470870551757
3.082677165	-155.67765955513508
3.084645669	-144.20089386736208
3.086614173	-130.89148771380198
3.088582677	-123.01584194615397
3.090551181	-114.59489390151728
3.092519685	-108.2679121556798
3.094488189	-112.22556118019979
3.096456693	-126.51698561870111
3.098425197	-135.96259131974819
3.100393701	-127.67843503567163
3.102362205	-107.33404315427683
3.104330709	-106.18152373392522
3.106299213	-138.51186598410945
3.108267717	-175.8371722538158
3.11023622	-185.67374298981784
3.112204724	-156.17427096330022
3.114173228	-119.07531150073059
3.116141732	-108.72425925154862
3.118110236	-120.95048001826157
3.12007874	-134.53816622872228
3.122047244	-133.7855072942961
3.124015748	-125.8511125240196
3.125984252	-129.42020847779597
3.127952756	-151.63077625735835
3.12992126	-171.7915238336465
3.131889764	-181.67743129283593
3.133858268	-183.36389002793211
3.135826772	-185.7089923306091
3.137795276	-196.21111972724574
3.13976378	-204.83639752576454
3.141732283	-201.3570390879705
3.143700787	-181.0318163877779
3.145669291	-157.94070157235268
3.147637795	-151.8681975597614
3.149606299	-168.07807657234517
3.151574803	-190.85021859072526
3.153543307	-195.72881925386096
3.155511811	-177.73407767513845
3.157480315	-159.00168142892906
3.159448819	-160.58536919882118
3.161417323	-179.4647745181904
3.163385827	-187.57019445998873
3.165354331	-165.5469473356722
3.167322835	-132.63843656869366
3.169291339	-118.02768005324748
3.171259843	-130.2061694642232
3.173228346	-145.63336043362122
3.17519685	-135.77628137960212
3.177165354	-105.54019916316471
3.179133858	-83.38667032902865
3.181102362	-84.85242837201548
3.183070866	-98.91305166217981
3.18503937	-102.75881240539707
3.187007874	-90.41081662819349
3.188976378	-76.06803634133125
3.190944882	-75.13027989234608
3.192913386	-85.53126596808298
3.19488189	-95.52987056842113
3.196850394	-94.39282259226034
3.198818898	-91.78624890215177
3.200787402	-101.40992049280185
3.202755906	-121.22565518719256
3.204724409	-132.12758473502439
3.206692913	-119.88736108918496
3.208661417	-93.31012830522394
3.210629921	-82.99968606905544
3.212598425	-101.68755580636162
3.214566929	-129.2490006461506
3.216535433	-129.39672754901497
3.218503937	-107.5376322180511
3.220472441	-88.15801248098207
3.222440945	-101.51420258679528
3.224409449	-132.6745489941496
3.226377953	-152.60144019395963
3.228346457	-142.93554791813645
3.230314961	-125.91229959998374
3.232283465	-131.84577583830662
3.234251969	-168.21832547175094
3.236220472	-214.0222571231821
3.238188976	-255.46868144694616
3.24015748	-295.088378830976
3.242125984	-342.42812764621436
3.244094488	-407.83453613228534
3.246062992	-477.96621904762753
3.248031496	-536.7184739614753
3.25	-575.3308384694448
3.251968504	-593.8255569167374
3.253937008	-599.7288432317447
3.255905512	-593.5313064627229
3.257874016	-569.7059576228057
3.25984252	-526.9609225615502
3.261811024	-464.06856104803217
3.263779528	-386.76582038444104
3.265748031	-305.8244399487353
3.267716535	-228.12998853046932
3.269685039	-157.94048907285466
3.271653543	-95.38761444097037
3.273622047	-42.854452859524415
3.275590551	-10.564670468180518
3.277559055	-0.04737916625465352
3.279527559	-3.8901158776629092
3.281496063	-9.94396510675758
3.283464567	-18.75314257558197
3.285433071	-38.48048178858092
3.287401575	-68.81207088308885
3.289370079	-94.1052054115296
3.291338583	-94.73459273901423
3.293307087	-73.79446161758197
3.295275591	-58.056348247624406
3.297244094	-69.75941043635711
3.299212598	-88.91417270384238
3.301181102	-84.14816947191692
3.303149606	-51.081374553363375
3.30511811	-20.68884260857063
3.307086614	-22.436586280281688
3.309055118	-50.9226643402806
3.311023622	-72.81983170733353
3.312992126	-70.6870347665862
3.31496063	-57.429990494413495
3.316929134	-55.650263110380855
3.318897638	-61.99129312766451
3.320866142	-60.49153211157012
3.322834646	-52.556215564723786
3.32480315	-57.60372231716009
3.326771654	-77.75386256320347
3.328740157	-97.13879290130544
3.330708661	-93.80976745242309
3.332677165	-76.91543121226637
3.334645669	-71.30972244086341
3.336614173	-88.47403377316945
3.338582677	-112.95480997585064
3.340551181	-116.92380056466396
3.342519685	-98.02018917312924
3.344488189	-73.14666060785453
3.346456693	-62.934847895430686
3.348425197	-71.41008454009567
3.350393701	-88.75323184446772
3.352362205	-103.68585526027502
3.354330709	-104.81681773702776
3.356299213	-91.96968281725009
3.358267717	-76.60938295812018
3.36023622	-79.25157836717841
3.362204724	-105.73952558676993
3.364173228	-132.36759338661253
3.366141732	-134.05629211432978
3.368110236	-111.66198381557649
3.37007874	-89.89311957874736
3.372047244	-97.69093293414079
3.374015748	-125.26550601455327
3.375984252	-141.8399422807756
3.377952756	-128.45987518800592
3.37992126	-103.96648620028512
3.381889764	-97.14137387207528
3.383858268	-116.34423288073117
3.385826772	-138.19007171620328
3.387795276	-143.9219252090624
3.38976378	-133.93457076330483
3.391732283	-125.86921243924047
3.393700787	-126.66868090403489
3.395669291	-130.5591782704718
3.397637795	-131.34353867044825
3.399606299	-134.40605939101334
3.401574803	-145.33422433597804
3.403543307	-156.47670991717465
3.405511811	-158.07234167502165
3.407480315	-156.1490767218752
3.409448819	-158.68162795245658
3.411417323	-165.7937140571943
3.413385827	-168.93369438110835
3.415354331	-161.6335575201917
3.417322835	-155.07058024752004
3.419291339	-166.0727719931523
3.421259843	-187.34558663834397
3.423228346	-190.44942332035504
3.42519685	-171.76810296748206
3.427165354	-156.41467606973194
3.429133858	-170.4149473893532
3.431102362	-206.24338048370532
3.433070866	-227.46398568140603
3.43503937	-211.95300229421935
3.437007874	-176.8411643391875
3.438976378	-163.95528008117603
3.440944882	-181.99184951598397
3.442913386	-208.77241485093913
3.44488189	-220.45331397240082
3.446850394	-213.64111203823586
3.448818898	-206.1076996921587
3.450787402	-207.6314086953005
3.452755906	-209.71219268703652
3.454724409	-210.03974345631465
3.456692913	-210.2609829852734
3.458661417	-223.5692392436966
3.460629921	-239.19264645210262
3.462598425	-243.28311056895316
3.464566929	-231.75012412477685
3.466535433	-220.97371466547537
3.468503937	-227.71883888030922
3.470472441	-247.82011465585524
3.472440945	-260.44820930447685
3.474409449	-255.1829124803671
3.476377953	-239.35696649406452
3.478346457	-234.57251823365382
3.480314961	-240.86116426700744
3.482283465	-252.2618408027983
3.484251969	-253.32739814943778
3.486220472	-247.7734656949131
3.488188976	-242.34830113716765
3.49015748	-244.86246457039198
3.492125984	-254.9547756720074
3.494094488	-262.0911499898692
3.496062992	-260.9846605122227
3.498031496	-255.57347313954645
3.5	-252.7937408606153
3.501968504	-254.0292014018471
3.503937008	-263.4619606248944
3.505905512	-268.55243879319846
3.507874016	-271.02270760094325
3.50984252	-264.6743163416553
3.511811024	-250.36379306440296
3.513779528	-240.02104595721593
3.515748031	-239.23841865968188
3.517716535	-245.26830171685003
3.519685039	-248.9223846805654
3.521653543	-244.16171854744604
3.523622047	-232.49206152759334
3.525590551	-223.46941924852067
3.527559055	-223.0131855446376
3.529527559	-229.29490453606164
3.531496063	-229.96235949503765
3.533464567	-219.18100837384998
3.535433071	-197.7879277337564
3.537401575	-177.92688850071104
3.539370079	-165.88712508376565
3.541338583	-161.69791691286068
3.543307087	-156.1501468671148
3.545275591	-143.0207963318828
3.547244094	-123.45555752488276
3.549212598	-110.15660033019675
3.551181102	-110.26738941969988
3.553149606	-114.3016097177588
3.55511811	-112.00639198554225
3.557086614	-104.73181474380775
3.559055118	-98.68005916171407
3.561023622	-100.95748265548723
3.562992126	-104.34579759082712
3.56496063	-95.21178648277713
3.566929134	-77.74685975309488
3.568897638	-63.5903457918777
3.570866142	-57.9582544333792
3.572834646	-59.852368149003055
3.57480315	-59.935148128856994
3.576771654	-52.415720991435784
3.578740157	-42.10862614768829
3.580708661	-37.33363430425046
3.582677165	-40.0450193323386
3.584645669	-49.592675809538726
3.586614173	-59.714976221314444
3.588582677	-61.11524535639279
3.590551181	-48.005677677923494
3.592519685	-30.41778067879657
3.594488189	-27.068973429413987
3.596456693	-43.45376621815856
3.598425197	-66.55466862741923
3.600393701	-75.51326151035909
3.602362205	-62.06033909375389
3.604330709	-50.18479596133413
3.606299213	-57.39735488600894
3.608267717	-83.99661880872219
3.61023622	-107.86735751484133
3.612204724	-109.18265094389616
3.614173228	-85.47297089433103
3.616141732	-64.31611513278807
3.618110236	-64.61304623365223
3.62007874	-73.65446337689536
3.622047244	-76.97454881009752
3.624015748	-63.0110732695933
3.625984252	-46.138451529334134
3.627952756	-44.66144397992627
3.62992126	-62.58545293848446
3.631889764	-79.63257878552726
3.633858268	-83.90027561879819
3.635826772	-78.98448004400866
3.637795276	-82.11382418565937
3.63976378	-102.27036334495862
3.641732283	-121.88227738656876
3.643700787	-121.3141005921497
3.645669291	-101.78091656181924
3.647637795	-81.2445920320974
3.649606299	-81.07070363616661
3.651574803	-93.56558938810463
3.653543307	-100.57916626264566
3.655511811	-94.07114298637592
3.657480315	-83.93938604167737
3.659448819	-90.01331644972532
3.661417323	-111.21675898706464
3.663385827	-125.94027428199297
3.665354331	-117.511102981648
3.667322835	-98.96735478198072
3.669291339	-94.59711914765549
3.671259843	-114.52364501422713
3.673228346	-136.35224963561961
3.67519685	-134.78330073870836
3.677165354	-105.38417782057378
3.679133858	-78.49861416472481
3.681102362	-85.16157108810575
3.683070866	-116.90871084758635
3.68503937	-145.83369766731454
3.687007874	-144.98496703172617
3.688976378	-128.77972601227086
3.690944882	-114.34291392362147
3.692913386	-112.73164035186646
3.69488189	-118.1667781214138
3.696850394	-122.45315265687854
3.698818898	-124.91254808774565
3.700787402	-124.54661939050034
3.702755906	-115.99841562696155
3.704724409	-99.0304562119567
3.706692913	-89.68679676042983
3.708661417	-101.52409827211808
3.710629921	-129.557353545399
3.712598425	-147.2021821951067
3.714566929	-139.2845991836851
3.716535433	-114.73261695745373
3.718503937	-98.83887848397616
3.720472441	-105.98441809662297
3.722440945	-122.63098541385727
3.724409449	-131.74848115941032
3.726377953	-126.57266169207442
3.728346457	-120.2893588675891
3.730314961	-123.10253883504232
3.732283465	-130.05435217488116
3.734251969	-130.3508439315599
3.736220472	-129.31984225608247
3.738188976	-131.95243401888226
3.74015748	-139.25029716291385
3.742125984	-137.45165465631257
3.744094488	-120.14074862723595
3.746062992	-100.9883545496278
3.748031496	-99.29371994396075
3.75	-117.12390817540224
3.751968504	-129.92705747666733
3.753937008	-121.95658065330078
3.755905512	-112.16034911305118
3.757874016	-113.0073376642776
3.75984252	-127.52939021376238
3.761811024	-137.83762930367905
3.763779528	-129.60188856878622
3.765748031	-117.28076487090675
3.767716535	-115.87986361884772
3.769685039	-123.36489990261668
3.771653543	-124.06385894542063
3.773622047	-110.39037250803828
3.775590551	-97.24879466409706
3.777559055	-98.30267329137102
3.779527559	-106.1535845718987
3.781496063	-104.80063606618309
3.783464567	-95.99195005203535
3.785433071	-95.52288014212063
3.787401575	-111.32638685623529
3.789370079	-129.84008449117164
3.791338583	-130.28678345546925
3.793307087	-112.57293782500372
3.795275591	-99.95581872603441
3.797244094	-104.30721387604481
3.799212598	-119.8209068341277
3.801181102	-125.2160724916031
3.803149606	-114.87235200606888
3.80511811	-99.98578641880403
3.807086614	-94.15695185574819
3.809055118	-98.83345617839741
3.811023622	-107.47118225439428
3.812992126	-111.2089877729448
3.81496063	-113.23275778191635
3.816929134	-117.95587861137409
3.818897638	-124.68579136629015
3.820866142	-127.92758138306222
3.822834646	-125.21993579337207
3.82480315	-122.65735137508963
3.826771654	-119.7249540644074
3.828740157	-119.02818553272023
3.830708661	-119.85237162783524
3.832677165	-121.11499827866423
3.834645669	-124.71786656128371
3.836614173	-128.81210401851789
3.838582677	-133.51716606876275
3.840551181	-134.28692298837097
3.842519685	-140.81911540778165
3.844488189	-156.92805786303077
3.846456693	-178.59326064078806
3.848425197	-191.79637180361186
3.850393701	-185.4678001264767
3.852362205	-163.48331538905185
3.854330709	-139.50725225105697
3.856299213	-127.63806365367198
3.858267717	-128.35179280269253
3.86023622	-133.59359771247293
3.862204724	-138.8207857826148
3.864173228	-140.0429813932464
3.866141732	-136.9161913078988
3.868110236	-136.71348238001863
3.87007874	-142.44263708654918
3.872047244	-157.8372304101263
3.874015748	-175.40822535244106
3.875984252	-183.07456234520774
3.877952756	-187.1346004039893
3.87992126	-193.01155270305887
3.881889764	-202.38290168304857
3.883858268	-204.9531345931526
3.885826772	-195.66977734843343
3.887795276	-186.32658864280228
3.88976378	-190.1266577714172
3.891732283	-204.3036710550062
3.893700787	-207.93467919452317
3.895669291	-190.0706326120677
3.897637795	-164.33325728246604
3.899606299	-153.67624800112
3.901574803	-163.0598878436934
3.903543307	-172.50811155696942
3.905511811	-167.42338532709545
3.907480315	-144.52829193120783
3.909448819	-123.1176803691473
3.911417323	-114.57126429758807
3.913385827	-114.2293224181984
3.915354331	-116.83030196046622
3.917322835	-110.35436891890399
3.919291339	-99.67124064861044
3.921259843	-88.56023902448682
3.923228346	-89.12633155624302
3.92519685	-103.29331017027047
3.927165354	-119.73276041992337
3.929133858	-120.40929084278548
3.931102362	-102.64434442862621
3.933070866	-86.225630011799
3.93503937	-93.84626849034194
