10.01	2.3633541420108832
10.02	2.7650793209059397
10.03	2.654681991190852
10.04	2.698612564388373
10.05	3.431298985925026
10.06	2.946081431689688
10.07	2.783974595856827
10.08	3.210765269055234
10.09	2.825423739631999
10.1	2.8978760442531937
10.11	3.058574293176459
10.12	2.8935604277111184
10.13	2.4914439991335575
10.14	2.6954536743061133
10.15	2.9683304057605695
10.16	2.295912779806392
10.17	2.778360526957876
10.18	2.1447664141462606
10.19	2.3798424488552317
10.2	2.293108935402488
10.21	2.1960206258569364
10.22	2.035270678996331
10.23	2.34412271368399
10.24	1.941340077392913
10.25	1.8764427501863106
10.26	1.6615233426782974
10.27	1.632972900585729
10.28	1.578809395971307
10.29	1.466595620892358
10.3	1.3633020973251428
10.31	1.4081699504544378
10.32	1.585371023156384
10.33	1.404904749123936
10.34	1.2744825139111042
10.35	1.1645959956006335
10.36	1.1604635276117465
10.37	1.2170017518599237
10.38	0.7992759250270441
10.39	0.3340802635809775
10.4	0.7223199725815557
10.41	0.5607138459043043
10.42	0.734647674937747
10.43	0.2674693797705183
10.44	-0.0483231562088223
10.45	0.1357800157870263
10.46	0.4645554049981446
10.47	0.3097635073690425
10.48	-0.06633648698282735
10.49	0.08460823539933687
10.5	0.4278419185568206
10.51	0.2220285909578252
10.52	0.09076101916264173
10.53	-0.1722470992284246
10.54	-0.14908701903146832
10.55	-0.1725770008513196
10.56	0.1469196816995758
10.57	0.19090109192485602
10.58	0.035355693346299844
10.59	-0.21934688510450878
10.6	-0.12895018486012594
10.61	-0.1959875221446237
10.62	-0.4298069474446672
10.63	0.0842536552795423
10.64	0.2841132077697027
10.65	0.49316663038721253
10.66	0.14963282469997113
10.67	0.17959620169225196
10.68	0.33600025024400215
10.69	0.2144829549910084
10.7	0.3759938558730802
10.71	0.4100508895419034
10.72	0.5234266590195983
10.73	0.4682884303969584
10.74	0.5260754589172563
10.75	0.734634288904027
10.76	0.7659649029222466
10.77	0.9563109285919639
10.78	0.3950988749589134
10.79	0.05618425142086447
10.8	0.6855163898625348
10.81	0.40599361108016724
10.82	0.8411584772477748
10.83	0.6472162097571417
10.84	0.9914457565300674
10.85	0.546132491201279
10.86	0.8494084953098198
10.87	0.6965712877467618
10.88	1.163069936252542
10.89	1.141320274020956
10.9	0.754111270108823
10.91	0.8407293678362733
10.92	0.9948839706356729
10.93	1.0126880378201846
10.94	0.5768063188675424
10.95	1.1345771038484807
10.96	0.9417583230270303
10.97	1.1065670940490306
10.98	1.22428610576786
10.99	0.5846897732403987
11.0	1.0307711510403532
11.01	1.1985676458983994
11.02	0.9600174323758065
11.03	1.1124068515349579
11.04	0.8217785698543995
11.05	1.0176367444172434
11.06	0.9305962035428446
11.07	1.1055390166291053
11.08	1.1028789173144762
11.09	0.8372988696806143
11.1	0.6041960425697229
11.11	0.5797023413587648
11.12	0.9487405950210479
11.13	0.9984110578710803
11.14	0.9910006780301994
11.15	0.6999050642873437
11.16	1.0698131978292567
11.17	1.0672007377435377
11.18	0.7363905849608507
11.19	1.0641658340977094
11.2	1.292836326506026
11.21	1.021629359255677
11.22	0.7902553806885817
11.23	0.8025827774682928
11.24	1.024627142719952
11.25	0.8029618145916849
11.26	1.7786803818525296
11.27	1.3946495050561232
11.28	1.2106427222364442
11.29	1.3298536844550466
11.3	1.4373415054897472
11.31	1.165844155790759
11.32	1.1309719698230918
11.33	1.1129897017557167
11.34	1.4245466622534588
11.35	1.8756482507741374
11.36	1.6601140143539468
11.37	1.4708424147086976
11.38	1.7981154881166055
11.39	1.5825521556631235
11.4	1.4019138174932577
11.41	1.3394448803243895
11.42	1.6277203493028416
11.43	1.6490718987640012
11.44	2.1362094338541198
11.45	2.032359426848983
11.46	1.3562261769025092
11.47	1.6993661077357873
11.48	2.0885653335606365
11.49	1.9464113453915703
11.5	2.4378932998229192
11.51	2.1170408455679732
11.52	2.215828885669266
11.53	2.37680037578582
11.54	2.616237356959308
11.55	2.676039778054123
11.56	2.305175019490318
11.57	2.6690996809495977
11.58	2.838178464532849
11.59	2.8730056550592797
11.6	2.5082497940185555
11.61	2.886418335756045
11.62	2.666383360640734
11.63	2.8139406738362034
11.64	2.8403110142805366
11.65	2.349179267720304
11.66	2.91257967419009
11.67	2.6910871008199435
11.68	2.3596575226252314
11.69	2.722383942923457
11.7	2.6768548448427962
11.71	2.254299685034213
11.72	2.563116552294803
11.73	2.180517883243563
11.74	2.5818431225490683
11.75	2.668610234491733
11.76	2.6703696428733434
11.77	2.372896478970709
11.78	2.780241719113721
11.79	2.5532519012649995
11.8	2.362245460116551
11.81	2.3530507225781543
11.82	2.0826700194986647
11.83	2.1611465954776987
11.84	1.7190769995291282
11.85	2.1086848195336243
11.86	2.3298210919389697
11.87	2.061951516794763
11.88	2.1719292040622333
11.89	1.9650556218936184
11.9	2.2815436698470086
11.91	1.9460178724475756
11.92	2.0552163882121026
11.93	2.1282462480367377
11.94	1.9375339403861576
11.95	2.1023515098604872
11.96	2.369757313607762
11.97	1.9548723132766324
11.98	1.9734151433182048
11.99	2.65627101993757
12.0	2.3815612716845194
12.01	2.1101407060004416
12.02	2.0206443476960922
12.03	2.054185452037999
12.04	2.2337391284555848
12.05	2.1239904475696916
12.06	2.328921444826603
12.07	2.3163494270681038
12.08	2.282908397037201
12.09	2.0441709176546783
12.1	2.460364360625611
12.11	2.0896528051160668
12.12	1.8442791195779127
12.13	1.7426383318623997
12.14	2.311313653854996
12.15	1.8631449062172263
12.16	2.2229926144700416
12.17	2.064563989291166
12.18	1.8895183025060254
12.19	2.259196308743609
12.2	2.1340972912642897
12.21	1.6116967104580322
12.22	1.8677981914989428
12.23	1.8575943946369482
12.24	2.01759370376736
12.25	2.047255072629154
12.26	1.8043002138881064
12.27	1.6067041279963103
12.28	1.9428531631076815
12.29	1.29951145261742
12.3	1.720701714596292
12.31	2.1993765034921435
12.32	1.6095395406732425
12.33	1.9835731678338695
12.34	2.1432201605519974
12.35	1.903966653766913
12.36	1.8647987239132593
12.37	1.972490508181655
12.38	1.587643035728575
12.39	1.648074902403205
12.4	1.4373002021473242
12.41	1.6903878319889725
12.42	1.4948197996112873
12.43	1.8098252327749158
12.44	1.5658993343681291
12.45	1.8494088339732144
12.46	1.6960546330152957
12.47	1.4464383988887406
12.48	1.5749430095735224
12.49	1.3468078393244114
12.5	1.6529822202672273
12.51	1.7948701636731077
12.52	2.0377941386840535
12.53	1.5954523124123745
12.54	1.9154714505807966
12.55	2.2903338952673753
12.56	2.3143636698399304
12.57	2.0018585248848972
12.58	2.2723165247485957
12.59	2.0463203233066682
12.6	1.8370404167186927
12.61	2.0983759135195093
12.62	2.4333269836422096
12.63	2.761477164465923
12.64	2.369384985841326
12.65	2.894975945929169
12.66	2.5608170856270096
12.67	3.24009536142357
12.68	2.8002331252506223
12.69	3.168809218290054
12.7	3.0614241072469
12.71	3.1330878976900753
12.72	3.042760264297143
12.73	2.743670195357799
12.74	3.333667304719304
12.75	3.4585924868380573
12.76	3.528737778488585
12.77	3.5810939896008622
12.78	3.6468059052280046
12.79	3.3517374924118544
12.8	3.311192366034809
12.81	3.16748587143805
12.82	3.348847493396493
12.83	3.1461671648827902
12.84	3.8324794995221776
12.85	3.444962621525414
12.86	3.735538743449854
12.87	3.498621199710566
12.88	3.912170096032048
12.89	3.407063014576581
12.9	3.094322845087911
12.91	3.986816147954025
12.92	3.862894010814994
12.93	3.563704927575578
12.94	3.4793173856108384
12.95	3.2662714327279114
12.96	3.341424430868196
12.97	3.4206980096127233
12.98	3.6122901302266883
12.99	3.317966658062686
13.0	2.937118427237281
13.01	3.3307748217184265
13.02	3.36744943448112
13.03	3.087507585716308
13.04	3.7576640036787454
13.05	3.6605917058537445
13.06	3.3671938218994333
13.07	3.441281596457746
13.08	3.511416735625458
13.09	2.959750383924461
13.1	3.007902390397263
13.11	3.170185982292821
13.12	2.785183414554479
13.13	2.6766943930687406
13.14	3.1004394271028346
13.15	2.671465870248555
13.16	3.043691854596145
13.17	2.7679830696674044
13.18	2.791009979319802
13.19	3.05890606819037
13.2	2.3061928441274264
13.21	2.6458599283271305
13.22	2.850204643252993
13.23	2.3218910446700893
13.24	2.5540508641265487
13.25	3.078084047008063
13.26	2.4596988476291486
13.27	2.521476862667019
13.28	2.3892263297989524
13.29	2.351784027942144
13.3	2.503986950540047
13.31	2.068895249671426
13.32	2.3060845056198787
13.33	1.9821321146101953
13.34	2.5491161615574307
13.35	2.3223993006822674
13.36	2.6582532171986784
13.37	2.301471257204562
13.38	2.4190880369437737
13.39	2.571675999903424
13.4	2.0125856835339664
13.41	2.088388047064468
13.42	2.326706886638407
13.43	2.864157492425436
13.44	2.348876941896028
13.45	2.27346154445913
13.46	1.9994904935333782
13.47	2.4956442178770146
13.48	2.0570101985001705
13.49	2.0960077704828413
13.5	2.283509231630803
13.51	1.9771207658378418
13.52	2.016445911220895
13.53	2.2288345479762444
13.54	2.2577229934915026
13.55	2.442662034974544
13.56	1.901811746313474
13.57	2.3966061954817963
13.58	2.0899073463787636
13.59	2.3540782769547706
13.6	2.6747186277283785
13.61	2.8327095645648748
13.62	2.274312147246703
13.63	2.7598892754845257
13.64	2.68397757992958
13.65	2.4148218085627455
13.66	2.350779894643331
13.67	2.1550825130284808
13.68	2.6665261067823036
13.69	2.7679081890033133
13.7	2.8759729550454214
13.71	2.8339970268107084
13.72	2.5033435620816142
13.73	2.560453214221235
13.74	2.5104731159178315
13.75	2.683781010593638
13.76	2.7331227704462027
13.77	2.413813806286804
13.78	2.8394608642972963
13.79	2.6790336373009045
13.8	3.075851472992143
13.81	2.925395144412176
13.82	2.8802646005486285
13.83	2.8773785393009788
13.84	3.1119177278887338
13.85	3.4922161577718223
13.86	2.407917260174276
13.87	2.9935608207696327
13.88	2.8131014209488376
13.89	2.5242675033176463
13.9	2.474368349221219
13.91	2.632265812657667
13.92	2.376871642184983
13.93	2.305489990666998
13.94	2.195488429312199
13.95	2.333431770482051
13.96	1.8576387508368681
13.97	2.1621947433677113
13.98	1.3892744546441944
13.99	1.606237750616717
14.0	1.2167246241437581
14.01	1.7917527990184896
14.02	1.8501687720973472
14.03	2.084853268882436
14.04	1.0995800026145455
14.05	1.760694762914082
14.06	1.6935910579725273
14.07	1.927143153176466
14.08	1.7387448046070602
14.09	1.2122589587525077
14.1	1.6728889825168685
14.11	1.614431928984496
14.12	1.3824033384272016
14.13	0.9872134698835735
14.14	1.443927094245893
14.15	1.5168630127935208
14.16	1.477938031866859
14.17	1.2226402884388492
14.18	1.4395401923708526
14.19	1.2528509680775644
14.2	1.0207129308307465
14.21	1.2650353010651838
14.22	0.6765231498638952
14.23	1.736297642957907
14.24	1.532845662426565
14.25	1.4603258340652006
14.26	1.1826215769912023
14.27	1.6588674740863396
14.28	1.5090216134327588
14.29	1.399866845733076
14.3	1.2915404865263607
14.31	0.7837431894581596
14.32	1.2887749839914329
14.33	1.5458251828241492
14.34	1.5783647319114344
14.35	1.7322885872026839
14.36	1.5034509643272966
14.37	1.5598338273003134
14.38	1.5088273603954656
14.39	1.3645973453832627
14.4	1.7302209666292128
14.41	1.417333717960517
14.42	1.7732306881074624
14.43	1.353843385048351
14.44	1.3739570460687978
14.45	1.5268785841203243
14.46	1.6390094716854298
14.47	1.3574359208195614
14.48	1.7372807281279865
14.49	1.3197466865860799
14.5	1.46022561769463
14.51	1.6703315586738383
14.52	1.701537981724359
14.53	1.4023328923569895
14.54	1.1315743023534042
14.55	1.762710429751894
14.56	1.629326334745801
14.57	1.2875425940384218
14.58	1.6124265990555426
14.59	1.957483138223252
14.6	1.4836514427868357
14.61	1.6735689768400597
14.62	1.1547170700047031
14.63	1.7071745842361277
14.64	1.8385213913880796
14.65	2.1538943189141118
14.66	1.7107211119327912
14.67	2.1771520804359232
14.68	1.519473658370215
14.69	2.1702181795994684
14.7	1.9321625730839582
14.71	2.3939550711912703
14.72	2.1786369706230007
14.73	2.3482055809898617
14.74	2.6277112312494175
14.75	1.9643690801467049
14.76	2.406147997063793
14.77	2.4534618372342742
14.78	2.1225799559030487
14.79	2.4015789276720723
14.8	2.0038954078940594
14.81	2.106201542563697
14.82	2.521790453740792
14.83	2.7228409953727892
14.84	2.1929778934751223
14.85	2.1411683961143435
14.86	3.1649719576484547
14.87	2.441287476098446
14.88	2.4052580573292364
14.89	2.2961220189987563
14.9	2.8597805619146643
14.91	2.2886318301436392
14.92	2.28468379976798
14.93	2.0299930206170873
14.94	2.673758089655498
14.95	1.9851930272982956
14.96	2.373077041126983
14.97	2.0124549668158043
14.98	1.9205143254265515
14.99	2.1292366868071073
15.0	1.7169589772750757
15.01	1.47008658535253
15.02	1.7635942002573597
15.03	2.027231025198774
15.04	2.015673820138596
15.05	1.119674771608899
15.06	1.6494133614335533
15.07	1.553789356052538
15.08	1.614034178326708
15.09	1.4645271487051765
15.1	1.9796145762821373
15.11	1.6366479566736059
15.12	1.8927690425955221
15.13	1.0930423378059442
15.14	1.2812609028635078
15.15	1.622946483208747
15.16	1.3998064155282375
15.17	1.4367828120325126
15.18	1.1555616339227943
15.19	1.1030781006861126
15.2	1.4607826799267392
15.21	1.3096544606805003
15.22	0.8207916892284048
15.23	1.444286112998329
15.24	0.9353081003697192
15.25	0.9439231715305347
15.26	1.1895855074019943
15.27	1.259240516887254
15.28	1.3835980467091664
15.29	1.041302645348043
15.3	0.779261541918687
15.31	1.2817573676952116
15.32	1.2317316283641502
15.33	0.9226960225994052
15.34	1.154462186526209
15.35	0.8853851503145665
15.36	1.2392648744565928
15.37	1.372729216260034
15.38	0.7137123549620736
15.39	1.2991344897864916
15.4	1.1405800331192124
15.41	1.0199009518909843
15.42	1.2402180967412686
15.43	0.8703555605371959
15.44	1.246683164588032
15.45	0.9371823587880305
15.46	1.2676939362378707
15.47	1.0837795864543758
15.48	0.7993157569031146
15.49	1.2203348364598958
15.5	0.8330654032525756
15.51	0.9688753808639707
15.52	1.257797529179209
15.53	0.7702548420926222
15.54	0.39703660043484007
15.55	0.7975559807803022
15.56	0.76269208234654
15.57	0.524762832604435
15.58	1.1269350968824816
15.59	0.8752345351174153
15.6	0.46320509672229915
15.61	0.6813673155288805
15.62	1.2483989143862182
15.63	1.0581316297874799
15.64	0.8719944323929074
15.65	0.9561228406119956
15.66	0.8785963537186297
15.67	0.8795939535536184
15.68	0.9489757992721028
15.69	1.088257722097222
15.7	0.8203641569897804
15.71	1.2058822435777317
15.72	1.133613576762102
15.73	1.0252868660056778
15.74	1.0358439018551608
15.75	1.8612875957689308
15.76	1.4967739019692232
15.77	1.6905916931450409
15.78	1.0779626283321226
15.79	1.6783037537857142
15.8	1.8920893850546852
15.81	1.9395966465477328
15.82	1.6800435373671214
15.83	1.9706127479382913
15.84	1.5839086014832235
15.85	1.8942413286023547
15.86	1.7299789252390738
15.87	1.6853444871830259
15.88	1.4427779200891813
15.89	1.739711312045999
15.9	1.8104564822403257
15.91	1.6834875766112085
15.92	1.638227566396908
15.93	1.7290864315520127
15.94	1.5269654001439696
15.95	1.5008825391763339
15.96	1.2768245754702852
15.97	2.0965082945323017
15.98	1.7064082716650835
15.99	1.940809319415934
16.0	1.615126287172346
16.01	1.799419305716619
16.02	1.6340511464995926
16.03	1.683432552623283
16.04	2.0629572182887754
16.05	1.8708557095207137
16.06	1.8544374591806212
16.07	1.6032174601199753
16.08	1.8822407153842664
16.09	1.7032633217508903
16.1	1.2736979607789864
16.11	1.8424095462532506
16.12	1.7577852405123324
16.13	1.6179099080102404
16.14	1.8086942933706238
16.15	1.4985791122277492
16.16	1.828494693317938
16.17	1.5790250328336943
16.18	1.9180342399809982
16.19	1.8773920816938303
16.2	1.31078424673216
16.21	1.5862040921236509
16.22	1.9391205796818625
16.23	1.488398398947587
16.24	1.5836600701253063
16.25	1.4133296175185583
16.26	1.4808198344087746
16.27	1.7032101446407344
16.28	1.5034070566300486
16.29	1.17342837231564
16.3	1.3542287870673526
16.31	1.1517753761347984
16.32	1.495104594484121
16.33	1.4626284074141744
16.34	1.777679295185131
16.35	1.2055046516498158
16.36	1.1189553411875253
16.37	1.5132033629604311
16.38	1.2080094414428342
16.39	1.41446502411098
16.4	1.6931187019007585
16.41	1.3879780655116973
16.42	1.003544482517942
16.43	1.5457023451107255
16.44	1.3162559723898977
16.45	1.2865480701039909
16.46	1.2890564109330394
16.47	1.291409631056356
16.48	1.3550381164094925
16.49	1.2186205936560226
16.5	1.2271110556145213
16.51	1.384799868341023
16.52	0.8078308635089084
16.53	0.9958676718059263
16.54	1.4109222500396992
16.55	1.4585666470420273
16.56	1.5171713518572152
16.57	1.3416819801310698
16.58	0.8080763451956778
16.59	1.5619147994304068
16.6	1.28508812359055
16.61	1.7685809052685841
16.62	1.169810931958346
16.63	1.2867274210063453
16.64	1.169215910290839
16.65	1.4876011862210872
16.66	1.367677974150971
16.67	1.1501238124906603
16.68	1.3930627065324888
16.69	1.9869100119673597
16.7	1.2350205997509685
16.71	1.2194426299208245
16.72	1.163437253850871
16.73	1.2801311727391198
16.74	1.4512134837044761
16.75	1.1708891199046116
16.76	1.0420519187131765
16.77	0.6442942298572862
16.78	1.0852684028311097
16.79	1.3538664368114488
16.8	0.6857437618074398
16.81	1.0598668024120057
16.82	1.3536364710400655
16.83	1.2120576895792796
16.84	1.2607300974171987
16.85	0.9151051363324145
16.86	1.141441840996277
16.87	1.404521038916504
16.88	0.6229248817945996
16.89	1.547888538734193
16.9	1.19230478560262
16.91	1.3293542800279978
16.92	1.4525368413980557
16.93	1.474088676572405
16.94	1.2723806634389745
16.95	1.6270561226389904
16.96	1.7420594142179664
16.97	1.563831338550512
16.98	1.5457884224475986
16.99	1.5886215086113984
17.0	1.4744342111703608
17.01	1.843411775440487
17.02	1.903278960796533
17.03	1.5517071460518894
17.04	1.7383161757946333
17.05	2.035160901327599
17.06	1.838625954749163
17.07	1.4654651163041903
17.08	1.486405533026776
17.09	1.6544615120083912
17.1	1.749558050446015
17.11	1.7099582861469496
17.12	2.1247441020712414
17.13	1.7808187374726738
17.14	1.5867423972555321
17.15	1.8219201095468303
17.16	1.4508706562989193
17.17	2.172213714560886
17.18	1.5471026662302065
17.19	2.091873241486125
17.2	2.636964941242114
17.21	2.218492515233285
17.22	2.0403915701429756
17.23	2.3713465511309124
17.24	1.9933037480300166
17.25	2.33225344697265
17.26	2.275874600251505
17.27	2.163582401861005
17.28	2.5656474600138934
17.29	2.350698450675096
17.3	2.175445740954501
17.31	2.242174149536903
17.32	2.561490353508064
17.33	2.3308403618308637
17.34	2.4772248460239776
17.35	2.811212881322129
17.36	2.127908824791071
17.37	2.4125798281544655
17.38	2.8502960468009944
17.39	2.4294132103698742
17.4	2.602960422708436
17.41	3.174800869053609
17.42	2.8696713869207513
17.43	3.237377519492099
17.44	2.9585445900024663
17.45	2.7457350490881214
17.46	2.9716164830951874
17.47	2.972313240944421
17.48	2.883946308798036
17.49	3.037106626679764
17.5	3.3116383057947507
17.51	3.309731581575198
17.52	3.1571548554496123
17.53	3.0678663777595148
17.54	3.4265358220531428
17.55	3.5402419042761926
17.56	3.522356685331909
17.57	3.657020980399382
17.58	3.5227095299580733
17.59	3.318406535955138
17.6	3.6618627284003713
17.61	3.2862828914941558
17.62	3.2087791499377407
17.63	3.3373231203910514
17.64	3.662340582679518
17.65	3.563972740701052
17.66	4.053276718866515
17.67	3.7309587300329636
17.68	4.220175328587296
17.69	3.7741706169944393
17.7	3.41949020222782
17.71	4.02478277709925
17.72	3.4887289778355295
17.73	3.623932346410768
17.74	3.9819886246835656
17.75	3.545615456308097
17.76	3.4242018560967815
17.77	4.18531580458322
17.78	3.839864551116635
17.79	3.742096603130127
17.8	3.7987651684824337
17.81	4.027339654944329
17.82	4.031125479834023
17.83	3.8175660093170887
17.84	3.923449832545519
17.85	4.333949409030852
17.86	4.15795618760388
17.87	4.671144445648328
17.88	4.702845553144391
17.89	4.8163384170077475
17.9	4.429654777771111
17.91	4.684229892621118
17.92	4.711143656139813
17.93	4.311459836142254
17.94	4.509304972660648
17.95	4.4636072919103
17.96	4.088194595743245
17.97	4.495298764635355
17.98	4.897321624190285
17.99	4.428574337581592
18.0	4.592563017594916
18.01	4.529663258865093
18.02	4.201875006845455
18.03	4.544678210495764
18.04	4.598300410260461
18.05	4.573660802125239
18.06	4.965185620377671
18.07	5.0731680416398675
18.08	4.91012946535391
18.09	4.49092450930982
18.1	4.93037597649647
18.11	4.483780512292092
18.12	4.872233958455744
18.13	4.722975113131788
18.14	4.9687855240753835
18.15	4.824573381372063
18.16	4.639771234650245
18.17	4.645565293072989
18.18	4.9562323260109835
18.19	4.814268979919448
18.2	4.241968924435841
18.21	5.092066283972815
18.22	4.708763925138855
18.23	4.852074012196763
18.24	4.503305575027501
18.25	4.651071540299373
18.26	4.044048637731706
18.27	5.056661539853297
18.28	4.545440059266083
18.29	4.502642951015155
18.3	4.132193145863619
18.31	4.059576848817761
18.32	3.7763705603177358
18.33	4.3871232284646515
18.34	3.8932948468694346
18.35	4.457867531081752
18.36	3.7759536423305926
18.37	4.012824561579714
18.38	3.9211834589096175
18.39	3.5727688348733535
18.4	3.6065630380632165
18.41	3.4713271738168108
18.42	3.873682430208486
18.43	3.656292378599524
18.44	3.925716457270965
18.45	3.420376892368714
18.46	3.6547146887735598
18.47	3.5660753732818558
18.48	3.7427560622386387
18.49	3.5155698244644973
18.5	3.350645037942418
18.51	3.1195387302571724
18.52	3.6812046555941427
18.53	3.6274117718834527
18.54	3.186256415609103
18.55	2.9918461648406742
18.56	2.816653168171268
18.57	3.1282827541075084
18.58	3.0959569363374566
18.59	2.654763542042704
18.6	3.1694035965549947
18.61	2.9095848801433504
18.62	3.0954438811414575
18.63	3.1575401640992964
18.64	3.024298243422241
18.65	2.9496953572450666
18.66	2.543174936685334
18.67	2.4404383815148183
18.68	2.5985918477941707
18.69	2.5433131553581796
18.7	2.8056081589650015
18.71	2.138743969533559
18.72	2.6806625407290463
18.73	2.7963448347221727
18.74	2.8123609772492144
18.75	2.4524810845562603
18.76	2.6861045362983607
18.77	2.5807740673991635
18.78	2.2235237152686724
18.79	3.146658337102031
18.8	2.1280582780657094
18.81	2.8114599608929116
18.82	2.2832134941482627
18.83	2.4945379701438526
18.84	3.025052823120634
18.85	2.246337269243438
18.86	2.7996340852786767
18.87	2.602549912724258
18.88	2.705780614654693
18.89	2.9395754217226924
18.9	2.7105894131655472
18.91	2.494137275771328
18.92	2.5667810254825807
18.93	2.4946244069448165
18.94	2.851964288850684
18.95	2.529963510370225
18.96	2.6119449643822903
18.97	2.465795439642464
18.98	2.8471812701212333
18.99	2.177892426498332
19.0	2.548639071521236
19.01	2.8650483599202308
19.02	2.174868897600336
19.03	2.882657271266154
19.04	2.4524077383813303
19.05	2.8388027063203967
19.06	2.74898401045016
19.07	3.0733394130456717
19.08	2.295622806580813
19.09	2.700021224030192
19.1	2.330108347129065
19.11	2.9119795466142544
19.12	2.613453382473054
19.13	3.014662689061716
19.14	2.1438430503595813
19.15	2.3775627707750235
19.16	2.8293953112838874
19.17	2.839005220444887
19.18	2.9769756745068676
19.19	2.773141812665547
19.2	2.3939770145841375
19.21	2.851258862666814
19.22	3.181236968340984
19.23	2.4763475793179963
19.24	2.5787102675263527
19.25	2.5623401309789826
19.26	2.736352716794376
19.27	2.931170232800708
19.28	2.7054611670467072
19.29	2.793367820098864
19.3	2.516094308155153
19.31	2.8973550939002592
19.32	2.376617031051205
19.33	2.474313693841265
19.34	2.7689067826844784
19.35	2.58280789812146
19.36	2.895347621733499
19.37	2.484188380925707
19.38	2.106901303208099
19.39	2.4627398821526487
19.4	2.88631948538115
19.41	2.7962946864896496
19.42	2.4843874558312096
19.43	2.792094543535899
19.44	3.031168916361832
19.45	2.395774441239467
19.46	2.5671545568026968
19.47	2.9316668272386543
19.48	2.905272328705225
19.49	3.101326853102612
19.5	2.9473367922367673
19.51	2.872193494070542
19.52	2.8697627273090545
19.53	3.16002642069902
19.54	3.137444638162839
19.55	3.9792072322164405
19.56	3.351859513763249
19.57	3.374872293160337
19.58	2.977881778421619
19.59	3.453534564620494
19.6	3.2075982479955543
19.61	3.6762325552282924
19.62	3.6309934406947817
19.63	3.4583226357796093
19.64	3.409599404553539
19.65	3.529988467237778
19.66	3.6668198083760757
19.67	3.358283223785144
19.68	3.646971097868036
19.69	3.6523897258646087
19.7	3.54737528862505
19.71	3.3986545327316855
19.72	3.841341690365296
19.73	3.438285333405617
19.74	3.3173411211023005
19.75	3.38992626671408
19.76	3.7145845090056437
19.77	3.8658834402073587
19.78	3.345489882946408
19.79	3.2360528586165946
19.8	3.7836606182219303
19.81	3.474409862933394
19.82	3.621934008456787
19.83	3.8834599979834588
19.84	3.614002335728878
19.85	3.6925332752855256
19.86	3.571670156323005
19.87	3.2685077871557393
19.88	3.580960503143896
19.89	2.8956096638345623
19.9	3.9440000305034646
19.91	3.3378602447000416
19.92	3.2455832449191893
19.93	3.538689645584054
19.94	3.5143601073408206
19.95	3.441441019162936
19.96	3.0366407567586746
19.97	3.3701116562469426
19.98	3.5874562052137153
19.99	3.529514208143221
20.0	3.285972914965679
