1.968503937	-94.94704566188305
1.970472441	-81.28500797486089
1.972440945	-71.23252181255758
1.974409449	-84.34974436988313
1.976377953	-106.73934925152021
1.978346457	-110.12010625105604
1.980314961	-91.2179844244066
1.982283465	-73.52754775572117
1.984251969	-76.03853299357546
1.986220472	-90.5794094124193
1.988188976	-89.95182538132076
1.99015748	-73.95051253496831
1.992125984	-55.95686448278414
1.994094488	-50.20056676886145
1.996062992	-67.11823637089125
1.998031496	-81.43902324753199
2.0	-76.48763812659863
2.001968504	-65.19471474084105
2.003937008	-59.55628795604055
2.005905512	-73.22054988112185
2.007874016	-87.32137137474979
2.00984252	-89.34103473575746
2.011811024	-80.28070970274713
2.013779528	-64.018027831373
2.015748031	-66.29233824631544
2.017716535	-70.55237723301637
2.019685039	-73.8183375233676
2.021653543	-74.64721883027946
2.023622047	-80.84214791559225
2.025590551	-99.14198407791018
2.027559055	-111.2227158945702
2.029527559	-100.00867142814398
2.031496063	-79.24264833165851
2.033464567	-76.28903783007833
2.035433071	-95.57317211821825
2.037401575	-115.43695307258665
2.039370079	-115.34898586984006
2.041338583	-93.8829367577392
2.043307087	-71.2206318321737
2.045275591	-76.18791953684163
2.047244094	-99.61245072916708
2.049212598	-114.58725891109042
2.051181102	-105.24784590154506
2.053149606	-85.9997991075625
2.05511811	-79.69413943782038
2.057086614	-90.02183771307857
2.059055118	-102.01964292704703
2.061023622	-107.35250057928914
2.062992126	-99.01818688111302
2.06496063	-96.77806434402892
2.066929134	-95.97173679111077
2.068897638	-95.30836641588785
2.070866142	-96.93911489920795
2.072834646	-100.38170572355526
2.07480315	-106.27373870583584
2.076771654	-112.54285540848997
2.078740157	-97.42613300082283
2.080708661	-75.07739961465643
2.082677165	-64.26738885636962
2.084645669	-80.48673254863894
2.086614173	-106.21892352054891
2.088582677	-110.5324062069728
2.090551181	-91.99167909020959
2.092519685	-72.18729597925454
2.094488189	-85.38159851113753
2.096456693	-119.3108060117327
2.098425197	-146.40149917268064
2.100393701	-145.07132974121225
2.102362205	-121.83367076019763
2.104330709	-111.50750297937893
2.106299213	-114.28248451185141
2.108267717	-122.16913258213764
2.11023622	-108.2015193584277
2.112204724	-89.0480128774013
2.114173228	-86.62751940317163
2.116141732	-97.2138332540986
2.118110236	-113.26965799133478
2.12007874	-117.52963311943489
2.122047244	-115.8165983797735
2.124015748	-110.38273476856905
2.125984252	-105.23097937278095
2.127952756	-102.36931863216793
2.12992126	-114.45926386687454
2.131889764	-130.8922932382813
2.133858268	-138.2226209144491
2.135826772	-126.72218457240689
2.137795276	-102.36487694398666
2.13976378	-92.07923351564547
2.141732283	-108.58382958773608
2.143700787	-130.5118108155389
2.145669291	-145.20835139777574
2.147637795	-123.96496164677023
2.149606299	-101.89745739660339
2.151574803	-91.63733861814137
2.153543307	-102.98655516337922
2.155511811	-115.77047346888949
2.157480315	-106.1014900052646
2.159448819	-79.61125525974235
2.161417323	-56.20587840735907
2.163385827	-66.12613886258286
2.165354331	-97.99422608971997
2.167322835	-125.39431061278539
2.169291339	-121.46720082284672
2.171259843	-100.64234260312902
2.173228346	-90.80144415871204
2.17519685	-105.48824919999042
2.177165354	-135.4142173040093
2.179133858	-154.00895760590237
2.181102362	-148.41843713913698
2.183070866	-128.45995264193496
2.18503937	-122.44309410159543
2.187007874	-131.45761686577814
2.188976378	-143.29951047345992
2.190944882	-134.78026851928547
2.192913386	-103.57318110975737
2.19488189	-82.08598315310944
2.196850394	-81.57013022120013
2.198818898	-101.47280037436717
2.200787402	-112.0444411269071
2.202755906	-109.16525357888987
2.204724409	-102.88875842356617
2.206692913	-113.34386547777204
2.208661417	-131.72508530528185
2.210629921	-152.5532515845268
2.212598425	-156.62022216766465
2.214566929	-139.60139393691853
2.216535433	-122.45322704873985
2.218503937	-126.33751303883908
2.220472441	-142.27912035845765
2.222440945	-149.6329489016407
2.224409449	-146.3203032649279
2.226377953	-132.33303138340693
2.228346457	-124.92975448554829
2.230314961	-133.93612238002282
2.232283465	-140.8954441849984
2.234251969	-133.30776854648104
2.236220472	-120.7792522993167
2.238188976	-109.45727923033482
2.24015748	-108.85027198679639
2.242125984	-119.23323229925347
2.244094488	-125.39600565281637
2.246062992	-124.7841385982702
2.248031496	-129.68937776359175
2.25	-136.50120637623283
2.251968504	-138.7100742319089
2.253937008	-133.10286918851233
2.255905512	-131.64213233522563
2.257874016	-127.1131732021502
2.25984252	-133.59731535652642
2.261811024	-135.17589705855954
2.263779528	-136.08910798143035
2.265748031	-134.72003980945297
2.267716535	-132.80963731268906
2.269685039	-130.53099280633757
2.271653543	-137.13523082058845
2.273622047	-151.21092437953035
2.275590551	-160.83918741075112
2.277559055	-152.28278306107367
2.279527559	-128.0245336727972
2.281496063	-113.43893839271762
2.283464567	-117.42038929058879
2.285433071	-135.93944411379292
2.287401575	-147.65414698595728
2.289370079	-131.943944168446
2.291338583	-110.53969713633003
2.293307087	-103.58570705921177
2.295275591	-124.25280061492704
2.297244094	-155.51989277265574
2.299212598	-165.62551963503165
2.301181102	-163.20405510338148
2.303149606	-151.47674396009717
2.30511811	-141.30598106212756
2.307086614	-145.03859955061208
2.309055118	-154.90199820263663
2.311023622	-153.23593393030572
2.312992126	-136.04317450828574
2.31496063	-113.12157340380233
2.316929134	-102.68826912361035
2.318897638	-114.50918991532595
2.320866142	-137.5490150888213
2.322834646	-144.41493295220164
2.32480315	-145.07910645445156
2.326771654	-150.22091823016675
2.328740157	-165.79238782208563
2.330708661	-179.71164039377658
2.332677165	-170.6545484633316
2.334645669	-151.01595957825148
2.336614173	-139.2844056551217
2.338582677	-160.6768575642052
2.340551181	-179.8230021895166
2.342519685	-172.5369646897237
2.344488189	-134.7733890589814
2.346456693	-113.59259433564772
2.348425197	-136.18851746013638
2.350393701	-187.9249910365245
2.352362205	-210.6385273230565
2.354330709	-181.62004345166778
2.356299213	-142.58484037907664
2.358267717	-140.18053438997435
2.36023622	-173.38441718258022
2.362204724	-212.66738344534545
2.364173228	-214.60061857385682
2.366141732	-185.05448868327434
2.368110236	-161.5402281604913
2.37007874	-167.58932726510824
2.372047244	-190.391635065876
2.374015748	-203.89187647566055
2.375984252	-214.56556773739646
2.377952756	-217.32373561840265
2.37992126	-218.93271518113633
2.381889764	-207.83163703924
2.383858268	-189.3039937546499
2.385826772	-174.42679765971147
2.387795276	-182.84987167800483
2.38976378	-199.02350041434943
2.391732283	-207.21944306866405
2.393700787	-192.59417269331982
2.395669291	-178.5109511773097
2.397637795	-179.7033354203292
2.399606299	-189.15661718357921
2.401574803	-186.02739748138066
2.403543307	-162.92747224133933
2.405511811	-146.95494650108833
2.407480315	-135.29279442734932
2.409448819	-139.88151891020757
2.411417323	-138.23110301120605
2.413385827	-124.97507134649739
2.415354331	-102.30933852358037
2.417322835	-90.87166026125797
2.419291339	-99.4244768923837
2.421259843	-129.13639193227453
2.423228346	-155.90842603899853
2.42519685	-152.99608413017484
2.427165354	-116.48979035559128
2.429133858	-79.91643257873672
2.431102362	-74.72072360051632
2.433070866	-108.34346506923048
2.43503937	-136.21423187707458
2.437007874	-126.98951571633854
2.438976378	-88.36614456829466
2.440944882	-67.14100633091144
2.442913386	-93.28115130219743
2.44488189	-140.73187136995043
2.446850394	-174.19257997345397
2.448818898	-167.28880710971683
2.450787402	-143.3491237636493
2.452755906	-125.11401287854237
2.454724409	-125.68557568426313
2.456692913	-135.7576063181399
2.458661417	-141.78595608692666
2.460629921	-130.79851071848708
2.462598425	-110.93008367531131
2.464566929	-104.38508373484918
2.466535433	-116.8500752198639
2.468503937	-157.91609740847608
2.470472441	-191.1039918021218
2.472440945	-217.07798070974502
2.474409449	-249.54463833424498
2.476377953	-316.2681507287753
2.478346457	-404.57501893684764
2.480314961	-482.5050897869694
2.482283465	-525.4189753270964
2.484251969	-544.7936253179562
2.486220472	-578.7882886062945
2.488188976	-634.4216102227851
2.49015748	-677.0817933645859
2.492125984	-665.1606011238898
2.494094488	-607.2084068911192
2.496062992	-549.3550702884304
2.498031496	-508.023931766882
2.5	-467.51222803277955
2.501968504	-402.90258833325015
2.503937008	-304.3189780617567
2.505905512	-204.6632400526432
2.507874016	-128.29822979338184
2.50984252	-79.29496943531899
2.511811024	-49.239745339541706
2.513779528	-28.027973457580735
2.515748031	-14.431838486165189
2.517716535	-10.700099592710066
2.519685039	-21.095383048491424
2.521653543	-38.4108944278202
2.523622047	-59.1473593763679
2.525590551	-74.40112231779554
2.527559055	-77.13692091258439
2.529527559	-62.88193021099653
2.531496063	-56.186562653296676
2.533464567	-64.09729829024043
2.535433071	-70.79711764807854
2.537401575	-62.968947571676935
2.539370079	-36.7933636822715
2.541338583	-21.53640896004407
2.543307087	-33.318231775827435
2.545275591	-60.25614750282381
2.547244094	-68.63491586516281
2.549212598	-47.929160427391125
2.551181102	-19.75406218541061
2.553149606	-14.049712952488914
2.55511811	-37.04476835427487
2.557086614	-61.32874141239701
2.559055118	-55.30970145888452
2.561023622	-27.156113941934017
2.562992126	-9.200747765869194
2.56496063	-22.343991702735575
2.566929134	-57.09844900480507
2.568897638	-79.89602738504566
2.570866142	-72.42323545156054
2.572834646	-56.44638927359859
2.57480315	-60.59238376694443
2.576771654	-70.72029392134623
2.578740157	-83.89487118932063
2.580708661	-72.49207119708896
2.582677165	-45.95989642172672
2.584645669	-31.48563203918229
2.586614173	-37.09224363663356
2.588582677	-57.18232869648266
2.590551181	-65.91987445771295
2.592519685	-61.59141665000124
2.594488189	-57.78377169524101
2.596456693	-57.54807686723668
2.598425197	-67.33636722753502
2.600393701	-80.51373412785246
2.602362205	-87.97018950553014
2.604330709	-101.03176360654103
2.606299213	-103.9206008451978
2.608267717	-101.22626418015568
2.61023622	-100.41821242339023
2.612204724	-106.03590770490209
2.614173228	-111.18068193291717
2.616141732	-101.0203290778089
2.618110236	-77.29019991774203
2.62007874	-71.13745131167856
2.622047244	-93.24401651060529
2.624015748	-127.2541622040161
2.625984252	-143.28707798894993
2.627952756	-121.70475929048204
2.62992126	-80.38929222913781
2.631889764	-74.23193096458857
2.633858268	-109.81857641313762
2.635826772	-156.41068555435106
2.637795276	-174.33749958835827
2.63976378	-151.3635593486961
2.641732283	-116.82596240189713
2.643700787	-98.60018599989888
2.645669291	-113.48879240357941
2.647637795	-144.54886907399222
2.649606299	-169.54620870961733
2.651574803	-173.15960190151173
2.653543307	-153.55094471599404
2.655511811	-128.8474498449685
2.657480315	-119.27447688773367
2.659448819	-132.4737634829579
2.661417323	-155.52202795880243
2.663385827	-168.92081060931977
2.665354331	-168.841054628063
2.667322835	-152.09539655567406
2.669291339	-146.19447445205518
2.671259843	-150.10645285078397
2.673228346	-162.84843775995662
2.67519685	-171.51140521116255
2.677165354	-177.19792517505334
2.679133858	-180.31162046861147
2.681102362	-187.4992157972183
2.683070866	-200.0560236604699
2.68503937	-221.30881078707458
2.687007874	-228.8919542675173
2.688976378	-220.43176407613055
2.690944882	-194.2561374842868
2.692913386	-178.5397012159921
2.69488189	-185.29746631459523
2.696850394	-204.8109971370414
2.698818898	-216.87102741220858
2.700787402	-200.12249010256426
2.702755906	-175.01852477052498
2.704724409	-172.5482789637672
2.706692913	-197.79177551734332
2.708661417	-233.75087266514237
2.710629921	-261.34946200280416
2.712598425	-264.8895400878127
2.714566929	-265.3884027562435
2.716535433	-269.78116979488055
2.718503937	-268.61131323673993
2.720472441	-251.47981097804785
2.722440945	-230.6757939825062
2.724409449	-222.0599589229614
2.726377953	-231.25487621455733
2.728346457	-247.615096232439
2.730314961	-247.8650001340078
2.732283465	-230.99813971620037
2.734251969	-224.15276063717897
2.736220472	-235.63026994531913
2.738188976	-252.91810161595748
2.74015748	-270.8962733698006
2.742125984	-277.1098910313016
2.744094488	-268.8344899430464
2.746062992	-260.017192217094
2.748031496	-250.62423843612666
2.75	-242.32799779084712
2.751968504	-241.42315450063995
2.753937008	-239.78206930587652
2.755905512	-245.2721800561021
2.757874016	-242.35787874299734
2.75984252	-235.11463812349805
2.761811024	-227.9895040871642
2.763779528	-232.8442874165747
2.765748031	-230.62571681517406
2.767716535	-226.2763075857656
2.769685039	-214.28344915108778
2.771653543	-202.30239086828178
2.773622047	-196.23745847522488
2.775590551	-197.2723671002549
2.777559055	-194.1446398667372
2.779527559	-180.97924929879815
2.781496063	-158.7905207038106
2.783464567	-135.01654897035172
2.785433071	-136.76907860512398
2.787401575	-153.01182504180858
2.789370079	-161.4631227418389
2.791338583	-147.08616334336264
2.793307087	-110.29994543670166
2.795275591	-78.59696371864727
2.797244094	-77.93591418629332
2.799212598	-94.02242482750103
2.801181102	-103.8228927310148
2.803149606	-86.53821682503956
2.80511811	-60.46773094907027
2.807086614	-52.723573445937845
2.809055118	-65.23815168651116
2.811023622	-80.85626418776167
2.812992126	-77.76795294998593
2.81496063	-55.43215881954669
2.816929134	-40.838616657289975
2.818897638	-54.34118227872653
2.820866142	-88.28521616944538
2.822834646	-109.58285532621082
2.82480315	-102.19253188248526
2.826771654	-75.93254998897973
2.828740157	-61.04164185107693
2.830708661	-72.10398722999228
2.832677165	-96.27180565956529
2.834645669	-110.8766341192978
2.836614173	-94.84549727625603
2.838582677	-71.2770833704297
2.840551181	-58.00946640380952
2.842519685	-58.520860260789235
2.844488189	-74.47194483505835
2.846456693	-85.99193853272428
2.848425197	-88.00393295108431
2.850393701	-87.15327629713423
2.852362205	-83.5255775339638
2.854330709	-84.04069881979461
2.856299213	-80.76697398406438
2.858267717	-76.39227076102303
2.86023622	-70.24264394911216
2.862204724	-73.99898794505691
2.864173228	-78.73844399883147
2.866141732	-82.99816024211829
2.868110236	-91.30441132509347
2.87007874	-95.31693574674719
2.872047244	-99.9514163437128
2.874015748	-96.26178394850871
2.875984252	-98.7830914686987
2.877952756	-107.43331529349823
2.87992126	-126.66772797945951
2.881889764	-139.90069920190342
2.883858268	-128.82965901186296
2.885826772	-105.01835302117088
2.887795276	-88.32623829616446
2.88976378	-88.46833201370754
2.891732283	-98.19241620555127
2.893700787	-104.60984810901329
2.895669291	-101.64235436909567
2.897637795	-94.32724346093619
2.899606299	-102.73903957618056
2.901574803	-114.3036437492954
2.903543307	-126.00794834815825
2.905511811	-136.9999868442687
2.907480315	-136.28074387043492
2.909448819	-127.21521977984577
2.911417323	-115.9618564466899
2.913385827	-113.41339328932068
2.915354331	-120.9837095095562
2.917322835	-136.8167839746459
2.919291339	-140.28505073745703
2.921259843	-127.45625397327471
2.923228346	-103.8943170009172
2.92519685	-103.27717276564574
2.927165354	-119.9536675262554
2.929133858	-137.88418195397458
2.931102362	-133.30987800001327
2.933070866	-107.81450200883685
2.93503937	-88.74706029003457
2.937007874	-92.27560138702418
2.938976378	-102.78811082143584
2.940944882	-105.63371067306215
2.942913386	-106.9185541205304
2.94488189	-117.38024739726929
2.946850394	-135.20610189512274
2.948818898	-136.2739071128326
2.950787402	-114.0037504721214
2.952755906	-95.31748089772262
2.954724409	-104.85277372126272
2.956692913	-140.10126445653052
2.958661417	-151.9510840641048
2.960629921	-134.0187509908539
2.962598425	-105.020104593671
2.964566929	-92.74527564397445
2.966535433	-107.57846741140062
2.968503937	-126.3999708761438
2.970472441	-123.35018066855474
2.972440945	-113.12317915399937
2.974409449	-115.33261128695176
2.976377953	-114.41633699890514
2.978346457	-101.12368026716214
2.980314961	-84.93558206585391
2.982283465	-89.01386726401593
2.984251969	-118.27264946255117
2.986220472	-155.68486996992127
2.988188976	-161.48559370696046
2.99015748	-137.505135788089
2.992125984	-112.93446993784003
2.994094488	-121.43569517608238
2.996062992	-147.37143208430632
2.998031496	-160.36267343871145
3.0	-138.87926346225424
3.001968504	-100.4266925433328
3.003937008	-86.97421051873805
3.005905512	-92.95878196030739
3.007874016	-110.56458416021559
3.00984252	-118.83455815570234
3.011811024	-119.09340249171183
3.013779528	-115.91983973662863
3.015748031	-119.50573177795835
3.017716535	-121.05067437171478
3.019685039	-116.92909733718972
3.021653543	-112.88109680861668
3.023622047	-114.01222392368607
3.025590551	-120.37485701181821
3.027559055	-123.01237990727098
3.029527559	-125.654875149381
3.031496063	-122.92690671937761
3.033464567	-118.90138238479081
3.035433071	-117.23308134372493
3.037401575	-121.16521601046578
3.039370079	-128.0219003464263
3.041338583	-123.19469703538869
3.043307087	-116.26546992865596
3.045275591	-109.27335995324893
3.047244094	-105.13489129983267
3.049212598	-106.4873959907247
3.051181102	-107.70711497985297
3.053149606	-105.47959065676241
3.05511811	-104.10525540699352
3.057086614	-115.5386927246599
3.059055118	-134.37191432920903
3.061023622	-137.07402585856005
3.062992126	-125.57328551847807
3.06496063	-111.17921574104227
3.066929134	-119.36903797824688
3.068897638	-136.5427872584907
3.070866142	-140.55893189477268
3.072834646	-122.83195566731521
3.07480315	-105.39029087534541
3.076771654	-104.34936235034766
3.078740157	-128.98476084420116
3.080708661	-151.2755053788609
3.082677165	-157.4822207038337
3.084645669	-140.64038662421393
3.086614173	-131.43606757655644
3.088582677	-122.97339069556874
3.090551181	-115.33883845629124
3.092519685	-105.11359319028985
3.094488189	-112.39043989523407
3.096456693	-127.20943752191943
3.098425197	-139.15426528339185
3.100393701	-126.84764188931634
3.102362205	-104.31164330616244
3.104330709	-109.2194347310921
3.106299213	-136.73198725002445
3.108267717	-177.88633177157388
3.11023622	-184.05917968460489
3.112204724	-154.07691323899945
3.114173228	-120.18755978320075
3.116141732	-108.98564798072807
3.118110236	-123.54719912054024
3.12007874	-132.07663929691162
3.122047244	-133.20784999061698
3.124015748	-126.1768043507409
3.125984252	-130.5940998141539
3.127952756	-152.3218887211536
3.12992126	-172.9284502179913
3.131889764	-182.92049404548314
3.133858268	-186.01410898786366
3.135826772	-186.42680781176747
3.137795276	-198.66609427726706
3.13976378	-202.85958804111033
3.141732283	-203.57059706493465
3.143700787	-180.7604981909114
3.145669291	-160.47322113127373
3.147637795	-150.23477229959803
3.149606299	-167.45016995531108
3.151574803	-189.36890312296654
3.153543307	-191.80746806016623
3.155511811	-178.67671455622767
3.157480315	-157.00101355574213
3.159448819	-160.98988219592897
3.161417323	-180.09515539016914
3.163385827	-189.7633889033095
3.165354331	-165.9165084894023
3.167322835	-132.1587653326023
3.169291339	-117.08693214538968
3.171259843	-132.41663978118984
3.173228346	-146.8092382488877
3.17519685	-138.21487662562868
3.177165354	-104.46021547376453
3.179133858	-84.45923924346091
3.181102362	-85.76535747966534
3.183070866	-99.7347605153945
3.18503937	-101.687901570201
3.187007874	-92.07766983885084
3.188976378	-75.31430582356177
3.190944882	-75.86917557462954
3.192913386	-87.29918508742449
3.19488189	-93.28018361088712
3.196850394	-95.1125838345324
3.198818898	-91.1737077357539
3.200787402	-101.76308085642434
3.202755906	-121.69378325558239
3.204724409	-135.43769035217812
3.206692913	-121.37055144544655
3.208661417	-94.26854106358016
3.210629921	-82.7211429817897
3.212598425	-102.20464054633703
3.214566929	-126.0810549384237
3.216535433	-131.67107573501463
3.218503937	-108.67477437821896
3.220472441	-91.27769887171033
3.222440945	-100.07282555622365
3.224409449	-134.81130136654818
3.226377953	-150.56945721116114
3.228346457	-141.28552292007518
3.230314961	-127.72778992349592
3.232283465	-132.0148317325555
3.234251969	-165.05007049306406
3.236220472	-214.20673836168493
3.238188976	-257.78425678479994
3.24015748	-294.0357387879681
3.242125984	-341.82749531579793
3.244094488	-403.9459631080176
3.246062992	-476.9539379933466
3.248031496	-537.2039608625522
3.25	-573.4721926066089
3.251968504	-594.1704423655747
3.253937008	-601.7765356566196
3.255905512	-593.9203174341246
3.257874016	-569.472245915729
3.25984252	-527.6322344232152
3.261811024	-467.4546506092415
3.263779528	-385.2181642892413
3.265748031	-304.623383758198
3.267716535	-229.85998643793167
3.269685039	-157.66980254995696
3.271653543	-93.80585830451552
3.273622047	-41.325541167604456
3.275590551	-7.472423931288475
3.277559055	0.44439290218602717
3.279527559	-2.606874979791751
3.281496063	-10.209020999772038
3.283464567	-17.50067607986653
3.285433071	-38.02210642120301
3.287401575	-71.26531536772933
3.289370079	-94.24767496127275
3.291338583	-95.1354790513082
3.293307087	-75.7764683426127
3.295275591	-58.38651912931508
3.297244094	-68.47738726899817
3.299212598	-86.79107210270855
3.301181102	-83.48181855747002
3.303149606	-50.3404887070991
3.30511811	-18.109500758570206
3.307086614	-24.166010591238845
3.309055118	-51.602367803699
3.311023622	-76.4787767661645
3.312992126	-67.90990240376335
3.31496063	-58.89965697000809
3.316929134	-56.09084866170074
3.318897638	-58.82444905486392
3.320866142	-61.288265931850106
3.322834646	-53.88366614603592
3.32480315	-55.44989646405412
3.326771654	-78.10098817994063
3.328740157	-95.45765950982911
3.330708661	-94.21476735200474
3.332677165	-78.56221794740706
3.334645669	-69.29569968628343
3.336614173	-87.34496500280265
3.338582677	-114.04730077020534
3.340551181	-117.68944866449799
3.342519685	-95.47986498442437
3.344488189	-73.553140406311
3.346456693	-62.53169399314881
3.348425197	-69.37987611414239
3.350393701	-88.86383581805923
3.352362205	-104.53082045914488
3.354330709	-106.20935189050387
3.356299213	-90.27815974062202
3.358267717	-76.84055694542197
3.36023622	-79.59073956399227
3.362204724	-105.59984628829488
3.364173228	-129.1997500011978
3.366141732	-133.33932675225623
3.368110236	-112.32423746812977
3.37007874	-87.30049244510829
3.372047244	-98.54934024645046
3.374015748	-126.58983969940363
3.375984252	-140.62900256697924
3.377952756	-128.61586058554954
3.37992126	-102.92229438042544
3.381889764	-97.79472768946803
3.383858268	-116.1326351426129
3.385826772	-137.58328193006287
3.387795276	-144.31278309781143
3.38976378	-131.86827318925464
3.391732283	-127.43682884868372
3.393700787	-126.25886744396631
3.395669291	-130.4700901331799
3.397637795	-135.54052420778322
3.399606299	-134.2137081168785
3.401574803	-143.8434510081263
3.403543307	-156.84595735096192
3.405511811	-159.69451254129294
3.407480315	-154.7110779242934
3.409448819	-156.80819970410082
3.411417323	-166.70425903525762
3.413385827	-167.5103200696665
3.415354331	-158.1999425202778
3.417322835	-155.71036428390343
3.419291339	-169.21059267107844
3.421259843	-185.69300683686038
3.423228346	-191.63250322760524
3.42519685	-172.2043160923658
3.427165354	-157.33161095744126
3.429133858	-170.69608222168685
3.431102362	-205.1579204316938
3.433070866	-228.33006139851335
3.43503937	-212.2120666842659
3.437007874	-175.34035215485045
3.438976378	-163.3621415975516
3.440944882	-181.76832133157907
3.442913386	-210.36570014008166
3.44488189	-223.10883889408572
3.446850394	-211.5716779676863
3.448818898	-208.0899497186263
3.450787402	-207.2304259406398
3.452755906	-211.37803794943363
3.454724409	-208.9544210237681
3.456692913	-208.974118051112
3.458661417	-223.04827168789984
3.460629921	-241.22473841288735
3.462598425	-243.61333134487862
3.464566929	-230.823338925409
3.466535433	-220.7159013774265
3.468503937	-227.3211151844695
3.470472441	-248.6201605589734
3.472440945	-260.3624582845232
3.474409449	-254.37049659048373
3.476377953	-241.38204516096815
3.478346457	-233.7482899744919
3.480314961	-240.88799616278033
3.482283465	-253.43902862356993
3.484251969	-256.8259592868794
3.486220472	-247.4150945607251
3.488188976	-243.91817593925748
3.49015748	-250.7008512196841
3.492125984	-254.96058442612087
3.494094488	-259.6049544791679
3.496062992	-263.64574138843955
3.498031496	-254.77784080978742
3.5	-254.09013938690586
3.501968504	-258.5127431310765
3.503937008	-265.9739256347003
3.505905512	-267.40812478260324
3.507874016	-271.8624287797672
3.50984252	-265.5928956365767
3.511811024	-251.9731176513997
3.513779528	-241.57706332084896
3.515748031	-238.80498355169127
3.517716535	-247.18821802426564
3.519685039	-248.83444360632973
3.521653543	-243.00232862887395
3.523622047	-232.04517460597816
3.525590551	-224.42056109443297
3.527559055	-223.07655649532106
3.529527559	-230.11847455321998
3.531496063	-231.217405648046
3.533464567	-221.28199324845613
3.535433071	-197.53522786839542
3.537401575	-177.97207862990052
3.539370079	-164.68621875077835
3.541338583	-165.7931557509156
3.543307087	-155.96727732129543
3.545275591	-139.74526487408815
3.547244094	-121.45746773191772
3.549212598	-110.21208055907691
3.551181102	-111.65755961038514
3.553149606	-114.45551323350654
3.55511811	-114.22753826495652
3.557086614	-103.28378153134123
3.559055118	-95.94360205229768
3.561023622	-101.6749922396626
3.562992126	-103.18740009177822
3.56496063	-96.77610776581308
3.566929134	-77.02633936834415
3.568897638	-63.38465617838071
3.570866142	-59.514925675562466
3.572834646	-60.49419240396786
3.57480315	-63.120466188017076
3.576771654	-53.08029901694094
3.578740157	-41.21945084196622
3.580708661	-39.92863921144476
3.582677165	-40.54077745908983
3.584645669	-48.78085897087244
3.586614173	-61.56087144254271
3.588582677	-59.791928900758876
3.590551181	-49.696209428519346
3.592519685	-30.54384841160059
3.594488189	-26.832432421338705
3.596456693	-41.206750662405604
3.598425197	-68.7744952100372
3.600393701	-75.89714819972154
3.602362205	-62.46688384776453
3.604330709	-50.52160818655211
3.606299213	-54.17728017583834
3.608267717	-86.71648189231371
3.61023622	-107.02714305718811
3.612204724	-107.41456854675144
3.614173228	-85.05312565291894
3.616141732	-64.55315067043367
3.618110236	-63.25869687967841
3.62007874	-75.60215104669867
3.622047244	-76.48368778653733
3.624015748	-62.34707742704584
3.625984252	-42.67155119014695
3.627952756	-45.21838556362203
3.62992126	-62.05071360632969
3.631889764	-80.08475050091681
3.633858268	-85.2005531156011
3.635826772	-80.15137393911506
3.637795276	-83.3999866359954
3.63976378	-101.71499465955749
3.641732283	-121.36186087434827
3.643700787	-125.32503621088478
3.645669291	-102.20203536184124
3.647637795	-79.03281386585599
3.649606299	-78.64813170491897
3.651574803	-92.42273075255616
3.653543307	-100.73980850165862
3.655511811	-92.41417065823836
3.657480315	-85.90394593727184
3.659448819	-89.29279974458535
3.661417323	-111.27944834745628
3.663385827	-126.55250545852178
3.665354331	-119.77890715686007
3.667322835	-100.08212370706461
3.669291339	-95.03792828684057
3.671259843	-115.91676720349929
3.673228346	-138.52632108689326
3.67519685	-135.24164752650336
3.677165354	-103.47132346703633
3.679133858	-78.12628366195204
3.681102362	-84.67750104570189
3.683070866	-117.08833918283905
3.68503937	-146.0506466840709
3.687007874	-147.30096977025755
3.688976378	-130.306420836109
3.690944882	-113.80120961161772
3.692913386	-113.93794834795564
3.69488189	-116.46761664609737
3.696850394	-120.59150869020684
3.698818898	-124.471480308369
3.700787402	-125.36199419770679
3.702755906	-117.70499531802702
3.704724409	-96.69421323518645
3.706692913	-89.91880542978204
3.708661417	-101.98133755830955
3.710629921	-129.6399097087675
3.712598425	-146.36287672957823
3.714566929	-138.39314507438505
3.716535433	-113.59363108658141
3.718503937	-97.41257417386522
3.720472441	-105.98297582446988
3.722440945	-123.33586422458342
3.724409449	-130.71578514551007
3.726377953	-125.32383594461467
3.728346457	-123.32481165523733
3.730314961	-123.62100126258164
3.732283465	-128.77236686628478
3.734251969	-132.96974506327084
3.736220472	-129.11129589473524
3.738188976	-130.78783738401927
3.74015748	-140.41283992929402
3.742125984	-136.3411505324215
3.744094488	-118.2512846762221
3.746062992	-103.67404302323533
3.748031496	-101.46985418890411
3.75	-117.70947666442518
3.751968504	-128.92160037436275
3.753937008	-120.60896997325862
3.755905512	-112.08719481359034
3.757874016	-111.18675029731693
3.75984252	-128.66738907721404
3.761811024	-140.68614892406202
3.763779528	-131.01190657320873
3.765748031	-115.69424085766975
3.767716535	-117.03891360990238
3.769685039	-121.82804864521233
3.771653543	-123.06397326719836
3.773622047	-110.84360187157426
3.775590551	-96.40595122300566
3.777559055	-98.17691572528119
3.779527559	-105.97519281108325
3.781496063	-103.5281529114756
3.783464567	-96.64974074548917
3.785433071	-94.40889243247378
3.787401575	-110.72027191949368
3.789370079	-128.00297894227148
3.791338583	-131.2664362279197
3.793307087	-113.9809479934969
3.795275591	-100.21098936716056
3.797244094	-107.32846110347366
3.799212598	-119.30300082262006
3.801181102	-124.53220457815205
3.803149606	-115.06904794166405
3.80511811	-100.1692754591527
3.807086614	-95.21932114350895
3.809055118	-96.16017448689557
3.811023622	-109.18066955175082
3.812992126	-109.58477776004835
3.81496063	-112.95936096454004
3.816929134	-117.33126551985562
3.818897638	-125.63587968622998
3.820866142	-128.4397249566088
3.822834646	-123.44757969177644
3.82480315	-121.62803974265833
3.826771654	-122.27818003011717
3.828740157	-119.36932892375147
3.830708661	-118.68276688802219
3.832677165	-119.46041171316108
3.834645669	-124.65330247444179
3.836614173	-132.6876567658957
3.838582677	-132.92582869070517
3.840551181	-135.25869475227032
3.842519685	-140.45480778209534
3.844488189	-156.06349818011444
3.846456693	-178.2899860976547
3.848425197	-190.52219591264569
3.850393701	-186.1921649047219
3.852362205	-164.62909622470323
3.854330709	-139.82865939454146
3.856299213	-126.54163948652425
3.858267717	-126.7680242579459
3.86023622	-136.3778537350022
3.862204724	-140.76953799650084
3.864173228	-141.2149695091759
3.866141732	-136.34016877160755
3.868110236	-136.76164949247067
3.87007874	-142.544707638708
3.872047244	-158.47679622470977
3.874015748	-175.30708355507642
3.875984252	-186.72329858693482
3.877952756	-186.656222808709
3.87992126	-189.2743495421107
3.881889764	-200.589428223598
3.883858268	-204.1233294198502
3.885826772	-194.20732354069628
3.887795276	-186.55389844804313
3.88976378	-188.7930853232792
3.891732283	-206.41622847296236
3.893700787	-208.9374278756096
3.895669291	-192.53219047779615
3.897637795	-166.80403416278486
3.899606299	-149.29635810266456
3.901574803	-163.1342029766953
3.903543307	-176.68476727707977
3.905511811	-168.5597380596208
3.907480315	-145.4467372067357
3.909448819	-120.2296039717417
3.911417323	-114.36920518164922
3.913385827	-115.92668368793458
3.915354331	-114.64684312029753
3.917322835	-112.17032416923618
3.919291339	-99.2407342141597
3.921259843	-86.24785643501794
3.923228346	-85.58116259083465
3.92519685	-103.71180297729425
3.927165354	-121.17177713554446
3.929133858	-120.98207751893747
3.931102362	-103.73193937672345
3.933070866	-84.00019243851494
3.93503937	-98.25485390194493
