1.968503937	-96.0506959906082
1.970472441	-81.8118595024293
1.972440945	-72.30960722312324
1.974409449	-84.27101479395165
1.976377953	-107.23121392199752
1.978346457	-109.57599349821812
1.980314961	-91.55225271591553
1.982283465	-73.55230225073286
1.984251969	-74.17826961907069
1.986220472	-87.28386922272853
1.988188976	-89.22540915962502
1.99015748	-73.14971798504385
1.992125984	-54.74938851559695
1.994094488	-52.57399531783238
1.996062992	-66.14982038281933
1.998031496	-80.05422606062747
2.0	-77.07452718661551
2.001968504	-64.82682099952014
2.003937008	-61.85094858277944
2.005905512	-72.93102506187937
2.007874016	-89.11506846300686
2.00984252	-91.53474084723395
2.011811024	-78.80515333340084
2.013779528	-65.44677776112665
2.015748031	-64.23016088193488
2.017716535	-70.03899475652946
2.019685039	-73.53526472007022
2.021653543	-74.76204172394203
2.023622047	-82.18395734834691
2.025590551	-99.57794077916974
2.027559055	-109.65607746342724
2.029527559	-99.86273045946497
2.031496063	-81.17879222925764
2.033464567	-75.80067766796833
2.035433071	-93.51111590001118
2.037401575	-117.14926954971322
2.039370079	-117.39171303314129
2.041338583	-94.12530949410544
2.043307087	-72.57310982448752
2.045275591	-76.09038853214024
2.047244094	-98.33499755842902
2.049212598	-113.22405993683846
2.051181102	-105.71460367988189
2.053149606	-85.90532316269258
2.05511811	-77.92288906729756
2.057086614	-89.79444780230814
2.059055118	-103.6239605290935
2.061023622	-107.39593434453806
2.062992126	-101.35291338692919
2.06496063	-95.74540326513156
2.066929134	-96.50932598751731
2.068897638	-97.12055010391049
2.070866142	-97.20864026422299
2.072834646	-99.22550236066344
2.07480315	-108.60758974242123
2.076771654	-112.98621043829316
2.078740157	-100.1141904980045
2.080708661	-75.12151401088249
2.082677165	-63.93968136089841
2.084645669	-79.58660107881255
2.086614173	-105.60382079383243
2.088582677	-112.02744293827215
2.090551181	-92.24394998681898
2.092519685	-73.90949162114339
2.094488189	-85.27539900492472
2.096456693	-120.28873408082802
2.098425197	-146.42348458202304
2.100393701	-143.1467787269077
2.102362205	-121.44197283733617
2.104330709	-111.28667088545356
2.106299213	-116.1080026127593
2.108267717	-119.97231556509654
2.11023622	-108.37548861711964
2.112204724	-90.6329078543346
2.114173228	-84.65294486291441
2.116141732	-94.69903440431894
2.118110236	-109.09932001559127
2.12007874	-117.35703578607729
2.122047244	-115.76038086919912
2.124015748	-111.05988977909396
2.125984252	-104.37528705549191
2.127952756	-104.03726349538708
2.12992126	-112.93905777941174
2.131889764	-128.5495525760328
2.133858268	-136.70147965121546
2.135826772	-125.23031170249818
2.137795276	-103.97238000760767
2.13976378	-92.97031737182964
2.141732283	-108.17382907076336
2.143700787	-134.88602169808064
2.145669291	-143.89591890472406
2.147637795	-125.76476298590529
2.149606299	-98.63734837742453
2.151574803	-90.44520736178293
2.153543307	-103.53530331842235
2.155511811	-116.18026020126842
2.157480315	-105.81221256775457
2.159448819	-76.38306045459458
2.161417323	-56.0294272874935
2.163385827	-65.44174921115217
2.165354331	-98.50305505693521
2.167322835	-125.66228387955975
2.169291339	-122.81627325390778
2.171259843	-100.74039968810592
2.173228346	-87.65996932620108
2.17519685	-103.90494245005361
2.177165354	-135.65768673617006
2.179133858	-154.7323593162724
2.181102362	-148.3439234790636
2.183070866	-127.84645107656706
2.18503937	-120.53149334365611
2.187007874	-130.76573280805243
2.188976378	-143.07457722511415
2.190944882	-132.34803208179687
2.192913386	-104.2968031737816
2.19488189	-79.38515873908156
2.196850394	-80.09143931743426
2.198818898	-98.47320642138861
2.200787402	-113.02642876563807
2.202755906	-110.21804696946924
2.204724409	-102.8562073307657
2.206692913	-108.64067468948538
2.208661417	-132.13643781765373
2.210629921	-152.8475074077384
2.212598425	-155.50821212747343
2.214566929	-139.73519193239642
2.216535433	-123.763840074487
2.218503937	-126.89309934545365
2.220472441	-141.7768696470582
2.222440945	-153.5214920884762
2.224409449	-145.3772957426546
2.226377953	-129.62905954310648
2.228346457	-123.85252177494456
2.230314961	-131.2453399971035
2.232283465	-139.96914472029184
2.234251969	-133.96303212872087
2.236220472	-120.07586469383368
2.238188976	-108.41270806913732
2.24015748	-110.32804564612246
2.242125984	-117.20482785164377
2.244094488	-122.8971414284478
2.246062992	-125.24296818624146
2.248031496	-128.92351247961093
2.25	-135.88045771819273
2.251968504	-137.5916532933638
2.253937008	-132.48327515591902
2.255905512	-128.1771834741893
2.257874016	-128.14523658128593
2.25984252	-131.83047701187078
2.261811024	-135.42646030193347
2.263779528	-136.3932621810864
2.265748031	-134.83519935278252
2.267716535	-132.1558629130205
2.269685039	-130.89976927821556
2.271653543	-136.3968198596698
2.273622047	-149.63958147997062
2.275590551	-160.17774661528583
2.277559055	-152.65077119029016
2.279527559	-131.35093665169126
2.281496063	-111.3736485631328
2.283464567	-116.58986940944891
2.285433071	-136.5532221609
2.287401575	-147.89625669268167
2.289370079	-132.4972231791781
2.291338583	-110.28723008589412
2.293307087	-105.0020326729172
2.295275591	-125.08499747463495
2.297244094	-153.34752227249712
2.299212598	-167.42381866877548
2.301181102	-163.34437648688507
2.303149606	-150.22155335229766
2.30511811	-142.9048212945816
2.307086614	-145.3690341147858
2.309055118	-152.80279980727886
2.311023622	-154.3240803977583
2.312992126	-136.7752733836532
2.31496063	-113.89887407838918
2.316929134	-102.67492397000528
2.318897638	-115.01625769676491
2.320866142	-137.69064000083404
2.322834646	-148.63969503541742
2.32480315	-145.83349840558174
2.326771654	-148.45083179413825
2.328740157	-165.1124736099334
2.330708661	-178.62021319226972
2.332677165	-170.8671617403895
2.334645669	-146.61697461768244
2.336614173	-137.17949004154298
2.338582677	-156.22246050405283
2.340551181	-179.62460409681822
2.342519685	-172.29256813741407
2.344488189	-135.33875672512755
2.346456693	-112.40775648044207
2.348425197	-136.71870892245008
2.350393701	-186.20855110903847
2.352362205	-209.84740914620292
2.354330709	-182.9702688508768
2.356299213	-141.68587121947462
2.358267717	-137.77326412576704
2.36023622	-174.46835027532995
2.362204724	-213.55642134751423
2.364173228	-215.34510399576382
2.366141732	-184.27501238839642
2.368110236	-162.43315178172656
2.37007874	-168.5187502828524
2.372047244	-189.94930414808223
2.374015748	-204.7497115800209
2.375984252	-212.02821759618988
2.377952756	-217.32461971572837
2.37992126	-219.62722947478483
2.381889764	-208.55817611743458
2.383858268	-189.67365584824063
2.385826772	-175.71578652141883
2.387795276	-183.6826206641095
2.38976378	-200.23971554715763
2.391732283	-205.81599361704488
2.393700787	-192.72925269058086
2.395669291	-179.62371395019173
2.397637795	-181.27732027394111
2.399606299	-188.69689507778452
2.401574803	-184.87650803940844
2.403543307	-165.05672509034775
2.405511811	-142.2611835581659
2.407480315	-136.7130917086215
2.409448819	-139.56532296818565
2.411417323	-138.4462412559236
2.413385827	-124.40900859614864
2.415354331	-102.3022928099256
2.417322835	-88.91680997099238
2.419291339	-98.28392303364564
2.421259843	-127.71383928527813
2.423228346	-154.00535562518672
2.42519685	-151.8856769225082
2.427165354	-116.89425116358476
2.429133858	-79.19183579927002
2.431102362	-74.8803097577226
2.433070866	-106.79998437607803
2.43503937	-135.12606277580372
2.437007874	-126.32857257373091
2.438976378	-88.11202303759502
2.440944882	-67.26169884432821
2.442913386	-92.16194425274418
2.44488189	-140.92596596895908
2.446850394	-173.94004249392808
2.448818898	-169.4677052110191
2.450787402	-142.95513635139662
2.452755906	-123.77815680824686
2.454724409	-124.89108883090354
2.456692913	-137.32479710921774
2.458661417	-141.44366340456145
2.460629921	-131.1971499491071
2.462598425	-112.21100089179298
2.464566929	-102.39517169771123
2.466535433	-120.15653282093314
2.468503937	-156.50374735433576
2.470472441	-192.30422866687425
2.472440945	-217.22188262223187
2.474409449	-249.8019303195929
2.476377953	-314.3475197297217
2.478346457	-404.85714776712473
2.480314961	-483.20479724712266
2.482283465	-524.9828493720227
2.484251969	-544.3135527840168
2.486220472	-578.2340301742773
2.488188976	-633.7913732283857
2.49015748	-674.8772275528324
2.492125984	-663.6569428923787
2.494094488	-606.9704353230709
2.496062992	-547.559728580592
2.498031496	-507.9363368217053
2.5	-469.5881670996249
2.501968504	-402.36793361173466
2.503937008	-304.80735355075257
2.505905512	-202.8825411776144
2.507874016	-126.81699360536795
2.50984252	-77.02911078591919
2.511811024	-47.38135860060526
2.513779528	-25.099605643915663
2.515748031	-11.218669503939068
2.517716535	-10.82925302038287
2.519685039	-21.873051942728697
2.521653543	-39.74107473245902
2.523622047	-60.136573346726784
2.525590551	-76.24039525049102
2.527559055	-74.65214000583224
2.529527559	-65.02485342349547
2.531496063	-57.75240403438896
2.533464567	-64.35362350501387
2.535433071	-70.30765329342488
2.537401575	-61.76122425947878
2.539370079	-38.077854723617534
2.541338583	-21.115295742453664
2.543307087	-32.02726760479826
2.545275591	-57.0487508986068
2.547244094	-67.3764904368773
2.549212598	-49.302101261798796
2.551181102	-20.269613084787537
2.553149606	-15.50387703736991
2.55511811	-37.53881104782393
2.557086614	-59.770946911307156
2.559055118	-55.373792898953795
2.561023622	-27.879656616226608
2.562992126	-9.006580264540782
2.56496063	-22.536764903290088
2.566929134	-54.42260633304022
2.568897638	-77.1956883671937
2.570866142	-73.7189505901297
2.572834646	-58.91251754577822
2.57480315	-58.36366910431828
2.576771654	-73.01105142000489
2.578740157	-84.16081505691008
2.580708661	-73.86996088299284
2.582677165	-47.493336271585086
2.584645669	-31.257824443410463
2.586614173	-38.49729200880654
2.588582677	-56.60416263319085
2.590551181	-66.68007298561034
2.592519685	-62.520673218637334
2.594488189	-55.97575630578735
2.596456693	-56.40894866751298
2.598425197	-67.93148033156477
2.600393701	-80.44213298957132
2.602362205	-92.75093167929033
2.604330709	-101.52507742381897
2.606299213	-103.95637936451173
2.608267717	-100.11293252422259
2.61023622	-98.5072408836162
2.612204724	-103.21977973523889
2.614173228	-109.17092433684527
2.616141732	-100.28125486174135
2.618110236	-79.66229021618494
2.62007874	-70.12072363343046
2.622047244	-90.67272752289553
2.624015748	-127.89600671677323
2.625984252	-143.78735280421785
2.627952756	-117.4433735323542
2.62992126	-80.73790577323754
2.631889764	-71.04899757550209
2.633858268	-107.59356761172423
2.635826772	-155.457043911026
2.637795276	-173.59155919413413
2.63976378	-151.10374434662026
2.641732283	-116.20291987326165
2.643700787	-98.24226010771356
2.645669291	-113.81123381459832
2.647637795	-144.35233709071736
2.649606299	-170.57310692600223
2.651574803	-172.5997679660032
2.653543307	-154.02403577142263
2.655511811	-130.53836270100263
2.657480315	-119.44819525206583
2.659448819	-131.09492523128023
2.661417323	-154.56785222403926
2.663385827	-169.83391857295956
2.665354331	-167.6755470181529
2.667322835	-155.10596084390718
2.669291339	-146.38270183728943
2.671259843	-149.2990319276069
2.673228346	-161.60605128221582
2.67519685	-170.619201658908
2.677165354	-176.52461013968957
2.679133858	-180.30594007608872
2.681102362	-187.10801376517247
2.683070866	-201.74600253522524
2.68503937	-219.27040948277727
2.687007874	-229.14861388596927
2.688976378	-218.21080914961055
2.690944882	-195.56614232107478
2.692913386	-180.22034410600338
2.69488189	-185.15275044094273
2.696850394	-204.66255950760643
2.698818898	-215.18593543528
2.700787402	-199.8453882480532
2.702755906	-174.7733666152607
2.704724409	-171.7153704510833
2.706692913	-198.2443546518581
2.708661417	-236.24639794652697
2.710629921	-257.9216973495049
2.712598425	-264.3765434024873
2.714566929	-265.7051150398613
2.716535433	-269.3484557506382
2.718503937	-269.48575453863305
2.720472441	-251.73436181532216
2.722440945	-231.28739544783554
2.724409449	-222.26939681852753
2.726377953	-232.56759492057182
2.728346457	-245.67355244191242
2.730314961	-245.61330717493288
2.732283465	-232.28973862809178
2.734251969	-223.6730068032824
2.736220472	-233.9769266082246
2.738188976	-253.82053297239568
2.74015748	-270.7969698013049
2.742125984	-276.09327415992
2.744094488	-271.0615393160116
2.746062992	-259.9156872394286
2.748031496	-250.44729429108196
2.75	-243.65993676736997
2.751968504	-240.4852743584585
2.753937008	-240.69639758068976
2.755905512	-242.48632807525757
2.757874016	-239.24030300796667
2.75984252	-234.19990009896586
2.761811024	-229.3942672462414
2.763779528	-230.8612122755549
2.765748031	-230.04540758772058
2.767716535	-227.05634136790277
2.769685039	-216.0378924283839
2.771653543	-202.1718303509383
2.773622047	-195.18446712571998
2.775590551	-196.53151418037498
2.777559055	-194.59701799250382
2.779527559	-181.17756855205315
2.781496063	-156.6832919676676
2.783464567	-135.34657782209229
2.785433071	-134.8317524521189
2.787401575	-152.59468081340916
2.789370079	-162.7387036228288
2.791338583	-147.7431537385331
2.793307087	-109.41672292320202
2.795275591	-80.67937696312246
2.797244094	-78.9246029495057
2.799212598	-96.17995067809092
2.801181102	-104.50777549738282
2.803149606	-87.67998793692695
2.80511811	-60.417705402076635
2.807086614	-49.90049216764458
2.809055118	-66.09680617976605
2.811023622	-81.99920906414522
2.812992126	-77.92908249163989
2.81496063	-54.758184374744296
2.816929134	-41.58578060535818
2.818897638	-55.74687356619687
2.820866142	-88.67635375300516
2.822834646	-110.14677613388726
2.82480315	-100.98619812551809
2.826771654	-75.16803381767578
2.828740157	-60.620010396412454
2.830708661	-71.68833279994848
2.832677165	-95.21622156977494
2.834645669	-108.66801091330079
2.836614173	-95.36537595206283
2.838582677	-71.01471689201776
2.840551181	-55.334007837728805
2.842519685	-59.8242723720467
2.844488189	-74.9995930878728
2.846456693	-86.31225708758853
2.848425197	-89.5129915988301
2.850393701	-86.32713284768353
2.852362205	-84.3152414876214
2.854330709	-83.63964454705679
2.856299213	-80.5853152519608
2.858267717	-74.97688371595632
2.86023622	-70.24533353395695
2.862204724	-71.00050378649257
2.864173228	-76.66365554705267
2.866141732	-83.71826597097875
2.868110236	-90.82173897573776
2.87007874	-95.76911466786798
2.872047244	-98.22685199564935
2.874015748	-97.07984642092994
2.875984252	-98.14715224682733
2.877952756	-110.24002833227027
2.87992126	-127.65829965250482
2.881889764	-138.10438553634182
2.883858268	-128.9108121388054
2.885826772	-106.35415395982736
2.887795276	-88.31892851047178
2.88976378	-88.36312691174915
2.891732283	-96.96855028110951
2.893700787	-103.76428899989119
2.895669291	-101.6014773034954
2.897637795	-96.43760004986083
2.899606299	-100.25717765060624
2.901574803	-112.72715826403717
2.903543307	-128.14657125260746
2.905511811	-136.51523105722322
2.907480315	-135.87913757500192
2.909448819	-129.08554160766315
2.911417323	-117.07967953324717
2.913385827	-111.74347791806298
2.915354331	-121.56626921046833
2.917322835	-136.70319140524686
2.919291339	-142.7905387480204
2.921259843	-127.15530566136226
2.923228346	-104.28375564634727
2.92519685	-100.76989612165947
2.927165354	-119.51953226252456
2.929133858	-137.18259497898586
2.931102362	-132.7194089548657
2.933070866	-108.06697667868238
2.93503937	-88.5625005152654
2.937007874	-91.65857911959058
2.938976378	-101.70311038277953
2.940944882	-106.9587754789433
2.942913386	-108.24664732775435
2.94488189	-116.79027965798082
2.946850394	-134.71919739039043
2.948818898	-135.47056991022572
2.950787402	-114.82504988546889
2.952755906	-95.43428278369059
2.954724409	-106.76096440860131
2.956692913	-136.76134387226085
2.958661417	-153.7457012115022
2.960629921	-136.30785587488938
2.962598425	-104.47869942385672
2.964566929	-94.0547395881468
2.966535433	-108.78931293459867
2.968503937	-126.07272996764414
2.970472441	-124.10646697457159
2.972440945	-113.18290288765348
2.974409449	-111.2474349266
2.976377953	-112.97729631902453
2.978346457	-102.27185583378743
2.980314961	-84.31866532044826
2.982283465	-85.74121592495814
2.984251969	-117.63959753052431
2.986220472	-155.692125049526
2.988188976	-162.83093040852148
2.99015748	-138.39480369252223
2.992125984	-114.68522232721027
2.994094488	-121.00298264203998
2.996062992	-146.97764211396273
2.998031496	-159.81393434579954
3.0	-138.29291885325574
3.001968504	-102.86014905185003
3.003937008	-85.98729738267227
3.005905512	-93.87045199987098
3.007874016	-111.19197669814852
3.00984252	-119.4908131189521
3.011811024	-117.05945011106
3.013779528	-116.76604365967071
3.015748031	-118.13000843306625
3.017716535	-119.57175249597118
3.019685039	-116.77659588247573
3.021653543	-115.17801574990386
3.023622047	-116.7548105989689
3.025590551	-120.27368674269627
3.027559055	-123.42235291631646
3.029527559	-124.45028228919413
3.031496063	-121.55735950998098
3.033464567	-118.41658101797974
3.035433071	-117.71936947259728
3.037401575	-121.73232490013616
3.039370079	-123.73780312771578
3.041338583	-122.49149318394066
3.043307087	-115.50534110884131
3.045275591	-108.95466022491276
3.047244094	-104.60341285686427
3.049212598	-106.81894311723907
3.051181102	-105.71676323325529
3.053149606	-103.79940393305039
3.05511811	-106.77797272926978
3.057086614	-119.28204492432205
3.059055118	-134.75688532636718
3.061023622	-137.3134524157576
3.062992126	-125.0276266723072
3.06496063	-113.17101379112638
3.066929134	-117.29239021987127
3.068897638	-135.46585438980418
3.070866142	-141.32912470914354
3.072834646	-125.65864261836211
3.07480315	-107.2140363011597
3.076771654	-106.4676553698841
3.078740157	-129.23339886217553
3.080708661	-152.36044714703752
3.082677165	-155.05973804633888
3.084645669	-144.64395620616583
3.086614173	-131.61260373357257
3.088582677	-123.1351127222766
3.090551181	-115.47770939449413
3.092519685	-107.96184002578362
3.094488189	-111.95722620468635
3.096456693	-126.81153731546196
3.098425197	-136.4992239279229
3.100393701	-127.18974769798206
3.102362205	-106.62517680777223
3.104330709	-107.33550781035093
3.106299213	-138.22072745758211
3.108267717	-176.92597521132524
3.11023622	-185.16800776524093
3.112204724	-157.89433467344082
3.114173228	-119.99052488289415
3.116141732	-108.18176980065584
3.118110236	-120.87771672835802
3.12007874	-135.3900148683513
3.122047244	-134.580483768516
3.124015748	-126.13355656328896
3.125984252	-130.37344511835067
3.127952756	-149.17057613811122
3.12992126	-171.66735101941907
3.131889764	-183.03090178973042
3.133858268	-183.6268678997475
3.135826772	-186.6115484837126
3.137795276	-196.69685159466175
3.13976378	-204.75450479369857
3.141732283	-200.95096278516533
3.143700787	-180.19448915616357
3.145669291	-158.15423238699114
3.147637795	-152.5918336716975
3.149606299	-167.98233813654073
3.151574803	-190.47307397275844
3.153543307	-194.42601823126418
3.155511811	-176.2371323788975
3.157480315	-158.41903567735946
3.159448819	-162.18073759222747
3.161417323	-179.67965501006032
3.163385827	-187.42078265739227
3.165354331	-166.05786399192203
3.167322835	-132.70415124678829
3.169291339	-118.00798883529104
3.171259843	-130.36370490012703
3.173228346	-144.56386148750397
3.17519685	-135.7216080013124
3.177165354	-106.1007638217759
3.179133858	-82.64689358877318
3.181102362	-85.53611155256606
3.183070866	-98.09285689270943
3.18503937	-102.47819425932033
3.187007874	-89.58839133155766
3.188976378	-76.12454168967048
3.190944882	-74.37173221428309
3.192913386	-85.62236586377755
3.19488189	-94.36268198877036
3.196850394	-95.16555226423213
3.198818898	-91.92960568296921
3.200787402	-101.37436407523406
3.202755906	-121.33891153662852
3.204724409	-132.20109152930047
3.206692913	-119.5865627860146
3.208661417	-93.83321538106532
3.210629921	-82.69106205538922
3.212598425	-101.89297528091318
3.214566929	-128.41270391411328
3.216535433	-131.52816458418863
3.218503937	-109.10835571642477
3.220472441	-89.45931656480785
3.222440945	-101.08224228433815
3.224409449	-133.7421423231188
3.226377953	-152.06222784456568
3.228346457	-142.94282560880552
3.230314961	-125.51592664701819
3.232283465	-132.26941223471962
3.234251969	-166.87785097112032
3.236220472	-214.8971192848897
3.238188976	-257.5826013572739
3.24015748	-295.2390572193061
3.242125984	-342.8108882022582
3.244094488	-407.0269974306229
3.246062992	-477.68763971749377
3.248031496	-537.6795823773712
3.25	-574.8186856901068
3.251968504	-592.8341546260652
3.253937008	-599.6090683283223
3.255905512	-592.7309164241207
3.257874016	-570.0499257888299
3.25984252	-526.581808371705
3.261811024	-464.27179590751837
3.263779528	-387.71235352527316
3.265748031	-306.6417725994484
3.267716535	-229.05245447544783
3.269685039	-158.19250367556018
3.271653543	-95.19031928382806
3.273622047	-42.663006433526235
3.275590551	-9.894355612014023
3.277559055	0.09090038673496878
3.279527559	-2.7894783672680745
3.281496063	-10.931922401920119
3.283464567	-20.24403135436504
3.285433071	-37.548449989156815
3.287401575	-69.41700133931157
3.289370079	-95.0713005506511
3.291338583	-94.78292460132613
3.293307087	-73.18242399479155
3.295275591	-58.74665236986655
3.297244094	-70.53037791242403
3.299212598	-88.46449134275625
3.301181102	-84.86759805334884
3.303149606	-51.00166830229879
3.30511811	-19.831693208366012
3.307086614	-22.522818730996892
3.309055118	-51.2472198831269
3.311023622	-73.19605440275853
3.312992126	-70.35740220816417
3.31496063	-57.79668868466219
3.316929134	-55.736229422230004
3.318897638	-60.63624698992424
3.320866142	-60.50120381991522
3.322834646	-52.36864628219075
3.32480315	-57.80796855077701
3.326771654	-78.71617958824973
3.328740157	-97.60847347885667
3.330708661	-93.50675537148201
3.332677165	-76.65729359465267
3.334645669	-70.78882321761145
3.336614173	-89.87313882583146
3.338582677	-112.07236536440935
3.340551181	-116.35822489108673
3.342519685	-96.49905558806621
3.344488189	-72.85947111968461
3.346456693	-63.15678049888777
3.348425197	-71.54563458245994
3.350393701	-89.00330305676206
3.352362205	-104.76291048347058
3.354330709	-104.8052391756219
3.356299213	-91.11489309326872
3.358267717	-77.03705907927964
3.36023622	-79.13970817423039
3.362204724	-104.99291000120823
3.364173228	-131.04442649312523
3.366141732	-133.70699157734333
3.368110236	-111.73311479711047
3.37007874	-90.7200168891741
3.372047244	-97.8997557624597
3.374015748	-124.30435127851034
3.375984252	-140.7541583722183
3.377952756	-128.7868135252055
3.37992126	-104.37423751540753
3.381889764	-97.42934372388257
3.383858268	-115.26904398143724
3.385826772	-138.86459017840943
3.387795276	-143.4352833028022
3.38976378	-134.77671054052317
3.391732283	-126.27562857168351
3.393700787	-126.10445409298538
3.395669291	-128.8803345589574
3.397637795	-131.82012494111785
3.399606299	-133.90308426159552
3.401574803	-144.93092567943162
3.403543307	-155.18774831539662
3.405511811	-157.5151733020951
3.407480315	-156.50976706395406
3.409448819	-157.59289440183883
3.411417323	-166.01008432116578
3.413385827	-169.06471515042418
3.415354331	-161.1474355720296
3.417322835	-155.33974114123976
3.419291339	-167.55815008357916
3.421259843	-187.8234559664099
3.423228346	-191.1810988011077
3.42519685	-172.46803477954637
3.427165354	-156.12085597288268
3.429133858	-170.94342821502832
3.431102362	-206.48352545719627
3.433070866	-228.3586128359959
3.43503937	-211.61578580253146
3.437007874	-177.66039026975903
3.438976378	-162.8571056743153
3.440944882	-181.97499850743384
3.442913386	-208.79066250055087
3.44488189	-220.80356310549243
3.446850394	-213.72288220490702
3.448818898	-205.70204130088223
3.450787402	-207.17894021855025
3.452755906	-210.22579905967086
3.454724409	-208.69652077059217
3.456692913	-211.634565080682
3.458661417	-223.12614030686134
3.460629921	-239.98832686875727
3.462598425	-242.44408131789962
3.464566929	-231.41082242169082
3.466535433	-221.01199175955597
3.468503937	-227.71614804659103
3.470472441	-247.3147077690319
3.472440945	-259.7889284976045
3.474409449	-255.49465089428384
3.476377953	-240.77830390181583
3.478346457	-234.74737447640322
3.480314961	-241.28389631499863
3.482283465	-251.95399323186814
3.484251969	-254.35638459605084
3.486220472	-246.14740844413524
3.488188976	-241.3421315160832
3.49015748	-245.21196793013434
3.492125984	-255.69737271369272
3.494094488	-262.3928703332393
3.496062992	-259.97489071827493
3.498031496	-254.7720506462947
3.5	-251.65829341752428
3.501968504	-254.1933891945437
3.503937008	-261.8458536426753
3.505905512	-268.3610424915893
3.507874016	-270.62049141875696
3.50984252	-264.9116314834483
3.511811024	-250.794873259901
3.513779528	-240.78092867022923
3.515748031	-239.63770240289568
3.517716535	-245.56220143631217
3.519685039	-249.59737959950573
3.521653543	-244.55598675052732
3.523622047	-233.21549518564774
3.525590551	-224.09610011766114
3.527559055	-224.1629130765269
3.529527559	-228.8648363253293
3.531496063	-230.5802537916162
3.533464567	-219.34364976546064
3.535433071	-197.49079822573557
3.537401575	-178.05873576213023
3.539370079	-165.83033166622008
3.541338583	-161.71272990030576
3.543307087	-156.36973009709683
3.545275591	-142.52632190502945
3.547244094	-123.16639461109949
3.549212598	-110.35229903193813
3.551181102	-109.39470743056715
3.553149606	-113.73353101880389
3.55511811	-111.72603584387018
3.557086614	-104.36109901180035
3.559055118	-99.0847201357418
3.561023622	-101.3699186374672
3.562992126	-103.18212234046482
3.56496063	-95.38690985236099
3.566929134	-78.17168471879788
3.568897638	-64.08018580742902
3.570866142	-58.6782816714249
3.572834646	-60.086309319938465
3.57480315	-59.565158154499606
3.576771654	-52.3671752068194
3.578740157	-42.94060090656447
3.580708661	-37.42584180165771
3.582677165	-38.981988209734
3.584645669	-48.99427355298667
3.586614173	-59.63420064034458
3.588582677	-60.46624916586226
3.590551181	-48.301081219690545
3.592519685	-31.192018390076257
3.594488189	-25.760413034511387
3.596456693	-43.56993522396093
3.598425197	-66.30370283515832
3.600393701	-75.6268589394735
3.602362205	-63.29014021623041
3.604330709	-49.75495130239084
3.606299213	-57.511702146797134
3.608267717	-83.9701744237845
3.61023622	-107.68241863512172
3.612204724	-107.97906369185122
3.614173228	-85.73957293337753
3.616141732	-65.5639221091558
3.618110236	-63.132514879613325
3.62007874	-73.10197361131583
3.622047244	-76.93356325994475
3.624015748	-63.91034999957364
3.625984252	-45.73590214242187
3.627952756	-45.31486333879678
3.62992126	-61.88619103267082
3.631889764	-80.01349041435915
3.633858268	-84.55814430694028
3.635826772	-79.3337802598518
3.637795276	-81.93157468655481
3.63976378	-101.32745929246231
3.641732283	-122.27182357485941
3.643700787	-122.50079776696019
3.645669291	-102.27288677770414
3.647637795	-81.80924394720512
3.649606299	-80.00181345695938
3.651574803	-93.2195833352994
3.653543307	-100.20726781344864
3.655511811	-93.64956000867282
3.657480315	-84.55491670998259
3.659448819	-90.37305747438815
3.661417323	-111.57171764199632
3.663385827	-124.8831308763755
3.665354331	-118.38257093932577
3.667322835	-98.79318847094825
3.669291339	-94.13622014915126
3.671259843	-114.3718142921601
3.673228346	-136.79076711189686
3.67519685	-134.05084794033684
3.677165354	-105.07646715830873
3.679133858	-78.78749584126604
3.681102362	-84.13088128365554
3.683070866	-117.66558221179197
3.68503937	-144.96270350783306
3.687007874	-145.0201451220456
3.688976378	-128.54120906163226
3.690944882	-115.7002344672345
3.692913386	-113.24535113329598
3.69488189	-117.04590929100188
3.696850394	-122.25782909012916
3.698818898	-125.57728374681867
3.700787402	-125.28112640201884
3.702755906	-115.87914410529513
3.704724409	-99.04129486593182
3.706692913	-88.80139410252188
3.708661417	-102.03796363975593
3.710629921	-129.19382202716875
3.712598425	-147.2506661319409
3.714566929	-138.8428363286894
3.716535433	-113.91752374643633
3.718503937	-99.26196409841039
3.720472441	-104.63624686947769
3.722440945	-122.7734372216669
3.724409449	-131.6416263970604
3.726377953	-126.25703767561575
3.728346457	-120.17048302332805
3.730314961	-124.35828278838733
3.732283465	-130.39230021761617
3.734251969	-129.72207397567706
3.736220472	-127.74005539523374
3.738188976	-132.95604686289582
3.74015748	-139.1033187186404
3.742125984	-136.39475041920812
3.744094488	-120.18465296778803
3.746062992	-100.59251207290575
3.748031496	-99.54888582547802
3.75	-117.25076086805501
3.751968504	-128.90485592996023
3.753937008	-123.49515492708248
3.755905512	-112.23713774877231
3.757874016	-112.90336140702154
3.75984252	-127.06587695918408
3.761811024	-136.24760131878568
3.763779528	-129.69995825183733
3.765748031	-117.3051294521502
3.767716535	-116.022691782944
3.769685039	-122.53996889439148
3.771653543	-123.61455101708715
3.773622047	-110.1847191521361
3.775590551	-96.94768984709333
3.777559055	-98.82528307622283
3.779527559	-106.75681124049547
3.781496063	-104.62939048619243
3.783464567	-95.68930877017347
3.785433071	-95.2029208990736
3.787401575	-111.12796274972675
3.789370079	-129.43644503335113
3.791338583	-130.44937097496742
3.793307087	-112.91927387448105
3.795275591	-98.94277365516535
3.797244094	-104.3913193984436
3.799212598	-119.85336703761816
3.801181102	-125.89088265724466
3.803149606	-115.85643041536582
3.80511811	-100.55885783911809
3.807086614	-94.11652382915595
3.809055118	-98.94635231012045
3.811023622	-105.75292928291825
3.812992126	-110.4928304357012
3.81496063	-113.72135406323603
3.816929134	-118.97776920189641
3.818897638	-124.27691195583641
3.820866142	-128.1396764698989
3.822834646	-127.12470481887924
3.82480315	-121.56932235738577
3.826771654	-119.29765440071198
3.828740157	-119.69530405008962
3.830708661	-119.73526734877585
3.832677165	-120.45476837812355
3.834645669	-124.79984472146448
3.836614173	-129.93529874002797
3.838582677	-132.27626640203354
3.840551181	-135.02206976978508
3.842519685	-140.86395878065605
3.844488189	-157.35781979136186
3.846456693	-179.17341534929895
3.848425197	-192.33441054886276
3.850393701	-184.6453030540582
3.852362205	-163.6976587728262
3.854330709	-140.40052716797672
3.856299213	-127.01098960921068
3.858267717	-127.47899063632293
3.86023622	-134.4249753260277
3.862204724	-139.89111812413591
3.864173228	-140.59944946939802
3.866141732	-137.2557954987012
3.868110236	-136.7451257741987
3.87007874	-142.6345643109648
3.872047244	-157.88439623442608
3.874015748	-175.35978851443565
3.875984252	-183.84496490924724
3.877952756	-187.38970670952995
3.87992126	-192.848863902891
3.881889764	-201.5479665817731
3.883858268	-205.59408507420918
3.885826772	-196.90738769799546
3.887795276	-186.63704785213193
3.88976378	-189.53661687031007
3.891732283	-204.0488679652446
3.893700787	-208.35989115539311
3.895669291	-190.65415617830547
3.897637795	-163.976202460873
3.899606299	-153.67038005661345
3.901574803	-162.4230376833727
3.903543307	-173.1617315193138
3.905511811	-167.52140894453075
3.907480315	-144.2242614829675
3.909448819	-123.65012285179077
3.911417323	-114.48058357832119
3.913385827	-114.51602778866967
3.915354331	-115.98701694213206
3.917322835	-111.81120597858934
3.919291339	-99.09978210743532
3.921259843	-88.70683940824381
3.923228346	-88.20077516075952
3.92519685	-104.7275551363884
3.927165354	-120.1289117531085
3.929133858	-120.87680558264216
3.931102362	-103.06446361992083
3.933070866	-87.13454537251634
3.93503937	-93.1186523776027
