1.968503937	-97.02921472466377
1.970472441	-80.4701682416484
1.972440945	-71.75277865758305
1.974409449	-85.48379757325195
1.976377953	-107.39900713720915
1.978346457	-109.40854421157533
1.980314961	-91.0239074235345
1.982283465	-73.16679801824225
1.984251969	-73.86628671681788
1.986220472	-86.71364348074381
1.988188976	-89.04215846170851
1.99015748	-73.28353717819384
1.992125984	-54.39134701394299
1.994094488	-52.667882347584175
1.996062992	-65.25172823009275
1.998031496	-79.613902669854
2.0	-76.92268943324356
2.001968504	-64.80732894963992
2.003937008	-60.987819515915405
2.005905512	-72.05502836818198
2.007874016	-89.23644092139281
2.00984252	-91.34490346989045
2.011811024	-77.7752699074511
2.013779528	-65.53602663062394
2.015748031	-63.30569387940212
2.017716535	-70.60733306538135
2.019685039	-74.32511776438294
2.021653543	-75.10517891264925
2.023622047	-82.00728873140682
2.025590551	-99.85622498565093
2.027559055	-110.33051070899529
2.029527559	-100.01914820504298
2.031496063	-79.52996938843269
2.033464567	-75.62096788476666
2.035433071	-94.56448471622451
2.037401575	-117.02521988024819
2.039370079	-118.24763598002458
2.041338583	-93.7737449282453
2.043307087	-71.93178104396893
2.045275591	-75.3408503970497
2.047244094	-99.28673751610535
2.049212598	-113.70467949093387
2.051181102	-105.1339984590482
2.053149606	-86.41001238603396
2.05511811	-78.48977786608545
2.057086614	-90.11764395718642
2.059055118	-103.41523135117846
2.061023622	-106.35559398300352
2.062992126	-100.19569404862432
2.06496063	-95.24493160300473
2.066929134	-95.75503382977347
2.068897638	-97.4151355281417
2.070866142	-97.22695204565666
2.072834646	-98.99804826529368
2.07480315	-108.6165352796811
2.076771654	-112.94400072982052
2.078740157	-99.5689033548658
2.080708661	-75.28289896220812
2.082677165	-63.345768401415285
2.084645669	-79.25689698697553
2.086614173	-105.18791910030183
2.088582677	-111.96449468143189
2.090551181	-92.18602505311968
2.092519685	-73.31952255585811
2.094488189	-85.17374579491556
2.096456693	-120.25734922392621
2.098425197	-146.87854674011092
2.100393701	-143.54328244940322
2.102362205	-122.82853135087733
2.104330709	-110.65286893290742
2.106299213	-116.06874724818532
2.108267717	-119.87939388987863
2.11023622	-108.52158001299519
2.112204724	-90.72124408447513
2.114173228	-85.16120384676921
2.116141732	-95.23655264214774
2.118110236	-109.9715095225017
2.12007874	-116.9593774990151
2.122047244	-115.54068925524615
2.124015748	-110.47579347947453
2.125984252	-105.14268082869238
2.127952756	-103.70050636557869
2.12992126	-113.16358218259695
2.131889764	-129.40483149019485
2.133858268	-136.62121098628026
2.135826772	-124.96424370907734
2.137795276	-103.47896827580306
2.13976378	-93.94265991983275
2.141732283	-109.0878311985601
2.143700787	-133.99719925034265
2.145669291	-144.01637948493664
2.147637795	-125.0342163807261
2.149606299	-98.40221583197933
2.151574803	-91.00625926661655
2.153543307	-103.06462943611929
2.155511811	-116.59515940741032
2.157480315	-106.26072328326819
2.159448819	-76.74451395301627
2.161417323	-55.56777564462331
2.163385827	-65.02117494345812
2.165354331	-98.72721883716716
2.167322835	-125.79364824762146
2.169291339	-122.44467909855129
2.171259843	-101.57583270982792
2.173228346	-88.36979171403736
2.17519685	-104.58006996323104
2.177165354	-135.67701762836228
2.179133858	-155.10187599861348
2.181102362	-148.4937130201946
2.183070866	-127.88594764324947
2.18503937	-120.20754952793517
2.187007874	-130.59246912062903
2.188976378	-143.59310975401812
2.190944882	-133.32404997749688
2.192913386	-104.36851760173498
2.19488189	-79.00777404704803
2.196850394	-79.31463120497021
2.198818898	-98.70870825397057
2.200787402	-112.72940839432805
2.202755906	-110.94377207169279
2.204724409	-102.64478562886899
2.206692913	-109.10378886911342
2.208661417	-131.46774026294779
2.210629921	-153.92029364956795
2.212598425	-155.5405354160064
2.214566929	-138.35885527309907
2.216535433	-123.77925284761325
2.218503937	-125.67078055632669
2.220472441	-142.50980419647928
2.222440945	-153.07204525382102
2.224409449	-145.25100824501942
2.226377953	-130.09329706910373
2.228346457	-123.6673394463327
2.230314961	-132.67112931792312
2.232283465	-138.79535878396783
2.234251969	-134.9153203547533
2.236220472	-118.92427803964777
2.238188976	-108.66977280512448
2.24015748	-108.92445396201946
2.242125984	-117.48924232055884
2.244094488	-123.34183773847859
2.246062992	-125.07053584506757
2.248031496	-129.28734847140538
2.25	-135.62990502381342
2.251968504	-137.1704548550028
2.253937008	-132.3302281518465
2.255905512	-128.04041810510878
2.257874016	-128.53678793400059
2.25984252	-131.16836472925888
2.261811024	-136.13584523929566
2.263779528	-137.17143800783217
2.265748031	-135.02949909293838
2.267716535	-132.0568468564827
2.269685039	-130.675516316211
2.271653543	-137.41934350775597
2.273622047	-150.67352998331293
2.275590551	-159.23376853474912
2.277559055	-153.02214567239776
2.279527559	-130.98975037359108
2.281496063	-112.32653727357342
2.283464567	-117.02281982076742
2.285433071	-135.77233454902904
2.287401575	-147.3182118162275
2.289370079	-133.30682414152605
2.291338583	-110.67743773973423
2.293307087	-105.63432507664065
2.295275591	-125.49292857441623
2.297244094	-152.73152951844244
2.299212598	-168.37271380729757
2.301181102	-163.86529799214702
2.303149606	-149.84563576883968
2.30511811	-142.64801353548253
2.307086614	-145.83478924891287
2.309055118	-152.63327885897314
2.311023622	-152.88930938792217
2.312992126	-137.39613510924667
2.31496063	-113.2927305591831
2.316929134	-102.74947975928008
2.318897638	-115.53024241724118
2.320866142	-137.68448779973494
2.322834646	-148.36362305192324
2.32480315	-146.40881684034363
2.326771654	-148.38899333937835
2.328740157	-163.30161073176973
2.330708661	-177.575050330093
2.332677165	-171.2467406707452
2.334645669	-146.62145352680147
2.336614173	-137.2819584755089
2.338582677	-157.3970392676151
2.340551181	-179.87331661274703
2.342519685	-171.92711990396234
2.344488189	-134.48419603363223
2.346456693	-111.83285982553885
2.348425197	-136.50092127876326
2.350393701	-185.76370679674469
2.352362205	-210.0197479695121
2.354330709	-182.70184651487997
2.356299213	-142.83167688975436
2.358267717	-137.90921333520163
2.36023622	-175.80479304096914
2.362204724	-213.52008722692543
2.364173228	-215.42485777933356
2.366141732	-185.02248851344453
2.368110236	-162.5724744657893
2.37007874	-168.85270264614087
2.372047244	-189.7113396844294
2.374015748	-204.70214715670727
2.375984252	-212.00306548246644
2.377952756	-216.57883840797214
2.37992126	-218.5717143716845
2.381889764	-209.5155813134221
2.383858268	-190.1048578870126
2.385826772	-175.83965617273574
2.387795276	-182.71172356934383
2.38976378	-199.00689275615005
2.391732283	-205.61982472606493
2.393700787	-191.9517206209186
2.395669291	-178.94654391623865
2.397637795	-180.16337652779504
2.399606299	-188.96248366109938
2.401574803	-184.6949801513591
2.403543307	-165.63863828494866
2.405511811	-143.761408768116
2.407480315	-136.45959982474372
2.409448819	-140.31246371814512
2.411417323	-139.0531784812111
2.413385827	-124.19322032959872
2.415354331	-102.6516196257574
2.417322835	-89.06405067901727
2.419291339	-98.9277019043889
2.421259843	-127.63204351795017
2.423228346	-153.81138428482168
2.42519685	-151.7119124952025
2.427165354	-116.29661863863376
2.429133858	-79.50050548427026
2.431102362	-74.27800345940211
2.433070866	-105.95144595413328
2.43503937	-135.41833805664777
2.437007874	-125.6018346928778
2.438976378	-89.13647714017178
2.440944882	-69.08447611701209
2.442913386	-92.88322984199921
2.44488189	-141.98349633556182
2.446850394	-173.80080633425075
2.448818898	-169.11340372286355
2.450787402	-142.52114164202558
2.452755906	-124.16190198235925
2.454724409	-125.77319445536665
2.456692913	-136.5545170413387
2.458661417	-141.84893404650433
2.460629921	-130.7519507090643
2.462598425	-109.81204392064718
2.464566929	-101.85840765567532
2.466535433	-119.52380596372753
2.468503937	-156.2873250938424
2.470472441	-192.85469826135238
2.472440945	-217.08426484476163
2.474409449	-249.4619207049123
2.476377953	-315.055250155133
2.478346457	-404.5332866308492
2.480314961	-483.10766058155593
2.482283465	-524.3173099718938
2.484251969	-543.1699812755737
2.486220472	-578.4525689570011
2.488188976	-635.0462143719902
2.49015748	-675.0024768294435
2.492125984	-664.9323483612993
2.494094488	-608.0245642931598
2.496062992	-547.807243810087
2.498031496	-507.4173401053591
2.5	-470.01926164783845
2.501968504	-401.5120904203878
2.503937008	-304.9015579849626
2.505905512	-202.84523859397615
2.507874016	-126.67337171673815
2.50984252	-78.40521259836237
2.511811024	-46.625244701948205
2.513779528	-26.086890891193992
2.515748031	-12.343765926515879
2.517716535	-10.85279606463721
2.519685039	-21.891132302933908
2.521653543	-38.810620216626795
2.523622047	-59.97138701631777
2.525590551	-75.08428210009988
2.527559055	-75.65335949605613
2.529527559	-64.92840082471372
2.531496063	-57.22460196138975
2.533464567	-64.78155535314797
2.535433071	-70.8013050940986
2.537401575	-61.024632871468874
2.539370079	-37.38798516040498
2.541338583	-21.825524206802136
2.543307087	-32.3190327760838
2.545275591	-57.794006933621574
2.547244094	-66.9967857076884
2.549212598	-48.88240209277013
2.551181102	-21.10731443752761
2.553149606	-16.054999750447056
2.55511811	-38.369526795277665
2.557086614	-60.685365269466
2.559055118	-54.81733342206417
2.561023622	-27.304131203669716
2.562992126	-8.874648737432043
2.56496063	-21.200706201281637
2.566929134	-54.316092527607026
2.568897638	-76.05154239974279
2.570866142	-73.65152119146707
2.572834646	-59.27251761615653
2.57480315	-57.64546911818918
2.576771654	-72.37725674386509
2.578740157	-83.70024461713976
2.580708661	-73.46659231915129
2.582677165	-46.91868261513151
2.584645669	-31.2343352009723
2.586614173	-37.8533177337762
2.588582677	-56.61521756927717
2.590551181	-66.11949018648568
2.592519685	-62.176430918619275
2.594488189	-56.32197423585849
2.596456693	-58.25144028667392
2.598425197	-68.64393165402025
2.600393701	-80.5086344544738
2.602362205	-93.09372776302037
2.604330709	-102.08233228867982
2.606299213	-104.25534794743763
2.608267717	-101.71381066165739
2.61023622	-98.10435437067568
2.612204724	-103.54633746203002
2.614173228	-109.00630406765544
2.616141732	-99.500450563714
2.618110236	-79.93944422229961
2.62007874	-69.79114669128037
2.622047244	-91.07821288813176
2.624015748	-128.10289666403048
2.625984252	-143.41325088841114
2.627952756	-118.74139256225469
2.62992126	-79.71836099431388
2.631889764	-72.25720475753201
2.633858268	-107.73264731693921
2.635826772	-155.4416140569511
2.637795276	-173.57850201456333
2.63976378	-151.06874011491172
2.641732283	-115.01683564140517
2.643700787	-99.22530885347908
2.645669291	-113.41462750050911
2.647637795	-145.1592967585642
2.649606299	-170.3196052337629
2.651574803	-173.0280315915499
2.653543307	-154.96654187681554
2.655511811	-128.86069280354224
2.657480315	-119.08722327232658
2.659448819	-131.61479817817815
2.661417323	-155.01060831646572
2.663385827	-170.4653366790377
2.665354331	-167.4604683331946
2.667322835	-154.819698757093
2.669291339	-145.23455535612328
2.671259843	-149.65984044293342
2.673228346	-160.41611709839142
2.67519685	-171.51760170394925
2.677165354	-176.57239607761628
2.679133858	-180.52248779944998
2.681102362	-186.29684953463547
2.683070866	-202.01081376200017
2.68503937	-220.57189353257326
2.687007874	-229.36958038132846
2.688976378	-219.4603888968351
2.690944882	-195.1685179330636
2.692913386	-179.09842451651474
2.69488189	-184.38423183336076
2.696850394	-205.06994332266368
2.698818898	-214.5908535094811
2.700787402	-198.99375352544013
2.702755906	-175.1332275947191
2.704724409	-171.76978085390482
2.706692913	-197.92251013813956
2.708661417	-235.83159763337858
2.710629921	-261.04219563210785
2.712598425	-264.54443748722446
2.714566929	-264.8592832784932
2.716535433	-269.6209161699434
2.718503937	-268.8896012739871
2.720472441	-252.6996913393893
2.722440945	-230.6025640090793
2.724409449	-222.66464703213288
2.726377953	-233.03213128976077
2.728346457	-246.6879075072144
2.730314961	-245.466785831494
2.732283465	-231.7035776102244
2.734251969	-224.93158948486553
2.736220472	-234.54145503188684
2.738188976	-254.404767940152
2.74015748	-270.1186376043301
2.742125984	-275.85110705612044
2.744094488	-271.2692134456518
2.746062992	-260.94643942974585
2.748031496	-251.7520877543332
2.75	-243.23384387050208
2.751968504	-240.66086065291776
2.753937008	-241.10140138082113
2.755905512	-242.2574543322256
2.757874016	-239.03119516892025
2.75984252	-233.52694869445824
2.761811024	-229.37130231207206
2.763779528	-229.44205681343254
2.765748031	-231.36601321547485
2.767716535	-227.6745355563536
2.769685039	-215.81068134142433
2.771653543	-202.61022248147322
2.773622047	-195.98320756613086
2.775590551	-197.25515557896026
2.777559055	-194.98648216689404
2.779527559	-181.44563231225231
2.781496063	-156.51387399211842
2.783464567	-135.36954968526462
2.785433071	-134.78387961630673
2.787401575	-152.1052095156442
2.789370079	-163.0612699085251
2.791338583	-146.1997643260763
2.793307087	-109.70573392421825
2.795275591	-81.26920225081231
2.797244094	-79.65589454989575
2.799212598	-97.38086082509713
2.801181102	-104.41986587475243
2.803149606	-86.31543050550367
2.80511811	-60.40266776573889
2.807086614	-50.58269524522645
2.809055118	-65.69427107963746
2.811023622	-81.59740688024308
2.812992126	-78.05784867102552
2.81496063	-56.11319593272558
2.816929134	-41.34662573235778
2.818897638	-55.26599270311659
2.820866142	-88.77570811567519
2.822834646	-109.50851764536745
2.82480315	-101.03746041419905
2.826771654	-74.70136063032906
2.828740157	-60.7444812722358
2.830708661	-72.2986985668916
2.832677165	-95.83540378808085
2.834645669	-108.2179442025381
2.836614173	-95.74739483687763
2.838582677	-71.06073572656388
2.840551181	-55.01578619925257
2.842519685	-59.37656099672617
2.844488189	-75.31604092202937
2.846456693	-86.66370472480686
2.848425197	-89.78456143905383
2.850393701	-84.44950665912509
2.852362205	-84.22171117103704
2.854330709	-83.14779663766727
2.856299213	-80.17447965010858
2.858267717	-74.23015659573868
2.86023622	-70.45629893906006
2.862204724	-70.97506024148227
2.864173228	-75.95414351106803
2.866141732	-83.48082749639023
2.868110236	-90.55578817736561
2.87007874	-96.64641372002563
2.872047244	-98.28270120742445
2.874015748	-97.5359445804155
2.875984252	-97.90717319283475
2.877952756	-110.05245257440164
2.87992126	-128.61110320959378
2.881889764	-135.85524387400622
2.883858268	-127.92435402235115
2.885826772	-104.98914514592606
2.887795276	-88.01495839124573
2.88976378	-87.381775208154
2.891732283	-96.85348441225604
2.893700787	-103.67935794265246
2.895669291	-101.9482496375311
2.897637795	-96.99876649990516
2.899606299	-101.12035846829424
2.901574803	-114.4048757062619
2.903543307	-127.0748750418209
2.905511811	-136.34019825987136
2.907480315	-136.43146238248588
2.909448819	-129.16516834424118
2.911417323	-117.32743923641003
2.913385827	-112.14455236509495
2.915354331	-120.44380456327653
2.917322835	-137.2847239967518
2.919291339	-141.79860647335744
2.921259843	-126.6454743063837
2.923228346	-104.49705363941203
2.92519685	-101.35039389805407
2.927165354	-118.60198879054118
2.929133858	-138.5875794443067
2.931102362	-133.39833063223352
2.933070866	-107.9227323604365
2.93503937	-90.29557650226091
2.937007874	-90.99560591326109
2.938976378	-102.96908543367663
2.940944882	-106.10342485581923
2.942913386	-107.34438069277927
2.94488189	-117.63542187355716
2.946850394	-134.5155870490784
2.948818898	-135.65796776422786
2.950787402	-114.20759643928096
2.952755906	-95.55161216748945
2.954724409	-105.6459626991827
2.956692913	-137.26371092422832
2.958661417	-153.7322733828489
2.960629921	-136.90614649210588
2.962598425	-104.83684095174851
2.964566929	-94.43080344526939
2.966535433	-109.2211288484207
2.968503937	-125.34561944878908
2.970472441	-122.90060866454752
2.972440945	-113.94144306290974
2.974409449	-111.31360834214988
2.976377953	-112.49910742424433
2.978346457	-102.73853706585021
2.980314961	-85.48648637991616
2.982283465	-85.8114948029332
2.984251969	-117.47090196456018
2.986220472	-154.79468196781298
2.988188976	-162.95872701873685
2.99015748	-137.29203459074637
2.992125984	-113.3961856696315
2.994094488	-120.44327609373501
2.996062992	-146.90354771853833
2.998031496	-159.25772436157484
3.0	-138.74181823023372
3.001968504	-102.84158230212414
3.003937008	-85.86677063735434
3.005905512	-94.18520511495471
3.007874016	-111.27865906637528
3.00984252	-118.6100334408941
3.011811024	-119.09797424618293
3.013779528	-116.31755190167289
3.015748031	-119.04618792988508
3.017716535	-120.56829312522731
3.019685039	-117.33657450324779
3.021653543	-115.50850788923337
3.023622047	-116.5118820737003
3.025590551	-121.20850199174994
3.027559055	-124.4458377158586
3.029527559	-124.44788966760434
3.031496063	-121.40607235178813
3.033464567	-119.41318870681019
3.035433071	-118.26262853714452
3.037401575	-121.68958585334906
3.039370079	-123.95368763290202
3.041338583	-122.44019653672753
3.043307087	-116.96499454421208
3.045275591	-108.73095688703238
3.047244094	-106.29148841484981
3.049212598	-106.41357798529083
3.051181102	-105.79727949746338
3.053149606	-104.19226393173085
3.05511811	-106.0980686565113
3.057086614	-118.6694441107414
3.059055118	-135.1673616534076
3.061023622	-137.90749656051258
3.062992126	-124.24043044171282
3.06496063	-111.9863540235512
3.066929134	-117.9457033158018
3.068897638	-135.1295444910796
3.070866142	-141.39303281928662
3.072834646	-126.40781252069031
3.07480315	-105.91807991473927
3.076771654	-106.81926793318763
3.078740157	-128.11632330571288
3.080708661	-152.2663028315946
3.082677165	-155.95253648063849
3.084645669	-144.43548644077268
3.086614173	-131.19878403182105
3.088582677	-123.37827128627312
3.090551181	-115.32747794582939
3.092519685	-107.70767997172597
3.094488189	-111.67814661651687
3.096456693	-126.83157331533289
3.098425197	-136.91471004880145
3.100393701	-126.58132617161607
3.102362205	-107.41220082413066
3.104330709	-107.34350308705032
3.106299213	-138.90046287167806
3.108267717	-175.86125734104075
3.11023622	-185.1648816186926
3.112204724	-156.7312837612742
3.114173228	-120.36904693906472
3.116141732	-107.58549835162586
3.118110236	-120.08379230417994
3.12007874	-135.332194696964
3.122047244	-134.06238594589044
3.124015748	-126.53542147364895
3.125984252	-130.41909217603748
3.127952756	-149.80109443234556
3.12992126	-171.63193452438776
3.131889764	-183.5309679498504
3.133858268	-182.94299718310333
3.135826772	-187.20756086526103
3.137795276	-196.91781755708095
3.13976378	-204.92602395923527
3.141732283	-200.33144757542962
3.143700787	-180.7023523764518
3.145669291	-158.3768099016458
3.147637795	-151.55019519831248
3.149606299	-168.65969768011746
3.151574803	-190.20523812974713
3.153543307	-195.32868663144126
3.155511811	-177.5300258437693
3.157480315	-159.12401004762052
3.159448819	-160.8082017545106
3.161417323	-180.24239278677155
3.163385827	-186.98313646974745
3.165354331	-167.1574459778463
3.167322835	-131.52360816396194
3.169291339	-117.78009106285667
3.171259843	-130.97759622094304
3.173228346	-145.00179084203293
3.17519685	-135.25751044342695
3.177165354	-106.12803637474777
3.179133858	-83.94613074378391
3.181102362	-84.78147149975246
3.183070866	-98.45540012516483
3.18503937	-102.71572635926317
3.187007874	-91.50410709854464
3.188976378	-75.88456252977348
3.190944882	-74.79210709196609
3.192913386	-85.32778757000719
3.19488189	-95.38481744332009
3.196850394	-94.55043904212927
3.198818898	-92.62286792111328
3.200787402	-101.18231344193657
3.202755906	-121.25675748405682
3.204724409	-131.0588607038492
3.206692913	-118.92359652713638
3.208661417	-94.30212582597628
3.210629921	-83.31443504124869
3.212598425	-101.03161099144134
3.214566929	-127.84598963275833
3.216535433	-130.39270142277826
3.218503937	-108.13108569141397
3.220472441	-89.4962038398323
3.222440945	-100.69091688029586
3.224409449	-133.39458166749944
3.226377953	-152.38929112771513
3.228346457	-143.4554500661181
3.230314961	-125.60302786411964
3.232283465	-131.88943712345008
3.234251969	-168.6856684598331
3.236220472	-215.7204864542891
3.238188976	-256.4795840603483
3.24015748	-295.097983444842
3.242125984	-343.2747344459172
3.244094488	-407.1040603974738
3.246062992	-477.9297400260928
3.248031496	-537.0326289407844
3.25	-574.5583932599044
3.251968504	-593.5212595049979
3.253937008	-599.8192983730523
3.255905512	-593.5731879761125
3.257874016	-569.4442693683591
3.25984252	-526.9521092472876
3.261811024	-463.65263275902333
3.263779528	-387.98133533147325
3.265748031	-306.17300779733046
3.267716535	-229.03034653357045
3.269685039	-158.65261206149864
3.271653543	-95.45305105768712
3.273622047	-42.728654935103634
3.275590551	-10.634636485339756
3.277559055	-0.11553475807652847
3.279527559	-3.2938242151548747
3.281496063	-10.5584539281754
3.283464567	-18.520766920882444
3.285433071	-37.44907595694926
3.287401575	-68.50554024617718
3.289370079	-94.3370999303344
3.291338583	-94.68653976111666
3.293307087	-74.25113842639566
3.295275591	-57.85793017265569
3.297244094	-69.15288886740662
3.299212598	-89.34323796935549
3.301181102	-85.06426178057632
3.303149606	-51.40076103917462
3.30511811	-19.370997196046282
3.307086614	-21.879335155374797
3.309055118	-50.44307372656162
3.311023622	-72.874443723024
3.312992126	-70.32382159283982
3.31496063	-58.54660964746719
3.316929134	-56.769855949672554
3.318897638	-62.02815481159803
3.320866142	-60.15251755380111
3.322834646	-52.02632747822638
3.32480315	-57.17442351943582
3.326771654	-79.03970027638722
3.328740157	-97.27461348939133
3.330708661	-93.23349824265615
3.332677165	-77.1010306189514
3.334645669	-70.9150770807246
3.336614173	-89.75595093108588
3.338582677	-112.86090684470469
3.340551181	-116.20104735274653
3.342519685	-97.49949406697723
3.344488189	-74.30562439531955
3.346456693	-63.72520877682158
3.348425197	-71.19103996455051
3.350393701	-89.66133427120765
3.352362205	-103.70373361107647
3.354330709	-104.97398295808141
3.356299213	-91.22155676023957
3.358267717	-76.09452775427887
3.36023622	-79.80535076311733
3.362204724	-105.45866373015426
3.364173228	-131.61766052218528
3.366141732	-136.0890186669106
3.368110236	-110.87895195150507
3.37007874	-91.39715461830086
3.372047244	-97.37364272608323
3.374015748	-124.58307544067124
3.375984252	-140.4922370087144
3.377952756	-128.9528111109606
3.37992126	-104.3255254630188
3.381889764	-96.71779271624075
3.383858268	-115.33043945027286
3.385826772	-138.0512434678726
3.387795276	-143.90942044921275
3.38976378	-134.02952150196623
3.391732283	-125.04040640297546
3.393700787	-125.48215362800337
3.395669291	-129.80438865539284
3.397637795	-131.56426906961332
3.399606299	-134.54384532230154
3.401574803	-144.9007473278377
3.403543307	-155.3220247045462
3.405511811	-157.87138017827834
3.407480315	-156.29730094970995
3.409448819	-158.8167636774228
3.411417323	-166.56173316446785
3.413385827	-169.01159263837138
3.415354331	-159.87746427789241
3.417322835	-154.77408342778094
3.419291339	-167.5252623896085
3.421259843	-186.39179216945408
3.423228346	-191.28895791100226
3.42519685	-172.66316257865194
3.427165354	-156.59552005302538
3.429133858	-170.39857638282507
3.431102362	-207.17577702083705
3.433070866	-228.33641210290062
3.43503937	-211.6028683905924
3.437007874	-177.63238762143595
3.438976378	-163.35442885753918
3.440944882	-180.9689095497334
3.442913386	-208.811158364688
3.44488189	-220.66057228888067
3.446850394	-212.98274999981996
3.448818898	-205.52167678432696
3.450787402	-208.03069069168586
3.452755906	-210.96129150283434
3.454724409	-209.69694622478892
3.456692913	-211.81485343789927
3.458661417	-223.68625948109585
3.460629921	-238.93024563029948
3.462598425	-243.85406905469142
3.464566929	-231.2035414053005
3.466535433	-220.22582228907024
3.468503937	-228.3659410704184
3.470472441	-247.19513188265356
3.472440945	-260.8433661869722
3.474409449	-255.49800717734794
3.476377953	-240.59116387994743
3.478346457	-234.33750665923827
3.480314961	-241.34310873691166
3.482283465	-252.39958040167411
3.484251969	-253.96613842982316
3.486220472	-247.45907859299635
3.488188976	-242.17767049425206
3.49015748	-245.35077440692604
3.492125984	-255.73920382983604
3.494094488	-261.94911554467853
3.496062992	-260.9165531924141
3.498031496	-254.57826330778528
3.5	-251.83193713230673
3.501968504	-254.57485576740174
3.503937008	-262.2692418563398
3.505905512	-268.2329053785136
3.507874016	-271.15404545754853
3.50984252	-263.54688175683236
3.511811024	-250.68286150319844
3.513779528	-240.6167057997171
3.515748031	-239.91060931346632
3.517716535	-245.05842664696115
3.519685039	-249.76594302852823
3.521653543	-244.07862577472878
3.523622047	-232.48453638760793
3.525590551	-224.92538587640522
3.527559055	-223.31245777818094
3.529527559	-230.68190601193604
3.531496063	-229.24096186713004
3.533464567	-218.60082046045275
3.535433071	-198.6724748221311
3.537401575	-177.89960236843416
3.539370079	-165.66213104891227
3.541338583	-161.29905571823636
3.543307087	-157.67565119902713
3.545275591	-142.474032856511
3.547244094	-123.53379283920594
3.549212598	-110.83032644427969
3.551181102	-109.320615901398
3.553149606	-114.0733688755388
3.55511811	-112.92301787190276
3.557086614	-103.72517760962441
3.559055118	-99.28558897306657
3.561023622	-102.29082628301856
3.562992126	-103.52259530976431
3.56496063	-96.36205991019844
3.566929134	-78.95414043884114
3.568897638	-63.26620037376679
3.570866142	-58.62252328113659
3.572834646	-60.28281120905166
3.57480315	-59.72455291899225
3.576771654	-52.82225999287418
3.578740157	-43.00277106348034
3.580708661	-36.318306497609264
3.582677165	-38.63299505817242
3.584645669	-49.55160350745287
3.586614173	-59.849093167524295
3.588582677	-60.67433976240496
3.590551181	-48.18305894570469
3.592519685	-30.700112663723743
3.594488189	-27.57514577689988
3.596456693	-43.74593746593841
3.598425197	-67.41508768857669
3.600393701	-76.1573138941116
3.602362205	-63.728521941765756
3.604330709	-50.28433649041455
3.606299213	-56.90825260858023
3.608267717	-83.75567320024514
3.61023622	-108.66558578359631
3.612204724	-108.04590311028134
3.614173228	-86.22450289622326
3.616141732	-64.93594007906245
3.618110236	-62.5862134079696
3.62007874	-73.13531509748364
3.622047244	-77.89179879181162
3.624015748	-63.217078193811524
3.625984252	-46.998743473306085
3.627952756	-44.281911575426534
3.62992126	-61.47350133701407
3.631889764	-80.40216566893216
3.633858268	-84.32049865335166
3.635826772	-78.96833173144474
3.637795276	-82.69454368332751
3.63976378	-102.18785513965335
3.641732283	-122.08320555502542
3.643700787	-122.473000338107
3.645669291	-102.11257974705052
3.647637795	-81.30537852637282
3.649606299	-80.06462047300239
3.651574803	-93.53962092388579
3.653543307	-100.3738726527413
3.655511811	-92.6295424016382
3.657480315	-83.73386433878655
3.659448819	-90.93062818898514
3.661417323	-111.40516567743636
3.663385827	-125.14988984672834
3.665354331	-118.1995349813117
3.667322835	-99.23800602703166
3.669291339	-93.66988271949246
3.671259843	-114.63126427865734
3.673228346	-137.66590184376605
3.67519685	-134.6925682975915
3.677165354	-104.51861785811911
3.679133858	-79.45963801720364
3.681102362	-83.79988510172409
3.683070866	-117.23447709290599
3.68503937	-145.07709842616953
3.687007874	-145.16681855966047
3.688976378	-128.85729185063494
3.690944882	-115.06000046707769
3.692913386	-113.20165432538147
3.69488189	-117.76302311812552
3.696850394	-122.36460281607808
3.698818898	-125.77075525607063
3.700787402	-125.64619247092588
3.702755906	-115.57779910388395
3.704724409	-98.24459631346764
3.706692913	-88.90026695341467
3.708661417	-101.63573398593492
3.710629921	-128.69652280820765
3.712598425	-146.5412234201051
3.714566929	-138.37610461501765
3.716535433	-114.27376208878921
3.718503937	-99.22806743409352
3.720472441	-105.65517877475062
3.722440945	-124.33136402687667
3.724409449	-131.1094337374862
3.726377953	-126.07382738626606
3.728346457	-120.58220257102468
3.730314961	-123.03937016577264
3.732283465	-129.48944515347515
3.734251969	-129.94387746490895
3.736220472	-128.41441741819875
3.738188976	-132.7573189776743
3.74015748	-139.29951127686164
3.742125984	-137.9253088903551
3.744094488	-119.72096221272594
3.746062992	-101.09962491204476
3.748031496	-100.50140023276458
3.75	-116.89460927959597
3.751968504	-128.53083564495094
3.753937008	-122.99874355248406
3.755905512	-110.41236009891519
3.757874016	-112.50077387721575
3.75984252	-127.26786337124923
3.761811024	-136.9456887774109
3.763779528	-129.90609344747287
3.765748031	-116.93460938009547
3.767716535	-115.71758764656468
3.769685039	-122.51634197471463
3.771653543	-123.34059388000725
3.773622047	-109.92646990384179
3.775590551	-97.64582844902857
3.777559055	-97.35891771211791
3.779527559	-106.08312704399451
3.781496063	-104.65841664193795
3.783464567	-96.19923406787417
3.785433071	-94.17472028405473
3.787401575	-110.68041080133884
3.789370079	-130.03936933779093
3.791338583	-130.6992568012402
3.793307087	-112.57754266601864
3.795275591	-98.59923568349811
3.797244094	-104.25061826088749
3.799212598	-119.30951998800838
3.801181102	-126.46053916902167
3.803149606	-116.30640972905434
3.80511811	-101.09860314341493
3.807086614	-94.2321751740414
3.809055118	-99.17814967082603
3.811023622	-107.02988335197783
3.812992126	-110.30762921131641
3.81496063	-113.28776929353026
3.816929134	-118.31810029697161
3.818897638	-124.5207615850997
3.820866142	-128.10899935337076
3.822834646	-126.46981315843328
3.82480315	-122.34782060855275
3.826771654	-118.80475292375404
3.828740157	-119.47251426699466
3.830708661	-118.77165470265176
3.832677165	-120.27613467903522
3.834645669	-125.0100873736569
3.836614173	-129.81861826985474
3.838582677	-132.4491586199524
3.840551181	-134.42837258190366
3.842519685	-140.13780239102707
3.844488189	-157.43081682796023
3.846456693	-179.8937117863146
3.848425197	-192.7705398648992
3.850393701	-185.52721306518785
3.852362205	-163.45067116693232
3.854330709	-140.07922710139647
3.856299213	-127.86864754153197
3.858267717	-126.80602596386579
3.86023622	-134.41751768450402
3.862204724	-139.05684619208432
3.864173228	-139.7966353570579
3.866141732	-137.13592805575826
3.868110236	-136.62352067978657
3.87007874	-142.60805874169571
3.872047244	-158.9437838513585
3.874015748	-175.0581034688934
3.875984252	-184.0627734179603
3.877952756	-187.38860971673952
3.87992126	-193.45605934020085
3.881889764	-201.9738884571702
3.883858268	-204.86607792177614
3.885826772	-195.74177163523672
3.887795276	-186.42130533752263
3.88976378	-189.642421806453
3.891732283	-203.35961951667747
3.893700787	-207.34151184539542
3.895669291	-190.29113744575355
3.897637795	-165.249887175322
3.899606299	-153.85581857632937
3.901574803	-163.3373777814066
3.903543307	-173.21800353661118
3.905511811	-167.66080607022576
3.907480315	-143.70438269729198
3.909448819	-123.9750618167569
3.911417323	-114.18150036268938
3.913385827	-115.08574400641628
3.915354331	-115.47531079959371
3.917322835	-111.26360720859473
3.919291339	-99.97810380087545
3.921259843	-89.09110500452593
3.923228346	-88.98701399052027
3.92519685	-103.48008286595208
3.927165354	-119.70893175601964
3.929133858	-120.41446641232722
3.931102362	-102.54443869041296
3.933070866	-87.04750796053217
3.93503937	-93.85080875548009
