10.01	8.191126830304258
10.02	4.857776966387652
10.03	5.176818455773278
10.04	7.562459707194247
10.05	7.13536595690383
10.06	8.142712359881324
10.07	9.226424006550891
10.08	8.024318127796823
10.09	9.750001487977672
10.1	8.21092561503635
10.11	9.925638239920795
10.12	10.752485854972175
10.13	15.443666829650558
10.14	11.667873596332884
10.15	15.091565327189475
10.16	12.668290383039245
10.17	17.1909331677749
10.18	14.668461221730492
10.19	14.460821241568938
10.2	17.015814896397114
10.21	17.00440277606617
10.22	15.217946753656253
10.23	16.096215635219636
10.24	17.426429124122556
10.25	15.061043964471338
10.26	18.461906471074812
10.27	15.740025281003389
10.28	18.57019793674461
10.29	20.140026393875086
10.3	19.097177494560807
10.31	19.50714123513222
10.32	17.290080034064967
10.33	18.685045273737437
10.34	17.019086267658587
10.35	18.70621959411247
10.36	19.53422421116057
10.37	22.10826225694791
10.38	21.07226955673104
10.39	19.621522970858557
10.4	18.74351280095974
10.41	17.606591194495746
10.42	19.614045893163933
10.43	21.139006699547068
10.44	22.197382597246495
10.45	19.316550490690993
10.46	20.2011009079704
10.47	17.413901468478258
10.48	20.269970181566258
10.49	19.395334211391294
10.5	20.76056155065596
10.51	18.921060140262497
10.52	21.550013122504303
10.53	16.869785303812318
10.54	19.6002676902884
10.55	17.987507688552714
10.56	20.615490447648227
10.57	19.125166382598472
10.58	16.521698560660774
10.59	16.502602864502666
10.6	18.647150749623602
10.61	15.043830707514468
10.62	17.145011144523558
10.63	16.589959524563767
10.64	15.136681284523007
10.65	16.696890657696187
10.66	16.93077232581356
10.67	13.271306605481243
10.68	14.580354475808967
10.69	12.762046948572745
10.7	12.396922259088898
10.71	14.167412995610668
10.72	11.29758668833213
10.73	13.881016280193505
10.74	13.898459668716326
10.75	11.28924978229412
10.76	14.02271562356134
10.77	9.17640321820035
10.78	8.016441793543219
10.79	10.531837446728812
10.8	10.359404670058325
10.81	9.173680920080548
10.82	11.269514138106446
10.83	6.840513517181698
10.84	8.014258833218118
10.85	6.047645245745027
10.86	5.004415957685513
10.87	5.910742563773392
10.88	8.035292458356087
10.89	6.123523325403009
10.9	6.716108037271864
10.91	6.063355653531624
10.92	3.7535369646691823
10.93	3.391697445977515
10.94	2.257310790508191
10.95	4.441969562795039
10.96	1.6527460007887105
10.97	3.1973695783484217
10.98	2.3015162938883558
10.99	2.66098232764046
11.0	2.7703392969771063
11.01	2.616938103074816
11.02	3.8404276067031704
11.03	1.0347963522532797
11.04	5.251712327383856
11.05	1.2709498728107431
11.06	0.20294972173421133
11.07	0.25706156963085935
11.08	1.5614839884368792
11.09	1.716704984199422
11.1	0.5119368990962645
11.11	0.08548871547528858
11.12	0.6981983593440668
11.13	3.450092288298177
11.14	2.3873055328476096
11.15	3.362497849728053
11.16	1.6803779216270425
11.17	2.0698299818071035
11.18	5.493555199705895
11.19	4.411461962518102
11.2	5.38053615730352
11.21	6.137479002352721
11.22	5.5002393080088545
11.23	4.981550647431608
11.24	6.960850865810012
11.25	7.6775810086574
11.26	6.100843138448555
11.27	8.143253534904847
11.28	7.329863510387684
11.29	9.377147527385196
11.3	11.257587111210118
11.31	10.352106190093691
11.32	11.58962705785321
11.33	12.55423952537247
11.34	12.002428713065491
11.35	13.141223231278886
11.36	12.715256895530707
11.37	14.913501714212988
11.38	17.57067362708802
11.39	15.507133913757855
11.4	13.67609410886956
11.41	16.666641157104934
11.42	17.10085971357802
11.43	17.52155681586382
11.44	15.902207872227143
11.45	19.85471601422548
11.46	18.55360220249692
11.47	20.504210563443365
11.48	18.024402674615786
11.49	19.02745122030442
11.5	20.76898229938952
11.51	20.579497753226505
11.52	17.773459736842746
11.53	21.359394303920983
11.54	19.61872726104945
11.55	22.408689436414694
11.56	20.807078929871317
11.57	21.117077138231295
11.58	21.537108001258193
11.59	22.194039104672925
11.6	18.72385354807743
11.61	22.29402386730325
11.62	18.82033811674619
11.63	21.389764648291568
11.64	22.293487218446206
11.65	20.49956991242171
11.66	18.642241381338717
11.67	21.15518214995663
11.68	19.788660102347464
11.69	21.524385405371536
11.7	18.879080738198372
11.71	20.118496790924596
11.72	19.26386218190798
11.73	16.361886388465642
11.74	13.516548467179906
11.75	18.933135925854856
11.76	16.647083270089794
11.77	15.910277364384894
11.78	15.142220978694178
11.79	14.315930369979922
11.8	15.988243069200474
11.81	14.292606840311844
11.82	13.232036892115945
11.83	13.861442593315848
11.84	9.182262684977516
11.85	11.001084088090709
11.86	11.477270148462974
11.87	10.181041461901664
11.88	7.700886119793618
11.89	11.8795082262255
11.9	7.072578752048096
11.91	9.283653909101064
11.92	7.270065673962068
11.93	7.466074385898182
11.94	9.984557123418616
11.95	6.723653042777607
11.96	4.108955142498057
11.97	5.911609864117873
11.98	3.856296370338673
11.99	5.861164577721302
12.0	3.164646506929678
12.01	4.363117050680769
12.02	2.3880031189659334
12.03	5.525716595661951
12.04	6.056555979221023
12.05	2.3793148270692983
12.06	2.5255374767998737
12.07	-0.6513915094374401
12.08	0.8445233070990161
12.09	1.3309569057590758
12.1	1.9361355085165886
12.11	0.6284014956718988
12.12	2.6499863298794124
12.13	3.6888349929237343
12.14	-2.1058437879738725
12.15	2.954749443428398
12.16	3.3982432067318378
12.17	3.7372234638100066
12.18	1.8290666534486555
12.19	2.705581289555164
12.2	3.831689081187426
12.21	3.901730480123881
12.22	2.7486198689163954
12.23	3.2889895061733103
12.24	3.060447166244897
12.25	2.666764805431067
12.26	5.5629835799035625
12.27	5.98419685050593
12.28	5.554041214175883
12.29	6.329417787476406
12.3	6.363459972117476
12.31	3.570036001873506
12.32	5.170737891599172
12.33	9.398989229531612
12.34	9.563555504916446
12.35	7.21256329864086
12.36	5.4192915833322965
12.37	6.846235878765058
12.38	9.558103773628584
12.39	11.620514645495112
12.4	8.383242574171712
12.41	12.237878711745209
12.42	11.55598519481237
12.43	10.953249125182287
12.44	9.214416728685439
12.45	13.027341626562691
12.46	13.935034022918376
12.47	12.845227342148483
12.48	14.659733612813957
12.49	16.267973570870648
12.5	14.085216262987291
12.51	17.88965586659853
12.52	17.817104068328053
12.53	17.993420511710998
12.54	20.025343103623495
12.55	20.663848358096384
12.56	20.044206521652452
12.57	19.939009551567363
12.58	19.870110929639374
12.59	19.335611162920983
12.6	22.921241677034146
12.61	22.68002369524239
12.62	22.039769593039694
12.63	20.785959141533656
12.64	21.463983973209558
12.65	21.995700950941366
12.66	23.662838472174123
12.67	22.672059143220096
12.68	21.695699120083866
12.69	23.856041602184213
12.7	21.50863971701625
12.71	22.58401212348301
12.72	23.045664550755234
12.73	25.0488668905136
12.74	25.49407002718786
12.75	21.113515822165635
12.76	24.177617705421078
12.77	25.48341387230981
12.78	24.38860606106192
12.79	22.70053449010338
12.8	23.88870645361503
12.81	24.102201224170532
12.82	23.78277454015777
12.83	22.70049997689735
12.84	18.28928759174378
12.85	20.170586257913776
12.86	23.952629316333333
12.87	21.01538954328325
12.88	21.298640901597835
12.89	20.205956858674288
12.9	17.245628928868754
12.91	16.2729945293173
12.92	17.016447332054753
12.93	17.74054024117098
12.94	18.463069069846572
12.95	17.307093470516477
12.96	15.227666645623714
12.97	16.422623253843376
12.98	15.55228664244978
12.99	13.174192795926063
13.0	12.082592039819819
13.01	15.230284576249009
13.02	12.645830495361317
13.03	9.829122789192773
13.04	11.531256656708187
13.05	11.793041782384236
13.06	11.022589557301542
13.07	10.822269808594408
13.08	7.0471454534067135
13.09	10.395837274999202
13.1	5.613185881803057
13.11	10.940523301321875
13.12	9.12628369947272
13.13	8.259198574823124
13.14	6.373411027966801
13.15	5.427915016731113
13.16	3.40507888594038
13.17	6.6380681335730465
13.18	6.931937043297327
13.19	6.612714476077973
13.2	5.725379051854855
13.21	4.411382828398159
13.22	3.9567587941728712
13.23	5.639720933563549
13.24	4.854535145122803
13.25	6.94868536884984
13.26	4.919396580324112
13.27	3.6869131481125224
13.28	2.0932819820585458
13.29	3.3090365480027093
13.3	4.7288832898911215
13.31	1.1948348928854964
13.32	4.875120595690956
13.33	4.049886629362185
13.34	2.512006373380668
13.35	3.447095048032451
13.36	2.893398796243494
13.37	4.174648862877561
13.38	2.204320123217891
13.39	4.793925013956781
13.4	4.327407445495796
13.41	3.316709411548747
13.42	3.22515101431464
13.43	3.261851634641216
13.44	6.586255844845757
13.45	4.658709737766609
13.46	8.32081401587983
13.47	4.333024531946801
13.48	5.855749929839913
13.49	3.71502986119518
13.5	6.053330610133569
13.51	6.132132394216614
13.52	7.523969022086724
13.53	7.812913216423938
13.54	7.598497961701657
13.55	9.193759779162946
13.56	11.261184692199473
13.57	9.176380803328001
13.58	13.804778204133795
13.59	12.193125327061429
13.6	12.760341376699472
13.61	12.498070851883973
13.62	14.137307869415734
13.63	16.802290039567865
13.64	17.16193458675118
13.65	14.054323295737115
13.66	18.51650431615577
13.67	14.549023610935874
13.68	12.653092100667344
13.69	16.071856139250162
13.7	18.664490409001957
13.71	19.273294273752953
13.72	15.293658989902973
13.73	19.149353741475046
13.74	18.066683653074982
13.75	18.940784487116066
13.76	19.16341059024554
13.77	17.564356475277172
13.78	18.964278387101636
13.79	19.233919491276367
13.8	20.71335919341333
13.81	22.149434998863782
13.82	21.122286793518516
13.83	21.529150785884895
13.84	20.56391475707823
13.85	20.212739915223665
13.86	20.07029569148395
13.87	22.289760580092462
13.88	19.39172083554206
13.89	23.233458645998933
13.9	21.40254157783409
13.91	17.948389768756254
13.92	18.894617663911628
13.93	19.774329826354144
13.94	18.358434497245586
13.95	19.704039224444244
13.96	16.580944878147868
13.97	18.247658127883156
13.98	19.916199774545028
13.99	15.901562497291483
14.0	19.017749903546793
14.01	14.665242093042847
14.02	15.995936846388023
14.03	17.120180090837714
14.04	17.889238810345237
14.05	13.498846917722492
14.06	16.650550977569104
14.07	15.066021573152089
14.08	14.678040832298603
14.09	13.722400485664622
14.1	11.64701436517846
14.11	15.14451071676836
14.12	12.06022148428253
14.13	12.424149958842728
14.14	9.37541414279983
14.15	7.939409458647601
14.16	11.721865810179127
14.17	9.824271182278281
14.18	10.809006909700207
14.19	8.148345902749668
14.2	6.095951798919774
14.21	5.4008237738224825
14.22	8.3822302124814
14.23	4.564177573366743
14.24	6.855803286882558
14.25	6.072912375608677
14.26	8.301770835145447
14.27	5.81275018864277
14.28	2.921209715321523
14.29	5.624301256504262
14.3	4.825059527133051
14.31	3.925305627137209
14.32	4.815974487215699
14.33	2.268153477944687
14.34	3.2555007292375535
14.35	1.7089934616326505
14.36	0.048892109607277856
14.37	2.4360663815204897
14.38	1.0299253824572974
14.39	2.4144775386696575
14.4	-2.965554500550315
14.41	-1.3190724903519273
14.42	1.301623511791134
14.43	-0.5247822824754111
14.44	-1.098897834320105
14.45	-0.6448715652866164
14.46	-2.1350737974225815
14.47	4.862416927094346
14.48	1.71671259228813
14.49	-0.8357396295158779
14.5	-0.08377950127360256
14.51	-0.25145942224651996
14.52	2.480540207063684
14.53	0.9855232475837721
14.54	-1.0271883820208194
14.55	3.656021146551799
14.56	0.9590429201764288
14.57	1.6640578153624377
14.58	1.0261672465986358
14.59	2.365484456988998
14.6	0.8621616354015234
14.61	-0.2681617502849485
14.62	2.018117005532356
14.63	4.069540017733086
14.64	0.23939901592164015
14.65	5.274986681312208
14.66	3.7323407698689612
14.67	3.701250352793046
14.68	6.360198411965972
14.69	3.1624649239239337
14.7	6.682518124301044
14.71	6.242825181305998
14.72	7.980092008439997
14.73	7.285995755925558
14.74	7.6456872219366545
14.75	6.143182770021516
14.76	7.064269657041077
14.77	8.278270989074718
14.78	9.789029819154178
14.79	10.172736681229797
14.8	9.773588367102528
14.81	11.451253186455766
14.82	11.119025100808702
14.83	9.492939683168045
14.84	12.610789203184849
14.85	11.573284667256969
14.86	13.55833868308531
14.87	13.544268920603788
14.88	11.241782871621401
14.89	10.301131879670972
14.9	12.14054209293011
14.91	13.804220558945858
14.92	14.202415738843198
14.93	16.67995930554782
14.94	16.31338121271213
14.95	14.825986069197578
14.96	17.802849729014376
14.97	14.981795874632768
14.98	15.001118959317509
14.99	16.20336503668719
15.0	16.472717467974604
15.01	15.522650847957339
15.02	18.742122092287612
15.03	14.87831574718628
15.04	17.50650764245318
15.05	15.694040539492283
15.06	14.589673052461
15.07	14.344200239580577
15.08	15.121623451179332
15.09	16.223129525105485
15.1	15.56297103410503
15.11	14.944005611876133
15.12	17.892000472699923
15.13	14.502049292666767
15.14	13.83207594395085
15.15	17.489860130731124
15.16	12.93057234519693
15.17	15.381014811097398
15.18	16.648186785940744
15.19	15.662400841428083
15.2	15.694448476912928
15.21	14.336389069470032
15.22	15.945957376784788
15.23	15.943391826423747
15.24	15.004238715679957
15.25	14.890373932327984
15.26	16.477348904978193
15.27	14.971043917366083
15.28	15.989348927817938
15.29	19.11532742650158
15.3	17.047178819473718
15.31	16.02299074962359
15.32	16.71163115309543
15.33	15.266631378846593
15.34	19.179398775704986
15.35	16.690371760165778
15.36	12.831005791615247
15.37	15.078077186828896
15.38	15.379929523534178
15.39	15.299501801209525
15.4	13.301009970115372
15.41	16.59389554615179
15.42	12.740270317171133
15.43	14.221529346516153
15.44	15.067716893563636
15.45	14.679474490718466
15.46	13.04225784392126
15.47	12.573803571922756
15.48	13.275946403755128
15.49	10.979992602577783
15.5	11.03365356760406
15.51	9.015461062253145
15.52	11.250525679692851
15.53	11.084933152653004
15.54	7.516411145901109
15.55	7.5757311474212825
15.56	8.167715997868289
15.57	10.26998583377822
15.58	4.997120261544351
15.59	6.2870328654853065
15.6	6.676607091777257
15.61	6.207530371640168
15.62	5.746532111513533
15.63	4.452609255836
15.64	2.493361679161044
15.65	2.27797874380512
15.66	5.341345283209634
15.67	2.7377226040153
15.68	2.9204160400352976
15.69	4.51121453139283
15.7	4.336567561989337
15.71	2.670344352967634
15.72	2.8402423353507755
15.73	-0.34202967733243206
15.74	-0.7286998795231181
15.75	-0.6297073223283798
15.76	1.4069652472410428
15.77	-0.8669560226327114
15.78	0.4227994153790303
15.79	3.3180939256685593
15.8	1.5333490583451064
15.81	-1.5041736504484322
15.82	0.9751113864963248
15.83	2.0051734211490087
15.84	2.5117140307694075
15.85	-0.94795969689956
15.86	-0.1308161856085247
15.87	1.7018455624096376
15.88	1.3449512636721588
15.89	-1.7084891177274315
15.9	-0.731655836403601
15.91	0.7904622357598424
15.92	0.09739699529948564
15.93	1.2558460693674176
15.94	0.40974101423723286
15.95	2.824284457237821
15.96	1.3021267783731776
15.97	5.168603780512589
15.98	2.700370318996446
15.99	6.2794073059103255
16.0	3.2497948267195014
16.01	4.490705742560559
16.02	5.621500282553787
16.03	6.060916966992077
16.04	5.5863909730913965
16.05	6.187596593716664
16.06	6.787549684375509
16.07	8.760084625199438
16.08	9.356642277681567
16.09	8.990424228547775
16.1	10.35898609860944
16.11	12.799584879431814
16.12	8.00191626380099
16.13	10.664386793820555
16.14	8.83335519247708
16.15	11.379502138887062
16.16	13.400505647079616
16.17	12.771466962955223
16.18	15.228696433750393
16.19	12.239584928909121
16.2	14.602206371282106
16.21	14.024201145700724
16.22	16.05926181241247
16.23	15.035895546304207
16.24	16.67202934643595
16.25	14.062045207644301
16.26	14.93913894877991
16.27	14.383743062202939
16.28	14.016065272161654
16.29	13.230443657853366
16.3	15.33986169727619
16.31	16.22683991797074
16.32	13.415905149170484
16.33	15.021950608673112
16.34	16.099687032898657
16.35	13.966203395421644
16.36	18.492164610780947
16.37	15.199992106622318
16.38	17.329918007225142
16.39	16.052718994711572
16.4	16.068404650732123
16.41	15.843759154417242
16.42	17.71802735552091
16.43	16.672283388288548
16.44	15.518639082312976
16.45	15.635906110504282
16.46	15.003734898938646
16.47	15.308364195025664
16.48	12.337408653255029
16.49	16.02821004985156
16.5	14.395610062608966
16.51	10.279632126763001
16.52	17.55680048033249
16.53	6.702097265168224
16.54	14.84708004465556
16.55	13.247849950214338
16.56	10.513871380165462
16.57	10.515257571189146
16.58	12.1206683628908
16.59	11.499399822370192
16.6	11.443139016635868
16.61	10.698064907385543
16.62	10.560489779420882
16.63	11.040126987375373
16.64	8.393478919460017
16.65	4.835451181130768
16.66	6.470055169997728
16.67	7.760777339755918
16.68	7.453260249843863
16.69	6.043717124420038
16.7	5.318320997731093
16.71	4.277212919911438
16.72	6.491999195679406
16.73	7.962343299541528
16.74	0.7443382916668648
16.75	4.892230640278089
16.76	4.26750246458174
16.77	3.098285204455042
16.78	6.088016734092825
16.79	4.533382836778361
16.8	2.827156534336115
16.81	0.37858630585950204
16.82	4.527355350054696
16.83	2.6313293169186966
16.84	1.3944577466096204
16.85	2.303496479908716
16.86	-0.5292929556574983
16.87	2.7370409214562246
16.88	2.0760587153302366
16.89	1.7372952844464697
16.9	0.13634151805097527
16.91	-2.6704319592013426
16.92	1.1383804509682076
16.93	1.5772895615640024
16.94	2.52341947484362
16.95	-0.684069843968391
16.96	0.48007689817614296
16.97	0.11959800250761643
16.98	1.84241772170866
16.99	1.7607916120166667
17.0	3.9010933156178305
17.01	-0.34860436635450176
17.02	0.949546841791655
17.03	1.883390434566304
17.04	4.557338929680844
17.05	0.16172956035499464
17.06	2.682542878556936
17.07	6.178270083936069
17.08	3.752481562984121
17.09	4.746578510124102
17.1	4.481746503421425
17.11	6.6122847344223885
17.12	9.694402866992494
17.13	7.108330071442759
17.14	7.999416336251324
17.15	6.37334794395907
17.16	8.687934303237835
17.17	9.110480433448485
17.18	9.817917956405168
17.19	10.594943424520862
17.2	8.399143834549589
17.21	10.553512714016385
17.22	9.324902203397356
17.23	11.137222564917444
17.24	11.244226116720986
17.25	12.93044403303045
17.26	14.113231545950763
17.27	11.206313295925307
17.28	13.669430561925536
17.29	13.094939573522751
17.3	11.830175027455354
17.31	13.262641587662024
17.32	15.44455736812814
17.33	17.70154095968266
17.34	14.94492903571244
17.35	17.24873638416901
17.36	15.78730506444619
17.37	14.072076382274686
17.38	14.985659488309576
17.39	19.65530581420118
17.4	15.227211661925175
17.41	18.386669493029686
17.42	16.374237429543424
17.43	17.366157542897447
17.44	14.068002885592788
17.45	19.20955602927065
17.46	18.19674259848397
17.47	16.322617927635367
17.48	15.960320489077716
17.49	14.442405440818733
17.5	16.52539043835415
17.51	15.51471581333939
17.52	17.816509394387566
17.53	15.26616006581619
17.54	17.931040679330923
17.55	17.207741207054994
17.56	16.792042472155924
17.57	17.266073629372023
17.58	15.807011442143088
17.59	14.293054841543974
17.6	11.559826572969923
17.61	12.526838928846834
17.62	14.908373112294424
17.63	16.227003073000102
17.64	11.905539660278599
17.65	13.590721444085492
17.66	13.078674777826006
17.67	12.802217903403001
17.68	10.315693582681101
17.69	12.234732806328143
17.7	11.196499214412592
17.71	12.191160988629974
17.72	13.72782091959855
17.73	9.444210384087294
17.74	7.794713877277658
17.75	8.856347760734256
17.76	6.457879115962735
17.77	6.915885008358492
17.78	5.3519758642640625
17.79	6.504291848202776
17.8	7.095455600134445
17.81	7.450409573509316
17.82	5.439975373285333
17.83	4.7743494468816845
17.84	5.825126519670048
17.85	5.49397527461698
17.86	6.053727902117815
17.87	1.6185906371626118
17.88	2.349009630109333
17.89	1.4174520878306878
17.9	-1.2355722744686348
17.91	3.5543699189878737
17.92	1.9201661520648103
17.93	1.816037222115867
17.94	1.8264190404497307
17.95	2.7399178441015524
17.96	2.4745944428590305
17.97	1.6773623869660288
17.98	2.3711009974421993
17.99	0.1698828112848746
18.0	0.1889433486040123
18.01	0.6786440445282249
18.02	1.9036368678659317
18.03	-0.8536672881168808
18.04	-0.018118837137172994
18.05	-1.1023311495147565
18.06	3.4034963336966677
18.07	-0.7054430499395785
18.08	-2.347299973456946
18.09	2.900594784873773
18.1	0.8164952783543981
18.11	-1.620086459700183
18.12	1.0003508585850809
18.13	2.7194230893510127
18.14	0.3377228961987565
18.15	2.410390612830295
18.16	3.922869992063385
18.17	-3.81874698841988
18.18	1.9778455583708463
18.19	4.203173649288816
18.2	4.895772827331317
18.21	1.3641517860654941
18.22	4.371720983377076
18.23	6.90774057585225
18.24	0.4177722379960418
18.25	6.618752890441387
18.26	6.9363297371440815
18.27	5.307812507123957
18.28	7.069885458470882
18.29	5.770526627106584
18.3	6.95000752184086
18.31	7.553917033432491
18.32	5.909594770415883
18.33	8.055132402246956
18.34	6.806361820974166
18.35	9.665777115398358
18.36	8.384956427617661
18.37	10.675844105457614
18.38	9.214764521688984
18.39	9.982388903816798
18.4	12.487078149083509
18.41	14.296722762614511
18.42	11.774697199585757
18.43	12.400811374791841
18.44	13.402177908419297
18.45	14.14105902977869
18.46	12.370181768815884
18.47	13.730592107737642
18.48	14.79379643843771
18.49	12.980217283844155
18.5	14.141620052348605
18.51	16.298894196005683
18.52	15.899597177461414
18.53	13.41900944355381
18.54	12.869517397114446
18.55	15.063191399378162
18.56	14.583004810907301
18.57	18.82645431208037
18.58	16.959979634334886
18.59	17.011170371697375
18.6	16.698017266458884
18.61	13.628988148011802
18.62	15.430808013320435
18.63	16.246117355114166
18.64	17.366559264508666
18.65	14.786587780992837
18.66	16.848650057599027
18.67	13.497999711321585
18.68	16.18927748954256
18.69	17.60893987515219
18.7	14.08661128234058
18.71	18.35166642526493
18.72	14.33182175407839
18.73	14.844458149569778
18.74	14.968713983963749
18.75	13.252839095328984
18.76	13.354516123343116
18.77	11.989878969799218
18.78	14.299604097188011
18.79	12.70713657819759
18.8	11.291669471091804
18.81	11.05655552124057
18.82	13.473599144278671
18.83	9.59574600182624
18.84	11.20386192463195
18.85	10.80721598625594
18.86	10.222738023248372
18.87	11.12105159114409
18.88	6.836283762237684
18.89	6.553784949138429
18.9	6.436305692878447
18.91	8.304022605358583
18.92	6.247974962896698
18.93	5.511936947572477
18.94	6.36422247519606
18.95	6.555648847629399
18.96	5.110798174669258
18.97	1.1250332534665493
18.98	5.015422125854839
18.99	4.064415790838913
19.0	2.3260505930689
19.01	3.6640775364175853
19.02	2.713189706174063
19.03	2.651999858402202
19.04	0.8311715178701597
19.05	1.1504419590593984
19.06	-0.524683516704822
19.07	3.0952486465057882
19.08	1.7904723485100682
19.09	2.0471788566527955
19.1	1.3510366823147333
19.11	2.3266824347520663
19.12	-0.2780536125182219
19.13	0.6829723325255612
19.14	-1.6381661544279618
19.15	-1.5208795204444803
19.16	-2.4439994133602396
19.17	0.032484694588543764
19.18	-0.8745984332316519
19.19	-0.03479469961129433
19.2	-2.0190510313894454
19.21	-2.3383419016257623
19.22	-0.811721695954919
19.23	0.21408028206687824
19.24	0.09195301423670965
19.25	-1.023099956972532
19.26	0.7250884605588043
19.27	3.1600658039933576
19.28	-1.036999063300824
19.29	0.8839549741918262
19.3	4.250969634977883
19.31	-2.219370389469579
19.32	4.091507610766034
19.33	3.232194869104975
19.34	2.225632800464057
19.35	0.7027317833073656
19.36	4.116215349253554
19.37	3.0138359116943927
19.38	2.4234726205090005
19.39	2.8701112342810164
19.4	5.07387856456003
19.41	4.322975336294067
19.42	6.271870048590322
19.43	6.85172102392438
19.44	7.743122719243896
19.45	8.685237786613394
19.46	8.885336504034473
19.47	8.787070100252912
19.48	8.06510231392226
19.49	9.213653539779587
19.5	12.220828164422588
19.51	10.881977589945327
19.52	7.357493091195574
19.53	11.18976445862621
19.54	10.598463533278343
19.55	11.800790988847607
19.56	11.34026255509725
19.57	13.946508247445447
19.58	13.240536398524428
19.59	14.89321320705741
19.6	12.766581674101216
19.61	17.888608171527398
19.62	15.952895187838408
19.63	15.848597764526861
19.64	16.950745858164996
19.65	16.305600402102062
19.66	16.068665776348368
19.67	16.640136875346393
19.68	18.50509423002188
19.69	18.442346661413737
19.7	20.542368346345448
19.71	17.93261050332412
19.72	18.983256676420428
19.73	19.073705810268052
19.74	20.723607511629666
19.75	17.642050188653627
19.76	16.150132164846152
19.77	19.718383671455562
19.78	16.5617909484629
19.79	14.501041288320625
19.8	18.513739379445436
19.81	14.578735280000098
19.82	18.429948991949484
19.83	18.43738925246702
19.84	17.114452287008632
19.85	18.313790794515985
19.86	18.676292187639465
19.87	15.621997019339634
19.88	17.35600383323875
19.89	15.354350182703667
19.9	13.520882972756882
19.91	13.55471648829205
19.92	17.908765486822222
19.93	14.987184186498832
19.94	15.448402499856707
19.95	14.147227440332411
19.96	13.451179741819137
19.97	13.47142555674705
19.98	13.863180860927777
19.99	12.700684848107898
20.0	11.981558989693921
