10.01	0.9977209396520625
10.02	0.0952207316229286
10.03	0.5370976773672398
10.04	0.4642196477582843
10.05	0.4864225934100787
10.06	0.681453948569973
10.07	0.7269869990150365
10.08	0.6969143483995921
10.09	0.18496349913375937
10.1	0.7283572829938001
10.11	0.6351266141076253
10.12	0.47159508321383636
10.13	0.6134068590156441
10.14	0.6234923800254194
10.15	0.7113069249823217
10.16	0.5942514400583827
10.17	0.3062306271800588
10.18	0.01522872181793683
10.19	0.8046637716413381
10.2	0.6670440042681879
10.21	0.7333700767595105
10.22	1.201526968013512
10.23	0.39062584435050773
10.24	0.45994999261199054
10.25	0.9422681593602944
10.26	0.4819792453352806
10.27	0.8434560787515973
10.28	0.7823022658010703
10.29	0.8102840348597032
10.3	0.7698560173212778
10.31	0.7567327667204893
10.32	0.4365250669780931
10.33	0.6413357487107038
10.34	0.5035267632915505
10.35	0.42252022187139276
10.36	0.8695130610479138
10.37	0.313380114985617
10.38	0.5929962169411113
10.39	0.5705974176467943
10.4	0.45640643192659897
10.41	0.3604035305163462
10.42	0.49031022435547506
10.43	0.7534145898898342
10.44	0.6265982024477377
10.45	0.7865738560750655
10.46	0.9412362763743285
10.47	0.6682722606620004
10.48	0.19107529196172768
10.49	0.4210508594239699
10.5	-0.1792246844670372
10.51	0.22589151303277988
10.52	0.6062521201146772
10.53	0.4586444159855628
10.54	0.5222757668644369
10.55	0.4619933736347802
10.56	0.4269106533628136
10.57	0.6455541769619663
10.58	0.38195259679377475
10.59	0.42772957574983117
10.6	0.47744968254549486
10.61	0.5409329426217879
10.62	0.3536274721399443
10.63	0.7552331343433177
10.64	0.27119491910938953
10.65	0.9072338699956316
10.66	1.0829370515252492
10.67	0.8366123784324969
10.68	0.2814389810662693
10.69	0.29793550828311594
10.7	0.6180328330827621
10.71	0.4483791515518682
10.72	0.7441958285120648
10.73	0.975464898205657
10.74	0.8552606330667221
10.75	0.3316932258442329
10.76	0.2476092700684795
10.77	0.6185309090448544
10.78	0.3541133710955078
10.79	0.9780390115301217
10.8	0.6017996541367467
10.81	0.7357413053693285
10.82	0.9069667769235962
10.83	0.3897617004622025
10.84	0.47980352763680917
10.85	0.3950575507122229
10.86	0.1647296347879298
10.87	0.603440334610922
10.88	0.9830027211662512
10.89	1.097391342904529
10.9	0.8838706457993306
10.91	0.7453811621527822
10.92	0.8810777664386322
10.93	0.445831701237339
10.94	0.3384173159234184
10.95	0.5369127118725227
10.96	0.24397905019366273
10.97	0.4953464034583014
10.98	0.5648091360519396
10.99	0.7983686356438542
11.0	0.666860770583483
11.01	0.8448159376304561
11.02	1.0914721457049774
11.03	0.7254493176349384
11.04	0.263084870551044
11.05	0.07115035005930148
11.06	0.24035614579442005
11.07	-0.06828546057430893
11.08	0.2997170424843407
11.09	0.5219443371914996
11.1	0.08357556770627764
11.11	0.5257983225953856
11.12	0.15889218992170878
11.13	0.5351431666663546
11.14	0.609422656672888
11.15	0.43757464250930667
11.16	0.8367458572627362
11.17	0.6599488207012423
11.18	0.5920618203673115
11.19	0.3004479832389386
11.2	0.3188578072308174
11.21	0.584833162257248
11.22	0.5912119838603509
11.23	0.7946618887700666
11.24	0.2722849115312393
11.25	0.4151982491467796
11.26	0.7696135454450103
11.27	0.19482786968680527
11.28	0.6512562668535362
11.29	0.383888683975604
11.3	0.418524851633771
11.31	0.14372124352417903
11.32	0.5706757609869513
11.33	0.8068168599250711
11.34	0.45211419814204545
11.35	0.5104860416419398
11.36	0.4825757098545702
11.37	0.4581029944872086
11.38	0.3686637608725831
11.39	0.31331884123112025
11.4	0.5589918411849435
11.41	0.0934683353458099
11.42	0.33160838885483784
11.43	0.5349105609361603
11.44	0.1676831921735582
11.45	0.6483912055672366
11.46	0.8994553963929327
11.47	0.3320509437088027
11.48	0.773652576369199
11.49	0.6878485292728895
11.5	0.3996769401613658
11.51	0.12225492834390495
11.52	0.08158280238367115
11.53	-0.05482422654325836
11.54	0.10545218780504843
11.55	0.834383590209002
11.56	0.24125216960005202
11.57	0.2300429868130986
11.58	0.34650677799679963
11.59	0.3399843734029569
11.6	0.08577099396831273
11.61	0.22042343652147572
11.62	0.4742871379913082
11.63	0.5240703256221116
11.64	0.39684378458866143
11.65	0.2764224668568496
11.66	0.10328043020471643
11.67	0.08331628143736602
11.68	0.7189544688986904
11.69	0.35628489836186306
11.7	-0.07576933184415263
11.71	0.9571999249816335
11.72	1.0378413972070526
11.73	0.8117722581808531
11.74	-0.0804307322723671
11.75	0.6204745930787643
11.76	-0.18677047222688953
11.77	0.3096335058307308
11.78	0.289083973957899
11.79	0.08623790258403564
11.8	0.35756530817371734
11.81	0.3163064187106509
11.82	0.29483149531684305
11.83	0.5398059757051203
11.84	0.30493770417570387
11.85	0.4078126340573385
11.86	0.4065195839062643
11.87	0.20974532872678794
11.88	0.01360900097575464
11.89	0.4819568977577859
11.9	0.26173009418784177
11.91	-0.08957089413119962
11.92	0.2689152989262209
11.93	0.22662923618274447
11.94	0.3064642873771307
11.95	0.057095773656679616
11.96	0.5814178572777351
11.97	0.13363138553910225
11.98	0.5560926430437427
11.99	0.47097148820186796
12.0	0.5105925928028122
12.01	0.3137179362417918
12.02	0.25451135849860307
12.03	0.5508038273974246
12.04	0.10597777818262433
12.05	0.2860851040036802
12.06	0.09826016654141742
12.07	0.6021101866669202
12.08	0.15886295459180114
12.09	0.0738772786929168
12.1	-0.1672932683667202
12.11	0.5788824694275672
12.12	0.2181376624289989
12.13	0.2687825323456829
12.14	0.27398703213440584
12.15	0.30303263836896016
12.16	0.43719474750838927
12.17	0.5167393771654982
12.18	0.6118478423712197
12.19	0.18022766544882285
12.2	0.27334373964089315
12.21	0.6026100854509602
12.22	0.5090689790610103
12.23	-0.043397631151893684
12.24	0.011785950056248454
12.25	-0.02145829365548027
12.26	-0.028019060256697342
12.27	0.11086193189135511
12.28	0.6462125348456977
12.29	0.1041917722530016
12.3	0.12590455190400715
12.31	0.1054834712660977
12.32	-0.21465583113242565
12.33	0.029364560217415625
12.34	0.3762201745369845
12.35	0.25710475646899694
12.36	-0.1948328626612577
12.37	0.517916916223751
12.38	0.5853730393422045
12.39	-0.024202167705485722
12.4	-0.17792252848619128
12.41	-0.03261688577668159
12.42	-0.10626956665494652
12.43	-0.031761838039048
12.44	0.331831095360642
12.45	-0.01265211880038497
12.46	-0.04689188796281729
12.47	0.20221472757246364
12.48	0.3765531404430175
12.49	-0.048134495324369475
12.5	-0.15438583684809454
12.51	0.13712027294225324
12.52	0.17045047568714325
12.53	-0.037314466629026294
12.54	0.28087978192519447
12.55	0.19881199809387262
12.56	0.17104368090403133
12.57	-0.031165021685539862
12.58	0.17433829060821487
12.59	0.19120060429413413
12.6	0.40126578100928806
12.61	0.2537670200988895
12.62	-0.2560066837203679
12.63	0.2999330608181613
12.64	0.028577276770780133
12.65	0.13879428484010037
12.66	0.15585753843264744
12.67	0.3041885340486839
12.68	0.04810054150854601
12.69	0.07716527324324632
12.7	0.15503610697951298
12.71	-0.41682508420475534
12.72	0.16172915060882043
12.73	0.7984981731699142
12.74	-0.12783804576619695
12.75	0.4093072141402131
12.76	0.18088017756444266
12.77	0.4108404977472075
12.78	0.4563668801136768
12.79	0.6249000533894127
12.8	-0.1653869099783749
12.81	0.10152636089800073
12.82	-0.2883075294915688
12.83	0.11103356563529278
12.84	0.06403436463274717
12.85	-0.21850955958962176
12.86	0.13076966913802576
12.87	0.09944258060379169
12.88	0.15296388006214656
12.89	-0.1252823930043474
12.9	0.1764551347138008
12.91	0.2519211104958813
12.92	0.1658727672867844
12.93	0.36900942390678415
12.94	0.30472081149448244
12.95	0.18953909228976512
12.96	0.1459949808193518
12.97	0.14396469439166454
12.98	0.2317798800102837
12.99	0.03468490061676903
13.0	0.17381445000250526
13.01	0.302319965983148
13.02	0.32555622129153683
13.03	-0.0854661907764715
13.04	0.30471913417527563
13.05	-0.029877051092388
13.06	0.36302782237430087
13.07	-0.12063259604009724
13.08	0.05119975668973034
13.09	0.0898973686612945
13.1	0.33718541699218524
13.11	0.386270300770833
13.12	0.2327689739978334
13.13	0.3598350808809804
13.14	0.4502452979641507
13.15	0.3953856274728454
13.16	0.161785124785344
13.17	-0.3143548983153833
13.18	0.22760350012662517
13.19	0.22002554459242912
13.2	-0.3682836251775067
13.21	0.058902886658266776
13.22	0.04963751863091731
13.23	0.0011905439850671135
13.24	0.26262824474512214
13.25	0.14322239078052726
13.26	0.25327095700172986
13.27	0.2991609726261537
13.28	0.24048765383094584
13.29	0.08970313506892828
13.3	0.05873311900403774
13.31	-0.005547393201903922
13.32	0.06051847993908217
13.33	0.0711122330417071
13.34	0.043221217153847205
13.35	0.37044123168522713
13.36	0.009302129412343055
13.37	-0.2179219503324648
13.38	0.23275861144797932
13.39	0.36871954359111025
13.4	-0.022694266799930946
13.41	0.0476174362600434
13.42	0.33770117668967364
13.43	0.12467172681405178
13.44	-0.23186330387356946
13.45	-0.19819180564659783
13.46	0.28044541267246526
13.47	0.10406879386301734
13.48	-0.13037578165066055
13.49	-0.055774096409018176
13.5	0.23519446879674277
13.51	-0.103464291334734
13.52	0.3692815589466284
13.53	0.15512403798887975
13.54	0.7734167862356554
13.55	0.48853875484865317
13.56	0.2665331809745064
13.57	-0.05557443482823596
13.58	0.27561230160867833
13.59	-0.019298218765761155
13.6	0.13613634540333075
13.61	0.09043439524361088
13.62	0.2177390760157007
13.63	0.5115997834177575
13.64	-0.19460347202890166
13.65	-0.06168111030901702
13.66	0.0951382967515873
13.67	0.22608523741444334
13.68	0.18938532342071715
13.69	0.05100099825448642
13.7	0.015416515921146581
13.71	0.09648913635149223
13.72	0.1314920216505584
13.73	0.10671783931264515
13.74	0.09423689356836856
13.75	0.3215178009817454
13.76	0.3044467793370911
13.77	0.5927302339653773
13.78	-0.030768132213456312
13.79	0.1493682976980314
13.8	0.11891591712133176
13.81	0.13870267781685952
13.82	0.08715403323693938
13.83	0.09006300613493413
13.84	0.3554220139347457
13.85	0.11002215494950895
13.86	0.23146905951856622
13.87	-0.007510825357365691
13.88	0.15194871549507621
13.89	0.481569660726306
13.9	0.37822935183548284
13.91	0.25030798401938853
13.92	0.12196553975001914
13.93	-0.017997635149976043
13.94	0.06666141967062292
13.95	-0.04106643289727871
13.96	0.21105257932958016
13.97	0.37469923164044927
13.98	-0.29714539276426855
13.99	0.04258635954713054
14.0	-0.0912184614348375
14.01	0.10641197653431891
14.02	0.1576485055309543
14.03	0.2576018637920032
14.04	0.05873387583819294
14.05	-0.2588675684807728
14.06	0.18241053032548799
14.07	0.2202624184081626
14.08	0.6350766496916835
14.09	0.0605283600461306
14.1	0.5146821204720524
14.11	0.40995653322862163
14.12	0.10559982126149056
14.13	-0.03523154315708235
14.14	0.193960653189148
14.15	0.026867178122752078
14.16	-0.13651774950179152
14.17	0.38924143564581254
14.18	0.11233448648455367
14.19	0.24690114120830753
14.2	0.33192044931503195
14.21	0.12696429421100744
14.22	0.26950935650456453
14.23	0.22736384577817145
14.24	-0.06538437955660428
14.25	-0.044425797615610746
14.26	0.05483921656359539
14.27	-0.06364174226825114
14.28	0.10778221427745009
14.29	0.1375341252564376
14.3	0.2996632494353513
14.31	-0.24174396994140326
14.32	0.02952441117818727
14.33	0.1557673329585102
14.34	-0.038188687243190717
14.35	0.16246643393832566
14.36	0.129946298450909
14.37	0.058610908778139584
14.38	0.23962750699511726
14.39	0.01651843543801475
14.4	0.2089448061349634
14.41	0.126788348504886
14.42	-0.054715495526671876
14.43	0.19632136988032
14.44	0.08175712909743646
14.45	-0.01445052133572533
14.46	0.5972380630123633
14.47	-0.11460942833402835
14.48	0.33377019564630456
14.49	-0.1785246995329291
14.5	0.36725804367668724
14.51	0.16365984449988571
14.52	0.06531833150511882
14.53	0.18233742654105614
14.54	0.005442574325635885
14.55	0.18671144757374492
14.56	0.2531197497211065
14.57	0.25822292550440773
14.58	0.2753730875202224
14.59	0.21556662272291727
14.6	0.5306079344425125
14.61	-0.04177718668564748
14.62	0.1739368334191601
14.63	0.11704690350891994
14.64	0.09827669064685257
14.65	0.05664147758410351
14.66	0.09723689611036934
14.67	0.09979577320574362
14.68	-0.05896483767009769
14.69	0.30609936096605117
14.7	0.28549495460053487
14.71	0.5669082748410399
14.72	-0.1496542733511928
14.73	0.13893725773291593
14.74	-0.19069018145982924
14.75	0.38670513823349845
14.76	0.5580359926809669
14.77	0.0572810870783811
14.78	-0.2540507119077903
14.79	-0.2241841461549261
14.8	0.0011849214667879332
14.81	0.010327030465541426
14.82	0.5196211062932521
14.83	0.3900172560858834
14.84	0.39441670038199456
14.85	-0.06104851903825936
14.86	0.06744677466151985
14.87	-0.1259016182119701
14.88	-0.13453604207034656
14.89	0.23013637689959393
14.9	0.2693452345366131
14.91	0.5340293185806895
14.92	0.4382091172585806
14.93	0.04041495736890116
14.94	0.47934024758866944
14.95	-0.03847417709799125
14.96	0.07761595082344873
14.97	0.14468350991146472
14.98	0.47501559847079183
14.99	0.6524301047287744
15.0	0.2667757316161313
15.01	-0.07266667858134965
15.02	-0.054772214551609466
15.03	0.1259982719818443
15.04	0.12276602816112629
15.05	0.4584135289131911
15.06	-0.19523411105979255
15.07	0.20439191337568524
15.08	0.010500392478207804
15.09	0.37932028323085737
15.1	-0.4920172933390397
15.11	-0.011771132495720371
15.12	0.25418880140758665
15.13	0.36202362253349707
15.14	0.5125023129288729
15.15	0.2556259894607786
15.16	-0.2667664326617492
15.17	-0.050628764915034236
15.18	0.32497705096175594
15.19	0.41969589027929666
15.2	0.37747007691334883
15.21	0.22084913466613965
15.22	-0.2938111929939522
15.23	-0.11982172676709374
15.24	0.2596950093281236
15.25	0.18245813705266728
15.26	-0.0655475849559698
15.27	-0.02949620897493818
15.28	0.22462386571158394
15.29	0.34561568865228454
15.3	0.32851408173566576
15.31	-0.13563235509127075
15.32	0.29768387630112453
15.33	0.2713764735396394
15.34	-0.1509952258636656
15.35	0.03823906386490755
15.36	0.13457369205868863
15.37	0.4872070379042059
15.38	0.2593673405406455
15.39	0.33885113357937635
15.4	0.1756460789163208
15.41	-0.0024529555973956674
15.42	0.033701457358554204
15.43	0.3556958481554844
15.44	0.2041651402590714
15.45	0.3239245768501695
15.46	0.6954990649988817
15.47	0.07141061258050949
15.48	-0.08463733456628486
15.49	-0.32203709648206963
15.5	-0.17912199245809318
15.51	0.2541654706993341
15.52	0.2548460577810946
15.53	0.05659517576219471
15.54	-0.08308781400742737
15.55	0.2788871118008862
15.56	-0.16887213256393102
15.57	-0.38997079665618856
15.58	-0.07443931951092309
15.59	-0.14750173645689924
15.6	0.04905870546582139
15.61	0.2567271832137084
15.62	-0.035370266777171616
15.63	-0.21675167891058073
15.64	0.27479713967424024
15.65	-0.10214915783625
15.66	-0.06473695538606894
15.67	0.22869000308667103
15.68	0.5790622896345091
15.69	0.19336965788923305
15.7	-0.01801844393809257
15.71	0.3087092693625099
15.72	0.029518215899223543
15.73	0.11866003278154061
15.74	0.24899042953864142
15.75	0.375081916998623
15.76	0.6045332192288471
15.77	0.09737232121879616
15.78	0.5076172036255572
15.79	0.06498345418294185
15.8	0.30442244980389066
15.81	0.41289455838289557
15.82	-0.08821035687689416
15.83	-0.1941630754059463
15.84	-0.07922701609601404
15.85	-0.1869297676971844
15.86	0.038173747785078704
15.87	0.29430788839639505
15.88	0.34474528471420607
15.89	0.1249635692726903
15.9	0.1060870840998254
15.91	-0.296903860056627
15.92	-0.23661940999122144
15.93	0.314319461070555
15.94	0.15024085952785432
15.95	0.13741109769110213
15.96	-0.0326054909272738
15.97	0.4769249655064521
15.98	0.12752320394480768
15.99	0.02045868543821385
16.0	-0.06047119696286067
16.01	0.10973186762583532
16.02	0.1339095922455612
16.03	-0.10912631874652676
16.04	0.2090205148532353
16.05	-0.20561298445409065
16.06	-0.016912913436739313
16.07	0.03337992564972674
16.08	-0.35743008760702055
16.09	0.38797343814059104
16.1	-0.35602042750084084
16.11	0.1922006190038438
16.12	0.39776737115853855
16.13	0.1434021585523874
16.14	-0.17820201852160655
16.15	-0.23041942204608393
16.16	-0.1521828258901073
16.17	0.025919523241099432
16.18	0.01845016678876156
16.19	0.10688625301731998
16.2	0.058646393849453804
16.21	0.10786328924482086
16.22	0.04624965242018385
16.23	-0.1307993684543551
16.24	-0.1342362245503816
16.25	0.3864871938099344
16.26	0.05073783310428001
16.27	0.07406429781020074
16.28	0.08694355418392592
16.29	0.07189424887018864
16.3	0.17392697953001252
16.31	-0.043620174010783996
16.32	0.4272058435797021
16.33	0.32415772835509826
16.34	0.2690225373223797
16.35	-0.12865959601452615
16.36	-0.03475342453999236
16.37	0.03070576832391863
16.38	-0.07193429315730511
16.39	0.3304971289810341
16.4	-0.0391896248307251
16.41	-0.029639171038538137
16.42	0.3608343002648761
16.43	0.2736796198370988
16.44	-0.19612807450608138
16.45	0.14129953657472163
16.46	-0.6213450301516843
16.47	0.09795688187918646
16.48	0.09835853665685466
16.49	0.15409326383623284
16.5	0.02197743071163801
16.51	0.11014418342308055
16.52	0.03408061432570425
16.53	-0.34179678580702894
16.54	0.5008372154813707
16.55	0.19277369542464945
16.56	0.35346428195533164
16.57	0.15537998407378661
16.58	0.013583102272021336
16.59	-0.3452027934913185
16.6	0.34530655206770056
16.61	0.13872533067970547
16.62	-0.09859089619508997
16.63	-0.5124785171016373
16.64	0.36542191328710527
16.65	0.3370289646248981
16.66	0.1912491223197459
16.67	0.10563813189023664
16.68	-0.03762374253039625
16.69	0.09113925406978951
16.7	0.021177521242916567
16.71	0.056030990756103335
16.72	0.23600840819990224
16.73	0.40421456344335566
16.74	-0.20244671105742842
16.75	-0.06892905578115623
16.76	0.07349884727734302
16.77	0.0372667608381473
16.78	0.3017107241145439
16.79	-0.10289478861423755
16.8	0.011163215920779547
16.81	0.3177232179409696
16.82	-0.045864292319584804
16.83	0.009867502134898341
16.84	0.14185419137690702
16.85	0.007576310978571743
16.86	-0.04287489969503317
16.87	-0.21492022508403025
16.88	-0.14981797863642124
16.89	-0.009461893684804974
16.9	-0.2393682951961535
16.91	0.18917999502954475
16.92	0.0825487255664806
16.93	0.3285871230530073
16.94	0.04669056732280081
16.95	0.057091777790963444
16.96	0.3432507979875405
16.97	0.237590672351912
16.98	0.3954813644662497
16.99	0.47058837741269427
17.0	0.200208067270738
17.01	0.3318317397995339
17.02	-0.0007381314026153052
17.03	0.21484868585588995
17.04	0.3930683331959393
17.05	0.2426010236265641
17.06	-0.07883270026311208
17.07	-0.342477521896625
17.08	0.07323955238397786
17.09	0.27006800435848105
17.1	0.22787955804234528
17.11	-0.34738124203366155
17.12	0.7083339066100751
17.13	0.11683524082518065
17.14	-0.2419435995708577
17.15	-0.22035017154606995
17.16	0.24138398819049492
17.17	0.2553740288630947
17.18	0.0311533964190817
17.19	0.28438007773019613
17.2	0.22058979376053556
17.21	-0.21994779703931067
17.22	0.07215957358550454
17.23	-0.02540280489531725
17.24	0.4032623082423111
17.25	-0.12486176399549603
17.26	0.17141648411346422
17.27	-0.2201669520599562
17.28	0.16427069739754027
17.29	0.13971866151210907
17.3	-0.010149148592385247
17.31	0.11797530295182945
17.32	0.036409403396281056
17.33	0.3431636724482456
17.34	0.25136872579452973
17.35	-0.014362138161855886
17.36	-0.12012835977674713
17.37	-0.1464393967516694
17.38	0.1571831294192542
17.39	-0.17978965658557636
17.4	0.15819779997775527
17.41	0.27173501660608085
17.42	0.005141708363478128
17.43	0.16915195231281274
17.44	0.00368339365786147
17.45	0.33008167581804226
17.46	0.145332719479838
17.47	-0.050355218254663464
17.48	0.3342932412871924
17.49	0.12448872457104139
17.5	-0.02908734054354919
17.51	-0.08031694398982822
17.52	0.043322028588851924
17.53	0.1745613522675096
17.54	-0.43083479719646967
17.55	-0.23547590374789865
17.56	-0.1999412066421618
17.57	0.10814956503477592
17.58	0.3892173296596865
17.59	-0.07612812469621555
17.6	0.03443394407599486
17.61	0.03513348955860937
17.62	0.15631002322048926
17.63	-0.11480474835185189
17.64	0.293678994052459
17.65	-0.05252276539831501
17.66	-0.11089447319398321
17.67	-0.1493460309215956
17.68	-0.029590400133920114
17.69	-0.05880253912512376
17.7	0.2509071074069846
17.71	-0.18646165839911022
17.72	0.055034695611585485
17.73	-0.02085872730303323
17.74	0.01265806154733172
17.75	0.2971278674230332
17.76	0.02208990174954449
17.77	-0.059094940766593884
17.78	0.4197697613610921
17.79	0.5244134590635927
17.8	0.28080322930450463
17.81	0.876891722798381
17.82	0.3635910484388055
17.83	0.10898204797584528
17.84	0.5800758752735682
17.85	0.2902891835542292
17.86	0.4731924887967083
17.87	0.2728557502592379
17.88	0.07259727068223021
17.89	0.7502760581626772
17.9	0.41522601317165103
17.91	0.3531745687259603
17.92	0.32415791003592265
17.93	0.4095865471237117
17.94	0.27750314470581827
17.95	0.6309647425902942
17.96	0.4936982220814198
17.97	0.5803812964732896
17.98	0.34221946951638305
17.99	0.11533353519608242
18.0	0.888480646507462
18.01	0.1422350733456785
18.02	0.36281050139100074
18.03	0.2713382211320434
18.04	0.31056231395221257
18.05	0.3160264581969404
18.06	0.4743850464489227
18.07	0.33070999664889195
18.08	0.7985582983401132
18.09	0.3368581382365008
18.1	0.2649278089441557
18.11	0.5277724799767111
18.12	0.5586996634188863
18.13	-0.28159590509400906
18.14	1.189302596037694
18.15	0.9610744878685136
18.16	0.6167850516436091
18.17	0.3396641120354926
18.18	-0.0717762576533642
18.19	0.28698454232492787
18.2	0.6220085476201282
18.21	0.590517844429153
18.22	0.5327730418982369
18.23	0.4482528814109749
18.24	0.617303009097298
18.25	0.6027965767121728
18.26	0.5727810339531028
18.27	0.3369742112419988
18.28	0.7494697863848431
18.29	0.732522755591496
18.3	0.3507243276503462
18.31	0.7758245447162975
18.32	0.6384105970766054
18.33	0.5899787524141393
18.34	0.583238915916292
18.35	0.055996169067854804
18.36	0.6350216662415653
18.37	0.25159238705281695
18.38	0.6116584506938844
18.39	0.3951076781282129
18.4	0.44109274960541356
18.41	0.5020148931745332
18.42	0.3002550142138313
18.43	0.6449001412583247
18.44	0.5584690753360417
18.45	0.44707101117709996
18.46	0.45448115506868797
18.47	0.49155712729128953
18.48	0.5817906155314654
18.49	0.7842537225164339
18.5	1.00648038275416
18.51	0.43897842167630224
18.52	0.8389653008014514
18.53	0.6046114942241971
18.54	0.17000754520472378
18.55	0.2104434943304383
18.56	0.5523433119492778
18.57	1.0195161584652772
18.58	0.5436831674790402
18.59	0.6928895592926028
18.6	0.8609170514276245
18.61	0.48742054294157355
18.62	0.598598638780223
18.63	0.5389062685592501
18.64	0.42209395811373085
18.65	0.4785405002672621
18.66	0.44174289290441837
18.67	0.11332085057814845
18.68	0.7645698113441919
18.69	0.38487685043044656
18.7	0.7354376649178632
18.71	0.431709276031496
18.72	0.7659866993346722
18.73	0.6091291609604633
18.74	0.7371003761657673
18.75	0.41195386754124164
18.76	0.5977847060054514
18.77	0.3917685123908104
18.78	0.8001423098650636
18.79	0.43992017596678995
18.8	0.44095628317246144
18.81	0.061317516115522386
18.82	0.7808227050926341
18.83	0.8834890081999098
18.84	0.8704002971233495
18.85	0.4903971803036234
18.86	0.5234017839629049
18.87	0.6500727863644432
18.88	0.5661918758919742
18.89	0.5005466234439484
18.9	0.8644688480290456
18.91	0.4461135381252841
18.92	0.6388244262439601
18.93	0.5762414010009551
18.94	0.44093446642983564
18.95	0.6554202263875359
18.96	0.15829544276608587
18.97	0.3348707519794622
18.98	0.49046890988569014
18.99	0.48358345167823935
19.0	0.8027725254908366
19.01	0.09921111919747988
19.02	0.5987022367329083
19.03	0.44082930156659345
19.04	0.31760389163203595
19.05	0.5748335772768127
19.06	0.6402626465210152
19.07	0.5428468081530392
19.08	0.7385022233062529
19.09	0.5175299041593905
19.1	0.8271846995439204
19.11	0.3664719643439224
19.12	0.7634009853596087
19.13	0.7171957149996158
19.14	0.2871674255188764
19.15	0.6501780361907704
19.16	0.7688423748913866
19.17	0.5600248655945573
19.18	0.6665316488755975
19.19	0.44177707028365076
19.2	0.29357693241439087
19.21	0.01742801196626348
19.22	0.23776791725853758
19.23	0.664505551044221
19.24	0.4804529000257543
19.25	0.862775108965698
19.26	0.7556290503459642
19.27	0.38276264281312256
19.28	0.6046086978113605
19.29	0.8519468855359253
19.3	0.6851362145876863
19.31	0.6048876296313459
19.32	0.4629499800008259
19.33	0.2562611251749145
19.34	0.4886484782772981
19.35	0.6622248541036962
19.36	0.21030066394839197
19.37	0.6233532596778482
19.38	0.4551834085900992
19.39	0.7295306485657596
19.4	0.9272648620005238
19.41	0.2671010456182444
19.42	0.47217147550419225
19.43	0.08583325604492686
19.44	0.5940490922814011
19.45	0.3431072279863582
19.46	0.6443671960129727
19.47	0.5624395655248066
19.48	-0.09381796100016293
19.49	0.5754667003458147
19.5	0.5011894848470418
19.51	0.5832211800090548
19.52	0.7104979772457243
19.53	0.6322039873225629
19.54	0.13217029136127917
19.55	0.3970022593492269
19.56	0.24605737732513094
19.57	0.4997204663851819
19.58	0.3096309202381193
19.59	0.2431695608903337
19.6	0.41628610531835264
19.61	0.39051347331801745
19.62	0.12181579423015482
19.63	0.40066490764813645
19.64	0.4245689121605768
19.65	-0.043327340737982833
19.66	0.7777408444409462
19.67	1.004841376664157
19.68	0.26010923473153075
19.69	0.8568474252107541
19.7	0.9487257794241368
19.71	0.5889716578094848
19.72	0.6592525345310516
19.73	0.3916461631366017
19.74	0.47161747573142815
19.75	1.030994364607182
19.76	0.4450977245943436
19.77	0.46452740613549864
19.78	-0.0691251632078409
19.79	0.2789497607916287
19.8	0.4649737286187372
19.81	0.390214184604979
19.82	0.653324108611965
19.83	0.6790270324407561
19.84	0.6773445705984191
19.85	0.9873948863174655
19.86	0.7918216436724923
19.87	0.6985200367978147
19.88	0.5703296242084258
19.89	0.36449385637038734
19.9	0.7084015269275614
19.91	0.10653564580212416
19.92	0.5958370985016245
19.93	0.508602918074321
19.94	0.18872806583397642
19.95	0.4786081069878292
19.96	0.47421416497617175
19.97	0.30358956671598064
19.98	0.1508049084312797
19.99	0.6337013620220331
20.0	0.5581598717112984
