10.01	5.059966741599752
10.02	4.641530487933887
10.03	4.557848735387798
10.04	5.8992720953639255
10.05	4.0488409463914925
10.06	3.0308696404253723
10.07	3.981237502145702
10.08	5.571739995016669
10.09	3.815937202599444
10.1	2.7799579318649226
10.11	3.600196837012529
10.12	5.942349324209117
10.13	2.4827382733160825
10.14	2.5917152097798293
10.15	3.3349902099671427
10.16	1.0913403622734046
10.17	-0.568399296745576
10.18	0.3617352591117444
10.19	-0.6799202092481251
10.2	0.20760931393772086
10.21	1.7095757383324315
10.22	0.5499593508945718
10.23	1.1110575429834355
10.24	-0.639879903716359
10.25	-2.0697067727280083
10.26	1.5224735583298328
10.27	0.07985645533752217
10.28	2.471136520081259
10.29	2.804342888264365
10.3	0.09282819901040368
10.31	0.33887690306173757
10.32	-0.5698584653189818
10.33	3.7070411456507144
10.34	2.1007153319110996
10.35	1.6072375928124363
10.36	4.230877172489032
10.37	2.1170338662712562
10.38	1.425456536491503
10.39	2.1957237248032775
10.4	1.976333681874043
10.41	3.7266868102367994
10.42	2.675548290422671
10.43	0.009381707912906379
10.44	4.200834757100549
10.45	7.09213213486812
10.46	3.1115485121822806
10.47	3.6690381727514767
10.48	5.6428632509290715
10.49	6.232620877024126
10.5	6.7023703079688595
10.51	5.580883855369768
10.52	8.082336652955671
10.53	4.520092888180617
10.54	9.558917592919169
10.55	7.915787848608184
10.56	10.242348423027522
10.57	9.48520812519389
10.58	9.1404084705248
10.59	11.897701571138132
10.6	8.965815982095403
10.61	10.853507476819138
10.62	10.010979450835272
10.63	12.467488620458845
10.64	9.494349131925247
10.65	13.580447388222758
10.66	13.670323610834314
10.67	13.116221450166751
10.68	11.026540353194115
10.69	12.915572931263071
10.7	15.313297216988012
10.71	15.336536653417424
10.72	13.91927229395512
10.73	16.076473957506728
10.74	15.03269634084591
10.75	16.0936943061129
10.76	15.263169212639292
10.77	20.93736978531019
10.78	16.742977877941016
10.79	19.384792236381532
10.8	16.758700716114024
10.81	19.629754981951923
10.82	16.469670117735895
10.83	19.25961414424623
10.84	18.69204616787872
10.85	22.141729912590563
10.86	17.69816032604777
10.87	19.20542935537749
10.88	17.5928720224123
10.89	19.313992267608977
10.9	20.872364240640977
10.91	20.809708275976774
10.92	19.549129421528068
10.93	20.303019515680127
10.94	19.928693292182082
10.95	21.66287653572919
10.96	19.80807895344581
10.97	21.217274838291655
10.98	21.3748725373395
10.99	22.610688141385367
11.0	24.608220699664727
11.01	23.278344813535384
11.02	20.632973279143133
11.03	22.771157885625247
11.04	19.359365593886245
11.05	18.451540655067255
11.06	20.193424920650855
11.07	20.47423136753279
11.08	20.610417680802083
11.09	17.821050086524874
11.1	17.10166167876012
11.11	18.379366150445712
11.12	20.503997027648495
11.13	20.226551891094346
11.14	20.43052309916018
11.15	18.233872144676965
11.16	18.054596901650754
11.17	15.02850774008684
11.18	18.18217571788699
11.19	16.95447024919171
11.2	17.466130025869088
11.21	15.97599998001213
11.22	15.562657121238132
11.23	13.638648495240663
11.24	12.518405307456662
11.25	13.743973961111207
11.26	17.47733690279638
11.27	16.91144828727452
11.28	12.772974274990272
11.29	12.998802920163918
11.3	14.368059554299252
11.31	13.7688301194875
11.32	10.282836090830976
11.33	11.035162872376134
11.34	9.633136970034336
11.35	12.03614940349742
11.36	8.386606655858136
11.37	9.730706357780601
11.38	9.104912875108662
11.39	10.732052900904769
11.4	9.3812873540614
11.41	9.729835828917638
11.42	6.39443972763366
11.43	4.37721194045987
11.44	10.086153678381166
11.45	7.293626817117325
11.46	7.904942275973566
11.47	7.373405189937429
11.48	5.6580165468260555
11.49	7.846341121825822
11.5	3.5614038405242296
11.51	3.1281998893774
11.52	7.015903987794797
11.53	6.872405097428949
11.54	7.3874108775081915
11.55	3.3652279262972513
11.56	3.545749689808611
11.57	4.557712626665827
11.58	3.0074977237424023
11.59	2.611762211481605
11.6	3.061771753255246
11.61	3.42085420899038
11.62	0.5609388121418384
11.63	1.1257853418263408
11.64	0.9508425928141679
11.65	0.6662795547500884
11.66	1.4691807838214779
11.67	2.401713244285105
11.68	3.5160986478234806
11.69	4.132291812211995
11.7	0.729082944784232
11.71	0.3710752626243392
11.72	3.3642140386046333
11.73	2.919435113303027
11.74	2.0737219167012757
11.75	-0.6926388848224634
11.76	2.2404344612972213
11.77	0.2795679444330583
11.78	1.6396909594075795
11.79	3.5566795064340333
11.8	1.7488335859038775
11.81	1.0650120985356968
11.82	1.5535098266909806
11.83	2.4634252545668116
11.84	3.9324560569338276
11.85	3.7875630957709197
11.86	3.607050674103264
11.87	3.246777395987557
11.88	3.8694964593040657
11.89	3.5940897489138375
11.9	3.751601207615381
11.91	3.5971667599781525
11.92	3.286894152370973
11.93	6.380323939560515
11.94	5.856069675195228
11.95	5.181505070543132
11.96	4.032847085936203
11.97	7.831495112014085
11.98	6.338892483679977
11.99	7.271016900404852
12.0	6.99205587401844
12.01	6.333518668494805
12.02	7.901929609681982
12.03	5.343966164256182
12.04	10.324204447431477
12.05	9.279265582374958
12.06	7.111335595973008
12.07	9.498357586417756
12.08	9.3933017256327
12.09	10.062627695005025
12.1	7.506013527753348
12.11	8.874024522892025
12.12	9.842337633455312
12.13	11.884094701319354
12.14	8.697302414757553
12.15	13.383591912946148
12.16	10.604082594509581
12.17	9.226671767702015
12.18	9.78623560295227
12.19	10.79010196122831
12.2	13.03296473160422
12.21	13.041192045091709
12.22	13.8584847517793
12.23	15.965630339050383
12.24	17.199063894011204
12.25	16.80308161145555
12.26	14.0583701434176
12.27	13.948709693771281
12.28	13.194042409647254
12.29	16.58462017723442
12.3	17.01938453234365
12.31	14.107136883249641
12.32	16.919817133702768
12.33	17.351724546838938
12.34	16.794967236116012
12.35	17.312053761977197
12.36	16.22383022280802
12.37	15.351748333907917
12.38	16.75661839852327
12.39	20.63837735605157
12.4	16.880266342764696
12.41	17.78001300581604
12.42	18.17317887215987
12.43	17.043422806346
12.44	17.242253493734786
12.45	16.82622321029791
12.46	14.104924138038365
12.47	19.257045155799666
12.48	18.74828041676694
12.49	18.950944540125114
12.5	16.702354552189167
12.51	16.857163511544666
12.52	16.018364748172115
12.53	14.83464013609314
12.54	19.01401280555132
12.55	18.166710499919905
12.56	13.718495866890683
12.57	15.263028336415363
12.58	19.0950391095664
12.59	14.729343485059598
12.6	17.807961235693494
12.61	13.32709503548046
12.62	18.18805224978819
12.63	10.231734358877347
12.64	11.568528482429471
12.65	11.4999718244986
12.66	11.647280881911051
12.67	12.698350435887894
12.68	11.538783011540508
12.69	9.21277548833661
12.7	12.252699121285804
12.71	11.844641937506495
12.72	8.697398714628738
12.73	9.235567738121993
12.74	11.280049705096056
12.75	13.219563915046958
12.76	6.499662330482971
12.77	8.22756771653917
12.78	7.627207825982884
12.79	7.233800058659359
12.8	5.4833596098550474
12.81	3.2180419279082977
12.82	7.105360080785466
12.83	3.0114380252802846
12.84	5.968700343247618
12.85	5.522185095410011
12.86	2.694233032929627
12.87	5.046900725375955
12.88	5.450866310835421
12.89	5.1921551627263645
12.9	2.227235086560861
12.91	3.9072254919043736
12.92	6.232977046274597
12.93	6.19251343165501
12.94	1.989719366202709
12.95	3.9784407611958708
12.96	1.997533192338478
12.97	3.849247241841713
12.98	-0.1270796916131165
12.99	3.586990426216383
13.0	1.5414675997519651
13.01	0.47688158129586355
13.02	3.4933624792380016
13.03	1.635113293877096
13.04	-0.7198542578052332
13.05	-2.0727514399550997
13.06	1.2637777688789968
13.07	1.9458201261521662
13.08	0.4983207502510949
13.09	3.5598220731483163
13.1	-1.2237206709348232
13.11	0.16136999848961464
13.12	1.8192375395908373
13.13	2.3640071268348453
13.14	2.6448496187621426
13.15	0.2712501264084437
13.16	-1.1593834309949698
13.17	-0.7300924808720397
13.18	3.247738583950701
13.19	1.319188091493632
13.2	3.2094723718550497
13.21	-0.7614418524325888
13.22	1.8981113651389319
13.23	0.777065122067363
13.24	2.326925865648222
13.25	0.939714109715895
13.26	3.1209768123075428
13.27	3.071966934930613
13.28	2.766148636607947
13.29	2.548093376972224
13.3	4.372734782073625
13.31	1.3759744908977773
13.32	3.3358060051402045
13.33	5.5638423045461085
13.34	4.988495493105075
13.35	2.65141600622778
13.36	4.583236935506404
13.37	5.297867800105535
13.38	4.629681215037214
13.39	8.35526975426021
13.4	5.890231098993665
13.41	6.462740932543568
13.42	8.377586035448843
13.43	7.572099363254427
13.44	9.31383104782405
13.45	7.7042529698628055
13.46	8.255923571449301
13.47	9.502796041377545
13.48	7.605618342239491
13.49	13.3373590420342
13.5	13.947242568016609
13.51	10.207308143835819
13.52	11.027346738275504
13.53	13.402683970460837
13.54	13.592251030906363
13.55	13.718793898616054
13.56	15.206169221969734
13.57	15.826698205736179
13.58	15.103159065985718
13.59	16.9668659967988
13.6	17.426074246590943
13.61	18.25048321593148
13.62	13.868383155357959
13.63	17.380566611680443
13.64	17.856368979347796
13.65	17.38663277848972
13.66	21.38469036625784
13.67	19.801654469067326
13.68	18.707842310002096
13.69	19.204215611271657
13.7	22.364892361508463
13.71	19.996629876724356
13.72	19.925130979082237
13.73	23.267078586254524
13.74	22.325416029321325
13.75	21.125633101834776
13.76	20.517418444917983
13.77	21.388406291632194
13.78	20.225142143517083
13.79	21.82190015670224
13.8	22.319167853447993
13.81	19.18367030851281
13.82	21.763131946986093
13.83	19.771496604139593
13.84	21.43216512938009
13.85	20.586385999903914
13.86	20.107962322541745
13.87	21.18021225198452
13.88	19.285534431464026
13.89	21.32833314257756
13.9	20.862180790823004
13.91	20.198697198247242
13.92	19.327640114543488
13.93	23.356535797594294
13.94	17.57773399501122
13.95	16.021407206956116
13.96	15.37463178018073
13.97	15.255406881170437
13.98	16.302474353122783
13.99	14.084746450106664
14.0	16.79261017843359
14.01	15.768535092931048
14.02	12.94922686371411
14.03	13.854748451260104
14.04	12.918921719803514
14.05	13.405048061551485
14.06	11.61517116921144
14.07	9.727140256779546
14.08	7.479098915525001
14.09	12.05153456982457
14.1	7.637389255872426
14.11	7.737070126514805
14.12	8.364841657494644
14.13	7.700212594171681
14.14	7.712986962423633
14.15	9.214643154574906
14.16	4.589576634855245
14.17	8.177277510920733
14.18	8.47450285242822
14.19	3.467330572165537
14.2	4.122372697631384
14.21	1.593006891029896
14.22	5.783166852782731
14.23	4.521187708238634
14.24	2.8776946279738627
14.25	3.453202099415142
14.26	2.6960657840911377
14.27	2.741221829778795
14.28	2.042210920515294
14.29	3.671506316623104
14.3	2.3386127067199385
14.31	1.3372042032516016
14.32	0.4416449108419507
14.33	2.4192449686615927
14.34	1.498795168782928
14.35	0.15070905068550022
14.36	1.4485068257391351
14.37	3.3853415465051793
14.38	2.4906465465933527
14.39	-0.22604776149336392
14.4	-3.2852984631785005
14.41	-0.8886114797926512
14.42	4.169912749924477
14.43	-0.640391147674374
14.44	2.675719272338293
14.45	0.7856017084226186
14.46	0.807586711275481
14.47	-0.081714004790429
14.48	2.9749015020098013
14.49	2.40618975906171
14.5	1.9731027935340741
14.51	0.14951824783743106
14.52	2.167801673730755
14.53	1.544183354392016
14.54	4.094794920307782
14.55	0.8471306860610763
14.56	1.133465013820629
14.57	4.7895264320846085
14.58	2.611617944709989
14.59	3.5218997965760614
14.6	4.2897617915449056
14.61	4.419990687449886
14.62	2.45043445885896
14.63	4.382222908720508
14.64	4.840771344656627
14.65	2.579956805324518
14.66	5.251738121234011
14.67	4.584474695231403
14.68	4.810723774726814
14.69	6.1557741241061
14.7	8.383027871979131
14.71	4.6479403269497865
14.72	4.164011492519156
14.73	5.723847491432468
14.74	6.672787443623389
14.75	7.334463176060343
14.76	10.04216854893793
14.77	8.528999450318938
14.78	7.643872700400685
14.79	8.74337829287408
14.8	10.097880753363604
14.81	8.776230783878656
14.82	12.416412435925787
14.83	11.177601985562003
14.84	10.723046508213818
14.85	9.252520916930987
14.86	10.539601291285617
14.87	12.317279594678006
14.88	15.396257902673089
14.89	13.436700764444161
14.9	12.557121857266397
14.91	12.329383417255928
14.92	12.539200559306709
14.93	13.690568466933495
14.94	14.1012867328907
14.95	16.909091604532417
14.96	14.390453250435757
14.97	16.10004320772727
14.98	16.780467782482678
14.99	18.984628789730245
15.0	16.563982681272464
15.01	16.873306632112346
15.02	16.57534618227057
15.03	20.002918939345957
15.04	17.12816289419297
15.05	16.6753984198769
15.06	17.363710999663642
15.07	20.134785829778448
15.08	20.607088261138035
15.09	19.84836040456107
15.1	20.899443190492924
15.11	23.129721374805452
15.12	20.917074243200652
15.13	17.260443134854558
15.14	18.550790614534204
15.15	20.284558438451445
15.16	20.207394053391425
15.17	18.389230503183764
15.18	21.46075156543444
15.19	20.033195465423074
15.2	17.623765794811444
15.21	19.618933968074025
15.22	19.1904703266029
15.23	16.851482388436242
15.24	15.7095637573141
15.25	15.86079485725453
15.26	19.942032032565002
15.27	13.791810877331386
15.28	15.793693869893945
15.29	15.401410417461644
15.3	13.934182684524057
15.31	15.54464710377645
15.32	13.197115269973485
15.33	14.252914024546326
15.34	14.825255073621083
15.35	15.234101066528638
15.36	13.014128164347952
15.37	13.534230599307397
15.38	11.163302157543605
15.39	12.94911987786052
15.4	13.10149246044892
15.41	8.794909054398747
15.42	8.28830903582688
15.43	7.440249779552973
15.44	8.125283887225812
15.45	7.514802055346396
15.46	6.5273265594214145
15.47	4.182423062255574
15.48	8.044955176970813
15.49	7.665433030121621
15.5	4.894899103926869
15.51	8.757889858590989
15.52	5.98161656656792
15.53	5.19499265908914
15.54	6.2561770601339965
15.55	5.301139908328361
15.56	6.079849607685388
15.57	1.8657737648726032
15.58	2.2567021185487195
15.59	2.098347736580874
15.6	2.6301424335708954
15.61	1.2831680375448347
15.62	3.154999025536915
15.63	2.594929912485332
15.64	2.2430917717339645
15.65	1.6427010813605345
15.66	1.9634649343181925
15.67	-0.5493161665892443
15.68	1.876315729607805
15.69	-1.7832191257661376
15.7	0.22620720117523735
15.71	-0.22410904241363494
15.72	-0.026352674807348264
15.73	-3.532091725291656
15.74	0.45792354402166235
15.75	-0.1331053675118613
15.76	-0.0659250284062079
15.77	-1.6464827358288294
15.78	1.601487221818549
15.79	1.0542599084058866
15.8	-0.3660010191687445
15.81	-0.191084475813172
15.82	2.6211312559122026
15.83	4.282533196963278
15.84	0.9601451285834532
15.85	0.5514310535757097
15.86	1.0350144337410343
15.87	-0.8913574826558499
15.88	-1.250794551199087
15.89	-0.660631253275989
15.9	1.2943084017694395
15.91	0.20369027652976213
15.92	2.389816528587532
15.93	2.6823071260040257
15.94	3.4567870758254555
15.95	3.727336445079822
15.96	1.6378786576191389
15.97	5.863535993789228
15.98	6.041149958079432
15.99	-0.24753631718871993
16.0	3.0574625802028037
16.01	2.350540957714231
16.02	2.701387864529511
16.03	4.564695098379081
16.04	6.128180930585938
16.05	4.9675542382695115
16.06	5.667362692096418
16.07	5.879510691919521
16.08	7.9971701961457935
16.09	8.28812232687368
16.1	8.682448848301124
16.11	8.061455791074117
16.12	9.334973911671806
16.13	9.75939850036539
16.14	8.81873500290824
16.15	9.468805090343706
16.16	12.695502432688127
16.17	10.68010190518004
16.18	12.734846739050711
16.19	9.491349609762576
16.2	11.586912023675215
16.21	10.92939981330263
16.22	12.09435848212371
16.23	10.519236111520302
16.24	12.301931583850195
16.25	14.90106516713388
16.26	16.197657099959752
16.27	16.115946638719922
16.28	15.205357066359953
16.29	17.140334048227786
16.3	15.998475007895413
16.31	13.104728699521019
16.32	14.966902248520531
16.33	16.16654893265095
16.34	15.725394295524385
16.35	18.958937461478843
16.36	15.43091249606425
16.37	16.810923752399493
16.38	15.990474612408214
16.39	14.905045244929717
16.4	16.00595235193641
16.41	18.524745812311696
16.42	20.600586802489005
16.43	17.59051472764832
16.44	16.181815472954717
16.45	16.127234454545725
16.46	17.521850956954136
16.47	16.398915505017595
16.48	19.600076420448445
16.49	17.512683092128192
16.5	18.28204308238358
16.51	16.155447408495622
16.52	20.080185785256145
16.53	17.083144722818044
16.54	16.760875880861526
16.55	14.9269990069804
16.56	16.38118625270831
16.57	19.37345705167963
16.58	15.466638655311836
16.59	17.784258342910388
16.6	18.404787576767262
16.61	15.791280247952574
16.62	17.06320306580059
16.63	17.79970097761351
16.64	17.493257255088896
16.65	18.937858874820538
16.66	15.44097389718656
16.67	14.423400734924526
16.68	15.318547723313275
16.69	16.402040021943648
16.7	16.330752287174764
16.71	14.010242593888416
16.72	14.50222572681827
16.73	14.869573605472025
16.74	13.743433872184294
16.75	10.82313571159739
16.76	9.405714153003006
16.77	12.832902348341413
16.78	11.05599805898033
16.79	10.115487635424874
16.8	7.462420710088793
16.81	8.910479561945943
16.82	8.832363188401011
16.83	9.726269532729509
16.84	5.770512376554944
16.85	8.124085984822637
16.86	6.908645883497675
16.87	6.409994298710849
16.88	5.670401854803524
16.89	3.028384414262741
16.9	4.247540616145553
16.91	7.581451873365724
16.92	5.3477999413555874
16.93	3.7268512429697602
16.94	3.435727598715235
16.95	1.4475859987281217
16.96	5.159529033304134
16.97	3.798489340853355
16.98	4.815229897116233
16.99	4.154469795960675
17.0	3.735785721818792
17.01	2.012906304041287
17.02	0.23736596210308547
17.03	1.3220133217702597
17.04	0.26470360107942237
17.05	3.0695722634696594
17.06	1.5636532249017825
17.07	1.929693662774731
17.08	0.9065878918916587
17.09	1.0397692418079272
17.1	-0.8299722830300083
17.11	2.4538240225334254
17.12	0.5914597139436739
17.13	1.0894574034536957
17.14	0.0774582287197415
17.15	1.832413418556363
17.16	-0.08694564892573542
17.17	1.7718311761314445
17.18	-1.0928074584594558
17.19	-1.0007166295997543
17.2	1.4357577784398448
17.21	0.7903947546367848
17.22	-1.175021795379005
17.23	1.7292656094933514
17.24	1.805434828477308
17.25	0.8463955093962723
17.26	-1.7489835762187942
17.27	2.8414863665365493
17.28	0.29244334940311734
17.29	6.17108314309569
17.3	2.5807669566551614
17.31	2.240698516398658
17.32	3.6378404856798046
17.33	1.622282175231676
17.34	2.1622180023319295
17.35	-1.776570968640304
17.36	2.9546608589151697
17.37	3.2082549718444136
17.38	2.579137739213433
17.39	3.973673808390728
17.4	4.260226980075026
17.41	8.110099968828845
17.42	5.949069702633221
17.43	4.081994569329137
17.44	8.892286118684613
17.45	6.940412588540947
17.46	7.289096496242533
17.47	6.282579946228527
17.48	7.315896113901857
17.49	9.698641425752879
17.5	7.439027455095319
17.51	11.55343694192995
17.52	9.893183175510467
17.53	10.061880917606029
17.54	13.176694020677825
17.55	10.045372480249656
17.56	11.625123138242708
17.57	11.820549165930867
17.58	13.892898740633317
17.59	11.76496080119971
17.6	12.056190192824575
17.61	11.306921468009987
17.62	15.376111642302114
17.63	15.133894408969004
17.64	12.850279419226359
17.65	13.640912753343919
17.66	17.535345351053092
17.67	12.469300427130904
17.68	17.154220534286754
17.69	16.35544863745551
17.7	15.21403259957961
17.71	16.37725610425005
17.72	17.245164551136636
17.73	18.696253623551147
17.74	19.50029065038655
17.75	15.278643693409238
17.76	16.58716485935088
17.77	15.850878338341124
17.78	16.978323350216545
17.79	18.378060656887406
17.8	16.595663854912388
17.81	15.360491206451458
17.82	18.108537881737043
17.83	15.168152733127531
17.84	18.12336448175504
17.85	19.14224561357847
17.86	13.85177363261156
17.87	16.85608996539586
17.88	15.851795137915772
17.89	16.634068790888726
17.9	17.491504225038323
17.91	16.22119461876875
17.92	17.76012545796396
17.93	14.483778912575616
17.94	16.144009645475734
17.95	16.379802137865045
17.96	16.212511196896678
17.97	11.440249573850963
17.98	13.559168729324512
17.99	11.18286297276897
18.0	13.858990890368101
18.01	13.009701907726384
18.02	8.88382671402809
18.03	8.540369865067568
18.04	13.097108682328793
18.05	11.105558841417288
18.06	10.935863773463929
18.07	12.339597956938753
18.08	5.715101829851617
18.09	10.677037903186296
18.1	8.744686521531547
18.11	7.050894907403198
18.12	9.774600379378999
18.13	5.0664866895077445
18.14	10.732420155135303
18.15	7.532100049394234
18.16	6.541230158616763
18.17	6.253977119494329
18.18	3.7250858363785975
18.19	3.026363379920569
18.2	5.046440328191404
18.21	3.2209112186553264
18.22	2.569648710932342
18.23	3.410459812245887
18.24	4.446638286399107
18.25	2.7030310826183714
18.26	4.766962474719762
18.27	6.06624788500358
18.28	3.60215611766725
18.29	2.0619559271686136
18.3	1.3033135976630426
18.31	4.0929541716525595
18.32	2.0461263276793287
18.33	2.5613463205981546
18.34	1.352537850225964
18.35	3.0378591786754288
18.36	1.9510917390844316
18.37	1.4827985892336881
18.38	2.232680909188672
18.39	2.364730430476091
18.4	1.672357725452897
18.41	3.1212742235099245
18.42	0.8722205145088548
18.43	2.955112742033849
18.44	3.668569148622143
18.45	3.7484608838425983
18.46	-0.811741304027902
18.47	2.992200098637084
18.48	4.729094930344354
18.49	4.537566730750114
18.5	2.159121165714119
18.51	4.146712224262618
18.52	3.0883796034415747
18.53	5.553093481260207
18.54	3.5543328555815714
18.55	3.7773404951437675
18.56	1.0416769581458998
18.57	4.152539191616505
18.58	7.006952130171486
18.59	5.61282324056022
18.6	6.453257966167624
18.61	7.110428033813181
18.62	7.045036535921874
18.63	5.284438785429574
18.64	5.37059809164366
18.65	5.779178112371847
18.66	8.353790799389357
18.67	8.212811210063952
18.68	6.2884190360557835
18.69	7.443230032605443
18.7	8.797559760910596
18.71	11.326722615216521
18.72	10.647872605852445
18.73	12.56072216303426
18.74	8.688994132328709
18.75	10.761222834936996
18.76	10.950686261231494
18.77	12.221670290509934
18.78	13.034933754239432
18.79	10.976121170078297
18.8	15.113775491909928
18.81	13.298219214085579
18.82	12.769103124652284
18.83	14.43148981996439
18.84	13.503694035380157
18.85	15.125577045289331
18.86	17.165491919445394
18.87	16.627677938678215
18.88	14.017092635704666
18.89	14.510337471765517
18.9	16.48784901367352
18.91	14.163751327938984
18.92	12.069911840629688
18.93	15.434872085018341
18.94	15.350384396507655
18.95	17.23234725912689
18.96	17.38836821156809
18.97	14.612274669775282
18.98	14.700062932568713
18.99	16.284117532922618
19.0	14.474150775832616
19.01	16.320893557435053
19.02	14.55351190129915
19.03	14.330643305970387
19.04	14.562897271898223
19.05	14.352001154156403
19.06	15.153533443353167
19.07	11.284174419103792
19.08	16.07717487292651
19.09	13.812179480237067
19.1	8.126164579262406
19.11	14.009085013665024
19.12	12.027171921596295
19.13	11.041278875986631
19.14	8.944154507388504
19.15	9.229573951150211
19.16	9.713217304841905
19.17	9.118191572185816
19.18	8.233362840327962
19.19	11.818835966714481
19.2	7.354630313883961
19.21	7.874320106199686
19.22	6.40724771713489
19.23	6.044066739714053
19.24	6.225595331254874
19.25	5.331635788588356
19.26	5.945548701514408
19.27	7.563242401388221
19.28	6.601793581033318
19.29	6.158490948836484
19.3	3.915879521134697
19.31	6.705468233683259
19.32	4.8095758573420255
19.33	3.8356554527187647
19.34	4.523310724362729
19.35	5.066161031210779
19.36	3.5536091712511304
19.37	-0.5228285333255585
19.38	5.907180269835157
19.39	3.3067051266074365
19.4	2.782099650920249
19.41	1.5764409223642417
19.42	2.5286491814477423
19.43	1.934583833651895
19.44	0.32512697191954953
19.45	1.5550849033909617
19.46	2.1222753777451673
19.47	3.143627085482777
19.48	0.26579638484302137
19.49	0.4397436380718105
19.5	2.540722081202098
19.51	2.0302965641075104
19.52	2.7799093762387255
19.53	1.0152414599222874
19.54	-0.04155969656132008
19.55	1.3097158684591481
19.56	1.879452915918798
19.57	3.184301764705657
19.58	2.1356112366351105
19.59	1.099909646898519
19.6	2.35855598801793
19.61	3.758100167075483
19.62	1.45130773191978
19.63	0.6926782620741725
19.64	4.279894446412284
19.65	5.243284093033708
19.66	1.197964597979753
19.67	1.7915445054757804
19.68	1.805168145502777
19.69	4.946548184747169
19.7	5.830398645542475
19.71	6.557856979451348
19.72	6.2319841855389875
19.73	5.7424566205664
19.74	2.8700767303116876
19.75	6.616797005901997
19.76	6.900053109907025
19.77	5.328539047875536
19.78	9.741720449791847
19.79	7.744040756614351
19.8	7.975933838934161
19.81	7.373590420921296
19.82	10.281181578113687
19.83	8.341724790144593
19.84	10.346974778260806
19.85	11.515092431790078
19.86	11.053070497092099
19.87	12.77851968177244
19.88	11.170071310132164
19.89	11.873682280206996
19.9	11.149230112668763
19.91	13.994397804281906
19.92	12.65553173336978
19.93	14.761739687193394
19.94	12.969109985261026
19.95	13.417653395277911
19.96	13.868066959518943
19.97	17.039187050870716
19.98	15.304113270749323
19.99	15.287953616280287
20.0	13.951843800864555
