10.01	5.932727814491501
10.02	6.077361323255168
10.03	5.70742080262995
10.04	7.274873452954844
10.05	6.987648527770663
10.06	7.44337827977455
10.07	8.154598465076024
10.08	9.219627995575378
10.09	10.322026708323865
10.1	10.77601539919279
10.11	11.62824855873221
10.12	11.704286062373617
10.13	11.372846528081338
10.14	12.482983350007556
10.15	12.331098441455872
10.16	13.189239251037906
10.17	14.195289060074188
10.18	14.454921570147889
10.19	14.766121720905728
10.2	15.125531620493316
10.21	14.950308770676072
10.22	16.49435903476372
10.23	17.655618080885635
10.24	16.506950270662898
10.25	16.513663439153834
10.26	18.634992996714214
10.27	17.721732714116513
10.28	17.34090136306356
10.29	18.263595949187465
10.3	18.917133184487444
10.31	19.10690400702936
10.32	18.335833175565455
10.33	19.408525878366433
10.34	18.639402577872275
10.35	20.187442216954054
10.36	19.54996618438749
10.37	19.47473492852433
10.38	19.063177896691816
10.39	19.869037216695315
10.4	20.57848956148712
10.41	20.359355028567578
10.42	19.082823232336946
10.43	19.71187284042296
10.44	19.81669817003455
10.45	19.75159114590384
10.46	18.851121275304884
10.47	19.731755643687052
10.48	19.434534235926073
10.49	18.974710230851844
10.5	19.87534756798689
10.51	18.949782503008784
10.52	20.995640535331447
10.53	18.599942936946718
10.54	18.783871421912178
10.55	18.91756701806391
10.56	18.314575941149485
10.57	18.416884875748142
10.58	17.318918791937797
10.59	17.543537394344586
10.6	17.803805922742043
10.61	17.388390658970224
10.62	17.047496076431727
10.63	16.75913931656819
10.64	15.829705784924117
10.65	16.979921399098497
10.66	16.339157748909948
10.67	15.210679450349957
10.68	15.077923628102575
10.69	14.462934414520443
10.7	14.922280025743708
10.71	12.849390613603862
10.72	12.457499155781171
10.73	13.233083040190595
10.74	12.11558135669412
10.75	12.002047137920332
10.76	11.68266686462744
10.77	10.72130859687602
10.78	9.637875115882707
10.79	9.33996362372081
10.8	9.264637694603923
10.81	9.444511324565484
10.82	8.786271326267588
10.83	7.794723587383378
10.84	7.0458841334141
10.85	7.572119733200806
10.86	5.888837353309809
10.87	6.673168641806474
10.88	5.209370199260496
10.89	5.33521123690602
10.9	5.193358689925187
10.91	4.255364310773758
10.92	5.370068916755634
10.93	3.319754575983158
10.94	4.137401805586425
10.95	2.5459257652376466
10.96	3.061421540704325
10.97	3.2588362264618222
10.98	3.0555170364237227
10.99	2.479288283208775
11.0	2.743120634938253
11.01	2.5271331390373675
11.02	1.5140725882404245
11.03	2.801175306724983
11.04	1.9950142090839593
11.05	2.357755247887675
11.06	1.7017823107458856
11.07	1.652736738237811
11.08	1.546927651514511
11.09	2.159890510298413
11.1	1.806960208253496
11.11	1.939372960521391
11.12	2.120947075471659
11.13	2.7321684314590176
11.14	2.377573124926082
11.15	3.2871830258305126
11.16	3.6098182847327243
11.17	2.612379509624143
11.18	3.42966556647119
11.19	4.369216628229234
11.2	4.750192603733313
11.21	4.549675974375975
11.22	4.85071784154804
11.23	6.016333479604584
11.24	5.231409529022405
11.25	7.466103239563482
11.26	7.877713574876662
11.27	7.60895735723266
11.28	8.949510213463093
11.29	9.085653196279134
11.3	10.33946486991493
11.31	9.640232327338174
11.32	10.52008822481146
11.33	11.358805644857911
11.34	12.428264932057067
11.35	12.95473949978287
11.36	14.154152978542449
11.37	13.996317412581737
11.38	14.596240194321949
11.39	15.370955300595178
11.4	15.72777401232417
11.41	15.994835554577932
11.42	16.920397068855618
11.43	16.818036679623237
11.44	17.35524535547243
11.45	17.811638593302025
11.46	18.809924891514488
11.47	19.63390921517573
11.48	19.548286995447647
11.49	19.99655163800373
11.5	20.67508389704488
11.51	20.781468429780027
11.52	20.62903427230548
11.53	21.296543449667556
11.54	21.185406045527834
11.55	22.11752368702878
11.56	21.408330221767955
11.57	21.49629973451074
11.58	21.182226624716296
11.59	22.197607857206478
11.6	21.37380433328402
11.61	22.255026154009375
11.62	21.640619476088776
11.63	21.41741835461161
11.64	20.388272890649542
11.65	20.319976730802395
11.66	21.148059798686987
11.67	19.24156684648925
11.68	19.63479805739931
11.69	19.865468135002157
11.7	19.46926859961279
11.71	18.942752766018117
11.72	18.188927718717604
11.73	18.064851428144525
11.74	15.96949804594036
11.75	17.85138861679146
11.76	16.184657535902396
11.77	14.99241885429202
11.78	14.583806389367481
11.79	14.921312813132415
11.8	13.509591644095973
11.81	13.857948533948456
11.82	13.097663125587932
11.83	12.918905560162427
11.84	11.043611512724617
11.85	11.645705171567151
11.86	10.598183880964122
11.87	9.863628948306747
11.88	9.808458666814339
11.89	8.7486692489126
11.9	8.38237604862282
11.91	8.145247392825588
11.92	8.370778971728797
11.93	7.140595272050489
11.94	7.836667794146809
11.95	6.080377081798782
11.96	5.942074921872941
11.97	5.835864275167548
11.98	4.896401753053782
11.99	5.08414723058741
12.0	4.465971820543459
12.01	4.145420998854119
12.02	3.4735846081280357
12.03	3.5027478675800334
12.04	3.422463946026904
12.05	2.3726381804991856
12.06	2.4961866743457244
12.07	2.2859867084135495
12.08	2.4744279766963038
12.09	1.9579110322835833
12.1	2.3239127483333037
12.11	2.361999933028177
12.12	2.02171400477458
12.13	2.321100701384242
12.14	1.7474057517731283
12.15	2.3312378938593232
12.16	1.1527039922717441
12.17	1.8460601300041843
12.18	1.979462994988154
12.19	2.3069511412931134
12.2	2.595719510662297
12.21	2.6415752493214475
12.22	2.3288709941740557
12.23	2.7299112377799895
12.24	2.396939063637932
12.25	3.821521821391634
12.26	2.2098385556959954
12.27	3.981142792543714
12.28	5.006560302128084
12.29	5.310793222692254
12.3	6.022026236464702
12.31	4.767157320698444
12.32	5.582568398828132
12.33	6.411804065458991
12.34	7.585183590162549
12.35	6.8632493747496195
12.36	7.157676769861803
12.37	8.567172273107142
12.38	9.570863383151043
12.39	9.061903897637567
12.4	9.43820817398474
12.41	10.625683814877881
12.42	11.228704225168
12.43	11.925567535191504
12.44	11.592819841126675
12.45	13.140862991317839
12.46	13.56828185965452
12.47	13.81816324302635
12.48	15.038528011356933
12.49	18.077101479562295
12.5	16.12745963026478
12.51	15.600388857018126
12.52	17.245254570948333
12.53	18.115025774071608
12.54	17.99957791300244
12.55	18.930012578450867
12.56	19.175439404826793
12.57	20.438764368954452
12.58	20.313997859256112
12.59	21.67971758359553
12.6	21.220339055771095
12.61	21.59777530860579
12.62	21.7294726258768
12.63	23.46549848897458
12.64	22.922483996335608
12.65	21.468463742055615
12.66	23.949588930423296
12.67	23.33102245676328
12.68	23.203336505837683
12.69	23.39371969888211
12.7	23.86873794458942
12.71	22.696872335407615
12.72	23.318577598937296
12.73	23.53498463623123
12.74	23.167042054173766
12.75	23.855842236915688
12.76	24.175025313755228
12.77	22.23379829016763
12.78	22.628859240167483
12.79	21.546826898902324
12.8	22.359926695037874
12.81	21.695154208906025
12.82	22.20382024171708
12.83	21.717152753554444
12.84	21.740038158745794
12.85	20.350411229860722
12.86	20.572368661165573
12.87	19.925489051495187
12.88	19.412960219174927
12.89	18.998584550078636
12.9	17.91781385279615
12.91	19.05149515149782
12.92	17.255364066760933
12.93	17.29091380260292
12.94	16.92711521380268
12.95	16.721797635856586
12.96	15.661440026207691
12.97	15.001891929103015
12.98	14.557893691002468
12.99	14.324534556592551
13.0	12.684298560419572
13.01	13.420468724251107
13.02	11.945475721656072
13.03	11.815377047342238
13.04	12.071728852622586
13.05	9.328943483626393
13.06	10.050999394002814
13.07	10.186451799289523
13.08	10.002191094492462
13.09	8.650968208454517
13.1	8.464052171782564
13.11	8.046303975303912
13.12	7.380103378880439
13.13	7.371053251869843
13.14	6.811015870590819
13.15	6.4215136338707195
13.16	4.2013870560160465
13.17	5.214503449134774
13.18	5.887652224886324
13.19	4.947546763139557
13.2	4.104361552621448
13.21	5.24230928050337
13.22	4.056179140422085
13.23	3.53673345546371
13.24	4.603597999979718
13.25	2.264989794443542
13.26	3.8847888160776187
13.27	3.1087699250557597
13.28	2.636600337645585
13.29	3.6953850178601604
13.3	2.679110320761411
13.31	2.63150045033683
13.32	3.0180489558497867
13.33	2.7538939439738375
13.34	2.7014677828324167
13.35	3.7617776174970423
13.36	2.5859446695867883
13.37	2.9996648190331117
13.38	2.3305186230626243
13.39	2.879172139334316
13.4	2.9878106190186178
13.41	3.686516196725695
13.42	4.145044350571791
13.43	4.522065580851874
13.44	5.473195084633485
13.45	5.5240183800907285
13.46	4.469831974449147
13.47	6.413388723753611
13.48	6.836967170160756
13.49	6.225451078598452
13.5	7.056444087353362
13.51	8.440406713746256
13.52	8.25310904284257
13.53	8.171591375459494
13.54	10.061130351605897
13.55	9.923430065632843
13.56	10.84152489784615
13.57	10.35188147880913
13.58	11.580347654459176
13.59	12.134040889094718
13.6	12.208195816237408
13.61	12.946481882869369
13.62	14.04524563166317
13.63	13.461001653101144
13.64	13.912697650463812
13.65	14.65326171459528
13.66	16.175202522825323
13.67	16.230010121374004
13.68	16.283148803484682
13.69	17.21544088925907
13.7	16.39969700667847
13.71	17.219543416703626
13.72	17.065042302604713
13.73	16.983617570020066
13.74	16.91788522594705
13.75	17.607262547298706
13.76	18.99804129738852
13.77	19.51986720037951
13.78	19.18076964047244
13.79	18.96740766488398
13.8	19.377429996748887
13.81	19.408870471896748
13.82	18.47456426862864
13.83	19.508764067536518
13.84	19.857357326202536
13.85	20.848153528084957
13.86	19.623699560633494
13.87	19.870050599708044
13.88	19.30915577471687
13.89	20.440384047433383
13.9	19.967935608899055
13.91	19.351038722985827
13.92	18.352762722274907
13.93	18.349611086248817
13.94	19.495783867156394
13.95	18.976672343866422
13.96	18.18899428069703
13.97	18.115975473483914
13.98	17.225412013519836
13.99	17.191479502157215
14.0	17.48037394240333
14.01	16.68551838319719
14.02	16.841147260815518
14.03	16.397799389610647
14.04	16.065727396553825
14.05	16.21301865015625
14.06	15.258009343484423
14.07	14.6325228718485
14.08	14.0457871105916
14.09	14.524098541136318
14.1	13.662702970675273
14.11	13.873410729898985
14.12	11.781082439783763
14.13	11.762970511167671
14.14	11.965694035462956
14.15	10.605801535634578
14.16	9.643422274859278
14.17	9.763450009174328
14.18	9.180714434767005
14.19	9.24309647123822
14.2	7.881852459644766
14.21	7.745186032579194
14.22	7.712670855642837
14.23	5.901740768591634
14.24	6.964940823911238
14.25	5.474463796441569
14.26	5.897892704056582
14.27	4.378929781759726
14.28	4.942633827786656
14.29	4.67771678910429
14.3	4.0925268755265805
14.31	2.6871046966266072
14.32	2.6235142853520035
14.33	3.7138974207608224
14.34	2.5250176510657476
14.35	2.2804798433052396
14.36	2.2694732146695777
14.37	1.9350435064158378
14.38	2.0266574862911813
14.39	1.5791544914671503
14.4	1.9605419792395655
14.41	1.4590447732752205
14.42	0.6973154060370725
14.43	1.214985567973811
14.44	1.1208920817729775
14.45	0.4108360789756404
14.46	1.031219490240161
14.47	1.5231330650364212
14.48	0.8116288142677068
14.49	0.482736987135721
14.5	0.18560736319982057
14.51	0.74763641666304
14.52	1.1482526930156727
14.53	0.5197554229507473
14.54	0.797748686788136
14.55	1.0091068419001663
14.56	1.4740099998588345
14.57	1.1926688300661765
14.58	1.987173151444126
14.59	2.2391850967007896
14.6	1.5109592298779704
14.61	1.782218502363994
14.62	2.4441350213105606
14.63	3.4155258652705944
14.64	1.9483815665806548
14.65	3.94459662719819
14.66	4.073778727242113
14.67	4.154097162257717
14.68	3.6354838356366557
14.69	4.442461088441311
14.7	5.207623875914893
14.71	5.74470504020903
14.72	5.96054646165146
14.73	6.836314730194004
14.74	6.372336414929099
14.75	7.764591349510841
14.76	8.43675964335223
14.77	8.258889694194732
14.78	9.244399057476874
14.79	10.042600665935522
14.8	9.310945763916054
14.81	9.444367730445217
14.82	9.926399751216053
14.83	11.49562547458114
14.84	11.999238063055278
14.85	11.442117040253494
14.86	11.851810932678749
14.87	12.15547634103172
14.88	12.93651226278801
14.89	13.570076733826255
14.9	12.773704521095832
14.91	14.354012623440141
14.92	14.26387186381381
14.93	14.313312715870024
14.94	13.3173886533239
14.95	15.224150738893059
14.96	13.96361057594363
14.97	14.33769323269707
14.98	15.363754123704211
14.99	15.41963707062205
15.0	14.83505702903962
15.01	15.487085649263099
15.02	15.44658868991747
15.03	16.14395811836276
15.04	16.039747808195138
15.05	15.419417090265004
15.06	15.708551074446579
15.07	15.579518138261506
15.08	15.907838524863314
15.09	15.013711480379271
15.1	15.239799261278067
15.11	16.457527772222296
15.12	15.814783199003852
15.13	15.623297902315032
15.14	15.470541803613262
15.15	16.195233250930595
15.16	15.623124280461019
15.17	16.67814127551283
15.18	15.936568922526636
15.19	16.32652884224829
15.2	15.542067379090351
15.21	15.872438419354362
15.22	16.639042759229394
15.23	15.751735775379778
15.24	16.759233629990963
15.25	16.423589810432155
15.26	16.991001226764364
15.27	15.405266771638635
15.28	16.158984725947867
15.29	15.936226478643501
15.3	16.634095469781585
15.31	16.150262273999182
15.32	16.160943757852095
15.33	17.15952258814393
15.34	16.112288298117573
15.35	16.037203912197104
15.36	15.892953507403368
15.37	15.415706739441818
15.38	15.801030238656178
15.39	15.471276172258214
15.4	14.938164139058008
15.41	14.979885344297184
15.42	15.160275213395467
15.43	14.48541748846197
15.44	13.724361545940939
15.45	13.66115988730734
15.46	13.328739057153092
15.47	12.340820496193237
15.48	12.258593141091309
15.49	11.768039320922922
15.5	11.92920222418771
15.51	10.61023672974574
15.52	10.996445193496843
15.53	10.88492819973166
15.54	8.984436071593205
15.55	9.358887696870687
15.56	7.887700624905627
15.57	8.659432990080774
15.58	8.354838066737036
15.59	7.1051721709627245
15.6	6.204337227967429
15.61	6.837255979066152
15.62	6.132369249256757
15.63	5.096123967174289
15.64	4.82792985798411
15.65	4.037836220240911
15.66	3.1200755980808625
15.67	3.5728578502672446
15.68	2.7889033987460983
15.69	2.3023170522281444
15.7	1.8523113365186514
15.71	1.9683928838398412
15.72	2.1239395067284197
15.73	0.8952607736338475
15.74	1.2981527303481366
15.75	1.6160392675714739
15.76	0.9810904196147148
15.77	0.7215469322329546
15.78	1.3111140311651859
15.79	1.3932657956528023
15.8	0.8129305753682275
15.81	-0.819421826306459
15.82	0.5354780968766395
15.83	0.3508145725965165
15.84	0.3415186145541503
15.85	-0.9474366907743298
15.86	0.1266391995242493
15.87	0.26538041299598675
15.88	0.35940024581154123
15.89	0.4465952485500742
15.9	1.5951515173141164
15.91	0.3517250012340587
15.92	0.2698322884945894
15.93	1.3734857031563021
15.94	2.311760085065333
15.95	3.004059539460992
15.96	2.737811997952635
15.97	2.6531136513259344
15.98	2.6802661104589913
15.99	4.169401100388342
16.0	5.129742311351946
16.01	4.28598410855708
16.02	5.147635680729937
16.03	6.757569967963591
16.04	7.1074955630811765
16.05	7.266224376284128
16.06	7.57522064996169
16.07	7.772550567492909
16.08	8.267538778962747
16.09	9.173444331615753
16.1	9.694756389054358
16.11	9.521060396809673
16.12	10.250152328358253
16.13	11.038113860360195
16.14	10.916758595353794
16.15	11.684955153171494
16.16	13.03292089149542
16.17	12.600976097217568
16.18	12.876114658320166
16.19	13.050399126779247
16.2	13.865521730355578
16.21	14.329797237628917
16.22	14.230780656122429
16.23	15.157817039290158
16.24	15.20332497591495
16.25	14.537387122497323
16.26	14.697108989893696
16.27	14.674442666132597
16.28	16.071301400695848
16.29	16.096961160661124
16.3	15.777388674857256
16.31	16.032899455693133
16.32	15.88701474417665
16.33	16.039884277539723
16.34	15.560537895506174
16.35	16.432177378597345
16.36	15.786023051745376
16.37	15.602367560025288
16.38	15.034570979262607
16.39	15.600680997299712
16.4	15.942638674757573
16.41	15.348715426935385
16.42	14.903523200034758
16.43	15.435095926410936
16.44	14.371528257564853
16.45	15.66433826590857
16.46	14.282793994181489
16.47	13.58577188988839
16.48	14.069187216538454
16.49	12.992668182627137
16.5	13.651328447940358
16.51	12.78643040828184
16.52	12.241672263804835
16.53	12.692527419689805
16.54	12.792669957431512
16.55	11.591757973987109
16.56	11.880797729109844
16.57	10.721653732127379
16.58	10.99406998271296
16.59	10.458074131496707
16.6	10.18647662825178
16.61	9.687652839107944
16.62	9.316799224757911
16.63	8.250259128190008
16.64	7.523685175646618
16.65	7.6014761819788035
16.66	7.4602877527865195
16.67	7.428060904406126
16.68	6.095825890652623
16.69	6.052151849045418
16.7	5.447704462109239
16.71	5.752296614186738
16.72	5.593337179749751
16.73	5.591400655140626
16.74	4.179436226261862
16.75	4.378078390798057
16.76	3.238168986729136
16.77	3.0104072905422496
16.78	3.5517296219316004
16.79	3.0273995494154535
16.8	2.3491977484461475
16.81	2.2721744393749796
16.82	2.6814974239272886
16.83	2.6241128600018158
16.84	2.2936569489443865
16.85	1.9667164177975454
16.86	1.7916675750594326
16.87	2.1008623645205082
16.88	1.3440406681747636
16.89	2.18043967726561
16.9	1.1944356461463113
16.91	1.1983770053387743
16.92	1.6606975213508257
16.93	1.451946962254595
16.94	0.7187120405158031
16.95	1.857620672773518
16.96	1.8545867657100963
16.97	0.6572935226841208
16.98	1.541144408303493
16.99	2.741422811772555
17.0	1.562580985083145
17.01	2.191418687153913
17.02	2.18888480546076
17.03	2.2525756830336996
17.04	2.459148117546773
17.05	2.7615031113841235
17.06	2.58621099949751
17.07	3.6278621415479906
17.08	2.868963376078264
17.09	5.065637588041581
17.1	5.108008992195902
17.11	5.177869505799324
17.12	6.268780472313103
17.13	7.524311712097404
17.14	7.255378919338328
17.15	7.707932351894307
17.16	8.647167901869954
17.17	7.9055445058223155
17.18	9.391351661785954
17.19	9.528951403853565
17.2	10.725146371970867
17.21	10.885227482656871
17.22	10.608801994584375
17.23	12.25261682062493
17.24	11.626023695963756
17.25	13.25129400690446
17.26	13.087074812651101
17.27	13.011170068601539
17.28	13.712643831136722
17.29	14.13398185258022
17.3	13.782750124399023
17.31	14.01940210758642
17.32	14.546741832883649
17.33	15.972489061185566
17.34	15.453365161120708
17.35	15.623272688737018
17.36	15.694686423923361
17.37	15.8328563708595
17.38	15.913964524438633
17.39	17.073564388745957
17.4	16.802255478536974
17.41	16.24086920512416
17.42	16.32745149199934
17.43	16.30864472402277
17.44	16.640565546481817
17.45	16.451149017874478
17.46	17.515808805419695
17.47	16.957814569995957
17.48	17.82112405374449
17.49	17.120080860959355
17.5	16.623588560901553
17.51	17.46831262493894
17.52	16.559958945191315
17.53	17.30989036853193
17.54	16.424456949973433
17.55	16.31299398031614
17.56	14.018232954055987
17.57	16.10030506804454
17.58	15.069190719477644
17.59	14.47494410859376
17.6	15.035478062149602
17.61	14.118897214107974
17.62	14.74086964784057
17.63	13.23074939030275
17.64	13.109670978578201
17.65	12.587536529822865
17.66	12.882791981418764
17.67	11.259904992957683
17.68	12.027151051139954
17.69	11.300992622310737
17.7	10.355808108567981
17.71	11.045265061890683
17.72	9.97161736686762
17.73	9.842961861578951
17.74	9.476216035507163
17.75	8.66430322810235
17.76	8.525319167471897
17.77	8.398339730537792
17.78	6.722950277318279
17.79	5.887926730432536
17.8	6.494299996020215
17.81	5.848582606560105
17.82	6.129778746378374
17.83	5.816391535800426
17.84	4.891756567839734
17.85	4.167230923877436
17.86	4.104908611354103
17.87	3.6753371297492445
17.88	3.189330441272286
17.89	3.330022689252485
17.9	2.9026418155186753
17.91	1.9011057472816086
17.92	2.3468378358205046
17.93	2.83998131007409
17.94	1.6777911562014873
17.95	1.7598484437218105
17.96	2.575431126389507
17.97	1.9093357281499517
17.98	2.783932494651857
17.99	0.7453264277150702
18.0	1.661402996111029
18.01	0.47360804397891487
18.02	1.2161253312674967
18.03	0.25637438420780945
18.04	0.2432143996865993
18.05	0.7833354029263576
18.06	0.8302423699535043
18.07	1.1191404814594272
18.08	0.7457990790906186
18.09	1.7047121531214693
18.1	0.29695711442318895
18.11	1.079790727058252
18.12	0.9147766997461027
18.13	0.6256714795951338
18.14	1.5992126093279897
18.15	0.5157300279498538
18.16	1.0586177628871662
18.17	2.0904574768991724
18.18	1.9376925874056052
18.19	1.688202498830344
18.2	3.3560528509193843
18.21	3.6511346439111874
18.22	3.8477556779444124
18.23	3.825530002206559
18.24	3.412793597252695
18.25	5.154615309181465
18.26	4.196095779325508
18.27	6.11793489259518
18.28	6.0023046233998265
18.29	6.799364475220036
18.3	7.456551355495567
18.31	7.698094778574209
18.32	7.579632993186525
18.33	7.7971862147848805
18.34	8.215148351504055
18.35	9.007742381335584
18.36	9.910919951278279
18.37	10.106417505662119
18.38	11.109263204971553
18.39	11.047220132060934
18.4	12.33506299170069
18.41	12.86577806405761
18.42	12.283132741186467
18.43	12.437121396415899
18.44	13.114670293723325
18.45	14.025361116351801
18.46	14.017650495307775
18.47	15.381259086718192
18.48	14.575849726552509
18.49	14.77911801979674
18.5	15.122009788590008
18.51	15.77423106654382
18.52	14.911178507754045
18.53	15.966643570886609
18.54	15.207630231012834
18.55	15.566244314488351
18.56	17.05832436699878
18.57	17.023170898555378
18.58	16.117747748046384
18.59	16.632736185189064
18.6	16.115673939365493
18.61	15.786129681152454
18.62	15.799154101776512
18.63	16.153510141533975
18.64	16.006840936069743
18.65	16.656438683878935
18.66	15.39708120280108
18.67	15.564273270792633
18.68	15.663881879166475
18.69	15.142742835321183
18.7	14.227777275028968
18.71	15.60606046798027
18.72	13.997259822176714
18.73	15.371775003902611
18.74	14.659974246983166
18.75	13.914168911692029
18.76	13.653253421446102
18.77	12.864251139545718
18.78	11.747539945532857
18.79	12.919714352980664
18.8	12.61473296694767
18.81	10.917654557445015
18.82	10.483517682581267
18.83	10.75507331085728
18.84	10.340940032386822
18.85	9.308261325278103
18.86	9.003156444513472
18.87	8.586930690159669
18.88	8.197299058629568
18.89	7.417134260286329
18.9	7.523095817307661
18.91	6.708080688821884
18.92	6.6673411650593
18.93	5.998094578989481
18.94	6.140673724887075
18.95	5.3839237684276435
18.96	4.267836267131036
18.97	4.62575403207213
18.98	4.267384178696887
18.99	3.1190580382273883
19.0	3.1701127685961055
19.01	3.46324688667783
19.02	3.5106107804367386
19.03	2.9178276759777884
19.04	2.324906700617935
19.05	2.5522848474591133
19.06	1.598278832197696
19.07	2.804339517759554
19.08	0.4189920433233252
19.09	0.5769152719197774
19.1	1.6862302073878022
19.11	-0.2910267046541183
19.12	0.48987219002768273
19.13	-0.043831830438983255
19.14	-0.15546224621520532
19.15	0.5569494038129905
19.16	-0.21090500762469655
19.17	0.4380003816193655
19.18	-1.5448758709231212
19.19	0.22343194057013696
19.2	-0.4206348444159549
19.21	0.04994306856327016
19.22	-0.15375168584123466
19.23	0.029787435242380422
19.24	0.09198249219939514
19.25	-0.002468829380915083
19.26	0.7642568229904689
19.27	0.600437895482894
19.28	1.6274607672516113
19.29	0.6034845527544079
19.3	1.5011052472885502
19.31	1.893943755910942
19.32	2.3848123028661665
19.33	1.8586267513991803
19.34	2.162915505244091
19.35	3.2165381325558196
19.36	3.7356838196557867
19.37	2.892581340107194
19.38	4.154234671960806
19.39	4.831566279209285
19.4	5.453775653290241
19.41	5.959017220992483
19.42	5.889134386577278
19.43	6.3655186566721085
19.44	7.589811654730292
19.45	8.288957499041306
19.46	8.888796375541585
19.47	8.934438527068167
19.48	9.318018862668001
19.49	9.764212055608885
19.5	9.60788588250537
19.51	10.810356302957446
19.52	10.65930710072633
19.53	12.232499953557696
19.54	12.116747675180356
19.55	13.48284072290158
19.56	12.961225403237544
19.57	12.967861625325046
19.58	13.777801088071937
19.59	13.904652966415222
19.6	14.091258365590987
19.61	15.027596467138478
19.62	14.876924714071636
19.63	15.182610251893227
19.64	16.349953547882155
19.65	16.43673363995462
19.66	17.507141373770537
19.67	16.968453313120868
19.68	17.02320535593271
19.69	17.54565800436176
19.7	17.52233639381298
19.71	17.59973689219742
19.72	17.764361303936067
19.73	17.645618338935304
19.74	17.473796918007118
19.75	17.586772653046978
19.76	17.317042700127537
19.77	16.984362736947222
19.78	18.069531170402755
19.79	17.78823691722561
19.8	18.515498823252216
19.81	18.247147257992747
19.82	17.34474927798865
19.83	17.661662019192047
19.84	17.532510293953738
19.85	17.22850677212386
19.86	17.096887318938503
19.87	17.240875944759587
19.88	17.088143432762045
19.89	16.521190693772414
19.9	16.478282676507604
19.91	15.163974647938337
19.92	16.118054381530936
19.93	14.721770808629174
19.94	15.444012134425918
19.95	14.765513709292302
19.96	12.932586389277699
19.97	13.395375189945751
19.98	12.785511915521514
19.99	12.676947171650019
20.0	11.988024527346937
