10.01	2.0744812034892695
10.02	2.623805049057389
10.03	2.747734993142582
10.04	2.7888876042826314
10.05	2.9201004736516287
10.06	3.357554463045711
10.07	1.9012233197710158
10.08	3.6799007096694525
10.09	2.357778987939886
10.1	2.6958432067953533
10.11	3.286452752811938
10.12	3.246625118020259
10.13	2.8394171439814437
10.14	3.5512345325827614
10.15	2.887612302895618
10.16	2.6326836274436825
10.17	1.7924082465148055
10.18	2.3331801705390895
10.19	2.860899299171913
10.2	1.9184584361623265
10.21	2.142320048333378
10.22	2.3884456206132856
10.23	1.763485377246624
10.24	1.6536978343677133
10.25	2.1900521619890605
10.26	1.3609434710897876
10.27	1.7168883901170346
10.28	1.237209632500071
10.29	2.151615341048002
10.3	1.4997866007376512
10.31	1.8796742512110436
10.32	1.6953701635090395
10.33	1.154824414291968
10.34	1.2633158688529789
10.35	0.8524984894130762
10.36	0.6380416457051232
10.37	0.21613821400125388
10.38	0.9830770053017162
10.39	0.7634255397961751
10.4	0.40901585958325365
10.41	0.20288624615204048
10.42	1.4509810095156834
10.43	-0.584617398223277
10.44	-0.11849560636185909
10.45	0.651837263624583
10.46	0.46463389810935984
10.47	0.6645681019748668
10.48	-0.4647756438059083
10.49	0.4727968262312645
10.5	0.4065076441593344
10.51	-0.14527485587648986
10.52	0.02861039726539983
10.53	0.6030907297764004
10.54	-0.09072134488339821
10.55	-0.3390311614602944
10.56	0.12174827747492929
10.57	0.33851898023964333
10.58	0.6942457561116262
10.59	0.19969950589866875
10.6	-0.17414118522291877
10.61	0.6084188040892667
10.62	0.17122262899292692
10.63	0.014488028199782815
10.64	-0.11394629709081425
10.65	0.30314071561925127
10.66	-0.4392298071654261
10.67	0.4213703245427636
10.68	1.30204499910011
10.69	-0.8765399945099341
10.7	-0.31668620762671057
10.71	0.45643565224215904
10.72	0.6296362334864805
10.73	0.2396960598508402
10.74	0.07268225247830479
10.75	1.367925678525458
10.76	0.5519875691244182
10.77	1.1873164366880515
10.78	0.45713101867613726
10.79	0.7490009374019755
10.8	0.8600212381822566
10.81	1.1166815656284341
10.82	1.1918023723774993
10.83	0.741863951827369
10.84	0.8317666545160504
10.85	0.9866167282919002
10.86	1.3465038218769672
10.87	0.38217497034757364
10.88	0.7169777981438077
10.89	1.0137532472446662
10.9	0.8897230426706251
10.91	0.5310975999257975
10.92	1.2396510445135975
10.93	0.704854257899626
10.94	0.7612809546294922
10.95	0.8007055889936152
10.96	0.4168052217699142
10.97	1.1532546297345687
10.98	1.2287716366288006
10.99	0.1986452884947827
11.0	-0.025606955698108114
11.01	0.6654083977465324
11.02	1.285985249116594
11.03	1.3094498039313576
11.04	0.2926460983027219
11.05	1.1424429409099828
11.06	0.6991198855235135
11.07	1.0137070877353593
11.08	0.8686114098406494
11.09	1.0152168280501366
11.1	1.1262805246851875
11.11	1.0715427768251042
11.12	1.0644898245507757
11.13	0.611079920035815
11.14	1.007048576884951
11.15	0.5939572152617814
11.16	0.8151572609233041
11.17	1.5002999712795373
11.18	1.23706488333176
11.19	0.41258367552307884
11.2	0.8282470374681816
11.21	0.6238224713360897
11.22	0.4715066592903107
11.23	1.6663781606549217
11.24	0.654346422867071
11.25	0.8612180576735212
11.26	0.6614291924942324
11.27	0.8594991750422066
11.28	0.1571332881409112
11.29	1.3192974807266082
11.3	1.0163839053109391
11.31	2.216574020502147
11.32	0.6622165605295907
11.33	1.2691150984371462
11.34	1.0986638678301772
11.35	1.1056495630047074
11.36	1.9722701307022434
11.37	1.018821498586957
11.38	2.0110752660156743
11.39	2.259991130293105
11.4	1.8860770978511143
11.41	1.028943132186663
11.42	2.332012187349432
11.43	1.2047934729398464
11.44	1.8891343100629368
11.45	1.4880530840224577
11.46	2.2073508066336553
11.47	1.2903807726662804
11.48	1.8796179301251745
11.49	1.5320542327873818
11.5	2.9918424985442655
11.51	1.5560068408426164
11.52	3.2884446531938774
11.53	2.921814371986584
11.54	2.5866745491280008
11.55	2.4076057396369426
11.56	2.6890177077489756
11.57	3.055015566505376
11.58	2.890080650460545
11.59	2.5678396089457833
11.6	2.354688861716219
11.61	2.7940856876856146
11.62	2.3476680807399353
11.63	3.0843903614396977
11.64	2.7545112083927332
11.65	2.394262982864721
11.66	2.394870415503276
11.67	2.5271099301009228
11.68	1.9406319004693067
11.69	1.5454178177282165
11.7	2.6225339374198535
11.71	2.277204570372508
11.72	2.886428175810825
11.73	2.9134910636396323
11.74	2.8171874906717886
11.75	2.8830853607480598
11.76	1.901265092156907
11.77	2.8973967294647096
11.78	2.1961367534115
11.79	0.8806065467684898
11.8	1.3445983855484422
11.81	2.1713317317661405
11.82	1.7967525421787653
11.83	2.1704187172844143
11.84	2.518969545307767
11.85	3.302012356740657
11.86	1.8777742726875897
11.87	2.2573244298930852
11.88	0.8996499253678483
11.89	2.474936126628646
11.9	3.2276018559245823
11.91	2.350001637497715
11.92	2.433491407239565
11.93	2.20707727898967
11.94	2.3536569904995486
11.95	2.0233063051907685
11.96	2.3427819572207067
11.97	2.385933761333565
11.98	2.148923120506463
11.99	2.5145081876591964
12.0	1.7645248462721344
12.01	2.413256716268201
12.02	2.7608859771427317
12.03	2.1107162903704837
12.04	1.9018615788177045
12.05	2.197463699349476
12.06	2.6756345623794413
12.07	1.4971513396891063
12.08	1.8000763178408152
12.09	1.82394989968587
12.1	2.334954973541118
12.11	1.9558737251112195
12.12	1.8042106355356349
12.13	2.400394226010863
12.14	2.0266101392207476
12.15	1.072553268501961
12.16	2.739838187397878
12.17	2.695342475991968
12.18	2.3779746372656643
12.19	1.8022154282963883
12.2	1.1309620144445942
12.21	1.6184367872387146
12.22	1.968097618851385
12.23	3.1338282937602147
12.24	3.1417389246992524
12.25	1.897174027809319
12.26	2.429030373474526
12.27	1.9079925687810815
12.28	1.9680781932055726
12.29	2.590043473125086
12.3	1.1779000000887694
12.31	1.659696588125833
12.32	1.8630529332287722
12.33	1.5184772916206692
12.34	1.8963170060093926
12.35	1.6509262111529286
12.36	1.8414070235974593
12.37	1.0485040346773797
12.38	1.4703495232096935
12.39	0.9020781029511197
12.4	1.3975717869419877
12.41	1.7481577917542446
12.42	1.6810393586143657
12.43	1.7923168971905081
12.44	1.9319666063251046
12.45	1.8800442948692453
12.46	2.7388670115638005
12.47	1.197081083982281
12.48	1.1386746672225865
12.49	2.4460726920283196
12.5	1.2481564234685112
12.51	2.5505214808393477
12.52	0.7409336400499121
12.53	2.3594191002273277
12.54	1.8118287474360624
12.55	2.1060901224870023
12.56	2.7533984044260857
12.57	2.5525267397822407
12.58	2.796342315509243
12.59	2.0929970327292184
12.6	2.6145624397899496
12.61	1.466422001734059
12.62	2.799670182006389
12.63	3.2065283034026137
12.64	3.2152126555293137
12.65	2.267615103631391
12.66	2.2260439682130957
12.67	3.8708525681427743
12.68	3.2368841732093694
12.69	2.8077492709873213
12.7	2.38811016461675
12.71	3.7446980855470837
12.72	3.3656832357885955
12.73	2.9853397625279556
12.74	3.4258018928381797
12.75	4.242291119988257
12.76	2.804988344923826
12.77	2.1202049074988336
12.78	3.6586601264394925
12.79	3.52590457452797
12.8	2.8031656766249244
12.81	3.4113544067001023
12.82	3.5571419621105185
12.83	4.242802775623194
12.84	3.612475461595285
12.85	4.477000249870552
12.86	2.579602822239512
12.87	3.538699647798961
12.88	3.2586292180325844
12.89	3.5038277514804177
12.9	4.452651774633498
12.91	4.235417302811552
12.92	3.8238286433078383
12.93	3.281800619743721
12.94	3.912428771310006
12.95	3.438008247436731
12.96	2.9411595004260804
12.97	4.912526399408419
12.98	2.7060269196881217
12.99	2.5682748329268144
13.0	2.865146280119207
13.01	4.116255173182617
13.02	3.543205622408542
13.03	2.629717084176211
13.04	4.249241937398374
13.05	3.2400038946747047
13.06	3.2958010895395176
13.07	3.1561726049362884
13.08	2.923157659895456
13.09	2.619804476087771
13.1	1.9027699539404141
13.11	3.1028110735115053
13.12	2.843861083308739
13.13	3.012813486339196
13.14	2.595156409961784
13.15	3.3290778630527535
13.16	3.455685672000326
13.17	1.754707472939856
13.18	3.332979347877216
13.19	2.8366795047688695
13.2	2.305241130864241
13.21	3.4428097241774718
13.22	1.7744582340497204
13.23	2.6522679543547114
13.24	2.472826775221547
13.25	2.724147974593339
13.26	2.2708312087515257
13.27	1.9010464715622162
13.28	2.6018341537931664
13.29	1.2869562081396884
13.3	2.5721810273935484
13.31	2.0420751242129858
13.32	2.603453230540776
13.33	1.9516066871483193
13.34	2.507418693112722
13.35	1.9864837022464052
13.36	2.1510003882725233
13.37	3.214096350214274
13.38	1.5392644652871579
13.39	2.0735182264584955
13.4	1.5731100127635365
13.41	2.5936872308528542
13.42	3.0975955612528354
13.43	2.847714027617563
13.44	1.948836644737955
13.45	2.6591378693385637
13.46	2.405741584105157
13.47	2.465038315676878
13.48	1.866615814070734
13.49	1.9156829298982145
13.5	1.8158376762645614
13.51	1.6976038116904615
13.52	2.3120562471850437
13.53	1.9678947007508034
13.54	2.433085284057116
13.55	1.5878339679650006
13.56	2.777363283890798
13.57	2.879260260154757
13.58	3.0312451738119526
13.59	2.2083971487658247
13.6	2.210473797915381
13.61	2.281598420339164
13.62	3.136714868889552
13.63	3.169431772945055
13.64	2.7448097343263047
13.65	3.1372687405472957
13.66	2.3111991013833597
13.67	1.5965112887083708
13.68	2.3124318820695784
13.69	2.509744993833169
13.7	2.3821847311410402
13.71	2.7454859971568446
13.72	2.702104259803943
13.73	2.714566561757305
13.74	2.398250019077482
13.75	2.926005315594785
13.76	2.2632848643329253
13.77	2.9622984577098332
13.78	3.385516415451184
13.79	2.3495041447781113
13.8	2.6101103329385724
13.81	3.092756575871859
13.82	2.2593734009270214
13.83	2.695149892872251
13.84	2.3274725953165256
13.85	3.418903970886697
13.86	2.699928287369607
13.87	2.57537609813712
13.88	2.634172439250197
13.89	3.2756327427335057
13.9	2.5572579595908245
13.91	2.7936374471995205
13.92	2.7689424808062464
13.93	2.5861205840234245
13.94	1.6191759360714062
13.95	3.1663518734894014
13.96	2.6082107813396695
13.97	1.841985868403458
13.98	1.5028267397149486
13.99	2.2186295825212907
14.0	1.2996653020449915
14.01	1.4145954490176493
14.02	2.1363300226112174
14.03	2.1481831411789725
14.04	1.8286456433216818
14.05	0.5505605186125171
14.06	2.5330432761368797
14.07	1.7761397732907127
14.08	1.937585118953433
14.09	1.471967123580859
14.1	1.2185417998250836
14.11	1.9752562885392146
14.12	1.5018542333405194
14.13	0.7328730628836514
14.14	1.5148322010957125
14.15	1.0848919517679627
14.16	0.7194830893549691
14.17	0.40339793611236496
14.18	1.0505846932832663
14.19	1.6307227085878804
14.2	1.9205522302019205
14.21	0.9297580168272166
14.22	1.8244016011788637
14.23	0.889953734600728
14.24	1.821421987100762
14.25	1.6598391187463881
14.26	0.9108953465023184
14.27	0.8810657951833223
14.28	0.1838272778329053
14.29	1.8045273927731897
14.3	1.5862099465208637
14.31	1.1835841482864922
14.32	1.7544603694693381
14.33	1.9320906519623464
14.34	2.0051413340445827
14.35	1.2764138243025722
14.36	0.7163177999665264
14.37	1.768573944254222
14.38	0.6882437108376173
14.39	1.0560305796784197
14.4	1.1884748126908393
14.41	1.972291934453787
14.42	1.9670640746220274
14.43	1.2509331377717807
14.44	1.5564437097690773
14.45	1.106899001538634
14.46	1.8353498924074398
14.47	1.1233285564617566
14.48	1.8246201870672678
14.49	0.82905891062392
14.5	1.6819807613288413
14.51	2.000425575765015
14.52	0.7911112433077161
14.53	1.9818234653822562
14.54	2.0613315607183775
14.55	2.133556036323915
14.56	2.370488062784401
14.57	1.9156469937881453
14.58	1.09232060054203
14.59	1.4693422034677988
14.6	1.8701688606405913
14.61	1.8802637269302074
14.62	1.8098404373702726
14.63	1.3123745285458548
14.64	1.9898827260218304
14.65	1.9319191966599607
14.66	1.8123194434093317
14.67	1.8361709629160985
14.68	1.7614172452542565
14.69	2.023384506328453
14.7	1.247029825205626
14.71	2.00653317373035
14.72	1.609876939473921
14.73	2.278696061613615
14.74	2.3917021305494592
14.75	2.0822981201038173
14.76	2.483390853925158
14.77	2.2576856644736076
14.78	2.7218585843278276
14.79	1.7585101806407926
14.8	2.521450184646491
14.81	2.4561833753297435
14.82	2.742257045322016
14.83	2.578882151461503
14.84	2.803454095606601
14.85	2.0369842197545545
14.86	3.1839223726263994
14.87	2.1816195802973213
14.88	1.8471830852238391
14.89	2.8902758342850965
14.9	2.5027285031912117
14.91	2.3151690531356626
14.92	2.11288037115057
14.93	1.6667445283861764
14.94	3.2321408300927916
14.95	2.421982675717042
14.96	2.8326798988230157
14.97	2.325254523622716
14.98	3.003010094961369
14.99	1.9775633738766485
15.0	2.0901396228914826
15.01	1.3506926826007037
15.02	1.8295150857512983
15.03	2.203431461888412
15.04	2.185928866937602
15.05	1.413397451434343
15.06	2.097554909096321
15.07	2.0328068716698477
15.08	1.512838898432038
15.09	2.0543419594898906
15.1	1.9141267863465201
15.11	0.4633204102974462
15.12	2.00466143867526
15.13	0.7930196174423191
15.14	1.8719696222416726
15.15	1.8245346180545456
15.16	0.9065227601507312
15.17	1.727621866118048
15.18	0.8248196229529152
15.19	1.430676299968299
15.2	1.4212484244967973
15.21	1.9152870157327095
15.22	0.8257307811847476
15.23	1.4085455847514459
15.24	1.0408393717616298
15.25	1.2016893520677638
15.26	1.1504681940180355
15.27	1.3844754937295094
15.28	0.47312342890137515
15.29	2.0138798463368386
15.3	0.41308221694287084
15.31	2.02888353734897
15.32	1.8860812182507478
15.33	1.4699612489279108
15.34	1.1754756975322802
15.35	1.2924535810984674
15.36	0.9842532927917582
15.37	0.3123886227230114
15.38	1.568557137638765
15.39	1.3600354113658477
15.4	1.0530541937730415
15.41	1.7893119492238958
15.42	1.7468999761069541
15.43	0.6755531251440616
15.44	0.6558078273612409
15.45	0.8150574436456369
15.46	1.0864943330740104
15.47	0.45542791304573826
15.48	1.7505805782677546
15.49	0.43860518138384286
15.5	1.1204918288518328
15.51	1.0925601255434814
15.52	0.8354142698479838
15.53	1.3183441880565347
15.54	0.037987574810934066
15.55	0.5869060409475707
15.56	0.3080778437432631
15.57	0.09775359634471215
15.58	1.1807917815968265
15.59	0.9788536054932847
15.6	1.4126579581173926
15.61	0.9480132071826246
15.62	1.039377655095392
15.63	1.4664450560327809
15.64	0.7241078345454917
15.65	0.7709430364076413
15.66	0.7529499767920029
15.67	1.9704053842225662
15.68	1.1533194054233662
15.69	1.613927670180642
15.7	0.26818494171432483
15.71	1.3511645133722725
15.72	2.0334680904025384
15.73	1.2969616614734787
15.74	1.3517004615829198
15.75	1.657607606177285
15.76	1.8550743759082406
15.77	1.1221817734084734
15.78	1.1389140838116127
15.79	1.6153372245616617
15.8	2.075425456372243
15.81	1.1167604111006755
15.82	1.1582908985251281
15.83	1.8911893821906056
15.84	1.4291900468423198
15.85	2.448245922221068
15.86	1.6760996650753202
15.87	1.6441120006920322
15.88	1.7500925568417762
15.89	1.2361347621167607
15.9	2.0243493629815603
15.91	1.4054104054203098
15.92	2.9230548924023707
15.93	2.208270390352537
15.94	1.899544061084314
15.95	1.984406929625558
15.96	1.3552236338457606
15.97	2.0589318673883072
15.98	1.210401571060408
15.99	2.4465390084832457
16.0	1.2500937212889924
16.01	1.9265218336958514
16.02	0.3793315263771566
16.03	1.9930909994514532
16.04	2.162879957628638
16.05	1.6501509913195958
16.06	1.7439717538869028
16.07	1.4080259600321527
16.08	1.905733289949417
16.09	2.5229705220437095
16.1	1.469975412122709
16.11	1.8586385994488177
16.12	1.7092317283059966
16.13	1.78955016747644
16.14	1.4855865224175546
16.15	1.3008030578990433
16.16	2.791962083473068
16.17	0.5727703841189948
16.18	2.364915733758937
16.19	1.586627409969389
16.2	2.7552337806393314
16.21	2.0807176122978337
16.22	1.6756543333313756
16.23	1.5798125789329573
16.24	2.0990642499259557
16.25	0.8132307100377285
16.26	1.2149297448375447
16.27	1.9845204838652764
16.28	1.9313564741024527
16.29	1.497793778493063
16.3	1.9707756576364783
16.31	1.7970504361839195
16.32	0.8381667644632236
16.33	1.8686946896810541
16.34	2.412556455517916
16.35	0.5439598720424377
16.36	2.3680234910759177
16.37	1.438629113279429
16.38	1.9584010855328915
16.39	1.577832910673646
16.4	1.7239465267409613
16.41	0.6074945494854608
16.42	1.4769901063452897
16.43	0.9448371883072827
16.44	0.6752484643212385
16.45	0.789763871793573
16.46	0.2508669845363607
16.47	1.6371736353501154
16.48	1.1949784390538962
16.49	1.3289718408255788
16.5	1.1980193017690404
16.51	1.2274564713059357
16.52	0.9130353144084952
16.53	1.2772034561770966
16.54	1.5882586729418084
16.55	1.6783487072528647
16.56	0.8108080242939397
16.57	1.252573747761249
16.58	1.1763859962522192
16.59	0.9098935716587648
16.6	1.7504589220116298
16.61	0.7192479255548275
16.62	0.26990023194024304
16.63	1.4154403032071756
16.64	2.388791917669298
16.65	1.8156518582966024
16.66	1.4154038510491322
16.67	1.3975165444104918
16.68	1.3136320557302585
16.69	1.8571336146455044
16.7	1.3102457846765567
16.71	0.227347960453685
16.72	1.2099685078952254
16.73	1.0031947964201469
16.74	1.3787244035683979
16.75	1.4030391929723915
16.76	1.8441477828843766
16.77	0.7683323423984043
16.78	1.4997150141436733
16.79	1.4535833773071358
16.8	0.5131010459249581
16.81	2.145984927830008
16.82	2.242525169175048
16.83	1.3420395447021234
16.84	1.3628415629887753
16.85	1.650560106204423
16.86	1.0637500389658103
16.87	0.6067524973468638
16.88	2.0329470421985447
16.89	2.40955868817893
16.9	2.302408424832471
16.91	1.406878810561883
16.92	1.189000267081596
16.93	1.3189944413917865
16.94	2.087644737159458
16.95	1.1216045429677426
16.96	2.030072948138628
16.97	2.1712835881432455
16.98	1.9696395790948846
16.99	1.6896013998145443
17.0	1.5386669663988866
17.01	1.4218989669135829
17.02	1.40946078317568
17.03	1.9883644359245802
17.04	1.8018482026193223
17.05	2.4119132685463676
17.06	1.860651458812468
17.07	1.6399627310444527
17.08	2.0155224835334833
17.09	2.0032622495681944
17.1	1.589466308156801
17.11	1.4578668820127714
17.12	2.5331593863560498
17.13	1.7845214874074362
17.14	1.1718657825809675
17.15	1.5668118205763035
17.16	1.1888524908727
17.17	2.4124034873284117
17.18	1.0146318627221662
17.19	2.756067014261385
17.2	3.116367105649573
17.21	1.905908217201924
17.22	1.1068471951135148
17.23	2.1088645934540584
17.24	2.0101614711864992
17.25	3.065698165474582
17.26	2.2439464859832183
17.27	2.645403519099272
17.28	1.987255764008554
17.29	2.0814416803127704
17.3	2.5702756392196218
17.31	2.490426193167837
17.32	2.838358063922915
17.33	3.137973360673613
17.34	1.5160842768196026
17.35	2.166204591342014
17.36	2.742890721212041
17.37	2.7935924756866704
17.38	3.0577151301621153
17.39	2.523768802621179
17.4	2.153705170616842
17.41	2.2593956117114167
17.42	2.013051592956326
17.43	3.7341141323419444
17.44	2.139141212934065
17.45	2.620411597305308
17.46	2.889241824191482
17.47	3.1744022496031867
17.48	3.464140717725389
17.49	3.4307821437783526
17.5	3.5793099401335864
17.51	3.4270644711474083
17.52	2.6124516274782392
17.53	3.3576778320839087
17.54	3.242311671805922
17.55	3.1301768140686277
17.56	3.754811879320687
17.57	3.5065520356522963
17.58	3.7468248241523576
17.59	2.7423518263005366
17.6	3.5710348579335465
17.61	3.450640232394904
17.62	3.4367080963075773
17.63	3.632638275081272
17.64	4.4557278078883575
17.65	3.4658467600005727
17.66	3.8869037075934343
17.67	3.3823932684184057
17.68	3.5552410372358643
17.69	4.129940497767559
17.7	4.042139159249544
17.71	3.7124409566974617
17.72	4.272338450651475
17.73	3.803559308665215
17.74	4.029053663985118
17.75	4.21286292299028
17.76	4.176584206743641
17.77	3.892375587333809
17.78	3.773504150090426
17.79	4.185679646551492
17.8	4.125791780111687
17.81	4.070051070508481
17.82	2.9770312730180253
17.83	4.452191391859568
17.84	3.6502078847535233
17.85	4.749311818453072
17.86	4.921208081530945
17.87	4.227775591177951
17.88	3.392144783813848
17.89	4.882733068980436
17.9	3.768225754753614
17.91	4.1715932875210795
17.92	4.574185989579894
17.93	4.6924773892505405
17.94	3.9127696073340483
17.95	4.159787425400124
17.96	4.1898726660071395
17.97	3.9012260693742062
17.98	4.8406241025826935
17.99	4.957066885713595
18.0	4.6034123052832525
18.01	3.3476200104815694
18.02	4.321222272504497
18.03	4.520990416952134
18.04	4.669701177322586
18.05	4.059873653632868
18.06	5.208871261956798
18.07	3.9524820039003106
18.08	5.152400098045798
18.09	5.1494630727746165
18.1	4.677178189376097
18.11	4.71300328310409
18.12	3.7593387899726376
18.13	5.263524837149618
18.14	5.449297845897977
18.15	5.244051234408661
18.16	4.1749925877737715
18.17	3.759328394097724
18.18	5.230618433792743
18.19	4.461301889633152
18.2	5.4260835197503345
18.21	5.127564966741237
18.22	4.9426233283003125
18.23	4.201127274218336
18.24	4.824128000679693
18.25	4.092761320100908
18.26	4.524979175515173
18.27	4.518694564388657
18.28	5.154544372127502
18.29	3.9475244170639137
18.3	4.45860414996441
18.31	3.4269435733724625
18.32	4.521303893851368
18.33	5.186599468621226
18.34	3.7496675745038472
18.35	4.007829179683691
18.36	3.553492168698985
18.37	3.5042045880570933
18.38	2.9439848355392835
18.39	3.2981125425165088
18.4	4.037127069211403
18.41	3.070029944344209
18.42	3.6669678957422565
18.43	3.249843075522589
18.44	4.346720321168858
18.45	3.0157640926188654
18.46	3.794142947113336
18.47	3.041978928047255
18.48	3.3556102430130403
18.49	3.490812265521004
18.5	3.4998358160880487
18.51	3.2923735873001863
18.52	2.3816662594701477
18.53	3.123444954358307
18.54	2.6332799190329963
18.55	3.345430758212006
18.56	2.1300978675892086
18.57	2.9850652866599443
18.58	3.2392266876197278
18.59	3.4540472622170224
18.6	2.9607614811551985
18.61	3.051086917607395
18.62	1.7616902870461417
18.63	3.780764258920676
18.64	2.53311521657884
18.65	2.655492469910299
18.66	2.523794351516528
18.67	2.8170592613287955
18.68	2.4211343902029974
18.69	2.1559143089091304
18.7	2.737139036603343
18.71	3.13470356963281
18.72	3.4156007564022866
18.73	1.7426992674111457
18.74	1.864726597748266
18.75	2.4008155330320884
18.76	3.3855568688543594
18.77	2.301717405244165
18.78	2.664748076287859
18.79	3.1971640223738493
18.8	1.254647923557278
18.81	1.9283009371500457
18.82	2.574104586725335
18.83	3.1563029133275986
18.84	2.086574428076451
18.85	2.4075296147574674
18.86	3.5241204612668273
18.87	2.9297028051752894
18.88	1.8182463371821878
18.89	2.5727841158593177
18.9	3.3225689062472488
18.91	1.7187900955982878
18.92	2.2409392940986224
18.93	1.7810384388253335
18.94	2.518649377255337
18.95	3.5305933688751723
18.96	2.705639646458498
18.97	1.8159592450348485
18.98	2.8471638185975126
18.99	3.228555177234094
19.0	1.3208972463902133
19.01	2.4425609904405974
19.02	2.8876210972164444
19.03	3.2521826786498633
19.04	2.3085082806585717
19.05	2.6247130361542808
19.06	2.74447285692764
19.07	3.1441631091798596
19.08	2.2386978168484917
19.09	2.541099412477177
19.1	2.0819491919588176
19.11	2.7470688282875355
19.12	3.864557404767364
19.13	3.14683301346889
19.14	1.868296838148504
19.15	2.6853489784947615
19.16	3.0039234497695744
19.17	2.5698894827629704
19.18	3.008542735945748
19.19	3.200036628331862
19.2	2.58698549803955
19.21	3.5085141197233383
19.22	3.2232625869692355
19.23	2.714462060875025
19.24	3.003918678098119
19.25	2.2307525109130326
19.26	2.807378496501538
19.27	2.1485396867473483
19.28	2.5180342821554564
19.29	3.5915339002859468
19.3	1.6998835903602898
19.31	2.5062032334643636
19.32	2.3237642821924993
19.33	2.762665634356658
19.34	2.9447157645527953
19.35	2.7353622935661783
19.36	2.5588550551704166
19.37	3.987628813274923
19.38	2.4218146715697584
19.39	1.3089456216419615
19.4	2.6997255939687888
19.41	3.255521454703104
19.42	2.3981393564262383
19.43	3.9301794843632623
19.44	2.382481843723505
19.45	3.5044277603573084
19.46	3.1007004166270558
19.47	3.7182826836292904
19.48	3.202610025337686
19.49	3.163039305785329
19.5	2.7661151466635885
19.51	3.181244949500128
19.52	3.018878076996048
19.53	2.6438649519002744
19.54	2.8924789020594934
19.55	3.4316833250952086
19.56	2.9312463670181144
19.57	3.75570452977472
19.58	4.205875134018619
19.59	3.654580427011514
19.6	2.5921678969250426
19.61	4.027665641628328
19.62	2.885566509307038
19.63	3.245507593728578
19.64	3.618846904299713
19.65	3.3654345351918495
19.66	3.3088645816224593
19.67	3.735817934834169
19.68	4.086126718817168
19.69	2.8152381405353855
19.7	2.9772588008315894
19.71	2.698889891211565
19.72	3.919645839682757
19.73	2.158522399978495
19.74	4.275088475969025
19.75	3.296600530705435
19.76	4.387995735769986
19.77	3.7970355034831487
19.78	3.808071118190558
19.79	3.6723531466735895
19.8	4.084629855008431
19.81	3.9832170023839506
19.82	3.7416369946317416
19.83	4.368382994468667
19.84	4.347771920282596
19.85	3.6608953441049192
19.86	2.5171822899170255
19.87	3.4093621543696635
19.88	2.791428445989568
19.89	4.4757863011771475
19.9	3.066010379771807
19.91	4.638291655417012
19.92	3.5215221237279053
19.93	2.996463561494652
19.94	3.36601025764187
19.95	3.4685723751368585
19.96	3.9965322239145618
19.97	3.7346287004337895
19.98	3.558827831019524
19.99	3.373586967955212
20.0	4.249622041447164
