10.01	5.396401077005364
10.02	4.718169220616652
10.03	3.8627558359153293
10.04	4.1973282988288005
10.05	2.977954370272845
10.06	2.765006479327595
10.07	3.2156811883179266
10.08	3.7164373048719166
10.09	3.2429080140651108
10.1	2.735290719903793
10.11	2.305908258752386
10.12	2.7093948573426747
10.13	2.700023439403904
10.14	2.5422921436867063
10.15	2.3479069799955994
10.16	2.6050062502591516
10.17	2.279237987615202
10.18	1.6619816324503747
10.19	0.7700138123241043
10.2	1.3962846059505984
10.21	0.4748764612857608
10.22	0.7170554514718316
10.23	1.5889426067777008
10.24	0.42827237392879147
10.25	-0.10659054538890378
10.26	1.2666616046180066
10.27	0.6405842908731018
10.28	0.1609329510327709
10.29	0.6559111378328298
10.3	0.8566733776744888
10.31	0.9813517408502086
10.32	0.19477873659410716
10.33	1.1377653201917726
10.34	-0.3329687774170803
10.35	1.3683509830014198
10.36	1.6635996426739437
10.37	1.8470056612354981
10.38	1.4044457108596766
10.39	2.850776641025925
10.4	2.5503643083345344
10.41	2.2854727260374528
10.42	3.1236569813058725
10.43	3.1965684571532944
10.44	2.1895027098109
10.45	3.69329343887227
10.46	4.354826209618872
10.47	3.7449111614200365
10.48	5.8237362115365485
10.49	5.140827390395217
10.5	5.800821789405287
10.51	6.13585258917121
10.52	5.618612365552705
10.53	6.573664327705838
10.54	6.732435851230438
10.55	7.1311098438405045
10.56	7.354991438357608
10.57	9.600026206825854
10.58	8.777370698165665
10.59	9.485311413555543
10.6	9.682291354858735
10.61	10.920538820681102
10.62	11.787236137682946
10.63	11.998265008029431
10.64	11.984357968591738
10.65	12.942722460344413
10.66	11.670044166877409
10.67	12.259124274078138
10.68	12.631994475125952
10.69	14.895994727863437
10.7	14.396986895759524
10.71	14.993674623004823
10.72	15.749736107127479
10.73	16.35017195632082
10.74	15.849546329451696
10.75	15.85508108050634
10.76	16.3544021183013
10.77	18.06931545889563
10.78	17.551808555572045
10.79	18.83185498497693
10.8	17.853485431838127
10.81	18.601597997292938
10.82	18.56744769010652
10.83	19.22726445212228
10.84	19.16681703037279
10.85	19.502120968401805
10.86	19.888984580810305
10.87	20.520463009169568
10.88	20.224728789112895
10.89	20.56342636312366
10.9	21.254115736551398
10.91	20.716182030102622
10.92	20.548822789121456
10.93	21.306455615320377
10.94	20.247083419554635
10.95	21.038569007369585
10.96	20.667230173379682
10.97	21.761929847976578
10.98	20.81430206746534
10.99	21.51046723194563
11.0	22.472998485029127
11.01	21.205587032276508
11.02	20.80634313427286
11.03	20.756393386560053
11.04	21.309918368293665
11.05	20.28689607163645
11.06	20.94787466498203
11.07	20.30294284219895
11.08	20.73774355364343
11.09	19.453259488724008
11.1	19.24560438466277
11.11	19.720483727369857
11.12	19.281390799365067
11.13	18.850511198206735
11.14	19.315056488924604
11.15	18.907788970917842
11.16	18.130457315223886
11.17	18.398834497327975
11.18	18.59987422505037
11.19	16.786728212970363
11.2	17.515643146213083
11.21	15.676544406821915
11.22	16.583436805485192
11.23	15.668908799418686
11.24	15.443401158382036
11.25	15.124419970378362
11.26	14.761729134019925
11.27	14.159741507367553
11.28	13.049306944411235
11.29	12.552680731549502
11.3	12.027450552921966
11.31	12.529008525318151
11.32	11.843994687759002
11.33	11.015980644051123
11.34	11.211960129665005
11.35	9.88168111213149
11.36	9.3670851462875
11.37	9.441786615173545
11.38	9.632392190741642
11.39	10.054770779357199
11.4	9.094354379395458
11.41	9.66670923070123
11.42	7.609641156918516
11.43	7.14697882614531
11.44	6.707357058085283
11.45	6.689589018820133
11.46	6.312822450265326
11.47	6.205208609452639
11.48	6.246399395749192
11.49	5.494796705940212
11.5	4.718912748974607
11.51	5.4645624401675015
11.52	3.6476702604478755
11.53	3.3732821958590216
11.54	3.9576624568581975
11.55	4.334262103382848
11.56	4.125395345601006
11.57	3.2069050244582242
11.58	3.2048790290579117
11.59	2.8107077159557208
11.6	3.4851948644727457
11.61	3.619496429823534
11.62	2.61549888878365
11.63	1.8021092122015945
11.64	2.3503415560178342
11.65	1.6557770086569363
11.66	2.374259221980505
11.67	1.4726652332585628
11.68	1.8622015370291949
11.69	1.5244388569132292
11.7	2.3378425018777023
11.71	0.628753233322519
11.72	1.811706072789699
11.73	1.2128966440079005
11.74	1.2795087132619742
11.75	1.32512446709351
11.76	1.5455124583697581
11.77	1.5014097692469566
11.78	1.7141562328006086
11.79	2.5036647962037066
11.8	2.471989106118237
11.81	1.562609206042158
11.82	2.197874719108515
11.83	1.6472578728462959
11.84	2.531736147916284
11.85	2.3486050293674383
11.86	3.451397248132062
11.87	3.1478483367473324
11.88	3.756236569417953
11.89	3.8908243359863453
11.9	3.558341874866536
11.91	3.825261098874315
11.92	4.129756618195374
11.93	4.509486205296438
11.94	4.6483839251867005
11.95	4.681714970579046
11.96	5.91613797823444
11.97	6.2354645882932065
11.98	5.662692322806613
11.99	6.385658920347285
12.0	6.3769846235869245
12.01	6.255726822737661
12.02	6.953539636881172
12.03	8.313659964031174
12.04	7.729233512694664
12.05	8.942103561983485
12.06	9.369822325736447
12.07	9.243778785100185
12.08	8.775040092851997
12.09	9.449706117340758
12.1	9.846177704573927
12.11	9.911277287951775
12.12	10.80746005101396
12.13	10.989807083776519
12.14	12.0742987706468
12.15	11.507465351566402
12.16	12.495251964433631
12.17	13.439807170245587
12.18	12.32628482438508
12.19	12.561672146552464
12.2	13.279621865292418
12.21	12.710975769721506
12.22	13.684311032554566
12.23	13.09539713113187
12.24	14.075078822751289
12.25	14.517251951370447
12.26	15.062335989077036
12.27	14.602602896850314
12.28	15.794897627157594
12.29	16.154787655615575
12.3	16.28331598316597
12.31	15.902305535899462
12.32	16.85802637478981
12.33	16.69680608062671
12.34	16.66303483229003
12.35	18.061702632857607
12.36	17.718398695084975
12.37	16.960605537776583
12.38	16.52205548063037
12.39	16.83980334751189
12.4	17.500488849855135
12.41	17.01750622054029
12.42	17.73736553237363
12.43	17.401022333474028
12.44	17.7274530557318
12.45	18.140115474769697
12.46	18.15938677264391
12.47	17.512355463852433
12.48	17.93011767897121
12.49	16.341028876280504
12.5	17.409539319905726
12.51	17.247502287236316
12.52	17.029249867665254
12.53	17.490380089916894
12.54	16.659672469648154
12.55	16.673845635944637
12.56	15.851908473162517
12.57	16.27364185065814
12.58	15.612694513926993
12.59	16.020032393518417
12.6	15.323736496598222
12.61	15.241524482837473
12.62	14.225992256526373
12.63	13.675085252418944
12.64	12.222317726758542
12.65	12.82784338572706
12.66	12.97500835496162
12.67	12.323138659704918
12.68	11.745622093443847
12.69	11.21242861346901
12.7	11.282438169075728
12.71	11.294728099885486
12.72	10.017086517213697
12.73	9.567971364535675
12.74	9.217686350125872
12.75	10.155400292348638
12.76	8.680841256187351
12.77	9.064237264098043
12.78	7.611444042463757
12.79	7.102558939204367
12.8	5.613532428595431
12.81	7.408649020826051
12.82	6.049361715609949
12.83	6.474431633103688
12.84	5.747704886878593
12.85	6.388702448449
12.86	5.157728102142962
12.87	5.151389875131806
12.88	4.9955430972517085
12.89	4.059281350793499
12.9	4.395628773301344
12.91	2.657199973635488
12.92	4.145357645937478
12.93	2.5804396504559692
12.94	2.9498071424126104
12.95	2.8121289557234
12.96	2.398642658950783
12.97	2.2736563779400982
12.98	2.4974849162712864
12.99	2.5221097114133455
13.0	2.0125098172555536
13.01	2.1545811303302207
13.02	2.9072027069395396
13.03	1.4187416486397852
13.04	1.4137631602549547
13.05	0.8830559147305991
13.06	-0.07617214206305523
13.07	1.2767657830524837
13.08	1.8199064960163047
13.09	0.6712132422703828
13.1	1.3635635189154718
13.11	0.5903386309415847
13.12	0.6863695619806012
13.13	0.5252964278370692
13.14	1.1435756491222688
13.15	2.234828187542325
13.16	0.8034409121293138
13.17	0.8853166709214493
13.18	1.716883456064013
13.19	0.8778394329596656
13.2	2.1368930438051614
13.21	1.9779604984059325
13.22	1.0747118320051134
13.23	2.6927079106236027
13.24	2.222654150190945
13.25	3.428184849073321
13.26	2.5593064865398683
13.27	2.8421989676061985
13.28	4.475952517726052
13.29	3.9570796989528128
13.3	4.111348757126382
13.31	3.1941739258188306
13.32	4.170243728996311
13.33	5.195108380958776
13.34	5.102211073467471
13.35	5.739253510910889
13.36	5.793354180397997
13.37	5.927577752346696
13.38	6.56712279741409
13.39	6.455136359030402
13.4	6.960906545222404
13.41	7.602931720208994
13.42	8.464696421558
13.43	7.971170772564091
13.44	9.048497491423298
13.45	9.68950554040896
13.46	9.247463708819092
13.47	9.52004522401984
13.48	9.83227817113794
13.49	10.939871389591433
13.5	10.949834741918584
13.51	11.467096946825095
13.52	13.348524826895384
13.53	13.12269630526616
13.54	13.292201776665319
13.55	14.618212894599244
13.56	15.524289265287598
13.57	14.543394363660973
13.58	14.616614482385346
13.59	15.539618996474909
13.6	15.859566923227803
13.61	16.246498278481624
13.62	16.68848965954717
13.63	16.93376524895565
13.64	19.089072171764762
13.65	18.74703810339572
13.66	19.751862607173802
13.67	19.701678425316633
13.68	20.841938778464353
13.69	19.38535577239222
13.7	19.34489355349125
13.71	20.92273769945623
13.72	20.628890705917232
13.73	22.21308608053384
13.74	20.459645851655026
13.75	20.66966053937657
13.76	20.846482928229587
13.77	22.19173123552575
13.78	21.52143786113463
13.79	21.961628752888156
13.8	22.147153884773026
13.81	20.778712238052496
13.82	21.431317203245186
13.83	20.585982768608016
13.84	21.831131984751806
13.85	21.391507284824108
13.86	20.607705919105246
13.87	21.613823181077976
13.88	19.135682238190107
13.89	19.98852020485545
13.9	19.774010286448554
13.91	18.764038783756973
13.92	19.101973257479457
13.93	18.509895413621663
13.94	17.883564591235515
13.95	17.28535007628184
13.96	17.29574152342789
13.97	16.625721064197407
13.98	15.51584840388137
13.99	16.06815389478753
14.0	15.07671129726642
14.01	14.613470018868053
14.02	14.082508909877042
14.03	14.302740899141895
14.04	13.700296123424504
14.05	12.673067893602953
14.06	12.120138434323374
14.07	11.043458301992901
14.08	10.75470723483888
14.09	10.075653128178606
14.1	9.211969361652722
14.11	9.847661687198817
14.12	9.050957473991042
14.13	7.994620740128479
14.14	8.176575381325625
14.15	7.121778013730026
14.16	7.3547566136576465
14.17	6.307464357817672
14.18	6.24934393179193
14.19	5.67626469429871
14.2	5.32604243641644
14.21	4.116773354421315
14.22	4.979631629909243
14.23	3.404733143856444
14.24	3.020616478327585
14.25	2.9819402395823675
14.26	2.8606835302714084
14.27	2.253347301233425
14.28	2.3708015525371766
14.29	2.728906023999068
14.3	2.864973796782835
14.31	2.5631839890296884
14.32	1.3282673159441418
14.33	1.4253981508651767
14.34	1.9537710284282492
14.35	1.420016881900697
14.36	2.2258140161157636
14.37	0.7295893164866798
14.38	0.9398869078049719
14.39	0.5127714306056003
14.4	1.122111286611501
14.41	0.4773403860137958
14.42	1.0797671493926855
14.43	2.498777795895509
14.44	1.478833942242213
14.45	0.6738507363747953
14.46	0.7977274066918483
14.47	1.88966369103854
14.48	1.3943500607495158
14.49	1.1192498232561574
14.5	2.497805518899872
14.51	1.8645552336561797
14.52	2.1260603584049926
14.53	2.7977082645630045
14.54	2.099596316288633
14.55	3.1669110421946343
14.56	2.6292358700774145
14.57	2.646148528740247
14.58	2.712733103845058
14.59	3.4075189660184497
14.6	4.407882579402702
14.61	4.555874025340944
14.62	3.841791694273646
14.63	4.821924679277813
14.64	5.108898135617183
14.65	4.87430058191167
14.66	5.12979795064658
14.67	5.7973989594738
14.68	6.418498768351067
14.69	5.893523734593455
14.7	6.539328239765854
14.71	5.996879921359747
14.72	6.439622900134635
14.73	8.025931218863919
14.74	7.451061661302814
14.75	8.308924431380886
14.76	8.808827881599774
14.77	8.93240426864719
14.78	8.154060766922667
14.79	10.035678712013977
14.8	9.794677421044282
14.81	10.0263318630793
14.82	10.994520345312527
14.83	10.960294123516336
14.84	10.993982698187377
14.85	12.11319413836929
14.86	12.49901852542418
14.87	12.820536329953283
14.88	12.347539157294696
14.89	12.951392088351659
14.9	13.58824375574701
14.91	13.707286821223938
14.92	14.017681636102779
14.93	14.6030694987868
14.94	14.810000836846896
14.95	14.862241561361438
14.96	15.395770254945388
14.97	16.692062852265344
14.98	16.21752733607988
14.99	16.002002945075564
15.0	16.880748621273195
15.01	17.37941040226473
15.02	17.405755441385754
15.03	17.275613736432206
15.04	17.232219067944776
15.05	18.180378159868486
15.06	19.294485717073414
15.07	18.69253133493169
15.08	19.803732208371716
15.09	19.15320829575753
15.1	20.55279755927712
15.11	19.00935772863726
15.12	18.670699678194552
15.13	18.802575376218847
15.14	19.176421975527635
15.15	19.02326959589157
15.16	19.3793835036703
15.17	19.296457260014716
15.18	20.351854198364347
15.19	19.028842940658368
15.2	19.467260616146362
15.21	18.164085616500763
15.22	18.271678360270766
15.23	17.364676946022456
15.24	17.640344251644983
15.25	16.800218019266488
15.26	17.039019744156366
15.27	16.937360712381206
15.28	16.540879481417605
15.29	16.788814266452608
15.3	14.861198666130763
15.31	15.002457751340351
15.32	14.374647051528013
15.33	14.134941610622846
15.34	13.696450095417536
15.35	13.437456880689822
15.36	12.559886106958977
15.37	12.374365200361856
15.38	12.574065321155691
15.39	10.822518094465465
15.4	10.917155079854256
15.41	10.403799713392466
15.42	9.74445626468889
15.43	10.04243810875363
15.44	9.038154718046856
15.45	9.04203099736875
15.46	7.9263084472359395
15.47	7.779504893466522
15.48	6.9623629973962196
15.49	7.168160123829075
15.5	6.362899419612315
15.51	5.688445291095112
15.52	5.6500487314323005
15.53	6.065663745339889
15.54	4.969991201262841
15.55	4.197460488761415
15.56	3.855388014963575
15.57	2.4624663010726566
15.58	4.099984520498784
15.59	2.554030665074288
15.6	3.2202604865851314
15.61	1.835655159977446
15.62	1.5627262790723004
15.63	2.601666688379207
15.64	1.5089666369338575
15.65	1.570198951684607
15.66	1.1946059203893644
15.67	2.303758631050015
15.68	0.7138920947997756
15.69	0.4310340010705763
15.7	0.3956501330573122
15.71	-1.0022590182943372
15.72	-0.7038061738232639
15.73	-0.2288400975393348
15.74	0.16784607627073125
15.75	0.9293171630757924
15.76	-0.44455719702563723
15.77	0.6201767856092126
15.78	0.34791176688037695
15.79	0.2787545684317651
15.8	-0.6158823576000184
15.81	0.1687936110006678
15.82	0.5393435964560569
15.83	0.31216149174157953
15.84	0.5212983272965607
15.85	0.5774520752022342
15.86	0.1799789071362537
15.87	0.8762487088637011
15.88	0.013947197578220605
15.89	1.069874794985771
15.9	1.2761710324171818
15.91	2.1223516591205582
15.92	1.8424470615784967
15.93	2.6468818190830996
15.94	2.457810703326317
15.95	2.5285214143662325
15.96	3.9041927291091545
15.97	3.8266142013923363
15.98	3.6473038245399305
15.99	2.582465352424171
16.0	3.1156487749882715
16.01	3.628494680393082
16.02	5.020462507393371
16.03	4.698500614730962
16.04	5.567017685280294
16.05	5.133698863766093
16.06	6.4375935628604415
16.07	6.440616723019379
16.08	5.892706879287824
16.09	6.75398954213091
16.1	7.909359408419367
16.11	8.074312856473888
16.12	7.889992253510067
16.13	8.187782113671659
16.14	8.961638972517493
16.15	10.869220319771237
16.16	10.10516827411666
16.17	11.89713502570327
16.18	10.485704029040924
16.19	12.251703395791365
16.2	11.560803798844661
16.21	11.948499514647095
16.22	12.292934110194143
16.23	13.561118998322502
16.24	13.177110092945469
16.25	13.959060575348456
16.26	14.643990061454351
16.27	15.175713458807843
16.28	13.96939775916136
16.29	14.86202217306375
16.3	14.954469066452893
16.31	15.994062389508995
16.32	16.331159597648632
16.33	16.10342735011828
16.34	15.655125622719288
16.35	14.886650894002186
16.36	16.959322682002725
16.37	18.060646993176707
16.38	16.798870407319843
16.39	16.773036081185246
16.4	17.902142688261804
16.41	17.706620694780316
16.42	18.429972153016728
16.43	17.451828385624104
16.44	17.9207037330691
16.45	18.011806676640543
16.46	17.835089724721495
16.47	17.71995015754543
16.48	18.27503983559147
16.49	18.4322563354265
16.5	17.850822752397885
16.51	17.45915815551954
16.52	18.550032725091267
16.53	17.72991830945814
16.54	18.331711090393444
16.55	17.677614183264012
16.56	16.810850979466277
16.57	17.28230819583055
16.58	17.56215512423653
16.59	17.120524814871384
16.6	17.13529686126037
16.61	17.070406057407386
16.62	16.40146483450076
16.63	15.95575610556398
16.64	16.408034657466565
16.65	15.380140309723675
16.66	15.954597544896368
16.67	15.240432291197786
16.68	16.090097154620082
16.69	15.865621391678985
16.7	15.05101861269846
16.71	13.445402469396806
16.72	12.557871871883897
16.73	12.44916261567191
16.74	13.193284288092343
16.75	12.85225189336466
16.76	12.077680643718608
16.77	12.060597864543329
16.78	11.66910121320934
16.79	10.438974295844229
16.8	10.015913983641536
16.81	8.889409230823299
16.82	9.203467608733819
16.83	8.683620911497352
16.84	8.76969640876066
16.85	8.224166090008756
16.86	7.9785349569773
16.87	6.11757718554249
16.88	6.590864302942849
16.89	5.373118694475626
16.9	5.866271174993998
16.91	4.339758649497384
16.92	5.136734655397366
16.93	4.676408219978157
16.94	3.533985300547352
16.95	3.371725670894895
16.96	3.9547312149221527
16.97	4.242264900393682
16.98	3.6380583777139504
16.99	2.0896789000025096
17.0	3.394443324387294
17.01	2.172632114904781
17.02	2.2669109317174088
17.03	1.4368325165120794
17.04	2.6677452175779215
17.05	1.079374699512077
17.06	0.8411095494343677
17.07	0.3076801348250365
17.08	0.7941722352240244
17.09	0.6805973407194442
17.1	1.1464989655854503
17.11	-0.44175448677064866
17.12	0.7434542113900438
17.13	1.3226725503071637
17.14	0.6643934942002634
17.15	-0.0052296811849560365
17.16	0.767990001938883
17.17	0.16731286473340923
17.18	0.754422427430443
17.19	0.7983548081952049
17.2	1.819194604362675
17.21	0.8177387464847878
17.22	0.8839401600613404
17.23	0.4628540669512914
17.24	1.4405321757700376
17.25	0.9580872911489186
17.26	0.5730971594308378
17.27	2.0124077705508245
17.28	0.719065127023254
17.29	2.1665419978847176
17.3	1.3498792899856262
17.31	2.7048750826638353
17.32	2.475402175580468
17.33	3.2055673667892703
17.34	3.434450095862802
17.35	3.966282083177765
17.36	2.8937276484026992
17.37	3.7517216478537847
17.38	3.3633313001240177
17.39	5.07742644453989
17.4	4.6907766690496615
17.41	4.996269470675864
17.42	5.70397123518157
17.43	5.449183168535455
17.44	5.4892728862106255
17.45	5.3384313319333385
17.46	7.520257940762005
17.47	6.900085677271888
17.48	7.961553147782111
17.49	8.65440924657145
17.5	8.381756677588566
17.51	8.955996011534186
17.52	9.774434487884411
17.53	9.677620399457576
17.54	9.449935926837343
17.55	10.828093243614392
17.56	10.815661051032889
17.57	12.319425006707718
17.58	13.074577248485271
17.59	12.261293692032789
17.6	12.852982537707382
17.61	13.631567525868828
17.62	12.431287740112616
17.63	13.850601825059075
17.64	14.603804342063556
17.65	14.782189459431295
17.66	14.398684179005054
17.67	15.791350021450652
17.68	15.229874900604518
17.69	16.204948860065663
17.7	16.253403535576748
17.71	16.524072221540642
17.72	15.549701241781628
17.73	15.699312285054434
17.74	17.02851698758328
17.75	17.841356959355505
17.76	18.47030806550812
17.77	16.081557554954518
17.78	15.956407044802347
17.79	17.804566383733857
17.8	16.496741431150323
17.81	17.302740766293322
17.82	17.0435795334046
17.83	16.800055662980782
17.84	17.14499066230506
17.85	16.33435186543973
17.86	15.940794619438886
17.87	16.495118298096724
17.88	15.831808147102146
17.89	16.399238761794237
17.9	15.223844784699319
17.91	15.313355421384035
17.92	14.59683908355883
17.93	14.949811594333205
17.94	14.269184985240685
17.95	13.178720965083894
17.96	13.792344562919013
17.97	13.500539803736581
17.98	12.639020275809576
17.99	12.652389027633188
18.0	12.78751522870611
18.01	12.06973025306778
18.02	11.07333806140753
18.03	9.854631314234735
18.04	9.877339361819285
18.05	9.96623952274514
18.06	9.10909449705688
18.07	10.59522249916547
18.08	7.918170136176786
18.09	8.255711978984257
18.1	7.9865225198652805
18.11	8.102239580583326
18.12	6.029317251940665
18.13	7.5400212111441265
18.14	6.550290010641195
18.15	6.048039277241832
18.16	5.4766125207596374
18.17	5.825251430601473
18.18	5.012529725141191
18.19	3.6667372195608428
18.2	4.541868932237367
18.21	3.811919213741264
18.22	4.004657027333919
18.23	4.079892950585719
18.24	2.7377051697228216
18.25	1.6028622714086558
18.26	3.201741274954046
18.27	3.4612701772173953
18.28	2.1495625288893523
18.29	3.8689101697715875
18.3	1.4710111373999453
18.31	1.8651393008767698
18.32	2.322255545732702
18.33	2.3846763295315156
18.34	1.6532717034823372
18.35	1.7095348659971346
18.36	2.135134197179875
18.37	1.4580207244335737
18.38	0.8706968187587776
18.39	1.9488600933178255
18.4	0.4755966322955454
18.41	1.7768077230641353
18.42	2.142887068035578
18.43	1.8578292320314154
18.44	1.7787463429185484
18.45	2.1946830272321156
18.46	2.0436782261596886
18.47	1.9272475371454112
18.48	2.3363122930371776
18.49	2.7529591900858823
18.5	3.5381397927315477
18.51	3.026395136913251
18.52	2.8240416983493395
18.53	3.1778607526141345
18.54	2.9866903923647072
18.55	2.460012575049591
18.56	3.149632810414436
18.57	4.887286299280482
18.58	4.984307581979123
18.59	5.703127802125213
18.6	5.24260076027928
18.61	5.583559603884524
18.62	5.202827348774166
18.63	5.602028041009116
18.64	7.675357891357432
18.65	6.8653961766530855
18.66	6.621291698101284
18.67	8.482607684761673
18.68	8.145847281877673
18.69	9.64601745891738
18.7	8.680211258549361
18.71	9.348924686060423
18.72	9.110335080501702
18.73	10.668419171669358
18.74	10.184145024472294
18.75	11.883540709731001
18.76	11.228163860961823
18.77	12.699525495313775
18.78	12.955126928800066
18.79	13.25214464447994
18.8	13.26602363023632
18.81	13.568094615593203
18.82	13.799377713304182
18.83	14.377938488401966
18.84	14.611783279772538
18.85	14.785780994027638
18.86	14.476057203037849
18.87	14.773428022598194
18.88	15.030439120618128
18.89	14.632295343496295
18.9	15.490041345023977
18.91	15.15759083989478
18.92	16.15077901728565
18.93	15.758802399711232
18.94	15.383727625619013
18.95	15.739387674878824
18.96	15.137143646415579
18.97	15.600501584938552
18.98	15.085878068980309
18.99	15.34867470059056
19.0	13.819583974770358
19.01	14.797245541824449
19.02	15.552323299837104
19.03	14.986897063411444
19.04	14.43855473023822
19.05	14.281309565993688
19.06	13.059116289760677
19.07	12.566071434739154
19.08	12.540544508255165
19.09	12.331929583923513
19.1	12.848065314364101
19.11	12.110686716485517
19.12	11.717737244759677
19.13	10.561294266675661
19.14	10.664023705772715
19.15	10.452997703612905
19.16	9.980369600685936
19.17	9.613455834596264
19.18	9.757020988137848
19.19	9.025395888530511
19.2	9.094359400790857
19.21	7.529189214189061
19.22	7.333333063490663
19.23	7.168929513594312
19.24	6.440882489189032
19.25	6.631125951508197
19.26	6.668121836102492
19.27	5.595387030253153
19.28	4.703907455284334
19.29	5.601877744781092
19.3	5.841526380509908
19.31	4.448584009041916
19.32	4.278836127287248
19.33	4.313669412165273
19.34	3.3663279123521956
19.35	3.6233528672009534
19.36	2.920961413805557
19.37	3.3042813230010166
19.38	2.488494735130917
19.39	2.2243287050217013
19.4	2.279031500686296
19.41	1.2884330030904647
19.42	2.2310209894623445
19.43	1.9210647508257637
19.44	0.8679281745680908
19.45	0.19712208196279302
19.46	1.421935720987489
19.47	1.0673366837643312
19.48	0.8333996790780377
19.49	0.2583922375035337
19.5	0.4615227531669414
19.51	0.7266185378453069
19.52	0.1295063764391644
19.53	1.3289635293373878
19.54	1.8281128728451717
19.55	0.886464971016973
19.56	0.8820040900741688
19.57	1.8063160498384052
19.58	0.8198220444504608
19.59	1.5687366800229325
19.6	2.373451284177986
19.61	3.3448222048683984
19.62	2.7152826895485984
19.63	2.484754753955355
19.64	2.7973606879890696
19.65	2.958499441424086
19.66	4.9966017713456345
19.67	4.088268086714109
19.68	4.4417124448803245
19.69	4.296917144558079
19.7	5.691016379627176
19.71	5.2111476650658215
19.72	4.767452040731017
19.73	5.860738604180483
19.74	6.143062367393582
19.75	6.795016817406472
19.76	6.898390472639921
19.77	7.822854347111691
19.78	7.7875421916417755
19.79	8.048683760992363
19.8	9.236695596583855
19.81	9.430997018429792
19.82	9.25496704013937
19.83	10.137584795675048
19.84	9.837560142391004
19.85	11.229378853135767
19.86	10.623131279004623
19.87	11.938605175287949
19.88	12.060660450887823
19.89	12.521084822567285
19.9	12.475554550040826
19.91	12.419768300440012
19.92	13.131259083228922
19.93	13.353921336503664
19.94	13.63374987553531
19.95	13.926509907517692
19.96	14.040741723911902
19.97	14.38611385793357
19.98	14.747210418342735
19.99	15.249350070363768
20.0	15.231046164330095
