1.968503937	-96.13401546456338
1.970472441	-79.38062200885297
1.972440945	-73.51042442281812
1.974409449	-83.89983560264547
1.976377953	-107.97599286818097
1.978346457	-111.75976492814237
1.980314961	-91.05521816492539
1.982283465	-73.75125277801806
1.984251969	-76.31098140276225
1.986220472	-85.52158433256633
1.988188976	-90.39252161586124
1.99015748	-73.3969779633626
1.992125984	-52.453846345193355
1.994094488	-51.848366968957826
1.996062992	-65.77931180037058
1.998031496	-79.50922969746097
2.0	-76.44972818066915
2.001968504	-62.14770950535194
2.003937008	-61.85824084555956
2.005905512	-74.17800720088952
2.007874016	-88.80981885766184
2.00984252	-93.01315203563826
2.011811024	-77.55870136693446
2.013779528	-66.56183836868037
2.015748031	-61.769520238881285
2.017716535	-71.19455475464025
2.019685039	-73.10102981837555
2.021653543	-76.15121778509278
2.023622047	-81.28126921733417
2.025590551	-99.0992319714691
2.027559055	-111.18798299456425
2.029527559	-103.73710220436014
2.031496063	-79.65261168897254
2.033464567	-78.19257255730643
2.035433071	-96.12312140380477
2.037401575	-115.92707649353203
2.039370079	-116.4490215669361
2.041338583	-94.68038787237327
2.043307087	-73.83600209835596
2.045275591	-74.15922954146485
2.047244094	-97.63747012548782
2.049212598	-111.92328462191865
2.051181102	-103.31375861001507
2.053149606	-84.81593634615822
2.05511811	-79.04637012185921
2.057086614	-89.25979698282919
2.059055118	-102.63436526874266
2.061023622	-106.22463321422063
2.062992126	-100.43460154785713
2.06496063	-96.05501081943187
2.066929134	-95.96658045047343
2.068897638	-96.87847510944326
2.070866142	-97.40399026989411
2.072834646	-95.58243484489431
2.07480315	-106.47693559869919
2.076771654	-115.19894387424301
2.078740157	-98.7243735910123
2.080708661	-73.86930487789934
2.082677165	-65.91450097881926
2.084645669	-78.63067167325156
2.086614173	-104.07837110893583
2.088582677	-111.91021045381342
2.090551181	-91.9430337964773
2.092519685	-74.40312709903024
2.094488189	-86.4804690721295
2.096456693	-121.42129117749253
2.098425197	-147.92172568700573
2.100393701	-144.71189382616103
2.102362205	-123.3458625436048
2.104330709	-110.42922036390452
2.106299213	-116.03042674739814
2.108267717	-119.52503373421402
2.11023622	-103.98186602917848
2.112204724	-90.10221488170447
2.114173228	-85.13659313306486
2.116141732	-94.64238209778219
2.118110236	-110.28502371297733
2.12007874	-117.22451809321467
2.122047244	-115.90357104171835
2.124015748	-111.37937671360586
2.125984252	-105.22211471950932
2.127952756	-102.56718367894408
2.12992126	-114.40088801441877
2.131889764	-128.17267263254405
2.133858268	-137.40837143532525
2.135826772	-125.22657436351855
2.137795276	-103.35674930313589
2.13976378	-93.12544990054398
2.141732283	-111.23452140684017
2.143700787	-133.94121031175226
2.145669291	-143.25711952697878
2.147637795	-125.47881985183729
2.149606299	-99.32341918282765
2.151574803	-89.93661481434046
2.153543307	-103.25148006285767
2.155511811	-118.94782702314139
2.157480315	-103.86500737375029
2.159448819	-74.08083381378533
2.161417323	-56.827945228463776
2.163385827	-63.10529726899639
2.165354331	-100.69007850423118
2.167322835	-125.80327144306267
2.169291339	-122.96394277662681
2.171259843	-102.32905435004429
2.173228346	-88.99528238857151
2.17519685	-105.20848033840039
2.177165354	-133.03479364882008
2.179133858	-152.16856726695153
2.181102362	-147.7184419468796
2.183070866	-128.0702855993468
2.18503937	-121.75502339774735
2.187007874	-130.61448221644756
2.188976378	-144.05098441630264
2.190944882	-132.10060281657738
2.192913386	-101.52524551632962
2.19488189	-78.31454417141532
2.196850394	-79.61444366952593
2.198818898	-97.13219251014304
2.200787402	-110.16851146259674
2.202755906	-110.26418994734176
2.204724409	-101.95848600636793
2.206692913	-110.30302679970467
2.208661417	-132.11686035036902
2.210629921	-154.66004782591932
2.212598425	-156.29486633712796
2.214566929	-140.09786469348433
2.216535433	-121.64705401011253
2.218503937	-127.55024463561415
2.220472441	-141.71038009037574
2.222440945	-150.17059501687208
2.224409449	-145.0219338864762
2.226377953	-129.15322221473352
2.228346457	-124.83260764269762
2.230314961	-131.6654010846841
2.232283465	-141.37907431508864
2.234251969	-134.69673228638715
2.236220472	-123.06152184468087
2.238188976	-106.50540931109208
2.24015748	-109.70521159078926
2.242125984	-117.36879392637701
2.244094488	-126.13819573169418
2.246062992	-123.41072594817103
2.248031496	-129.51035028534085
2.25	-135.76406550931816
2.251968504	-137.49793605415758
2.253937008	-133.31586638023828
2.255905512	-129.08879323807813
2.257874016	-129.65455807273995
2.25984252	-134.37026717544524
2.261811024	-134.5084586568568
2.263779528	-135.45573975664823
2.265748031	-136.2342546225103
2.267716535	-132.91888153154287
2.269685039	-132.20194516480865
2.271653543	-133.6247508389691
2.273622047	-149.8907285017882
2.275590551	-160.67019737927987
2.277559055	-152.77937318014506
2.279527559	-132.9838136695403
2.281496063	-117.40405865473218
2.283464567	-117.06823396470877
2.285433071	-135.94054600239474
2.287401575	-149.14280418888472
2.289370079	-131.93543912430474
2.291338583	-110.62678251326633
2.293307087	-103.34054689262605
2.295275591	-128.93793722028624
2.297244094	-150.75153835875602
2.299212598	-167.98482736429926
2.301181102	-165.05829758267126
2.303149606	-153.25079315953082
2.30511811	-143.0662119425264
2.307086614	-148.19724446653169
2.309055118	-153.56190878923692
2.311023622	-151.33955493848123
2.312992126	-138.69069471316732
2.31496063	-115.2447498554522
2.316929134	-103.34508061785598
2.318897638	-114.46976412074095
2.320866142	-139.02364167518095
2.322834646	-147.31655894014608
2.32480315	-147.37525320085606
2.326771654	-147.63303051041015
2.328740157	-161.75562122250173
2.330708661	-177.4415928981878
2.332677165	-171.472631584206
2.334645669	-145.87976460232042
2.336614173	-136.13534177214495
2.338582677	-155.97362773359066
2.340551181	-182.95864677677187
2.342519685	-168.837128313145
2.344488189	-138.58579637031457
2.346456693	-115.36750529918802
2.348425197	-137.9107124604259
2.350393701	-186.7443327328548
2.352362205	-208.67059999988481
2.354330709	-180.16792106568687
2.356299213	-142.18276758276753
2.358267717	-137.00493231551783
2.36023622	-175.6785848177383
2.362204724	-214.52411986347474
2.364173228	-216.13340860655194
2.366141732	-185.26074152805242
2.368110236	-164.20621326435983
2.37007874	-166.3786304514815
2.372047244	-190.11780448750747
2.374015748	-206.21173452486616
2.375984252	-212.01922064910696
2.377952756	-216.4699553465166
2.37992126	-221.23748759983036
2.381889764	-209.14309504235607
2.383858268	-190.3411419020958
2.385826772	-175.64347133887497
2.387795276	-180.71357791235735
2.38976378	-200.19833861081767
2.391732283	-204.03116810460867
2.393700787	-192.60289037892247
2.395669291	-178.44846718929074
2.397637795	-180.5869890916137
2.399606299	-188.98517235587912
2.401574803	-185.1596044277384
2.403543307	-165.59645665337968
2.405511811	-143.20459874282335
2.407480315	-135.28336098064858
2.409448819	-139.45602996890966
2.411417323	-138.20668423195045
2.413385827	-124.04449385067875
2.415354331	-103.75686874432743
2.417322835	-90.00884603840723
2.419291339	-96.3482750017667
2.421259843	-124.70455346895814
2.423228346	-154.5669741753601
2.42519685	-151.92435310624379
2.427165354	-113.87378070833697
2.429133858	-80.95212160494755
2.431102362	-76.37113744878906
2.433070866	-107.67167444750683
2.43503937	-136.49776685690438
2.437007874	-127.23652968987916
2.438976378	-87.19161858611348
2.440944882	-67.16367011319328
2.442913386	-90.80924001328606
2.44488189	-139.43246061150774
2.446850394	-173.2930958584662
2.448818898	-169.49840209043893
2.450787402	-143.32742494387958
2.452755906	-125.23766798474114
2.454724409	-128.06776715207468
2.456692913	-137.9896028875969
2.458661417	-141.7227962104436
2.460629921	-131.969466472971
2.462598425	-111.48132863239412
2.464566929	-101.92794006539131
2.466535433	-118.54290007873034
2.468503937	-156.6493891901308
2.470472441	-192.78306965517174
2.472440945	-216.45427935752048
2.474409449	-249.43097885380365
2.476377953	-315.0862788005054
2.478346457	-404.1458357790002
2.480314961	-483.7458654819462
2.482283465	-524.1206149239694
2.484251969	-542.5124255327139
2.486220472	-578.8363044590548
2.488188976	-634.8925025549887
2.49015748	-672.8289890808355
2.492125984	-664.3462626007006
2.494094488	-609.1430188637348
2.496062992	-544.3332869543445
2.498031496	-509.8355275831293
2.5	-468.06070651909715
2.501968504	-402.0926129294744
2.503937008	-304.94503108458474
2.505905512	-204.35364821647778
2.507874016	-126.21470432801829
2.50984252	-76.70417594871336
2.511811024	-48.5261210849036
2.513779528	-25.25359640863732
2.515748031	-11.893937359779605
2.517716535	-10.168896483056386
2.519685039	-21.008647471715367
2.521653543	-40.13005084331017
2.523622047	-59.24288884170092
2.525590551	-76.33118660158254
2.527559055	-75.43495259083406
2.529527559	-63.714498229146734
2.531496063	-59.73557769630526
2.533464567	-64.25976998219384
2.535433071	-68.9208678964417
2.537401575	-62.07634482542392
2.539370079	-39.20845755265492
2.541338583	-22.471593391693983
2.543307087	-32.22070557232531
2.545275591	-58.19366224370454
2.547244094	-69.04230807538168
2.549212598	-48.495256429577445
2.551181102	-19.778148004626882
2.553149606	-15.182968495294778
2.55511811	-39.972351977227866
2.557086614	-60.60752525572413
2.559055118	-55.32676616154216
2.561023622	-25.71452532160915
2.562992126	-10.377353806588758
2.56496063	-21.16437663709027
2.566929134	-53.72005231310784
2.568897638	-78.08451813449399
2.570866142	-74.84015579620686
2.572834646	-58.87319672089508
2.57480315	-57.64124298623375
2.576771654	-75.81806497430783
2.578740157	-87.11028625709775
2.580708661	-74.89283180083038
2.582677165	-49.267763355528096
2.584645669	-31.162531356317416
2.586614173	-35.81331645428246
2.588582677	-57.350100975035
2.590551181	-68.0045965657631
2.592519685	-65.80988419526048
2.594488189	-57.07516965528104
2.596456693	-56.78989326441358
2.598425197	-66.04387620452724
2.600393701	-81.99503100326697
2.602362205	-92.4896897864377
2.604330709	-101.17342406347377
2.606299213	-104.07576480910492
2.608267717	-100.4663444354473
2.61023622	-96.8329627879502
2.612204724	-104.77116616345883
2.614173228	-107.2831989760247
2.616141732	-97.56154251802651
2.618110236	-80.84648671579171
2.62007874	-72.36772090238188
2.622047244	-90.07065605882642
2.624015748	-128.44127153199503
2.625984252	-141.4539956888815
2.627952756	-116.50904484337362
2.62992126	-80.87104631049152
2.631889764	-72.27563473916942
2.633858268	-109.09110964779536
2.635826772	-154.4881700495748
2.637795276	-172.73388808040949
2.63976378	-153.43122286424517
2.641732283	-112.11332821137077
2.643700787	-99.82265286646054
2.645669291	-114.95170199243678
2.647637795	-145.86537383271138
2.649606299	-170.91765488117292
2.651574803	-174.6986014251243
2.653543307	-156.12755129536643
2.655511811	-131.66757731548674
2.657480315	-117.84826143784414
2.659448819	-131.88423735093514
2.661417323	-154.13268725256137
2.663385827	-168.7236878617726
2.665354331	-168.41382306968
2.667322835	-156.2152537409057
2.669291339	-147.83076085059466
2.671259843	-145.74649281643968
2.673228346	-159.5009236016988
2.67519685	-173.34421382371465
2.677165354	-177.1577655954375
2.679133858	-182.3881887856087
2.681102362	-186.21990420752238
2.683070866	-201.2255738553331
2.68503937	-221.85791470482354
2.687007874	-229.272488074315
2.688976378	-218.64122481469676
2.690944882	-197.56263832205613
2.692913386	-181.02006440054654
2.69488189	-184.6496274919025
2.696850394	-202.52137932285893
2.698818898	-213.91560024322987
2.700787402	-199.9415287598403
2.702755906	-176.58199686169885
2.704724409	-171.8255948558264
2.706692913	-196.46262419197237
2.708661417	-236.11493172090607
2.710629921	-263.08355707281777
2.712598425	-264.44380905343695
2.714566929	-263.467704192956
2.716535433	-268.377932131119
2.718503937	-270.02429386659327
2.720472441	-252.550363101095
2.722440945	-231.89279692070923
2.724409449	-221.20001732605695
2.726377953	-232.01116896521341
2.728346457	-245.7792043194019
2.730314961	-244.45784204945033
2.732283465	-234.5142854195327
2.734251969	-225.22183017007475
2.736220472	-237.4965584497656
2.738188976	-255.06440253559802
2.74015748	-272.8833456469463
2.742125984	-276.9941435890621
2.744094488	-268.56752601203084
2.746062992	-262.9476167829883
2.748031496	-249.5783414318571
2.75	-242.62701168439295
2.751968504	-238.83870150381549
2.753937008	-241.33106718645575
2.755905512	-242.2886597545836
2.757874016	-239.79940006187795
2.75984252	-234.70625945315908
2.761811024	-231.5610009362356
2.763779528	-229.9295568118457
2.765748031	-229.48425132764675
2.767716535	-226.43418095726477
2.769685039	-214.28054661194545
2.771653543	-203.46476139144983
2.773622047	-195.51294914054628
2.775590551	-193.75612600365764
2.777559055	-196.1193799873056
2.779527559	-183.82602221968088
2.781496063	-155.42218610659316
2.783464567	-134.12058725211153
2.785433071	-134.20622760985634
2.787401575	-153.19791716562048
2.789370079	-161.82757564160013
2.791338583	-149.35807525745426
2.793307087	-111.60897994256092
2.795275591	-82.31614716261208
2.797244094	-81.61349097275956
2.799212598	-94.55054274365409
2.801181102	-105.64897275984441
2.803149606	-87.58563450263534
2.80511811	-59.5357196622179
2.807086614	-49.83031028052066
2.809055118	-67.59640966639552
2.811023622	-83.34450557469263
2.812992126	-78.5753558631963
2.81496063	-55.27573142219607
2.816929134	-41.6729140669603
2.818897638	-55.81047792760442
2.820866142	-88.86459188876896
2.822834646	-111.70657246325467
2.82480315	-100.04742691874662
2.826771654	-73.8032344288699
2.828740157	-59.064646455974994
2.830708661	-72.15132706650009
2.832677165	-95.02656646855341
2.834645669	-108.69107132396503
2.836614173	-95.83706121532933
2.838582677	-71.0792344610217
2.840551181	-55.983734156109975
2.842519685	-61.24362215634068
2.844488189	-74.79895872201705
2.846456693	-86.18095260696583
2.848425197	-89.7716325712904
2.850393701	-83.99160328666056
2.852362205	-81.80769727514854
2.854330709	-85.1417680163743
2.856299213	-79.59801312590268
2.858267717	-75.61457976679507
2.86023622	-71.76138853198786
2.862204724	-73.53745789472403
2.864173228	-77.28144171766593
2.866141732	-83.11329583974039
2.868110236	-91.97542587692843
2.87007874	-94.39932963304867
2.872047244	-97.87378850937385
2.874015748	-98.5573956747947
2.875984252	-97.29424040913202
2.877952756	-108.63309138053609
2.87992126	-129.12993138699468
2.881889764	-138.81483300081985
2.883858268	-127.64744212660572
2.885826772	-107.53297633679016
2.887795276	-86.91527347711063
2.88976378	-89.22541983513996
2.891732283	-97.83184953145516
2.893700787	-101.87695518618574
2.895669291	-101.34971669430747
2.897637795	-97.30155886067472
2.899606299	-101.98769154434764
2.901574803	-113.32593631745304
2.903543307	-128.07576109492453
2.905511811	-140.21148948807695
2.907480315	-136.23740958548595
2.909448819	-127.49674632538746
2.911417323	-115.77247335470568
2.913385827	-113.51564044228576
2.915354331	-121.88126424298157
2.917322835	-138.54949008095787
2.919291339	-142.5744686031786
2.921259843	-126.98200483389049
2.923228346	-103.19745190229519
2.92519685	-99.5356624058633
2.927165354	-119.54818583867886
2.929133858	-137.09486204330025
2.931102362	-135.41988799795138
2.933070866	-109.39036567448784
2.93503937	-88.12015889895763
2.937007874	-92.7970028223038
2.938976378	-101.03512039664679
2.940944882	-106.74684595281592
2.942913386	-107.22733844967526
2.94488189	-118.28892562797681
2.946850394	-133.76915005922493
2.948818898	-136.46985165199868
2.950787402	-114.34603521198167
2.952755906	-98.55615915342673
2.954724409	-106.30682006113308
2.956692913	-139.44843944184737
2.958661417	-154.30281104370408
2.960629921	-133.5276100329866
2.962598425	-103.64068787441089
2.964566929	-92.9829567547627
2.966535433	-106.16156658567552
2.968503937	-124.72391725615773
2.970472441	-124.11401997749498
2.972440945	-113.71625563173043
2.974409449	-109.06477473109054
2.976377953	-110.9054902609367
2.978346457	-103.11541527570228
2.980314961	-85.14083587079243
2.982283465	-87.69607778339883
2.984251969	-113.32826342258426
2.986220472	-155.51365106351696
2.988188976	-162.62104026294193
2.99015748	-139.30984614496492
2.992125984	-113.94238436342572
2.994094488	-120.10585872119039
2.996062992	-147.9383575016271
2.998031496	-158.9193942517669
3.0	-136.52135488749994
3.001968504	-102.08327651285924
3.003937008	-86.96135988393486
3.005905512	-93.05910299799999
3.007874016	-109.59384984335901
3.00984252	-118.53595756047245
3.011811024	-121.28066074212666
3.013779528	-115.20086899002797
3.015748031	-119.96667958523682
3.017716535	-119.66311074148376
3.019685039	-118.54404766382238
3.021653543	-114.1632851282106
3.023622047	-117.87627297684574
3.025590551	-119.13075394465451
3.027559055	-122.78840749825623
3.029527559	-126.45193973701167
3.031496063	-121.71253067499644
3.033464567	-119.55812489191672
3.035433071	-118.34930747757127
3.037401575	-122.55418082338105
3.039370079	-121.87637891077723
3.041338583	-123.94939027368127
3.043307087	-116.05087676689459
3.045275591	-107.16444901576683
3.047244094	-109.91755361628883
3.049212598	-106.17529248165536
3.051181102	-104.85860215865675
3.053149606	-102.25112501837236
3.05511811	-107.33065020492073
3.057086614	-118.39016434509257
3.059055118	-134.88908192575974
3.061023622	-138.55553889417274
3.062992126	-125.31233153558256
3.06496063	-108.88702151714362
3.066929134	-117.31517213228406
3.068897638	-138.71577677671777
3.070866142	-141.44413323226544
3.072834646	-126.07014299328718
3.07480315	-106.2072696382896
3.076771654	-107.27742593646397
3.078740157	-130.1902253523125
3.080708661	-151.9420525079623
3.082677165	-157.75035561848833
3.084645669	-143.53721107857112
3.086614173	-131.2864749546136
3.088582677	-123.72031854887591
3.090551181	-115.5351159277426
3.092519685	-108.99646284367351
3.094488189	-111.95833004782044
3.096456693	-126.89661150147923
3.098425197	-136.95781669365854
3.100393701	-126.84129388048045
3.102362205	-108.73848577825143
3.104330709	-106.13843458856024
3.106299213	-138.81800516824902
3.108267717	-175.3652554949716
3.11023622	-184.48731811929207
3.112204724	-157.1518023278248
3.114173228	-122.6984467078046
3.116141732	-108.71529743950013
3.118110236	-121.30264355137598
3.12007874	-135.88108866383564
3.122047244	-132.09277033011537
3.124015748	-125.18376329892095
3.125984252	-131.7416554896722
3.127952756	-151.33058419017988
3.12992126	-173.14881731819492
3.131889764	-180.67154580408803
3.133858268	-185.98337949213206
3.135826772	-185.93434671992856
3.137795276	-196.77766683206585
3.13976378	-204.3080430627328
3.141732283	-198.31376973112387
3.143700787	-183.81150591722002
3.145669291	-157.27724857664313
3.147637795	-152.96679475798658
3.149606299	-168.09500047120264
3.151574803	-187.90027728827988
3.153543307	-195.0824820010526
3.155511811	-181.99177748929685
3.157480315	-158.43023717693492
3.159448819	-161.07641094914322
3.161417323	-179.48879553847297
3.163385827	-189.17590415511756
3.165354331	-168.94485087321365
3.167322835	-130.34584714644902
3.169291339	-119.13068887092662
3.171259843	-129.71616888075843
3.173228346	-145.96362035364666
3.17519685	-135.90583641069253
3.177165354	-107.57416003430713
3.179133858	-83.22802903270467
3.181102362	-86.15488049853423
3.183070866	-98.14096126801934
3.18503937	-103.75749576554743
3.187007874	-92.72776154877926
3.188976378	-74.45360113889447
3.190944882	-73.13369712909673
3.192913386	-85.82151053923317
3.19488189	-95.28131685098975
3.196850394	-97.25940865793561
3.198818898	-91.30876650451411
3.200787402	-103.47910416456709
3.202755906	-119.62219216017598
3.204724409	-133.09398690233851
3.206692913	-120.17666426434268
3.208661417	-97.08982415030518
3.210629921	-83.88552473496524
3.212598425	-102.15148996008345
3.214566929	-126.53398831780777
3.216535433	-128.79326056640747
3.218503937	-109.53436149740241
3.220472441	-91.18287338110189
3.222440945	-102.866887720328
3.224409449	-133.1099015210901
3.226377953	-151.18852410536138
3.228346457	-144.3888210052618
3.230314961	-128.67164538466406
3.232283465	-133.18015689761046
3.234251969	-167.83670469471681
3.236220472	-214.61886038049204
3.238188976	-254.2850908081501
3.24015748	-295.3236190439405
3.242125984	-341.4299249818884
3.244094488	-406.9827933331466
3.246062992	-477.55475170450467
3.248031496	-534.257545205462
3.25	-576.2996557587945
3.251968504	-594.9779877818147
3.253937008	-599.3582642642389
3.255905512	-592.6788446847285
3.257874016	-570.9104485673105
3.25984252	-523.4662498295846
3.261811024	-465.8857637668094
3.263779528	-388.3777577446427
3.265748031	-305.7751718794908
3.267716535	-230.44863317096102
3.269685039	-153.90448815984385
3.271653543	-96.34059439871314
3.273622047	-43.32048581887294
3.275590551	-11.757131129247119
3.277559055	-2.684308184567206
3.279527559	-1.3890851172658825
3.281496063	-11.114585773171159
3.283464567	-17.795510411600763
3.285433071	-41.049299496166185
3.287401575	-70.8918503427423
3.289370079	-94.02806129068003
3.291338583	-96.30067055013687
3.293307087	-72.23919673093398
3.295275591	-57.11562166025554
3.297244094	-70.91284161327242
3.299212598	-89.7241370626819
3.301181102	-85.06824668174774
3.303149606	-54.28621826956939
3.30511811	-20.426883144264878
3.307086614	-24.818413433220222
3.309055118	-52.19450776361789
3.311023622	-75.48416805705365
3.312992126	-71.72053275248341
3.31496063	-59.681463949444726
3.316929134	-55.507228688311585
3.318897638	-59.120806044866505
3.320866142	-56.433907255491235
3.322834646	-51.11253660848167
3.32480315	-60.243337681060375
3.326771654	-79.16181015384274
3.328740157	-97.81855854757937
3.330708661	-94.28747026490534
3.332677165	-77.11240660966006
3.334645669	-70.488361081892
3.336614173	-91.34434649893498
3.338582677	-111.92383385371569
3.340551181	-114.68735118465678
3.342519685	-98.03459049125827
3.344488189	-75.1560558945288
3.346456693	-62.18096162162655
3.348425197	-72.08601900009452
3.350393701	-89.39830009115836
3.352362205	-102.3345104840017
3.354330709	-106.7889623883448
3.356299213	-91.28592485454183
3.358267717	-74.97519468968686
3.36023622	-78.23292539402321
3.362204724	-105.22511597801164
3.364173228	-131.20078532388357
3.366141732	-137.80629052973157
3.368110236	-111.1210653180724
3.37007874	-86.83947834378503
3.372047244	-98.5073266425277
3.374015748	-124.76097707675102
3.375984252	-141.7883278217787
3.377952756	-129.53704806931253
3.37992126	-102.98150652662238
3.381889764	-100.40277162806734
3.383858268	-115.0975689237182
3.385826772	-140.18593704304058
3.387795276	-144.92041159215347
3.38976378	-134.46087381900193
3.391732283	-125.46866644862952
3.393700787	-127.25726591421257
3.395669291	-129.87237647861772
3.397637795	-131.92176792660376
3.399606299	-135.0231974399382
3.401574803	-147.02877267737372
3.403543307	-154.9073183574733
3.405511811	-158.37958010231196
3.407480315	-155.5565276798214
3.409448819	-159.2206202974782
3.411417323	-165.03574397187012
3.413385827	-170.421317752294
3.415354331	-162.02697769964027
3.417322835	-155.29482504847311
3.419291339	-166.8088164900097
3.421259843	-187.1172609686717
3.423228346	-191.65307647042516
3.42519685	-171.0151243923342
3.427165354	-158.91690108755716
3.429133858	-170.11891461551483
3.431102362	-206.8852877823586
3.433070866	-229.10141241069655
3.43503937	-212.8140449578134
3.437007874	-177.71967669547968
3.438976378	-166.89312985548094
3.440944882	-182.05341044595215
3.442913386	-210.86546530544322
3.44488189	-219.32831002222986
3.446850394	-213.7374500753165
3.448818898	-206.3028369979777
3.450787402	-206.90107634379254
3.452755906	-213.11003733953
3.454724409	-210.83450995777864
3.456692913	-213.53224065866823
3.458661417	-222.5997360185543
3.460629921	-242.3596171848022
3.462598425	-243.45192626420985
3.464566929	-231.01292479694516
3.466535433	-220.89735690677853
3.468503937	-228.29567210689942
3.470472441	-247.46947238096405
3.472440945	-258.27429454754014
3.474409449	-254.55891136931032
3.476377953	-241.10380862416866
3.478346457	-234.54737783545605
3.480314961	-241.74182017762786
3.482283465	-250.51604010633224
3.484251969	-255.7832119910578
3.486220472	-249.18755728062692
3.488188976	-243.0621591969971
3.49015748	-247.9838396061437
3.492125984	-253.70092992750693
3.494094488	-261.612837727867
3.496062992	-260.95746402463607
3.498031496	-255.20267557614596
3.5	-251.89323305658039
3.501968504	-256.7940252588582
3.503937008	-262.035501656706
3.505905512	-266.8405743311105
3.507874016	-273.59198408262785
3.50984252	-261.12743208306995
3.511811024	-248.40466107935396
3.513779528	-240.9278873168564
3.515748031	-239.9892936798255
3.517716535	-246.44778474116805
3.519685039	-246.70226387911987
3.521653543	-245.54334654098557
3.523622047	-233.11763491388862
3.525590551	-223.1002815229597
3.527559055	-224.68881024460578
3.529527559	-231.3762779548301
3.531496063	-229.9859053013534
3.533464567	-217.2359166147879
3.535433071	-198.60434813420136
3.537401575	-178.7201904693341
3.539370079	-167.23651593899507
3.541338583	-159.33757311966957
3.543307087	-154.8067111062863
3.545275591	-141.3087392597668
3.547244094	-126.42261580541356
3.549212598	-109.67532545352603
3.551181102	-111.67164179247386
3.553149606	-115.34619659233552
3.55511811	-112.12840264119805
3.557086614	-104.24574495056301
3.559055118	-97.77180982142787
3.561023622	-102.99633253679396
3.562992126	-100.48849470308943
3.56496063	-94.20809278337978
3.566929134	-76.8309531681472
3.568897638	-61.932327415108006
3.570866142	-57.504345320628026
3.572834646	-59.04513309631751
3.57480315	-59.90698126396572
3.576771654	-53.985411343846614
3.578740157	-45.86613550096905
3.580708661	-38.04702350401884
3.582677165	-42.455834473078895
3.584645669	-51.97873687142572
3.586614173	-60.06997348077695
3.588582677	-61.388880596940716
3.590551181	-46.35410225070892
3.592519685	-30.895377515475932
3.594488189	-25.42265800335774
3.596456693	-42.78926143345205
3.598425197	-68.27316013217956
3.600393701	-76.12188577276572
3.602362205	-64.78649697351905
3.604330709	-47.866455801452425
3.606299213	-57.038392306456856
3.608267717	-84.23049077375384
3.61023622	-109.17391986811063
3.612204724	-106.6452440258276
3.614173228	-86.12393537174367
3.616141732	-65.48327370651506
3.618110236	-61.56344291870185
3.62007874	-69.4405012419668
3.622047244	-77.63917782468253
3.624015748	-64.504073227478
3.625984252	-43.88141454673106
3.627952756	-42.31384858573233
3.62992126	-62.99201638635914
3.631889764	-80.23319202814429
3.633858268	-85.45268690940088
3.635826772	-76.78270509460192
3.637795276	-84.37716117328846
3.63976378	-101.18201507512536
3.641732283	-122.34070159081509
3.643700787	-122.70716432036046
3.645669291	-104.34523277894341
3.647637795	-84.70010244742684
3.649606299	-79.1632463367389
3.651574803	-96.02449333592122
3.653543307	-103.45228575789692
3.655511811	-92.84756162254651
3.657480315	-86.97897607310709
3.659448819	-91.2079792262438
3.661417323	-111.94234640400153
3.663385827	-125.49580868514504
3.665354331	-116.20432381946361
3.667322835	-99.4840215988701
3.669291339	-94.6436597239908
3.671259843	-114.67528160853121
3.673228346	-136.89029412367998
3.67519685	-132.95956487401386
3.677165354	-102.58876412200962
3.679133858	-77.71967176480342
3.681102362	-82.89670936324526
3.683070866	-116.13094377932352
3.68503937	-144.69945543592397
3.687007874	-144.43146531731514
3.688976378	-130.06795077531405
3.690944882	-117.04445781457844
3.692913386	-110.62732774264629
3.69488189	-117.0019628394636
3.696850394	-122.95982152146375
3.698818898	-122.8240498618237
3.700787402	-125.86264362492864
3.702755906	-114.70106892283306
3.704724409	-98.72802282567677
3.706692913	-90.49517282094087
3.708661417	-100.20932111898621
3.710629921	-127.83523466485131
3.712598425	-146.4678359717976
3.714566929	-138.0949411859888
3.716535433	-115.65349718815052
3.718503937	-101.96189912234597
3.720472441	-103.72740877434363
3.722440945	-122.3916276089165
3.724409449	-130.72493852176413
3.726377953	-124.38055633110034
3.728346457	-116.97356943967945
3.730314961	-123.05878602057855
3.732283465	-129.1747898787967
3.734251969	-130.66508350559013
3.736220472	-128.58663018069777
3.738188976	-131.75530008314348
3.74015748	-139.2637761986273
3.742125984	-137.07879185614203
3.744094488	-120.3280449118688
3.746062992	-99.22342888984538
3.748031496	-101.58956748093767
3.75	-116.96774402352926
3.751968504	-127.05359696356886
3.753937008	-122.48150858026372
3.755905512	-113.46643119706725
3.757874016	-114.93461438138218
3.75984252	-126.4617725341304
3.761811024	-138.29381280035915
3.763779528	-130.89263904217736
3.765748031	-116.62303340182588
3.767716535	-115.47250678748209
3.769685039	-122.85828193061165
3.771653543	-124.34957615792408
3.773622047	-110.16247133730968
3.775590551	-97.9912222595215
3.777559055	-95.58089556659797
3.779527559	-105.35760787502934
3.781496063	-105.01393684223991
3.783464567	-95.34935020069842
3.785433071	-93.30177372386365
3.787401575	-112.15828426222467
3.789370079	-128.70202044076774
3.791338583	-130.41139272717285
3.793307087	-116.26359353710824
3.795275591	-101.16675765701358
3.797244094	-103.62513004361867
3.799212598	-121.35109953017381
3.801181102	-126.37583248988567
3.803149606	-115.6977548712415
3.80511811	-101.14545923239508
3.807086614	-95.89753950866104
3.809055118	-97.27629306185645
3.811023622	-106.18905107856678
3.812992126	-111.5511818463169
3.81496063	-113.48250782975579
3.816929134	-120.39798191571434
3.818897638	-124.58969303459452
3.820866142	-127.92500375423286
3.822834646	-127.42409577616161
3.82480315	-124.67867348801465
3.826771654	-120.9941138832875
3.828740157	-119.57772633575854
3.830708661	-120.77849131488199
3.832677165	-118.94366555757668
3.834645669	-126.34676746821575
3.836614173	-130.99426206126859
3.838582677	-131.08311652092016
3.840551181	-136.41059434862953
3.842519685	-140.56015772618025
3.844488189	-156.70427310727453
3.846456693	-176.53776614733218
3.848425197	-194.08883507552684
3.850393701	-186.67938820743103
3.852362205	-162.97703957651848
3.854330709	-138.64097476510997
3.856299213	-127.91678183695237
3.858267717	-126.92138266623434
3.86023622	-133.4083765077377
3.862204724	-139.89121144117948
3.864173228	-140.89113421141926
3.866141732	-136.54284656716703
3.868110236	-138.90293408732384
3.87007874	-142.54865344455138
3.872047244	-160.19005435806451
3.874015748	-177.7276580632641
3.875984252	-185.0817609611618
3.877952756	-187.13179729733125
3.87992126	-196.2749397835635
3.881889764	-202.43855016028178
3.883858268	-206.79573450304673
3.885826772	-195.7312735465066
3.887795276	-190.02676786736203
3.88976378	-188.93954704538925
3.891732283	-204.13511981555325
3.893700787	-209.61278207266056
3.895669291	-188.0711480162528
3.897637795	-163.251775369196
3.899606299	-155.7284424253009
3.901574803	-165.7668317611197
3.903543307	-172.5928160930759
3.905511811	-167.93304459965512
3.907480315	-143.06961321663948
3.909448819	-124.61048369529207
3.911417323	-111.95128166704338
3.913385827	-114.81336778765642
3.915354331	-117.64265620430245
3.917322835	-112.84538191859217
3.919291339	-100.1006410761172
3.921259843	-91.42541436518448
3.923228346	-87.30394523896979
3.92519685	-105.9742726363795
3.927165354	-117.06894305482409
3.929133858	-120.63921867938124
3.931102362	-101.02036484605212
3.933070866	-88.31172149416035
3.93503937	-95.31782155081468
