10.01	28.471831607009868
10.02	27.27293845298259
10.03	27.868466577402447
10.04	28.458929881347043
10.05	28.15150897137456
10.06	28.17360231267615
10.07	26.789524723711693
10.08	26.931096674281694
10.09	26.534458486479437
10.1	22.855547801061974
10.11	23.081659996848106
10.12	25.7030272873447
10.13	21.543450494910907
10.14	22.825050442465677
10.15	22.24370442506096
10.16	21.25205593998987
10.17	17.608824468480385
10.18	19.486167926878142
10.19	19.09354262400646
10.2	15.667117871158727
10.21	13.970897552512454
10.22	15.947817511546058
10.23	16.434013499692245
10.24	14.381845278137206
10.25	13.217644792004931
10.26	11.290049387531152
10.27	12.644268145182052
10.28	10.690909790689908
10.29	11.56675108039503
10.3	8.00520243198961
10.31	9.08759716492266
10.32	9.608636191609754
10.33	8.526278468678113
10.34	8.921954426694382
10.35	7.406779950966411
10.36	6.469353443961278
10.37	4.105533160518396
10.38	8.782028165344208
10.39	5.543569726313208
10.4	6.085444031951929
10.41	6.254167829901278
10.42	4.727486409064767
10.43	3.1499320742908132
10.44	4.3637393291261555
10.45	5.831924854107673
10.46	5.438190647146348
10.47	2.8529240484191094
10.48	4.546717603670489
10.49	5.555843389076284
10.5	4.671483862716276
10.51	1.2152954886093656
10.52	3.608667408177578
10.53	2.9448955286295497
10.54	4.4126138261353685
10.55	3.5121396319299483
10.56	5.092603717751935
10.57	3.1750873981646546
10.58	1.0196198689435532
10.59	4.880262290769237
10.6	3.488255314307742
10.61	4.362098111028851
10.62	2.8050807299194034
10.63	6.345299339577676
10.64	4.736300322996586
10.65	7.035366644647502
10.66	5.342196311738395
10.67	5.547978199232116
10.68	8.502701257573317
10.69	8.304232770573083
10.7	6.577351015853966
10.71	7.880824638244372
10.72	12.762400668137495
10.73	8.055895014545591
10.74	11.405480928582683
10.75	14.230201704803779
10.76	12.769532608471591
10.77	12.051386533553206
10.78	13.559497439753095
10.79	14.195549678059436
10.8	16.14053607866146
10.81	16.627301520229846
10.82	18.49847798949063
10.83	17.701080544706667
10.84	18.31185566452112
10.85	19.248394756698943
10.86	20.912356773900026
10.87	21.439620220243892
10.88	23.624719804335104
10.89	20.693125280691724
10.9	22.951994658270557
10.91	26.160648916100367
10.92	27.12970740588728
10.93	23.204001716608772
10.94	25.64046568103724
10.95	27.60264673665921
10.96	28.635095769786776
10.97	29.77395538656175
10.98	25.17046567990612
10.99	30.490804646874345
11.0	28.369317533359403
11.01	30.811904634168815
11.02	30.739475419350057
11.03	30.634674473401173
11.04	31.19130942686901
11.05	27.785963384287054
11.06	30.66267417876427
11.07	30.960686298972394
11.08	31.245159858206677
11.09	29.19723896552459
11.1	30.50224739970024
11.11	30.785625273155794
11.12	30.459363895677594
11.13	28.742762147413156
11.14	30.03099350137151
11.15	28.407338959486697
11.16	29.831493950731325
11.17	30.418812001494278
11.18	28.828594319173988
11.19	30.87475417850333
11.2	28.04456838801609
11.21	30.433411821191285
11.22	27.969791177613224
11.23	29.73937570208021
11.24	27.101884096124476
11.25	29.089056849114993
11.26	28.76270787494807
11.27	24.78509557395736
11.28	23.592482223556036
11.29	26.681449213357233
11.3	22.821158700177826
11.31	22.088634794877265
11.32	23.51760329417765
11.33	24.049354509601933
11.34	24.85704979414741
11.35	26.400862895304783
11.36	21.185473464204733
11.37	20.065669799789788
11.38	16.566444623000873
11.39	19.043271700897407
11.4	17.392744730726882
11.41	15.403980915468368
11.42	18.190731812755406
11.43	15.604917906121596
11.44	13.147082084620758
11.45	13.808431136367311
11.46	12.291407192988144
11.47	10.097041044276
11.48	8.152817120642247
11.49	12.827225396623113
11.5	10.517588193639806
11.51	11.281998831945046
11.52	10.409928078849905
11.53	6.999742678477045
11.54	8.467982752626503
11.55	6.90629666064737
11.56	4.095903650399871
11.57	6.374418736210901
11.58	0.7754724377356386
11.59	3.227607996964917
11.6	4.204714259858627
11.61	2.608938397907801
11.62	4.2042609694122826
11.63	-0.4116544572325531
11.64	4.090285050603349
11.65	5.61666021770014
11.66	1.8743464469972977
11.67	5.399976108133307
11.68	4.3142891557932455
11.69	1.5592912152958114
11.7	2.385700342233283
11.71	0.7868435734695916
11.72	0.6560595123902103
11.73	3.1216972276612593
11.74	0.9796516108043065
11.75	-1.5909154082063413
11.76	2.5790232099792973
11.77	-0.1592401864213986
11.78	1.4219034924952307
11.79	-0.5683628748149476
11.8	1.3368720598456516
11.81	2.8326027971026946
11.82	-1.3062055027149342
11.83	1.0464186891351712
11.84	4.173710880495788
11.85	2.499652546473941
11.86	0.7322473081710361
11.87	-1.9042528173519409
11.88	2.9683229657922134
11.89	0.6026574283754097
11.9	-0.7501593534763058
11.91	0.5504482401503363
11.92	2.4639358355600183
11.93	4.004610605493865
11.94	3.71925524888142
11.95	2.788032437626027
11.96	1.7960278928465634
11.97	3.8674103862679803
11.98	3.055378376644577
11.99	4.139249180830808
12.0	3.6460149319656368
12.01	6.100392012327944
12.02	5.5321204056676025
12.03	8.00444412108283
12.04	6.188222254334086
12.05	10.411706589722234
12.06	6.164623630481598
12.07	9.023172825433221
12.08	8.277912371537829
12.09	10.076056708966494
12.1	13.078628244911133
12.11	13.065136001837732
12.12	12.666899731186513
12.13	12.617808146002993
12.14	12.269072277769055
12.15	15.843826357671302
12.16	14.290754620191365
12.17	16.64275040902389
12.18	19.625438980023343
12.19	20.061727702634407
12.2	18.822666602232687
12.21	18.27928319922314
12.22	18.250730729279514
12.23	21.85572971184867
12.24	18.192728478416168
12.25	22.60039095851625
12.26	21.7372147356039
12.27	21.795574633094933
12.28	22.26439371120919
12.29	25.22678254230815
12.3	26.168067534212106
12.31	25.65555938574073
12.32	24.503520873077306
12.33	28.617312929694407
12.34	24.997751252196178
12.35	27.73317178238038
12.36	27.954439852737842
12.37	28.344488981449622
12.38	29.088657318750265
12.39	27.662902594062572
12.4	26.940173354667902
12.41	25.377592695297086
12.42	31.399876311405745
12.43	29.317838271893542
12.44	27.06774964596674
12.45	28.418952137953983
12.46	29.55172179471437
12.47	28.394395054281492
12.48	27.93488497014404
12.49	28.159079753033474
12.5	26.676086977482406
12.51	30.85031163168225
12.52	28.993077022110793
12.53	28.98837521101166
12.54	30.948418005592288
12.55	29.38136488338385
12.56	26.268548394384652
12.57	28.5622731809201
12.58	28.372342766727222
12.59	28.59822922777333
12.6	26.36430111425485
12.61	31.65681476693292
12.62	27.96912482289595
12.63	30.072392018406617
12.64	30.37712059767171
12.65	29.03372058670036
12.66	29.454369982899273
12.67	29.425897279554512
12.68	27.361717094595736
12.69	29.213953726866833
12.7	26.02240650496343
12.71	27.62529504267142
12.72	29.302228487775263
12.73	29.27177391537468
12.74	23.013048703312258
12.75	26.641043583538895
12.76	26.972655871041503
12.77	26.26736388129251
12.78	24.55479978345515
12.79	24.52372085145984
12.8	25.453081588255525
12.81	24.754982784630204
12.82	23.622622671387813
12.83	21.789775955003464
12.84	24.81148730747417
12.85	20.830228302668854
12.86	19.01954822367589
12.87	20.651311560400977
12.88	17.68129008178039
12.89	18.732067272045438
12.9	15.434657315015873
12.91	14.980243973899798
12.92	16.05866575843212
12.93	18.756051221384933
12.94	15.97063888926511
12.95	14.395549441923002
12.96	12.695082206648687
12.97	16.1288296384005
12.98	12.06781147652726
12.99	10.7667261111297
13.0	8.18427467093506
13.01	12.157387544759715
13.02	12.301877666381762
13.03	12.09431916910666
13.04	11.952248435796266
13.05	9.361110322643462
13.06	7.7957114831553405
13.07	7.623459937026922
13.08	6.295596987614151
13.09	10.5669281113891
13.1	7.234367298542381
13.11	5.725590496884452
13.12	7.0917849730223885
13.13	4.824814279497095
13.14	5.83112771145705
13.15	5.970925883154482
13.16	3.4225446125577297
13.17	5.989159865611691
13.18	4.099456172570777
13.19	6.447928744300775
13.2	3.1018470797523667
13.21	3.4332597031672583
13.22	4.347265905120619
13.23	5.067651363120972
13.24	3.8024791441069397
13.25	4.666866624277167
13.26	5.621506851944896
13.27	2.246828105233501
13.28	3.450889683688596
13.29	5.8746062082697605
13.3	4.440013414694922
13.31	3.4209624103504597
13.32	7.4089793041221075
13.33	2.540393698683509
13.34	2.921489046808848
13.35	5.47122295026297
13.36	3.690635019003488
13.37	3.218187034778946
13.38	5.660092342247454
13.39	4.716628742682538
13.4	4.7082244183071
13.41	6.064586721978772
13.42	6.602405469284931
13.43	3.977878442897895
13.44	6.748435322319252
13.45	10.226032469453665
13.46	6.947907256021244
13.47	5.467835186859803
13.48	8.852737892434035
13.49	9.368556274344954
13.5	8.17542733306603
13.51	9.527411362713847
13.52	8.599830992135711
13.53	11.25831764012423
13.54	9.472705518041279
13.55	10.951665208408263
13.56	12.592343290202919
13.57	13.67073154960022
13.58	13.878622223235555
13.59	13.261965352709042
13.6	14.986388812225456
13.61	12.321759202201907
13.62	15.953855544323247
13.63	15.13083395479701
13.64	16.037200488362103
13.65	17.56635878546964
13.66	17.822226106732778
13.67	20.001446229129318
13.68	19.959837581466967
13.69	16.508347723324082
13.7	21.0197371608859
13.71	22.08885179224653
13.72	20.14620079846332
13.73	18.110490768753607
13.74	20.655805540975514
13.75	22.190505469015253
13.76	23.020200418070285
13.77	24.204824670054837
13.78	26.076939799510786
13.79	27.390694981366167
13.8	26.307590817444115
13.81	26.611666518238522
13.82	24.09391302973498
13.83	26.93992815900894
13.84	24.70132042678533
13.85	25.968778901728946
13.86	25.47899541033752
13.87	25.4998221461799
13.88	27.361560408169005
13.89	25.738185632347157
13.9	27.840899137671723
13.91	25.6225687164557
13.92	27.324068962638282
13.93	26.36400181999174
13.94	27.254228408743487
13.95	26.069124975223545
13.96	26.956975493259343
13.97	28.69643592966822
13.98	27.66064718756809
13.99	27.208465608557646
14.0	26.69895432398047
14.01	27.572152214203697
14.02	24.589539438650466
14.03	25.27723866369661
14.04	25.779876461098787
14.05	28.49671011203601
14.06	24.46305544640202
14.07	27.010444243462345
14.08	25.86723685575657
14.09	25.226082479093066
14.1	25.35149215327519
14.11	26.19839922911437
14.12	23.708387597711287
14.13	25.2619848262675
14.14	23.494124987964913
14.15	24.149552478474025
14.16	23.149931775159057
14.17	26.94610817147028
14.18	21.223798164283945
14.19	22.425614433015443
14.2	23.74382889903576
14.21	21.13257176335934
14.22	21.903169399170448
14.23	19.864095530869548
14.24	18.484408331389655
14.25	20.467385558322295
14.26	20.59598241039404
14.27	17.302023062214268
14.28	19.632259148388243
14.29	18.854896757600372
14.3	19.92321968882672
14.31	15.983638087241076
14.32	14.967325847033582
14.33	15.160454525180675
14.34	12.782699268098764
14.35	13.098461192275831
14.36	14.728152975409964
14.37	10.867652417923928
14.38	12.036204431439796
14.39	10.870971287406675
14.4	9.199392297172897
14.41	8.789237298954633
14.42	10.305512807368338
14.43	7.848759540172479
14.44	8.93657996326829
14.45	6.6194706742936456
14.46	7.409547927575664
14.47	6.53220540023648
14.48	4.617678948193574
14.49	5.415776921030049
14.5	6.80013638586467
14.51	5.890041189439878
14.52	1.8219776742018192
14.53	5.2933080845291585
14.54	3.8838111347702773
14.55	3.395369558336232
14.56	2.1862453695267465
14.57	1.0108005006510508
14.58	3.375431515856423
14.59	3.7878711624866215
14.6	3.4205126614679333
14.61	2.0169745359455895
14.62	-0.2703157075284972
14.63	2.4277512614347803
14.64	-0.252212816672406
14.65	-2.2947401431307575
14.66	0.3924851892035415
14.67	-0.523219639190911
14.68	1.4222094838060255
14.69	1.5195564336930185
14.7	0.2586178227913096
14.71	1.4309696181914975
14.72	0.23477312455766297
14.73	-0.8875720120631339
14.74	0.6254711019223053
14.75	2.299679095922006
14.76	4.291637105450512
14.77	0.32450730766603275
14.78	2.7510475405237265
14.79	2.8759717173217125
14.8	4.24918656944575
14.81	4.471197772578613
14.82	5.195446921279435
14.83	3.0961214346383077
14.84	6.229783617890229
14.85	5.657049796212847
14.86	5.425446541494781
14.87	6.268243592210017
14.88	9.844413169787464
14.89	8.926402960344245
14.9	7.02395152737187
14.91	9.303000835215478
14.92	9.954000294859869
14.93	9.187357897006748
14.94	9.743699592121839
14.95	13.661354014039054
14.96	12.547307377978221
14.97	12.912687945934753
14.98	14.63485947187798
14.99	15.016053255897853
15.0	15.517460061888498
15.01	17.178997609653216
15.02	17.037626219065476
15.03	19.055450374855976
15.04	18.88539644916954
15.05	19.876438132404253
15.06	21.15134890634862
15.07	21.216663084035165
15.08	22.54693361615484
15.09	21.217369678450417
15.1	22.709934200303472
15.11	24.52125823503702
15.12	26.104959454703575
15.13	25.304751573451657
15.14	24.746910157934064
15.15	21.25426103483978
15.16	25.02365209771424
15.17	25.676649228048916
15.18	26.45647382522016
15.19	26.757295764364336
15.2	27.752507611245566
15.21	24.554862329469135
15.22	29.867738242572536
15.23	27.22773884763093
15.24	26.158017746101056
15.25	29.24798404661537
15.26	25.697258751500307
15.27	27.587227170777687
15.28	27.229574941674564
15.29	25.154977721593674
15.3	29.667753006138454
15.31	27.59941757959284
15.32	27.80550884111198
15.33	27.641039009229655
15.34	27.047515073796017
15.35	26.69696918584781
15.36	30.123457353480635
15.37	27.839616449072757
15.38	26.26001622944894
15.39	25.05211423981526
15.4	28.450717024138633
15.41	26.356998371891446
15.42	25.333776464332807
15.43	24.152788423244616
15.44	24.214257369530955
15.45	25.290010351637545
15.46	25.045352491840433
15.47	24.685007473197324
15.48	23.99433517244769
15.49	21.53980381064952
15.5	23.509234417573715
15.51	24.213702300802595
15.52	21.817757319194595
15.53	21.6429116570743
15.54	20.538447940040903
15.55	18.17599303642946
15.56	16.230631259296512
15.57	18.86082412785455
15.58	16.936211015825574
15.59	16.397387061159854
15.6	16.240214653562955
15.61	15.076724614688382
15.62	12.738954823832357
15.63	10.27613925890565
15.64	13.056783758840727
15.65	11.37139756030753
15.66	10.205938687369176
15.67	10.894982610890123
15.68	7.592744161266979
15.69	5.859221790769887
15.7	7.287114846511689
15.71	8.069855991499525
15.72	7.266608086775967
15.73	5.469946845505431
15.74	6.333455653349085
15.75	4.221880930263824
15.76	5.503508871645609
15.77	5.994230736322729
15.78	0.19516163947935272
15.79	2.6296880160874263
15.8	2.2259910696476313
15.81	2.246120091998026
15.82	3.9644207851613733
15.83	1.6751623183551603
15.84	1.0115530279572962
15.85	1.7752596574326316
15.86	3.4437083497385914
15.87	0.6407714129769553
15.88	0.6670235699619376
15.89	0.734388045778509
15.9	-0.101375466678293
15.91	0.2633448307227598
15.92	2.7351423921901983
15.93	0.883767686077517
15.94	-1.1876801285498353
15.95	1.8233747687654622
15.96	0.6387384404806966
15.97	1.9796936410916495
15.98	0.4546626619235077
15.99	1.5139378384182
16.0	1.9293575916322854
16.01	2.8661807560862442
16.02	1.099185326716491
16.03	0.5139336389327243
16.04	1.3847116104611545
16.05	3.1389427460392545
16.06	0.9528824637846451
16.07	3.4678544384595553
16.08	6.409127081945726
16.09	4.030749768597801
16.1	4.319315993569891
16.11	6.143832673515145
16.12	5.0381780589039185
16.13	4.966499191707898
16.14	6.573992564079344
16.15	9.923237787822995
16.16	9.021761752434072
16.17	9.606184992121259
16.18	9.163069298791758
16.19	7.823859231740538
16.2	12.194006207511809
16.21	12.148857393825395
16.22	12.525012828849988
16.23	15.111317787558361
16.24	17.50912965455719
16.25	15.824595419953647
16.26	17.00553695898819
16.27	19.057634221061793
16.28	20.932314263712776
16.29	19.08147449998818
16.3	22.136514666155197
16.31	18.169191571377315
16.32	20.646404328054814
16.33	20.76192216646762
16.34	22.62587345030759
16.35	24.991070521635322
16.36	22.10185638411442
16.37	24.020317586794906
16.38	23.967813499263233
16.39	24.557156170274077
16.4	24.67199536065274
16.41	27.136783998334405
16.42	26.24900678335784
16.43	24.86532723300572
16.44	27.138596159638475
16.45	25.67922311712513
16.46	28.328433384153858
16.47	25.357464569525472
16.48	26.739372414795387
16.49	29.953590590888375
16.5	25.72522322708907
16.51	25.563734770543345
16.52	27.838259666473395
16.53	28.499404926755393
16.54	29.02998332230289
16.55	23.604227946323597
16.56	29.967196352772365
16.57	28.51040928912273
16.58	29.380696416868293
16.59	27.15796784933971
16.6	30.436710262333055
16.61	27.54198287238116
16.62	26.549227783593057
16.63	28.109353815455002
16.64	29.957029848385847
16.65	31.01108490361193
16.66	26.940368717983233
16.67	23.936536055129434
16.68	28.230124888375787
16.69	25.82788270159933
16.7	23.674371590698883
16.71	25.297300910423566
16.72	22.694176780594777
16.73	27.131760764435228
16.74	25.22881901260622
16.75	21.97498346589625
16.76	23.9050845620752
16.77	20.396239181859556
16.78	27.103610724847915
16.79	25.07014821636706
16.8	21.729785867930218
16.81	21.430907600464383
16.82	18.977767952417246
16.83	20.464824902253085
16.84	20.511199845940098
16.85	16.042337603621537
16.86	20.419563422681442
16.87	20.204405654005562
16.88	17.649350313393427
16.89	17.959867746738876
16.9	16.331804407459114
16.91	16.018670968391934
16.92	14.1793870715865
16.93	16.794761147478347
16.94	14.333970917732449
16.95	14.9914169574758
16.96	13.466649247836438
16.97	13.989647071436716
16.98	10.933367324660196
16.99	12.753513404118562
17.0	11.508408125957239
17.01	11.157129939100757
17.02	7.864169772251287
17.03	9.094823662806654
17.04	7.23836203913962
17.05	10.447516765397154
17.06	10.622556662378702
17.07	7.1308056478648005
17.08	6.801530367416834
17.09	4.293704539173326
17.1	4.8333421529463365
17.11	5.370193316526744
17.12	6.841147299066404
17.13	4.085584608039658
17.14	5.288069169884067
17.15	6.469102522089576
17.16	3.1528489492090666
17.17	3.3554864902394606
17.18	5.212163682726914
17.19	0.6065696474783007
17.2	4.563822224187464
17.21	3.5700378393194283
17.22	3.86647506496331
17.23	1.7349910125244343
17.24	6.0643890837847145
17.25	1.9386007479013436
17.26	2.0806405071521734
17.27	4.835811938478704
17.28	2.8238436500953816
17.29	1.6266730737869333
17.3	5.451500767922416
17.31	5.739264966390076
17.32	5.902699690271967
17.33	4.296927041627825
17.34	3.952434768829127
17.35	4.162060462981035
17.36	5.190834838148245
17.37	3.167176739118489
17.38	4.593904263868064
17.39	3.857531252070322
17.4	5.6831067168867335
17.41	8.626805380073552
17.42	5.428805179644892
17.43	7.44270054644673
17.44	9.997809469871065
17.45	6.071239290644105
17.46	11.442319169839774
17.47	12.289669474122784
17.48	10.613288716655674
17.49	11.610522195285848
17.5	13.238386781368966
17.51	15.645878405919298
17.52	14.192502405643117
17.53	16.437052264144373
17.54	15.173562926472943
17.55	18.185021182187633
17.56	14.511041568432407
17.57	17.72603541032312
17.58	17.955654425284827
17.59	20.63982706342292
17.6	19.96716535499586
17.61	22.853227359560154
17.62	17.776266645569883
17.63	19.944013844763337
17.64	22.70615872187742
17.65	19.267978498747155
17.66	20.91537395769578
17.67	21.3455094130756
17.68	22.364706629379512
17.69	25.691329746421477
17.7	23.161690160002884
17.71	25.94644419972901
17.72	22.79129130475461
17.73	25.67193134116753
17.74	25.85121879298359
17.75	25.86604132675824
17.76	29.3513849730787
17.77	28.592689965128724
17.78	26.22542985422576
17.79	24.994740674053112
17.8	27.258074941645233
17.81	24.35975281128937
17.82	25.919018015710655
17.83	27.714497152398653
17.84	28.72873029296092
17.85	27.78901955595919
17.86	28.505120298939786
17.87	28.176123747003395
17.88	25.091151767337916
17.89	26.191864544513173
17.9	26.54199623886844
17.91	25.06327493521104
17.92	29.841728043231658
17.93	26.15550544287652
17.94	24.56400643681976
17.95	25.836300598640374
17.96	26.36293981230087
17.97	26.068723237109737
17.98	24.26527371473616
17.99	24.267743068374415
18.0	23.91564573628121
18.01	23.61836710314243
18.02	21.40985312534117
18.03	21.069319197745216
18.04	18.89055267643121
18.05	17.786741504040606
18.06	18.23136106984475
18.07	19.553755642272804
18.08	17.536495430678087
18.09	18.493271453207466
18.1	16.74677130968277
18.11	14.50525163659176
18.12	12.893918814833956
18.13	14.708861753012094
18.14	13.601541842485585
18.15	12.725745247689593
18.16	14.189651883109812
18.17	11.647275821062793
18.18	7.556867039485531
18.19	13.059302278135206
18.2	11.328888162409832
18.21	8.900198594911911
18.22	7.443902539928411
18.23	8.348602264157524
18.24	8.473819262239306
18.25	7.132806652743211
18.26	8.496549956812276
18.27	7.572259108829444
18.28	4.917141235333208
18.29	6.40772553588806
18.3	4.55297533562794
18.31	6.285832474671163
18.32	3.7761718790093513
18.33	4.663939881049064
18.34	1.0684404190466688
18.35	3.584851911842314
18.36	4.387313162399742
18.37	3.46694642636203
18.38	5.7490264230241355
18.39	3.768334472639442
18.4	3.1073428896735584
18.41	6.28380608994725
18.42	2.8762606906011996
18.43	3.8536386678388546
18.44	3.024858871801695
18.45	5.959598311251686
18.46	3.8964350067139706
18.47	4.672391844098025
18.48	2.866016887421744
18.49	3.7678739135239288
18.5	4.741520105814505
18.51	3.657342368601045
18.52	5.061665794513809
18.53	2.6625608230755002
18.54	5.338927745334857
18.55	2.474869984530784
18.56	4.9010937474524985
18.57	3.581400894376025
18.58	8.731249925104796
18.59	8.373905003406227
18.6	10.22218339007486
18.61	9.920161945373714
18.62	8.70621156209274
18.63	10.413817351071812
18.64	10.801825775988945
18.65	12.387001327098933
18.66	12.342834884349038
18.67	11.722661942349065
18.68	13.117823553943696
18.69	14.187682661771897
18.7	13.737890796950404
18.71	14.013010025396714
18.72	17.59853033296037
18.73	15.377179957196713
18.74	16.417910843821595
18.75	19.473522610950234
18.76	19.78667949617645
18.77	20.50520190793052
18.78	20.26263172045946
18.79	23.337519966121246
18.8	20.611899196316415
18.81	22.335470798168608
18.82	19.019465075047925
18.83	22.386031216394734
18.84	21.889709188383986
18.85	26.719553779466995
18.86	25.27373591877995
18.87	27.204513766437955
18.88	26.91847321470619
18.89	23.226635265290763
18.9	26.56039380644989
18.91	23.48979885513001
18.92	26.290845130097583
18.93	22.63706393558806
18.94	25.261543227295984
18.95	28.118770289489426
18.96	27.78500964701269
18.97	29.330090136892018
18.98	27.301571481518806
18.99	27.13613289168648
19.0	26.694357997052247
19.01	27.521796489324576
19.02	28.964898657373045
19.03	29.580504141546722
19.04	27.624477878512767
19.05	27.215559922175217
19.06	28.847351137577366
19.07	28.832686106111908
19.08	26.7176726433879
19.09	26.129620651187825
19.1	24.89181463141687
19.11	27.872796988470817
19.12	26.017801880554153
19.13	25.957322990600954
19.14	26.80148188192071
19.15	23.50878756555144
19.16	23.872501363805466
19.17	25.087295996705354
19.18	20.88896586379756
19.19	27.15488620408321
19.2	23.171301900171255
19.21	18.199700576593873
19.22	22.687730878867193
19.23	20.771741652603396
19.24	19.574762246086
19.25	20.299768051946643
19.26	19.98500309781719
19.27	19.92621131895823
19.28	16.008586374859405
19.29	17.736504976653407
19.3	16.123709739274695
19.31	16.229855005491693
19.32	14.191648320143289
19.33	13.131523977022091
19.34	15.777380496527018
19.35	14.008131589098241
19.36	12.469792962389171
19.37	10.525328882393465
19.38	11.136222859835996
19.39	9.0853418082661
19.4	10.973764069218578
19.41	9.467644908727376
19.42	10.637247863480614
19.43	4.472259348199332
19.44	7.5612220947030195
19.45	6.367858515194743
19.46	5.328112986919064
19.47	5.392944647458442
19.48	5.306565040893761
19.49	5.047693050750381
19.5	3.054450039190512
19.51	4.922617228617605
19.52	2.881651220192992
19.53	2.3317292081011147
19.54	2.7855141597026893
19.55	3.249823095132225
19.56	1.289806953166043
19.57	3.8179097354802782
19.58	0.8786320978585797
19.59	0.07493505970315861
19.6	1.2140832629238207
19.61	-0.4164948434599418
19.62	1.6919761741799526
19.63	2.881106772992083
19.64	0.4896206074110453
19.65	1.1183420962188
19.66	-0.031386098721447375
19.67	1.1710400613908076
19.68	-1.4129575879754679
19.69	-0.28909898858308025
19.7	-1.2654826983727105
19.71	0.3587551251695501
19.72	4.975424111373002
19.73	1.8816435091739654
19.74	0.8871610774425186
19.75	-2.2568229957552233
19.76	3.0948151753169024
19.77	1.3942366149768395
19.78	4.5310864927355965
19.79	0.6836369250392452
19.8	1.3433365130593564
19.81	-1.1191082191819612
19.82	3.9839542028951964
19.83	5.248582379564817
19.84	3.998216281484825
19.85	0.30880579751054604
19.86	6.5879186864252555
19.87	3.4295705638188876
19.88	4.488692757638373
19.89	5.042308806835449
19.9	8.083803985923733
19.91	5.214392626225347
19.92	9.21157169304783
19.93	6.730228084977517
19.94	6.388394755101012
19.95	6.781704731612692
19.96	7.635057980900825
19.97	8.281019048380996
19.98	10.899690353854703
19.99	10.921514495571195
20.0	12.290425904104803
