10.01	0.8036943827690696
10.02	0.2976913675880202
10.03	0.6803471637767385
10.04	0.6534147111108085
10.05	0.6144709593769024
10.06	1.1023040268714466
10.07	1.5279171999840355
10.08	-0.33041611488263345
10.09	0.40562930898433847
10.1	0.5907500706274256
10.11	0.5898811301136455
10.12	0.9638750413421449
10.13	0.43595261069062313
10.14	0.230616894008554
10.15	1.1525350423221075
10.16	0.6645206671033288
10.17	1.1202623848065025
10.18	-0.2581545521168245
10.19	1.1155330177240323
10.2	0.619547605994219
10.21	0.4035391771100532
10.22	-0.1820447154832785
10.23	-0.08824364705242457
10.24	1.2718979437990505
10.25	0.026848000320924714
10.26	0.5630566508040062
10.27	0.7530807169987104
10.28	1.4511528716967683
10.29	0.1509870011945068
10.3	0.41139913202948497
10.31	0.9205601972439418
10.32	0.07887920741284854
10.33	0.49614031108971873
10.34	1.2478870776130842
10.35	0.7472574251085137
10.36	0.5581412186992252
10.37	0.6445561489770895
10.38	0.7929069161222825
10.39	0.8103079278026121
10.4	0.723157975354259
10.41	0.7030037029413572
10.42	0.5373695459830761
10.43	0.6054635248094143
10.44	0.8151711023232038
10.45	1.2791890107752937
10.46	1.1162698660630526
10.47	-0.1200573127344825
10.48	0.5037741586342144
10.49	0.23531391545198127
10.5	0.056555630279220045
10.51	0.5319572663823703
10.52	0.19774095678809916
10.53	0.29960865518229807
10.54	0.5975286986696905
10.55	0.05427920899578792
10.56	0.503715496469361
10.57	0.7425984346903043
10.58	0.35886369799902934
10.59	0.4319921237107294
10.6	-0.051414189253247033
10.61	0.39615530380073904
10.62	0.08281347709294784
10.63	1.3857828340717804
10.64	0.004137639374558355
10.65	0.45277679903996915
10.66	-0.2992628564317865
10.67	-0.1257128529458289
10.68	0.09971719430381637
10.69	0.37316884054490873
10.7	0.4379785221277705
10.71	0.24896473507059824
10.72	0.1916972386111706
10.73	-0.22248627945626942
10.74	0.8053249912089603
10.75	0.5373808487122139
10.76	0.05778129882607254
10.77	1.967550077338819
10.78	0.43860064485168476
10.79	0.6344906597823169
10.8	1.0204776250069174
10.81	0.18591309476588597
10.82	0.7961513732319989
10.83	-0.08569839481577457
10.84	0.5399547596508908
10.85	0.273908666831959
10.86	0.12031216426001451
10.87	0.49616549652563846
10.88	1.8280739995124362
10.89	0.9804616607737897
10.9	1.1885084113311417
10.91	0.21850137930690292
10.92	0.04056496898596107
10.93	1.307016113530885
10.94	-0.2751585137995288
10.95	0.044863691842423226
10.96	-0.006455449087769877
10.97	1.1777706107419048
10.98	1.4591342630046937
10.99	0.16162352291078663
11.0	0.5892959217836922
11.01	0.33186459609117386
11.02	1.6270605175517654
11.03	0.8669842706002644
11.04	0.7963223840577418
11.05	0.7497718844149355
11.06	0.19543714758958228
11.07	0.47607169304146296
11.08	0.8250930051782124
11.09	0.494864111423666
11.1	-0.24802614176432553
11.11	-0.3518368181557042
11.12	0.31424853867297253
11.13	0.6471025922362255
11.14	0.4251867879520721
11.15	1.0489491699608442
11.16	1.1594199387130155
11.17	-0.8574647865111542
11.18	1.0070093035098453
11.19	-0.30344830905312636
11.2	1.1956947577680679
11.21	1.028927345816391
11.22	0.20938110726313802
11.23	0.7314416362841161
11.24	0.36999235934916597
11.25	0.5051016124939903
11.26	1.8376369586937886
11.27	0.7259397710271451
11.28	0.7925842262440597
11.29	0.008352045377116923
11.3	0.11668372753907114
11.31	1.2143241731999037
11.32	0.706816485701391
11.33	0.8222724023621466
11.34	0.16120518792806826
11.35	-0.08059730487840677
11.36	-0.45288086329453364
11.37	-0.5159614358078379
11.38	0.4369763928239697
11.39	0.8042165313219447
11.4	0.5151716723607352
11.41	0.465438292200997
11.42	-0.6516522842643384
11.43	0.525920549350634
11.44	0.603289218066599
11.45	0.42803827696071006
11.46	1.5832507966147613
11.47	0.23110970932504496
11.48	0.5845490847694832
11.49	1.0510995316318295
11.5	0.8365041582599123
11.51	0.6296752955088878
11.52	0.7234130631679856
11.53	0.09243758815806062
11.54	1.166770361685197
11.55	0.17339995375154765
11.56	-0.4463070447721155
11.57	0.11060155059144211
11.58	0.73084358741396
11.59	0.32046491041969793
11.6	0.5592788439223056
11.61	0.8590809931434473
11.62	0.23002863312009253
11.63	0.786414922358341
11.64	-0.5737083115204904
11.65	0.3951027723628532
11.66	1.1029393312574496
11.67	-0.35667699470304426
11.68	0.08634740564015614
11.69	0.7286736956490723
11.7	-0.10355684981583368
11.71	0.407796460761907
11.72	-0.42537553318851884
11.73	0.8917361090614537
11.74	-0.3095271240035394
11.75	0.22543937562095362
11.76	-0.34896331625209787
11.77	0.027168606051167832
11.78	-0.601512833496805
11.79	0.46813538981363956
11.8	-0.610293893247758
11.81	-0.028549553215912515
11.82	0.3249125709785106
11.83	0.655745928760443
11.84	0.5092841996409458
11.85	0.6178058549378396
11.86	0.634752797632574
11.87	0.2829701163156
11.88	-0.2774426283692667
11.89	0.7417731654887851
11.9	-0.07857881715488885
11.91	0.16478976410170026
11.92	-0.07805086846081094
11.93	-0.26638771555542456
11.94	0.7917718188812137
11.95	1.4679304462359386
11.96	0.527471104827667
11.97	0.5297248542751196
11.98	0.26470894192530703
11.99	-0.071937175792395
12.0	0.6620110078360572
12.01	-0.13989151899249785
12.02	0.8289023588681295
12.03	0.9002715939718746
12.04	0.15447608189937745
12.05	1.039566772923541
12.06	-0.6179353237252259
12.07	0.5714951769519374
12.08	-0.5557003948609203
12.09	-0.218176094456561
12.1	0.10724071733165007
12.11	0.6405925132647609
12.12	-0.4206353996085755
12.13	-0.28304790893660664
12.14	0.9782200666254538
12.15	0.18392387394008317
12.16	0.5627648187669466
12.17	0.4343421816019756
12.18	0.21722496768662564
12.19	0.321934360984129
12.2	0.3533872859557566
12.21	1.868893611779631
12.22	-0.061032715818166106
12.23	0.22677691776141756
12.24	0.4754136339412828
12.25	0.7357769967217398
12.26	-0.08461964599717428
12.27	-0.4931366198540004
12.28	0.2254536873120898
12.29	0.5741382900135696
12.3	0.13792371940009435
12.31	-0.673758068023788
12.32	0.4520737438410804
12.33	0.8016995483209628
12.34	0.13800928756625852
12.35	0.5793662287475472
12.36	0.25717696483003993
12.37	0.24083413308398738
12.38	1.6249942743680275
12.39	-0.5048759908486438
12.4	-0.47870411543316566
12.41	1.4040863693550425
12.42	0.20937071281230363
12.43	0.35204522461743326
12.44	0.8892492010636386
12.45	0.2958853366932763
12.46	0.2711010358934574
12.47	-0.1156375164683413
12.48	0.6633150638574474
12.49	0.22248344722873678
12.5	0.5210255951493246
12.51	-0.10011024167059276
12.52	0.09356717295390918
12.53	0.15400267706266685
12.54	0.11284562361539492
12.55	0.44749104913537174
12.56	0.06671961307300026
12.57	0.6680008696692248
12.58	-0.1979777781993864
12.59	0.7046859429972658
12.6	-0.1512883069040466
12.61	0.6202029060910406
12.62	-1.1067937463980366
12.63	0.41566894263624893
12.64	-0.4258706613155702
12.65	0.4486778834389857
12.66	0.6841862857727925
12.67	0.10251386616984576
12.68	0.3047191755840137
12.69	0.18238517914059468
12.7	0.22187314218252585
12.71	0.3902473393822833
12.72	-0.3670148297856919
12.73	0.9434085042002757
12.74	0.31751843140334707
12.75	0.418006089634552
12.76	0.1809714696212522
12.77	0.23070072904055183
12.78	0.602714715643825
12.79	1.3595383984801555
12.8	0.4647640653770054
12.81	-0.024037134501873975
12.82	0.43736778298971135
12.83	1.1412655664773228
12.84	0.740041564931825
12.85	-0.9701843557142555
12.86	0.22889526226801746
12.87	0.6148387694654576
12.88	1.1385983460264817
12.89	-0.1627212888977202
12.9	0.040298444904385264
12.91	0.3103076490598312
12.92	0.3732795325909739
12.93	0.7431347685852725
12.94	0.2860092486697815
12.95	0.606887526094951
12.96	0.6688425394028092
12.97	-0.30256744385043366
12.98	-0.23416999803905525
12.99	0.2760366321660014
13.0	0.28779359236562163
13.01	-0.18524336347514414
13.02	-0.29473136619136114
13.03	0.25405056841571005
13.04	-0.11221733684158472
13.05	0.5388067866035473
13.06	-0.2890525825252894
13.07	0.2976951033206632
13.08	-0.11939123102109767
13.09	-0.2872896514936069
13.1	-0.5567560869400021
13.11	0.660585714300191
13.12	-0.34060710908694386
13.13	0.30998600463185744
13.14	-1.0080548316427618
13.15	-0.12215248682559521
13.16	-0.22749683181203628
13.17	0.679420664404778
13.18	-0.02168211297453923
13.19	0.6132590022710822
13.2	0.40246273726556714
13.21	0.12956254368288045
13.22	0.03956278816730066
13.23	0.6555289884367834
13.24	0.2012340677966153
13.25	0.4900155791115557
13.26	0.618732314416879
13.27	0.3252505879289985
13.28	-0.2768623086366028
13.29	0.05160161939636948
13.3	0.4864514412714697
13.31	0.36029057923094987
13.32	-0.47648277860482396
13.33	0.45940842241681673
13.34	-0.29350556063953126
13.35	0.9603033072839355
13.36	-0.41302876768360225
13.37	0.12545734893948185
13.38	0.09190365466284325
13.39	0.4983860212699425
13.4	0.6716701125928894
13.41	-0.31083368891830426
13.42	0.25895871790193525
13.43	0.21919265408667227
13.44	0.29937583150090713
13.45	0.6382196032710794
13.46	0.011154243531713987
13.47	0.4384552965812428
13.48	-0.1742467506062138
13.49	-0.6079475603336029
13.5	-0.39419449746917473
13.51	0.019029071065213912
13.52	1.58233191385692
13.53	-0.15326355468663555
13.54	0.8715480859278004
13.55	0.7099446166623811
13.56	-0.2086366714770012
13.57	0.2738354849441982
13.58	-0.16845380263335324
13.59	0.8623561011362533
13.6	-0.08036945698746881
13.61	-0.9237560667619813
13.62	-0.29827537362775874
13.63	-0.5354455374497922
13.64	0.8669002614843762
13.65	-0.8314340808171634
13.66	0.4193302413479517
13.67	0.27739390718159873
13.68	0.16705678794020207
13.69	0.19181739003382522
13.7	0.2823207599650747
13.71	1.631638257801069
13.72	-0.14244363981557323
13.73	0.3218130093984637
13.74	0.5943789311329333
13.75	1.2704469966222953
13.76	-0.4664164233704667
13.77	0.17732422707161405
13.78	0.06725002928250076
13.79	-0.05094035840818606
13.8	-0.5858086268486788
13.81	0.41190957091715524
13.82	0.6142110617210541
13.83	0.05251050245234838
13.84	0.8316130423024372
13.85	0.6250517185964515
13.86	0.21446573581662248
13.87	-0.45037786103191074
13.88	0.08160294789915123
13.89	-0.04858841983040585
13.9	-0.4469815662595749
13.91	0.4266598607920817
13.92	0.7802433258124661
13.93	-0.10824562018885145
13.94	-0.7604024617283234
13.95	-0.5408349744421781
13.96	-0.32369024006284247
13.97	0.15281067258629671
13.98	-0.524555909739084
13.99	-0.04391728694732905
14.0	-0.114260540593901
14.01	0.6015118353554713
14.02	0.3159512452872075
14.03	-0.45314969658659093
14.04	0.15246724908644047
14.05	0.6005589805598671
14.06	0.17666468068345842
14.07	0.417805060015312
14.08	0.6039591014204231
14.09	-0.6690085832793069
14.1	0.1576417327886272
14.11	0.14537480212765133
14.12	-0.381181730781941
14.13	0.25438531545502696
14.14	-0.1676685671773276
14.15	0.44162669347611394
14.16	0.48121791624431215
14.17	1.043530824769451
14.18	-0.044573059587095315
14.19	0.4580538973923793
14.2	-0.8777704411431853
14.21	1.0022702662450913
14.22	-0.21130245999084935
14.23	0.28923321712116246
14.24	-0.013951453217557391
14.25	-0.14519769964959722
14.26	1.0940108164441669
14.27	0.3491428765742522
14.28	1.4399125060796332
14.29	0.4937458504918118
14.3	-0.6863649602387509
14.31	-0.010599557402294115
14.32	-0.25106128491746915
14.33	0.5812584476971498
14.34	0.20376168017849094
14.35	-0.3875087253986466
14.36	0.3886432856087536
14.37	1.0366198322293914
14.38	0.3112640972515891
14.39	0.4032363206985147
14.4	-0.3375499733447519
14.41	0.6380105542264405
14.42	-0.2932713779333923
14.43	-0.2676634797469156
14.44	0.8445562149233965
14.45	-0.6454414490480094
14.46	-0.2425534221629846
14.47	-0.05132098664980786
14.48	0.6785661667088874
14.49	-0.9596801279213263
14.5	0.8966380601080066
14.51	0.6985215173406558
14.52	0.9568668426038243
14.53	0.34783271308247204
14.54	0.19428061411784964
14.55	-0.1883672227906386
14.56	0.040104350059994756
14.57	-0.02031854801802127
14.58	0.6071655263672872
14.59	-0.3864916096586101
14.6	0.17385110387457398
14.61	-0.45272468008483474
14.62	-0.011240360096840596
14.63	0.0227075055403214
14.64	-0.14125908058151015
14.65	-0.23119744250363633
14.66	0.5938890967191756
14.67	-0.05436652169837389
14.68	-0.8487233671183925
14.69	-0.5698781307569949
14.7	0.0949347346078881
14.71	0.6162160767265764
14.72	-0.05029336511789759
14.73	0.04247609469750449
14.74	-0.9087344994982587
14.75	0.9240280731598205
14.76	0.3969701765422065
14.77	0.049222605965159635
14.78	0.965762786923472
14.79	0.3159010239053213
14.8	0.5703893234752985
14.81	-0.03825769941665297
14.82	-0.27875243146792994
14.83	-0.03090636992093576
14.84	-0.17201161647456414
14.85	0.8596239599284257
14.86	1.4890909613259122
14.87	-0.15746029361263852
14.88	0.9881960849767701
14.89	-0.6153759193104618
14.9	-0.5544525015344774
14.91	0.10614222784848373
14.92	-0.5038778981370786
14.93	0.6995998226323905
14.94	0.33166302329821734
14.95	0.8883790716505433
14.96	-0.3727256567947716
14.97	-0.2106436603833316
14.98	-0.21730692337302843
14.99	0.9275790915098515
15.0	-0.21766137281916897
15.01	-0.2637575060227754
15.02	0.658050995048576
15.03	0.20650799179142315
15.04	-0.5952961030968844
15.05	0.3907004749273321
15.06	0.42262266712730884
15.07	-0.39893236654957637
15.08	-0.13675236010657188
15.09	-0.11329324270545399
15.1	0.4081243013299527
15.11	-0.01612633906345487
15.12	-0.4882124444680644
15.13	0.1226543936582127
15.14	-0.38118945057376835
15.15	-0.31814622789599023
15.16	0.32786855136474746
15.17	0.8081523491725497
15.18	-0.37938106334427696
15.19	0.22544033215558207
15.2	-0.41916296528443725
15.21	0.5009028238962755
15.22	-0.5640405383217106
15.23	0.3721015881535499
15.24	0.16721395251229945
15.25	0.7683701949110717
15.26	0.26071468369610773
15.27	0.668690218216309
15.28	-0.599261844100542
15.29	0.730062887237451
15.3	0.06540320010070008
15.31	0.04003101085969746
15.32	0.13105754510590595
15.33	0.6596647767891852
15.34	-0.5709741324974797
15.35	0.2826665840880549
15.36	0.5416685151636595
15.37	-0.3495595571362738
15.38	-0.018175034495033077
15.39	0.9688826875063692
15.4	-0.05807535414987125
15.41	1.06829531970514
15.42	-0.22473724816848456
15.43	1.098165609448285
15.44	0.27739938575164547
15.45	0.6650028190920316
15.46	0.4688574394999092
15.47	0.14409940616446792
15.48	-0.7004500915078902
15.49	-1.0304181686208103
15.5	-0.16088761455861073
15.51	-0.4949629014997909
15.52	-0.0360815834463184
15.53	0.16449633948294248
15.54	0.6568070007249871
15.55	-0.22399632988627538
15.56	-0.4459566650095645
15.57	0.38611544276865967
15.58	0.3954976761355486
15.59	-0.5348896516356685
15.6	0.6420591856965282
15.61	0.7096484060140907
15.62	-0.19448531777014139
15.63	-0.4539642270017074
15.64	-0.5134008715498488
15.65	0.531894796234645
15.66	0.08661917845837097
15.67	0.05839954340763957
15.68	-0.2798888314386706
15.69	0.8442045502254516
15.7	-0.2678854252771966
15.71	0.007886695297726065
15.72	1.4026158651730831
15.73	0.7658723545614721
15.74	0.0461748510047031
15.75	-0.04928050627797842
15.76	-0.4720942019737971
15.77	-0.31483936291130515
15.78	0.377495165207283
15.79	0.562599359678662
15.8	-0.173609998603948
15.81	0.4317645630055432
15.82	0.23932944398245362
15.83	0.6113885045956671
15.84	-0.38167360703328973
15.85	0.6736853374663243
15.86	1.0438783609770166
15.87	0.011556709555897896
15.88	-0.1384635677973391
15.89	-0.644649419560241
15.9	0.4876570444998954
15.91	0.935373995909373
15.92	-0.9265401425872919
15.93	0.1189780478099008
15.94	0.228579752951458
15.95	-0.9606007907348812
15.96	-0.11012945126504486
15.97	-0.3712716901882328
15.98	0.029082053933928237
15.99	-0.49272972633005363
16.0	1.1842428477138522
16.01	0.023674483084318035
16.02	-0.21236581080264777
16.03	0.0107759911541523
16.04	0.33338740230284825
16.05	-0.718272472438224
16.06	-0.21566168717151346
16.07	0.024487143429685422
16.08	0.02977110977888521
16.09	0.5451656738541742
16.1	0.4248380253490787
16.11	-0.04620273858309264
16.12	0.17817174078571157
16.13	1.0864556623911685
16.14	0.1384779249566868
16.15	-1.144207997214973
16.16	-0.39965030790604267
16.17	0.11224667609819963
16.18	-0.5188682141673343
16.19	0.17213597520609966
16.2	0.31489576915912454
16.21	0.6905497334602164
16.22	0.6333834895434332
16.23	0.6041036899360946
16.24	-0.4582154530938248
16.25	0.229262801409495
16.26	0.35886539847423
16.27	-0.8458048760427013
16.28	0.8310917872117385
16.29	0.4153951212167669
16.3	0.14637669736985612
16.31	0.4503118313572753
16.32	-0.13167699712436726
16.33	-0.29734365794084017
16.34	-0.30996746183755675
16.35	-0.04128728734905425
16.36	0.45071959713877413
16.37	0.29456376865077033
16.38	0.07530976911963919
16.39	0.1859434208319777
16.4	0.11566745234064778
16.41	0.15725867158845203
16.42	-0.07188975741666657
16.43	0.2484104158667491
16.44	-0.3053985411111096
16.45	0.28254446310147396
16.46	-0.09475672085959871
16.47	0.318244364888788
16.48	0.0268185231713917
16.49	0.4874615937261376
16.5	0.07412324303610444
16.51	0.5461402970973761
16.52	-0.309826469005204
16.53	-0.36595078708981593
16.54	0.3826768420868075
16.55	0.9852484719752743
16.56	-0.44128002642187386
16.57	-0.9876661844451082
16.58	0.5721661359853658
16.59	0.5053406775431638
16.6	0.22395797305924597
16.61	0.4522414009893595
16.62	-0.7412813905269952
16.63	0.540853186776895
16.64	-0.0619833120445516
16.65	0.7959498334181975
16.66	-0.2610700161331284
16.67	-0.3323484492084544
16.68	1.0716700617044999
16.69	-0.8873558137661592
16.7	-0.18925832308553925
16.71	1.4297753950518115
16.72	-0.48644361043190176
16.73	-1.066075357319518
16.74	0.9430002789026901
16.75	0.4661906887965085
16.76	0.020831970668178865
16.77	-0.08850926167240297
16.78	-0.45925977591176387
16.79	0.06671742204707157
16.8	0.3028437160089562
16.81	-0.5993754307239045
16.82	-0.07198785179836278
16.83	0.40980565932390595
16.84	0.39546313407099726
16.85	0.17181594335543224
16.86	-0.12652444022581807
16.87	-0.16897895873286964
16.88	-1.3011793311340751
16.89	-0.12385682903945514
16.9	-0.21343627395991796
16.91	0.6315407885031905
16.92	-0.4027206777407188
16.93	-0.7870508440101134
16.94	-0.4693541765460057
16.95	0.13016591955200849
16.96	0.7806713986307692
16.97	0.18085946072154585
16.98	-0.0380323735001352
16.99	0.09738032696288638
17.0	-0.07454880133060217
17.01	0.9594644505745669
17.02	0.12016276489582331
17.03	-0.679383242076573
17.04	0.412268683604065
17.05	0.45075019504396696
17.06	-0.1449502352031786
17.07	-0.14462935030798646
17.08	0.397430970482579
17.09	-0.5493311968648352
17.1	0.6382255305511015
17.11	-0.18415542887778397
17.12	-0.17844408095126152
17.13	-0.21147012260176395
17.14	0.19356412688145477
17.15	0.6317903286492272
17.16	-0.10263638471178002
17.17	0.24983537119519136
17.18	0.24812817185897357
17.19	1.2308723368818886
17.2	0.593127344501044
17.21	0.23455643058242323
17.22	-0.2683533875148629
17.23	0.2682007725241052
17.24	0.06765427675972081
17.25	-0.34203030876829454
17.26	1.4954381126572223
17.27	-0.2926026394093322
17.28	-0.2457705374049755
17.29	0.2262537749201964
17.3	0.36575517204089925
17.31	0.10717922238761524
17.32	-0.02480474823133849
17.33	-0.4875855636372565
17.34	0.5191408908969328
17.35	0.8225898185776026
17.36	0.8103108036067328
17.37	-0.00798835854132185
17.38	-0.5531873817827231
17.39	-0.6256962175397391
17.4	-0.16230485127625727
17.41	-0.21799803565566594
17.42	0.010663750145577399
17.43	0.3017153945481321
17.44	-0.8015108264122818
17.45	0.3989836647157332
17.46	0.9481717033131905
17.47	0.3378326149866868
17.48	0.6110646537102092
17.49	0.10691202818749722
17.5	-0.11487733835640528
17.51	-0.31588930756672806
17.52	0.7543197112919617
17.53	-0.5156069524150932
17.54	-0.14360444789886084
17.55	-0.1356813806635951
17.56	-0.5040382001427095
17.57	1.681770833706285
17.58	1.1435985485958755
17.59	-0.2822635703311785
17.6	0.7748059551006226
17.61	0.644404405364861
17.62	-0.24459226728905337
17.63	0.25415904885952617
17.64	0.4453026878046845
17.65	0.2480247901666502
17.66	-0.11950767371523056
17.67	0.1312103036462861
17.68	0.5222968910132797
17.69	0.0025303182369686567
17.7	-0.9536057411163205
17.71	0.13452342546092183
17.72	-0.5685343993143488
17.73	-0.7369364264724705
17.74	0.4452831071821064
17.75	0.8621590337848528
17.76	-0.04537704355351557
17.77	0.015259795706961787
17.78	0.9333372668872366
17.79	0.8955258112618403
17.8	-0.7608798616109764
17.81	-0.258120056148842
17.82	0.7779947841283883
17.83	0.09872634915572896
17.84	0.5825566188765947
17.85	0.4262050940561765
17.86	-0.1845572471415548
17.87	1.1547055767748597
17.88	-0.6516178655936102
17.89	0.6664575636065101
17.9	-0.030764046617875157
17.91	-0.08791993451153865
17.92	0.5395835929116362
17.93	0.5558358646382235
17.94	0.016197493320107226
17.95	0.31505840881424885
17.96	0.5789706006034461
17.97	-0.6299555004606343
17.98	0.3574958279334292
17.99	0.34586773334109805
18.0	0.8271738217463105
18.01	-0.015487565645305512
18.02	-0.6411578576000423
18.03	0.7002891735031269
18.04	0.38036089810251267
18.05	0.553954501542468
18.06	0.9526388664816439
18.07	0.657034904837771
18.08	0.40366379903158717
18.09	0.5536693346990205
18.1	0.05570329939473573
18.11	0.49660204621843457
18.12	1.5408279015896347
18.13	0.27089035670332273
18.14	0.40233247145051615
18.15	0.6558327915763796
18.16	0.5777832910953079
18.17	0.18216230170298042
18.18	-0.1569626406377856
18.19	0.23658151201911076
18.2	-0.1517946499997448
18.21	1.1188987796548966
18.22	0.19248387588309102
18.23	-0.297260598967365
18.24	0.8676325703926127
18.25	0.6393422824381323
18.26	0.4594565850789991
18.27	0.7564666341395736
18.28	0.41501067400868025
18.29	-0.08428418240055757
18.3	-0.5352494837641432
18.31	0.8860927650906293
18.32	0.3927017932002362
18.33	0.8651399620568754
18.34	0.7435127800370547
18.35	0.051224195867031044
18.36	0.7259913987108171
18.37	1.256658006643323
18.38	0.617622318453511
18.39	0.4162327068549442
18.4	0.5599242291700499
18.41	0.4943160879197373
18.42	0.789289750148786
18.43	0.6689228573449318
18.44	1.2758035166639163
18.45	-0.1465889159040203
18.46	1.1207996622213932
18.47	0.9193808450765426
18.48	0.22191309637491624
18.49	0.2981013792113188
18.5	0.25633167164738746
18.51	0.11516317340471333
18.52	0.7537792925636756
18.53	0.3756868475784695
18.54	1.5619188133793456
18.55	1.4511959855502985
18.56	0.22849230198256493
18.57	0.8660024528523128
18.58	-0.39215808891889126
18.59	-0.2636809542338777
18.6	-0.03403997529050362
18.61	0.819149150039262
18.62	0.9208727297350272
18.63	0.8862042264975328
18.64	0.6932732909860307
18.65	0.4319915350338729
18.66	1.0930287570208006
18.67	-0.5476093043540567
18.68	0.22083398517883362
18.69	-0.0063304773472497855
18.7	0.5449985424487603
18.71	1.0808793264655985
18.72	-0.1684910530714513
18.73	0.7461141088224552
18.74	-0.5147955572959003
18.75	0.1400624174537582
18.76	0.40534549110200463
18.77	0.5986113018333837
18.78	0.03767708027343375
18.79	0.4995546087515733
18.8	0.052794818710642066
18.81	0.29551620566003145
18.82	0.6388170122818304
18.83	0.19725859290875725
18.84	-0.01764261677519674
18.85	0.6264443915399617
18.86	0.0817627637615721
18.87	0.2674720503947136
18.88	0.9540138156590348
18.89	1.2054174808915015
18.9	0.7644056558296203
18.91	-0.02087575473514991
18.92	0.710460796491193
18.93	0.1537792789420122
18.94	0.805534439618629
18.95	0.5772523603492227
18.96	0.34061654258081464
18.97	0.6173912984037097
18.98	0.10769640905786604
18.99	1.8972433843836392
19.0	0.27787151589708703
19.01	0.04893751960933096
19.02	1.723731931843544
19.03	0.28064084172790016
19.04	0.3954699522287899
19.05	-0.28542133186605856
19.06	0.5672459600192254
19.07	0.2500999938574715
19.08	0.5172837151821931
19.09	0.2863533666563413
19.1	1.2904519696482666
19.11	-0.4075246133799484
19.12	0.0999282897549641
19.13	0.5456380081445111
19.14	0.8670317495220214
19.15	0.2812390272267231
19.16	1.0775214690036745
19.17	-0.4140031476755033
19.18	0.5191219441798717
19.19	1.857347343634248
19.2	0.5735499805515637
19.21	0.019244238028142846
19.22	0.634070927033726
19.23	-0.06001622907072801
19.24	-0.33480900611347075
19.25	1.4038654867791491
19.26	0.7068249397206878
19.27	0.02634670471328443
19.28	0.2243649552657196
19.29	0.4475529639586497
19.3	0.5846191436050603
19.31	0.22137908918094978
19.32	-0.28538459027491736
19.33	-0.4713767292377762
19.34	0.968915114507317
19.35	0.2185958544181994
19.36	1.0041517038697094
19.37	1.1682009509396234
19.38	0.8676772774670274
19.39	0.3143040782067873
19.4	1.9925354623794393
19.41	-0.05915767148501261
19.42	1.3010338865650564
19.43	-0.3355248995948543
19.44	-0.07240235379348481
19.45	0.9260004789993537
19.46	0.4817767656488781
19.47	0.5836745877713982
19.48	0.9632619925486602
19.49	0.6257337434768988
19.5	-0.17198029695928585
19.51	0.4538995176912588
19.52	0.13096535703382095
19.53	0.6629393840382867
19.54	0.7958985666902192
19.55	0.19639317112768234
19.56	1.1128109282006953
19.57	0.2953591275310707
19.58	-0.35593803323203355
19.59	0.8435317112713966
19.6	-0.03220721749212907
19.61	0.3728183706525752
19.62	0.40491359615762834
19.63	0.6750738421606034
19.64	0.6525195031162399
19.65	0.3154407526200508
19.66	0.5988573946804343
19.67	1.6688047536400223
19.68	-0.5041915774137776
19.69	-0.14705253717619904
19.7	0.6695703657850111
19.71	1.0144195355462948
19.72	0.6968757973520936
19.73	0.5786264079993315
19.74	0.5612699332754053
19.75	0.09197990068342815
19.76	0.21372064327693824
19.77	0.6088390542581275
19.78	-0.17630397422513888
19.79	0.3098994929650715
19.8	0.2621526717032485
19.81	0.7458827237354694
19.82	0.1779570022557735
19.83	0.6842438321055105
19.84	1.148579623367115
19.85	1.2816913983741065
19.86	0.781525896946013
19.87	0.2882093667810843
19.88	0.8397482970592915
19.89	0.24925006212560363
19.9	0.06938713384215267
19.91	1.1871246003179938
19.92	0.20448012760911932
19.93	0.7524054885329867
19.94	0.26868523664535277
19.95	0.2971300094350514
19.96	0.48321189043420654
19.97	0.6532100536959036
19.98	0.46861441653923674
19.99	0.5825002920126034
20.0	0.5694276409711585
