10.01	2.7049850489567304
10.02	3.0137886625799117
10.03	2.8472781491361707
10.04	2.7612497511695544
10.05	3.1536313902787336
10.06	3.5940896690238806
10.07	3.6673980635366723
10.08	2.3898321631628017
10.09	2.4880467040494123
10.1	2.1813989105776406
10.11	3.701812922114958
10.12	2.596491522992829
10.13	2.142257500826363
10.14	3.2486243300655864
10.15	3.2156910708938713
10.16	2.391535299855755
10.17	0.8503263870015056
10.18	2.2383670926335735
10.19	2.6158905133710335
10.2	2.313443673130402
10.21	2.6779214553185042
10.22	1.2877345146365025
10.23	1.4951340225325955
10.24	1.740657651356699
10.25	1.5440155574687435
10.26	2.088717925175813
10.27	1.6850879520345332
10.28	1.7136370935006784
10.29	1.3471279830753002
10.3	1.5831676301327715
10.31	1.9088119416487417
10.32	1.421769277346924
10.33	1.1530536223825936
10.34	1.0920596030123233
10.35	1.3718884491084564
10.36	1.3910332499614804
10.37	1.123486118051617
10.38	0.05503083911729467
10.39	0.5969386282944519
10.4	0.17161340152836252
10.41	-0.14643393666156856
10.42	0.5888301310106653
10.43	-0.370378759108048
10.44	0.013897252724971916
10.45	0.11833753034168834
10.46	-0.18126060455177873
10.47	0.4195480264063935
10.48	0.005218437958111652
10.49	-0.07627147782084395
10.5	-0.06774684390558831
10.51	1.0222224341233621
10.52	0.017516563771368794
10.53	-0.025816922540566917
10.54	-0.7418905323870176
10.55	0.3633443300382031
10.56	-0.699732307508708
10.57	-0.1840480150808843
10.58	0.8078454362258798
10.59	-0.20636536112516166
10.6	0.5231207419298811
10.61	-0.11894090261411042
10.62	-1.0221176498203401
10.63	-0.8850580940789666
10.64	-0.4425785420876428
10.65	-0.948176606780264
10.66	0.21577094254581095
10.67	0.005990263508966309
10.68	0.2750940038327847
10.69	0.1140562256194537
10.7	-0.20027518350550644
10.71	1.0007594904221255
10.72	1.2992621705473977
10.73	0.8387594374090614
10.74	0.9570696258471769
10.75	1.3859854012514874
10.76	0.5386585396439524
10.77	0.7006775478827074
10.78	0.01985087318069767
10.79	-0.061545847355911176
10.8	0.632239442033177
10.81	0.14975358320999388
10.82	1.0455065037332054
10.83	0.6940723317112605
10.84	0.3880606679564293
10.85	1.1217562317509966
10.86	0.5372064576300278
10.87	1.305843603327248
10.88	0.7287706721092354
10.89	1.0760148773415323
10.9	0.6738098075678185
10.91	0.822955794179698
10.92	0.7397479109052345
10.93	0.4634118911863576
10.94	0.5195193042563258
10.95	1.0004557826371043
10.96	1.3060818868454502
10.97	0.9254215482850036
10.98	1.4081308910557164
10.99	1.3980113138097905
11.0	0.4257211441680691
11.01	-0.19660589567011932
11.02	2.610481848660955
11.03	0.5731209968089707
11.04	0.7647850176277213
11.05	1.2619007954641561
11.06	1.2829414470687943
11.07	1.4667238009835664
11.08	0.8167579142714879
11.09	0.6355771321167616
11.1	0.5807988260015822
11.11	0.6695523221640445
11.12	0.6624572271851283
11.13	1.0770209397378285
11.14	0.6022276702406874
11.15	0.41173994863781815
11.16	0.4967465396908282
11.17	1.1669286426504075
11.18	0.3011382312953038
11.19	1.5777620781687929
11.2	0.8441787118060899
11.21	0.7908839162311394
11.22	0.6006295268762245
11.23	1.351957167654029
11.24	1.2547645116049515
11.25	2.0623244106821517
11.26	0.8981868839326046
11.27	2.194294312922041
11.28	0.47697789157057824
11.29	0.761942014548326
11.3	1.0316308662643785
11.31	0.6157596636874801
11.32	1.1147876001069965
11.33	1.3379805218981646
11.34	0.9646896338110716
11.35	1.5645242008276403
11.36	1.644548490098828
11.37	2.1071015323260998
11.38	1.8864073830981916
11.39	0.6539718830941199
11.4	1.394196943775185
11.41	1.830429659615407
11.42	1.4639774469629745
11.43	1.1238974475768482
11.44	1.7832649458008096
11.45	1.5036853792969511
11.46	0.9068408177793148
11.47	1.816927769852343
11.48	2.832264107654881
11.49	2.790985573622966
11.5	1.6993271548800366
11.51	2.3025629941828503
11.52	3.1648345459811047
11.53	2.69865434645552
11.54	2.35786875909232
11.55	2.5634619689465477
11.56	2.683592580422138
11.57	2.063697612730926
11.58	2.2716719722916445
11.59	2.4294130429877008
11.6	3.6143539770781734
11.61	2.9899058904993323
11.62	3.1351271665455744
11.63	2.350434752404346
11.64	2.2741561210084686
11.65	2.730714526263598
11.66	2.5452056045111537
11.67	0.8024191824973508
11.68	3.4646079675602413
11.69	3.263133385261875
11.7	2.6377025014177837
11.71	1.8910779022192679
11.72	2.260668936475891
11.73	1.4042267388115386
11.74	3.0347402820923897
11.75	2.2996795175528693
11.76	3.0619139408171376
11.77	4.296813075625267
11.78	2.5994260931545035
11.79	2.9004316744031198
11.8	2.30417893179405
11.81	1.8054137841443563
11.82	2.4606130483424113
11.83	1.6768621067871035
11.84	2.507997823505109
11.85	2.157269712996309
11.86	2.2353874496836887
11.87	1.3358508781750524
11.88	2.3672442218217458
11.89	2.4756472036838457
11.9	1.9246088707133984
11.91	1.4786525487586684
11.92	2.3487903531524417
11.93	1.608761321863025
11.94	2.3759043707669774
11.95	1.8697048365154245
11.96	1.8962434295300115
11.97	1.4765089079896319
11.98	1.483946065158769
11.99	1.6445646718307136
12.0	3.0679134589012427
12.01	2.3082880109625084
12.02	1.5510346276556084
12.03	1.6043252020340895
12.04	1.983045970094639
12.05	1.9201071436589328
12.06	2.096815616376362
12.07	1.7414654499657767
12.08	1.7400226879118896
12.09	2.5609139629101123
12.1	1.5374081732357299
12.11	2.4995700118434083
12.12	1.446317274265996
12.13	2.602783872491541
12.14	1.8806155106999793
12.15	1.9535785505038799
12.16	1.9945094106793257
12.17	2.654518816301177
12.18	2.4915188162872637
12.19	1.5578063198379577
12.2	2.162945940069518
12.21	1.9143247030863084
12.22	1.9230519607703493
12.23	1.9520806750737696
12.24	3.109829985213822
12.25	2.288063599012866
12.26	2.0024032329825134
12.27	1.2792578993819506
12.28	1.765026108187558
12.29	1.9018073463382301
12.3	1.2964337077964754
12.31	1.3929940160701266
12.32	1.7214786792726655
12.33	1.6462026353122636
12.34	1.4044510629452254
12.35	2.1267431544003164
12.36	1.692909900965765
12.37	1.1553614843774827
12.38	0.6584770660326513
12.39	2.357843496743749
12.4	1.9195300638930404
12.41	0.6719364838882171
12.42	1.296014619717079
12.43	2.00738071830373
12.44	1.6863930832696425
12.45	2.0047818197074094
12.46	2.148861765388567
12.47	1.6619864031029898
12.48	1.5130274395102337
12.49	1.5449001590595457
12.5	1.7290270498650648
12.51	1.2417921008430244
12.52	1.5781674010519728
12.53	2.2094354334227773
12.54	1.8461828086147272
12.55	1.6409201742517516
12.56	1.6219217189018118
12.57	2.009124003492073
12.58	2.208652765680575
12.59	1.7871733201954874
12.6	1.6692313098575269
12.61	2.006952071085874
12.62	2.640410287802843
12.63	2.7533200080940645
12.64	3.5168402085584938
12.65	3.3204206297416405
12.66	1.4368016974410465
12.67	3.0915394939638823
12.68	2.645598725783714
12.69	2.8527714189475106
12.7	3.358752593398448
12.71	2.919979275089683
12.72	2.5733458965270852
12.73	3.5048628830366866
12.74	3.1974456406584415
12.75	3.953365670860135
12.76	3.5260360433459335
12.77	3.688906177348182
12.78	3.5797512690076982
12.79	2.5135817771871123
12.8	3.9419994273244363
12.81	4.1108088988056135
12.82	3.9335601453435802
12.83	2.8518603552413486
12.84	3.351137374230689
12.85	4.600810365351954
12.86	4.377202901000268
12.87	2.9199474946590334
12.88	3.41725600465776
12.89	3.1982108036238723
12.9	3.4339685997484075
12.91	3.14841511091562
12.92	3.4770615500214817
12.93	3.378332234540026
12.94	2.901681314866968
12.95	3.4577263043699844
12.96	3.712418648752229
12.97	3.599402553181354
12.98	3.9498609044990465
12.99	3.1177208097431683
13.0	2.885036363493393
13.01	3.952941667645442
13.02	2.632454429256044
13.03	3.8337475731072774
13.04	3.715822360519138
13.05	3.221975947726304
13.06	4.08351035868027
13.07	2.8527089552174254
13.08	2.6639916168855593
13.09	3.8722750651135165
13.1	2.8460508213689666
13.11	3.087000746777934
13.12	3.3420613050169328
13.13	2.3098395996468035
13.14	2.735639674057722
13.15	2.809197686399948
13.16	2.522561370181856
13.17	2.9988525054639057
13.18	2.977948548165188
13.19	2.779188546727788
13.2	2.6960862851619614
13.21	3.006517562473458
13.22	2.9693443067328027
13.23	2.2924043023273075
13.24	2.7981173882099344
13.25	2.625357175262793
13.26	1.7859163490362011
13.27	1.5837319075337164
13.28	2.127955742751154
13.29	1.8760504128022015
13.3	2.3453752655302527
13.31	2.2925629861827015
13.32	2.9536411414209383
13.33	2.5170299475456623
13.34	2.115128218494027
13.35	2.0020162119179177
13.36	3.516078698694872
13.37	2.7062571451800723
13.38	2.433958169117371
13.39	1.4259997517751462
13.4	1.426211571764711
13.41	2.3475917458331526
13.42	1.7539733172215821
13.43	2.165854494108184
13.44	2.118011385141002
13.45	2.084530686527305
13.46	2.4836910463367965
13.47	2.7233635472771005
13.48	3.0645229133966057
13.49	2.8975745449130037
13.5	2.0378623384142314
13.51	2.644459872519172
13.52	2.300095290475783
13.53	2.438486613831397
13.54	2.791638205729016
13.55	1.6486732082182534
13.56	2.77851327327791
13.57	2.7575518911349755
13.58	2.164345596604418
13.59	3.0506432892658566
13.6	2.2874088505482737
13.61	2.677455045573802
13.62	2.015321718212923
13.63	2.7343375661271985
13.64	2.0387098801711807
13.65	3.0891953389415434
13.66	3.862166048403004
13.67	1.8908486960808106
13.68	2.4677822422761406
13.69	2.5265364510812827
13.7	2.961298853109574
13.71	2.0282343862556154
13.72	2.1696132199809783
13.73	3.156881809650627
13.74	2.8432605687097348
13.75	2.483921341300525
13.76	1.8993903013337894
13.77	2.205780292052453
13.78	2.936312350372991
13.79	2.6744199511427498
13.8	2.2542876623974495
13.81	1.8692995709314313
13.82	2.3755332179164053
13.83	2.4883289633467465
13.84	3.373129798815703
13.85	2.524329206259666
13.86	1.8603088129800982
13.87	2.9468602398610013
13.88	1.8627416193714095
13.89	1.934460417257062
13.9	2.4773304615758933
13.91	1.8568835391890102
13.92	2.992245828489559
13.93	2.689786658695674
13.94	2.538519282924216
13.95	2.5105695245092527
13.96	2.147221585279369
13.97	1.7639399644981792
13.98	1.8016348840827658
13.99	1.248758395814048
14.0	2.262746540325053
14.01	2.1199293677202053
14.02	1.9615961003587619
14.03	2.3742909843402886
14.04	1.2835134365066097
14.05	1.8773488374249734
14.06	1.2210647384492883
14.07	1.824566600676973
14.08	2.4150813225030454
14.09	1.0224496240276715
14.1	1.3604497068289227
14.11	2.4550309643179986
14.12	0.8616149407226872
14.13	1.8319729634458626
14.14	1.3195976296439242
14.15	1.6841844508153714
14.16	1.6905017393333415
14.17	0.6055516795538041
14.18	1.0133818357786342
14.19	0.999225222381456
14.2	1.6895840916366824
14.21	1.7741182942242848
14.22	1.1525684766180369
14.23	2.423540937178873
14.24	0.4286220813871664
14.25	2.267451954855445
14.26	1.6215453692896193
14.27	1.8832819894547703
14.28	1.2823801817912968
14.29	1.009800655934087
14.3	1.1955256196145303
14.31	1.5841619792620176
14.32	2.019153009105785
14.33	1.4617973004952416
14.34	1.7264357622135895
14.35	1.5284371955683385
14.36	1.571690492758205
14.37	1.9786170194002382
14.38	1.5513453273535869
14.39	1.560554723302162
14.4	1.5765956273361499
14.41	1.0293159756752448
14.42	1.3074136767882956
14.43	1.1654182184512198
14.44	1.7529605862386874
14.45	2.9145576314870523
14.46	1.1831571614989393
14.47	1.1279127669468987
14.48	1.9420987174284248
14.49	1.3219509174218966
14.5	2.373755029625542
14.51	1.5197136186441713
14.52	1.0336956772498205
14.53	1.125521998888913
14.54	1.586056636341943
14.55	1.890143331411766
14.56	1.2504201100170729
14.57	1.5682170393494737
14.58	1.4462291676444134
14.59	1.4838903689319183
14.6	0.9252873187142313
14.61	1.8790702323265775
14.62	2.026288450914925
14.63	2.7057895738858604
14.64	2.3192848675929625
14.65	1.0441933181014553
14.66	1.0338818246467474
14.67	1.8992801251456666
14.68	1.0657452076599365
14.69	2.4005972914619367
14.7	2.18630423207573
14.71	2.1388888080656208
14.72	1.9650068919270798
14.73	0.9793060124450834
14.74	1.3890390294522068
14.75	2.1089251241442604
14.76	3.2529415988694126
14.77	2.7515680235358335
14.78	2.5405478981466523
14.79	2.422474720458508
14.8	2.711086019221373
14.81	2.19468511351289
14.82	2.715126594105511
14.83	2.3236982677800686
14.84	1.5769102458339046
14.85	2.547002506487263
14.86	2.83372008238495
14.87	3.439900881052209
14.88	1.6539235484515515
14.89	3.067504805467289
14.9	2.021494929201303
14.91	2.3954308844575505
14.92	2.875883396233555
14.93	2.4693818707754507
14.94	2.793738975749016
14.95	1.2585294768241244
14.96	2.1697591866541925
14.97	2.41657002504383
14.98	2.295768917899075
14.99	1.7407682705934582
15.0	1.2548769067513794
15.01	1.4659552393448476
15.02	1.1418755466461958
15.03	1.4229909595666659
15.04	1.35363514480495
15.05	0.6610667318899579
15.06	1.8578857643093065
15.07	1.4180156899032077
15.08	1.2516929655530555
15.09	0.8284837761909014
15.1	1.8219826039856764
15.11	0.6907206357042789
15.12	1.9611336474464744
15.13	1.6800889530669763
15.14	2.0233080730665387
15.15	1.2915120854402469
15.16	1.2560602711907516
15.17	1.0798117113646735
15.18	1.7117856017544786
15.19	1.390062417948409
15.2	1.8805869134332263
15.21	1.9823212515855357
15.22	0.43428778432610915
15.23	1.1748016940611683
15.24	1.6837114011178471
15.25	1.006398589571534
15.26	1.1929317917405637
15.27	1.037238807296661
15.28	0.9685353408167621
15.29	0.8404466955373359
15.3	1.3984015344800929
15.31	0.9771045644687305
15.32	0.8959537495640039
15.33	1.3853335914651943
15.34	1.5155819156343997
15.35	1.6524785146519154
15.36	1.2350167895193804
15.37	1.3442623417323831
15.38	0.5075268481868076
15.39	0.7689558860307832
15.4	0.933299183731022
15.41	0.08608802612954647
15.42	1.5949168487544991
15.43	1.202628160742604
15.44	0.8247167499929741
15.45	1.5082921628538766
15.46	1.3614389209192908
15.47	0.26943924502453764
15.48	1.5617876007889127
15.49	1.075821360437285
15.5	1.2228908851307976
15.51	1.5392163497676985
15.52	1.088921348978668
15.53	0.24565223272953673
15.54	0.6798991398562405
15.55	0.8119318894310851
15.56	1.2867065393650658
15.57	1.4010066938320114
15.58	1.279859740718857
15.59	0.9917824525847043
15.6	1.2318786852660994
15.61	0.005121701020317282
15.62	1.1154803293687923
15.63	0.7684744018741325
15.64	1.3506011349240064
15.65	0.004996014951756056
15.66	0.604839586252419
15.67	0.17141809814303588
15.68	1.879521644419409
15.69	1.0697981420377172
15.7	1.57551567235737
15.71	1.7364657492105637
15.72	1.5933701820688198
15.73	1.3315814224461222
15.74	0.5645658576352192
15.75	1.3060947755154226
15.76	1.2725460905466184
15.77	2.0321845414579256
15.78	1.8797770586227056
15.79	2.3803000521705613
15.8	1.7736537941364778
15.81	1.0348384013677316
15.82	2.2299539979228773
15.83	1.1007905698645593
15.84	1.3683385994359696
15.85	2.354491087752562
15.86	2.1001709897540946
15.87	0.9232344038431392
15.88	1.879340538170025
15.89	1.7611368985309737
15.9	1.132926463021231
15.91	1.6510829429114786
15.92	2.146701958809095
15.93	2.5440520967333478
15.94	1.5313457929284167
15.95	1.760276148185963
15.96	1.234690911368461
15.97	1.459642729030128
15.98	1.5853144840960811
15.99	1.4404884840982999
16.0	1.1269315320442868
16.01	2.865885724939038
16.02	1.2873649051507356
16.03	1.7059679065540947
16.04	1.0766782132517378
16.05	1.5028804831337685
16.06	1.0519860552637792
16.07	1.0831992484150892
16.08	1.7658072667284204
16.09	1.0948806418299866
16.1	2.3607242487050795
16.11	0.841103642265863
16.12	2.0784290355377526
16.13	1.806282034641826
16.14	2.1371345841415463
16.15	1.3564344875903818
16.16	1.8843792034853013
16.17	1.9581142065869688
16.18	1.8697566454344898
16.19	2.098220672524941
16.2	1.9904531082668706
16.21	1.6190911294646235
16.22	1.436089926494159
16.23	2.0835631936368184
16.24	1.4857498780240097
16.25	1.646305911323404
16.26	0.9823404154138636
16.27	1.0637743938183841
16.28	0.42033542563809134
16.29	1.7402348056196988
16.3	2.101109180728108
16.31	0.8885767269635962
16.32	1.5829593235586086
16.33	2.0134747235999573
16.34	1.8471479602533698
16.35	1.8558449724253685
16.36	1.5854335098479813
16.37	1.5962024149758394
16.38	2.5839750589367663
16.39	1.0558094710745953
16.4	0.6722767600880056
16.41	1.1019721646905611
16.42	0.9636134776312635
16.43	1.206665668259768
16.44	1.1332126016328348
16.45	0.7944289755678601
16.46	1.509001862115128
16.47	1.3319203731339793
16.48	1.7280637897186044
16.49	0.46524563470068503
16.5	0.5470850544772299
16.51	1.814390822187711
16.52	1.7424350852751869
16.53	1.4856370725049683
16.54	2.3611407498074777
16.55	1.4802811802586524
16.56	1.5863208365818888
16.57	2.227649680669656
16.58	0.3988761752606931
16.59	1.200641553232191
16.6	1.7797632136827009
16.61	1.073410961516328
16.62	1.7632181295402558
16.63	1.3989000874144566
16.64	2.0156303798339916
16.65	0.9032743377621929
16.66	1.6091876591310474
16.67	0.8489611525795022
16.68	1.6606867819990987
16.69	0.9637131306849827
16.7	1.4959253355008422
16.71	0.7414306049519583
16.72	1.4699007655072098
16.73	1.4641668577619182
16.74	1.3002456976418935
16.75	0.059672219243265046
16.76	1.6747777674688507
16.77	0.9806004648215902
16.78	1.5509459354041149
16.79	1.6415869085167787
16.8	1.1350606717455307
16.81	1.2840489266048187
16.82	1.2755330668887586
16.83	0.6481018180560946
16.84	1.2938557091545562
16.85	0.7728693760915779
16.86	1.0193185640874527
16.87	0.4864888536991273
16.88	1.0901306962943071
16.89	1.3260158959343373
16.9	1.2988696484445654
16.91	2.3071245144733643
16.92	0.8232774195937417
16.93	1.8475434758778273
16.94	1.9516594895222443
16.95	1.9726262945119264
16.96	1.45153027179224
16.97	2.5331150181805846
16.98	0.8299810590194678
16.99	1.7554394557548216
17.0	0.7405242648307153
17.01	1.0570343939700688
17.02	0.7823685932203912
17.03	1.4797443110501989
17.04	2.3230974762216414
17.05	2.164905996412848
17.06	1.9563663741932116
17.07	2.2639303846582144
17.08	1.4864491227819316
17.09	1.602626062094058
17.1	1.3953611307652414
17.11	2.3438392087909783
17.12	2.017550669299074
17.13	2.4574824789115968
17.14	1.509925761311041
17.15	2.4737612184273865
17.16	1.666937551447122
17.17	2.004273094337657
17.18	2.0056770095903063
17.19	1.5354309460581232
17.2	2.602496857103449
17.21	1.906099648106673
17.22	2.0623048192573536
17.23	2.712894757723841
17.24	1.5619389858897774
17.25	2.711360997663182
17.26	2.248498722143891
17.27	2.232253067692136
17.28	2.496349370881688
17.29	2.4080525534508666
17.3	2.2546335479463964
17.31	1.6826648645383973
17.32	2.408247285529565
17.33	2.7711329784158396
17.34	2.5889998422903457
17.35	2.026689778541927
17.36	2.843833379174212
17.37	2.321165322627404
17.38	2.6314133747779564
17.39	1.9189697635858396
17.4	2.989985590559429
17.41	2.1241144494776165
17.42	2.775970157733268
17.43	3.863436070544382
17.44	3.696647344165975
17.45	3.2958358612011285
17.46	2.6979852003859524
17.47	2.9007064686333495
17.48	3.181713169095393
17.49	2.8951082598071
17.5	3.220231411256013
17.51	4.222335832445815
17.52	3.6251672417044043
17.53	3.185119177969643
17.54	3.658977839608744
17.55	2.751370782072992
17.56	3.9599681949191696
17.57	3.3758344707960926
17.58	2.611498738863785
17.59	3.77255155907277
17.6	4.131206818678048
17.61	2.5582414086338723
17.62	4.2881272869044205
17.63	4.335633704048055
17.64	3.442795978391079
17.65	2.695947236114914
17.66	3.4729508444124537
17.67	4.051073143227618
17.68	4.290709394908119
17.69	3.7001792809865908
17.7	4.070622936919481
17.71	2.6167992294489313
17.72	3.7524078365593128
17.73	3.874221109232191
17.74	3.250919589774635
17.75	3.6464523157476534
17.76	3.2173607555094117
17.77	3.696386547716684
17.78	3.2669504121309494
17.79	3.960542433445582
17.8	3.655715800886099
17.81	4.487921671630946
17.82	3.8150922859846705
17.83	4.859337947626047
17.84	3.3185881636547854
17.85	3.621556103273644
17.86	4.611531929272891
17.87	5.222412951448321
17.88	4.063874107637395
17.89	4.453068364573849
17.9	4.172647258803199
17.91	3.8488805866546056
17.92	4.740388921463452
17.93	4.210980501166217
17.94	4.897146612509481
17.95	4.648120901978728
17.96	4.894178686257343
17.97	4.002508081021785
17.98	5.249290235741309
17.99	4.654315100276709
18.0	5.3138265303111405
18.01	4.468807675869278
18.02	4.08998159524733
18.03	4.673289716313602
18.04	4.666903999627306
18.05	3.721419620186072
18.06	3.975659638286754
18.07	4.411385870118052
18.08	5.4606240400165476
18.09	4.692615258843479
18.1	4.9845693662452
18.11	4.770414336944189
18.12	4.920375370666911
18.13	5.089491866184621
18.14	4.416547042933008
18.15	4.634050838456633
18.16	4.677791816560617
18.17	4.672109337695139
18.18	5.113359085068272
18.19	5.3791034543758895
18.2	4.573797187777307
18.21	6.021770429235967
18.22	5.300841057500528
18.23	4.474094204620046
18.24	5.308664740112201
18.25	4.025333360267984
18.26	4.093437507791941
18.27	4.148056184080285
18.28	4.322141340540531
18.29	3.973469985226738
18.3	4.503484563352798
18.31	4.080807213938114
18.32	3.462578957754813
18.33	4.06936476430661
18.34	2.8865705697716404
18.35	3.4321991680984345
18.36	3.358025316619838
18.37	3.421231248771563
18.38	3.8921358362589786
18.39	3.2434220948952976
18.4	3.919026240410654
18.41	3.3516725039560678
18.42	4.328962143737624
18.43	4.1143200033968235
18.44	2.798735014199071
18.45	2.6842046007418023
18.46	3.255357676111052
18.47	3.889350085301877
18.48	3.935198647907665
18.49	3.430901202395706
18.5	3.411343171691455
18.51	2.8936603101287814
18.52	3.7247479898973066
18.53	2.61201487889436
18.54	3.2119530932370584
18.55	3.0618297322434596
18.56	2.818027288359445
18.57	3.2915729342975086
18.58	3.440330228565689
18.59	2.4731901663133415
18.6	1.634575841186346
18.61	2.401605446642545
18.62	3.13197336557663
18.63	3.004522824813016
18.64	2.6082111252915574
18.65	3.5823230457932933
18.66	2.3387457787637644
18.67	2.902983279054296
18.68	1.0810034478768655
18.69	2.265338077194078
18.7	3.654060972185728
18.71	2.663360818119273
18.72	2.002916525632008
18.73	2.670823200075837
18.74	2.932609827580671
18.75	2.339323996674094
18.76	2.2305788930593757
18.77	2.9342644513616163
18.78	2.3937290834246365
18.79	2.791605251743269
18.8	3.003657782298218
18.81	2.6976763100145322
18.82	2.1154804265531495
18.83	3.1520200795063684
18.84	3.2768221501759043
18.85	2.7351104310795877
18.86	3.11583976118676
18.87	2.334730090007781
18.88	2.7930626515301404
18.89	2.6346014087078546
18.9	2.377492882069402
18.91	1.910362866638577
18.92	1.8666072001435938
18.93	2.5431514567444227
18.94	2.4178661378948316
18.95	2.523665622639796
18.96	1.4075489949894886
18.97	2.70956020705746
18.98	2.83647996104198
18.99	2.937235805992445
19.0	1.9217917012483943
19.01	3.6839318881184453
19.02	2.105389901890027
19.03	2.1408671919548166
19.04	2.189558013197245
19.05	2.605495744893068
19.06	3.017366276338423
19.07	2.631270114144448
19.08	2.788554181208563
19.09	2.225528341125152
19.1	2.6603425023933736
19.11	1.8016539164507748
19.12	3.6069910200630404
19.13	2.985152529318146
19.14	2.748556584489342
19.15	2.5231250834827894
19.16	2.079229890207973
19.17	2.81871498418384
19.18	2.767131444059257
19.19	1.2745774317913592
19.2	2.433003950357612
19.21	2.942515672932539
19.22	2.2977837012297586
19.23	1.9971115480751127
19.24	2.2478207950862195
19.25	2.7432579396629344
19.26	2.8640455703432584
19.27	2.8193596391547486
19.28	3.4056462452424263
19.29	2.8820092039712266
19.3	2.7466697476387085
19.31	2.5874751948182886
19.32	2.65506712296222
19.33	2.936911255727614
19.34	2.2768669801671986
19.35	2.3960910801040223
19.36	2.5961714250668755
19.37	2.835570002913177
19.38	2.0111468265779218
19.39	2.711416784981033
19.4	2.4563656931859303
19.41	2.4497773055253687
19.42	2.29225968939981
19.43	2.898417191882111
19.44	3.325940041992646
19.45	2.550297495585509
19.46	2.72499560642675
19.47	2.9771417537485845
19.48	2.9879526390295834
19.49	3.027401680142121
19.5	3.438575816289315
19.51	3.905257480237684
19.52	2.860754427505027
19.53	3.631599833233381
19.54	2.878421831063612
19.55	3.1966538756812697
19.56	3.605362428584235
19.57	3.320601862189055
19.58	3.1050303362625273
19.59	3.957471032714116
19.6	2.668579024611003
19.61	4.407694016534139
19.62	4.383275739123541
19.63	2.954521544546942
19.64	4.0065625429179645
19.65	2.9140337883569343
19.66	3.541918431765792
19.67	4.126856813548532
19.68	3.972080485093953
19.69	3.931886870555989
19.7	3.564088723577623
19.71	3.712493612997783
19.72	3.759266916773817
19.73	2.8476777471806507
19.74	4.074367316378691
19.75	4.22904886553924
19.76	2.937879674090398
19.77	3.582264568586533
19.78	3.8941130672769586
19.79	3.26803657321637
19.8	4.3153867082359385
19.81	3.4129814503395486
19.82	4.2875762718822585
19.83	3.019199243192184
19.84	3.5607999781027573
19.85	2.393509978773747
19.86	3.5384733475481327
19.87	4.120963675766841
19.88	4.518110650488399
19.89	3.1837669054566025
19.9	4.233982183570311
19.91	2.9006271134650636
19.92	4.224094206526061
19.93	3.396726971868984
19.94	3.3482270227716593
19.95	3.723780007289728
19.96	3.5597873020929702
19.97	3.427391927421431
19.98	3.3878181351471173
19.99	3.0058352752003206
20.0	3.589345877050616
