10.01	0.2849955488857832
10.02	-0.5942488376404172
10.03	0.8898691876871095
10.04	0.7731600902501677
10.05	1.1981142917348049
10.06	0.28207498501124145
10.07	0.21964042742918377
10.08	0.6387701268748237
10.09	1.341590277701081
10.1	0.8415236411013898
10.11	0.8396348018088784
10.12	0.342798991912455
10.13	0.8384454502216381
10.14	0.9139557300296727
10.15	1.4155965633028753
10.16	1.6689299717549295
10.17	0.34645055571866046
10.18	0.2898146017867841
10.19	0.6333779955523818
10.2	0.029371407192250287
10.21	0.19453145936014732
10.22	0.8698282079612417
10.23	-0.5784603615731314
10.24	0.8340213608180779
10.25	2.1337071609289966
10.26	0.6723474208058681
10.27	0.23652149963590452
10.28	0.7975081371197673
10.29	0.8496041254041193
10.3	0.4838754290657161
10.31	0.2751747978352306
10.32	0.41935014841898144
10.33	1.1076943131638846
10.34	-0.35919313861479674
10.35	0.3086698061822374
10.36	1.7254192681891045
10.37	0.2511051227587489
10.38	0.5042397364471174
10.39	1.028813061118243
10.4	-0.34872795545356805
10.41	1.9089303088982823
10.42	0.0003624758943371331
10.43	0.7474717335447236
10.44	1.553685651857886
10.45	1.1217487997292972
10.46	1.191850542892451
10.47	1.1632932145868828
10.48	0.4944221027560515
10.49	1.1096839127545932
10.5	-0.00783461047040468
10.51	1.0560279211177153
10.52	0.7238644333765276
10.53	1.3035133608711365
10.54	0.9337506800176208
10.55	0.3237984732319692
10.56	-0.5996111622331123
10.57	0.16407067979943302
10.58	0.3989223436611489
10.59	1.025474079453078
10.6	0.41115958926271073
10.61	0.35711811066364196
10.62	0.022736039272325648
10.63	0.8975333391765854
10.64	0.6881518724328552
10.65	-0.24963126646043332
10.66	0.7753880028388114
10.67	0.07395839477902233
10.68	0.24943466399173053
10.69	0.46247525718608307
10.7	0.4205921656590205
10.71	0.39988726938192765
10.72	1.3615345543762856
10.73	1.2324837567884959
10.74	1.3597456700818915
10.75	-0.6904509612633315
10.76	0.19206601848929755
10.77	-0.2761179745187783
10.78	1.6625988744630908
10.79	1.5845270789210506
10.8	0.2585507808248583
10.81	-0.11082209043040625
10.82	-0.08230570631315381
10.83	0.8441053869224189
10.84	1.4752597549869688
10.85	-0.07005769426816388
10.86	1.4733160057659922
10.87	0.08049825074188105
10.88	1.1715901550260093
10.89	1.3080376998039613
10.9	0.7524669257818813
10.91	0.5550448748385548
10.92	1.0610153842696706
10.93	0.2057035343546384
10.94	1.0739868187348158
10.95	0.08066076186666116
10.96	-0.1279639301118748
10.97	0.03153069417837506
10.98	-0.10054668339905559
10.99	0.923735231868612
11.0	0.45430198086384105
11.01	0.8202660596525214
11.02	1.1541289528670515
11.03	1.0961261644564724
11.04	0.7887738589907451
11.05	0.4757362420079862
11.06	0.7507376019379852
11.07	-0.4143661661735349
11.08	-0.39263587213826234
11.09	1.3671572481485308
11.1	0.15736324909282012
11.11	0.8662103610512455
11.12	0.30525252341894693
11.13	-0.5592661064900334
11.14	0.2774170915144213
11.15	0.6063283546874338
11.16	0.29782406607207657
11.17	0.41713918208119694
11.18	0.10611382539998815
11.19	0.5279478799560174
11.2	0.6615993963158698
11.21	0.8053610585493952
11.22	0.951572642643425
11.23	1.4201373466325213
11.24	0.743096779763875
11.25	0.7676252224369036
11.26	1.28108639173916
11.27	0.005854600646609975
11.28	0.13447620360010837
11.29	-0.3557930357723519
11.3	0.41604328253329137
11.31	0.3861216019414918
11.32	0.7969519831679552
11.33	-0.2774979338624347
11.34	1.0125364664596073
11.35	1.491010263418401
11.36	0.14672353022938844
11.37	0.375630260225942
11.38	1.7461070631321416
11.39	0.4850468027513546
11.4	0.41986565548835714
11.41	0.5431349000250651
11.42	-0.33466004256631837
11.43	-0.27207972285938753
11.44	0.5620502211094588
11.45	0.50845869094982
11.46	0.9423912140055986
11.47	0.203412892269874
11.48	0.9962801491129694
11.49	0.5667250906376582
11.5	1.281151243091207
11.51	-0.9479532726812014
11.52	-0.2743519632173624
11.53	-0.420416871055907
11.54	0.19840733749755224
11.55	0.1367850318853504
11.56	-0.7286182250059337
11.57	0.7351005614981478
11.58	-0.14539500465379562
11.59	0.8502616500659725
11.6	-0.31240646567679176
11.61	0.3223400951430234
11.62	0.4011191039145282
11.63	0.4955144094215854
11.64	0.28377084430833754
11.65	0.29806467651965635
11.66	-0.8209857459195151
11.67	-0.33189996424768764
11.68	0.4449932826823498
11.69	0.1284299690481106
11.7	0.09319399516653057
11.71	0.3513215354217366
11.72	1.2558673312463782
11.73	0.024464422256735507
11.74	-0.49753859581953813
11.75	0.564274886577554
11.76	0.7069075053310481
11.77	0.7943726623619933
11.78	0.5249959422157546
11.79	0.1566237437786015
11.8	0.29452450798591856
11.81	-0.11167358823148993
11.82	0.7247372562673833
11.83	0.2941133784373533
11.84	0.42422844740767174
11.85	-0.284162704481398
11.86	-0.8473476859695546
11.87	0.5938780652837035
11.88	0.5925294797769134
11.89	0.53464646744855
11.9	0.38518148014278647
11.91	-0.16905509439297556
11.92	0.08401793710543776
11.93	0.6347357629291763
11.94	0.3116037982640894
11.95	0.2860194218358798
11.96	0.9767163711938913
11.97	0.6506825614541116
11.98	0.41517915137230865
11.99	0.03408858775164636
12.0	-0.35502751998778126
12.01	-0.14150837874211286
12.02	0.6519182288002858
12.03	0.6134325528805173
12.04	0.6494013605265762
12.05	-0.03952203307244084
12.06	1.5217267271950892
12.07	-0.9099216237745069
12.08	-0.6992175977731567
12.09	-0.8898918044002873
12.1	1.3834534177593045
12.11	0.46075423338091015
12.12	0.6305825915443029
12.13	-0.5726687643186081
12.14	-0.6515514398765128
12.15	-0.5428610651331318
12.16	0.07678164623683742
12.17	0.1799367649825423
12.18	0.24675328101594052
12.19	0.23201366750471553
12.2	0.6570618092904981
12.21	0.33173176598276616
12.22	0.35670915677121334
12.23	-0.25002134436905726
12.24	0.5318112318603824
12.25	0.14871173261234508
12.26	-0.019786439318010135
12.27	0.2353031640091775
12.28	0.35869774791916254
12.29	-0.3977905472167597
12.3	-0.9016341256681153
12.31	-0.03509270557156138
12.32	-0.1686504943274197
12.33	-0.03378312895592733
12.34	0.5184442901671491
12.35	0.7060616102664856
12.36	0.9305503602859606
12.37	0.6725450485272366
12.38	0.821301642678772
12.39	-0.11073666549000702
12.4	0.1769613493421902
12.41	-0.49452883682686616
12.42	-0.09681550100953168
12.43	0.6256068893419378
12.44	1.8555774486633796
12.45	0.18918702617088942
12.46	-0.7163588939935539
12.47	0.4879039206397654
12.48	-1.1130530616524976
12.49	0.42658863650495954
12.5	0.4986883263688921
12.51	0.5814088748147677
12.52	0.4902755082854775
12.53	-0.07464330129775354
12.54	0.933153255026927
12.55	0.7619102115101812
12.56	-1.025848400308064
12.57	-0.9484259375782693
12.58	0.4260152052352912
12.59	-0.008095333513345015
12.6	-0.06044014925184654
12.61	0.2114613002354092
12.62	-0.18118596982745167
12.63	0.3869191918781188
12.64	-0.3511924978080425
12.65	0.35667744879441965
12.66	-0.24373336132356171
12.67	0.5788797525452164
12.68	0.2600820883513976
12.69	-0.49526625836696797
12.7	0.14183017251067553
12.71	-0.08176372409415739
12.72	-1.0921134915438628
12.73	0.8504623297833709
12.74	-0.6454670655591355
12.75	-0.4511883181498915
12.76	0.6476320548468721
12.77	-0.1376295075071402
12.78	0.9120615200402564
12.79	-0.7129434822500369
12.8	-0.2618862927424294
12.81	0.6496219379207762
12.82	-1.1138024612770223
12.83	0.42852393316472365
12.84	0.1175669383926292
12.85	0.23128395928444062
12.86	0.10817362451921236
12.87	-0.47706222000910653
12.88	-0.3854046582402219
12.89	0.0018902726986908397
12.9	0.27405559942245816
12.91	1.2325687463256445
12.92	-0.35116124708816265
12.93	0.08625201522545775
12.94	-0.2058111802037471
12.95	-0.6967558754462566
12.96	-0.07164703900426417
12.97	-0.2911425449875214
12.98	0.13184118337232906
12.99	-0.20082714839003146
13.0	0.0198921695315155
13.01	0.3813095715905044
13.02	-0.5493899869442189
13.03	0.4140559621263201
13.04	-0.1015063199377807
13.05	-0.11734439361686677
13.06	0.24654681160357877
13.07	0.4401419474654478
13.08	-0.24558618119324932
13.09	0.42947657983518966
13.1	0.3284314805034685
13.11	-1.4532577242935156
13.12	1.2496675172561604
13.13	-0.7554883385760318
13.14	0.4871586932074821
13.15	0.3168704889169844
13.16	0.21827830724442399
13.17	0.9951741236633389
13.18	0.1565196360245223
13.19	-0.18150924299425164
13.2	0.6190402394354328
13.21	-0.12566641109048504
13.22	-0.8800127847992787
13.23	0.5997838715582694
13.24	0.48687859386706184
13.25	0.13503310533331775
13.26	0.5421727326243564
13.27	-0.04872292518982749
13.28	0.10046325677878451
13.29	-0.038687551733614156
13.3	-0.7793502845309674
13.31	0.2866627002648451
13.32	-0.2756115170420709
13.33	0.18422263676304856
13.34	-0.8022030028545137
13.35	0.3543285467668603
13.36	0.2198276646268244
13.37	0.5692304495685361
13.38	-0.3299081558555949
13.39	-0.17630767861405966
13.4	0.3878439454485598
13.41	1.0434966669726087
13.42	0.5703543126291624
13.43	0.6028524621850081
13.44	-0.4447137059647391
13.45	0.13881944437769422
13.46	-0.19734113189950886
13.47	0.2226573216261114
13.48	0.1754756388135686
13.49	-0.5694783719177003
13.5	0.36615786268330663
13.51	-0.6248038886161769
13.52	-0.2048506278740036
13.53	0.6948942738034958
13.54	0.5935986721401032
13.55	0.7798523067530432
13.56	-0.13641352170515225
13.57	0.09646879156297522
13.58	-0.017827986960272962
13.59	0.9528338001714971
13.6	0.4499998700060908
13.61	-0.09205350230475509
13.62	0.38404265859583303
13.63	0.3695897755571794
13.64	0.037617170246823345
13.65	-0.3987626545006649
13.66	0.556585861071651
13.67	-0.4767376739105819
13.68	-0.32847570245500773
13.69	-0.3165239988079139
13.7	0.5360819877044389
13.71	-0.16297085413213191
13.72	0.25934372608487555
13.73	-0.07017113361083807
13.74	0.5342167178732349
13.75	-0.327489499706049
13.76	-0.0866095275235837
13.77	0.7222452395011941
13.78	-1.181599761107271
13.79	0.5102804591724985
13.8	-0.3295288275918342
13.81	-0.20424274033163853
13.82	0.02365551164257676
13.83	-0.4635600204035017
13.84	0.26985590040308666
13.85	0.2748230326930987
13.86	0.5534552742843066
13.87	0.43020732671665135
13.88	-0.09994871307560232
13.89	0.42302207662588337
13.9	0.27377191672470425
13.91	0.8363444466947534
13.92	-0.46859474719802424
13.93	0.8885493365322965
13.94	0.2697220096096641
13.95	0.4491418652377139
13.96	0.033976853774633775
13.97	-0.41376995724918303
13.98	0.42390314895875975
13.99	-0.6564101192148561
14.0	0.9099278553517993
14.01	0.12021183946756746
14.02	-0.2514908996497388
14.03	-0.4058649846536803
14.04	0.5892052281844347
14.05	-0.2860531543846528
14.06	0.35315470989373565
14.07	0.385239955093729
14.08	1.5837761508174542
14.09	-0.25263490094375174
14.1	0.5525790389766796
14.11	-0.22950498176538264
14.12	0.5198854380151896
14.13	0.42775942073493395
14.14	0.06713398080180205
14.15	0.18866014451203023
14.16	0.8224248331698043
14.17	0.6638187147535017
14.18	-0.405831104370664
14.19	-0.40818635728584324
14.2	-0.476827048841653
14.21	0.8936835538573558
14.22	0.8780422229548399
14.23	0.20526071023663095
14.24	-0.4069175597842965
14.25	0.05762331865288617
14.26	-0.14077801922174155
14.27	0.8000460120649182
14.28	-0.2282124267640453
14.29	1.4547757305716118
14.3	0.2510778283594677
14.31	0.09304811213328551
14.32	0.4237461906236046
14.33	-0.46266928872903207
14.34	0.493644902797532
14.35	0.07508018901624491
14.36	0.8005096732032617
14.37	0.5497563631198958
14.38	-0.403917512157884
14.39	0.7268004550249269
14.4	0.7348322659268407
14.41	0.4984470644060411
14.42	0.2995078159874329
14.43	-0.3429206063745492
14.44	0.676147921816638
14.45	-0.2622941245174377
14.46	-0.7092800638315331
14.47	-0.28758845446293424
14.48	0.28670673075483083
14.49	-1.0023078553136693
14.5	0.4970234099917137
14.51	-0.38435885452253477
14.52	0.24373702279360385
14.53	0.16121574431024613
14.54	0.5192626364842279
14.55	1.007113787348295
14.56	-0.006803777854372778
14.57	-0.20842461441128113
14.58	1.3214674400642286
14.59	0.3196914850161467
14.6	-0.43766097897894124
14.61	0.5822323571178971
14.62	0.7784856673733114
14.63	0.3395004077000382
14.64	-0.817065291686903
14.65	-0.12369664136766625
14.66	0.07400258508504333
14.67	0.25238975591798185
14.68	0.8941123181471269
14.69	-0.1510036730442304
14.7	0.6087258235812396
14.71	-0.08866281921753336
14.72	0.1271971534699727
14.73	0.6175227143330695
14.74	0.023406810892400237
14.75	-0.03311355390212567
14.76	0.16009181156028673
14.77	0.0626662855283201
14.78	1.1640747253530743
14.79	0.795304038012927
14.8	-0.22305314687592787
14.81	0.4689437193776473
14.82	0.37687195348030117
14.83	0.8113247515910094
14.84	0.3322135795139359
14.85	-0.6248207404208725
14.86	-0.0655611645785651
14.87	1.020159561481731
14.88	0.2862726163920329
14.89	-0.5448425686716862
14.9	0.16337429422477573
14.91	0.5779559120936285
14.92	0.5853601566063831
14.93	-0.19456000112401062
14.94	-0.09066613086835751
14.95	0.23996476809531364
14.96	-0.47997728444627336
14.97	-0.23746425865060916
14.98	-0.2336693999594876
14.99	0.30090608343797354
15.0	0.6949524130580953
15.01	0.16277759978301115
15.02	0.3213847355123006
15.03	-0.6417055599530235
15.04	0.27422329924157657
15.05	-0.05282565440170628
15.06	-0.07678098551833185
15.07	-0.30374755097557904
15.08	0.319337309843315
15.09	0.631050752520016
15.1	0.6583810044981842
15.11	0.7902620169948207
15.12	-0.217204619673232
15.13	-0.11205045193789073
15.14	-0.2724281519192841
15.15	1.0829035377203593
15.16	0.6390210780331735
15.17	-0.22173019043967762
15.18	0.9871054651167979
15.19	-0.285672913573628
15.2	-0.4092263232712951
15.21	-0.26199822344387824
15.22	-0.10846765818054427
15.23	0.001569759273231247
15.24	0.638055056221549
15.25	0.7131274609276792
15.26	0.2525114751684172
15.27	0.395371176436736
15.28	0.7219610312155658
15.29	-0.264067830451533
15.3	1.186503796050148
15.31	-0.4498189848690169
15.32	0.07118259340225623
15.33	0.4721720952874708
15.34	0.5602858650714352
15.35	0.20059480397523013
15.36	-0.1162106587415237
15.37	0.9175104125396141
15.38	1.1214876528117648
15.39	-0.5151145080104695
15.4	-0.19390549901076587
15.41	0.0818632797982299
15.42	1.0177026747055022
15.43	0.977984115756197
15.44	0.27161819697474043
15.45	0.43424028502543066
15.46	-0.37086393908801896
15.47	0.08825247412879615
15.48	-0.48239530161465133
15.49	-0.06865667931658703
15.5	0.3041358852649042
15.51	-0.11958058686489872
15.52	-0.253940055185391
15.53	0.027208907412220193
15.54	0.04336611376461111
15.55	-0.4282894389151168
15.56	-0.001903748470920258
15.57	-0.12119750623927578
15.58	-0.5649361087459843
15.59	-0.32514690852448463
15.6	1.0369743460554597
15.61	0.458225716298318
15.62	0.30595481697953975
15.63	0.06912469074036817
15.64	0.5816550288746396
15.65	0.12161830945155154
15.66	0.29060974081050706
15.67	-0.7694642426892477
15.68	1.1026079543202756
15.69	-0.8737217895334772
15.7	0.21346788012280182
15.71	0.4377816979089506
15.72	-0.2917186441453556
15.73	0.2225525922830135
15.74	0.3461255665594721
15.75	0.5592575460947369
15.76	-0.020511023092030845
15.77	0.365027475733417
15.78	0.8222709049776045
15.79	-0.013628260978110013
15.8	-0.12514212791377488
15.81	1.0930726388358698
15.82	0.5357690453269223
15.83	1.1146985774567302
15.84	0.6968352445758561
15.85	-0.2301115689712393
15.86	0.6434694082411123
15.87	-0.156597445741312
15.88	-0.07168934161292226
15.89	-0.214986283280369
15.9	-0.32985493308522684
15.91	0.1524504109120033
15.92	-0.5200127612531371
15.93	-0.557554809169132
15.94	-0.03931664915351518
15.95	0.007905672636790526
15.96	-0.007743511097759087
15.97	0.27699613983674054
15.98	-0.39814155725991246
15.99	-0.07506418882554286
16.0	-0.802039872117206
16.01	0.08792948546309312
16.02	-0.5592949849655215
16.03	0.0571091419650222
16.04	-0.9307238077493205
16.05	-0.2380879963445341
16.06	0.23942261954039765
16.07	0.7613149338430176
16.08	-0.36347633606499474
16.09	0.673098001511843
16.1	0.33963499939100894
16.11	0.6120418964117824
16.12	0.7532666774401757
16.13	0.20889662430137157
16.14	0.14224865049311905
16.15	-0.6973672960553375
16.16	0.7502004425928506
16.17	0.16843124682086527
16.18	0.15767364371134654
16.19	0.6550356469505794
16.2	0.3475136077571254
16.21	-0.12771668460613356
16.22	-0.3607832703711384
16.23	-0.4038652149555246
16.24	-0.6665953404482075
16.25	-0.8337947885808378
16.26	0.3031497587962209
16.27	-0.37277276329079045
16.28	0.2347641054333926
16.29	-0.5466681803093044
16.3	-0.5096436100214374
16.31	-0.6895526456383609
16.32	0.17143326797886282
16.33	0.39626535968142185
16.34	0.0025157249762442213
16.35	-0.07374710544866656
16.36	0.30839349873955535
16.37	0.24076047160170566
16.38	-0.6609959540688376
16.39	-0.03917256312560377
16.4	0.10858201271177968
16.41	0.6216571443253461
16.42	-0.2549987649585915
16.43	-0.3203821569973185
16.44	0.0036568514701318853
16.45	0.16175013317395104
16.46	-0.18834067059721965
16.47	0.9387995239213741
16.48	-0.7366585311312192
16.49	0.29756878681121324
16.5	-0.6134821873452656
16.51	0.5133262935327761
16.52	-0.27373478305119403
16.53	0.7730838528786708
16.54	-0.5568786197539699
16.55	0.5323575637788507
16.56	0.10352468344736657
16.57	1.0687851767225787
16.58	-0.40508015941745673
16.59	-0.5425351243335532
16.6	0.029646927810824158
16.61	-0.17190468400192402
16.62	0.36203822707978484
16.63	0.2568708524981722
16.64	-0.2709234561352508
16.65	0.1243369103005905
16.66	0.10533496607594045
16.67	-0.20026503827891803
16.68	0.366715931126837
16.69	0.6786980933587003
16.7	0.4023306034068987
16.71	0.5397874294209857
16.72	0.4786606743610255
16.73	0.09960072232449621
16.74	0.11542824961807326
16.75	0.815019392669078
16.76	-1.0240254074358182
16.77	0.6562045842970625
16.78	-0.05111581654030445
16.79	0.0024490099073828276
16.8	0.0709512262192111
16.81	0.22615268771616626
16.82	-1.4218881247854556
16.83	-0.307788404606317
16.84	0.42685084118090777
16.85	-0.9639822502075693
16.86	0.14530867392165053
16.87	-0.1551032908734086
16.88	0.4023228130166264
16.89	-0.5312826684401741
16.9	0.13451321181250928
16.91	0.6161739033615103
16.92	0.20362560952121914
16.93	0.9360057261569629
16.94	-0.21963957611931362
16.95	-0.6268770460410366
16.96	-1.0845573665985386
16.97	-0.4191365959981603
16.98	-0.14059744066099475
16.99	0.973389043682703
17.0	0.18126638232801448
17.01	-0.46954862701086947
17.02	-0.43827043397704674
17.03	0.44471751118426156
17.04	-0.9019415801566646
17.05	0.6350281155813187
17.06	0.1875756043617426
17.07	-0.8858461495078542
17.08	0.3893207886664143
17.09	-0.5041353279862381
17.1	0.5953890468561326
17.11	-0.25516340174211727
17.12	0.34918782407524274
17.13	-0.8666385441098536
17.14	0.45012767748193266
17.15	-0.19116457753373883
17.16	0.27193190228764874
17.17	-0.4960154354875611
17.18	0.10931416957948713
17.19	-1.1080440457153575
17.2	-0.8101436009952712
17.21	0.4965664232276894
17.22	0.08401415729211836
17.23	-0.2703968856437925
17.24	-0.40570120984925223
17.25	0.2243564917024639
17.26	0.15641023073098337
17.27	0.12335125538333952
17.28	0.3789580141482874
17.29	-0.10809685946331402
17.3	-0.4339429533023524
17.31	-0.7173875356807748
17.32	-0.20623583361794068
17.33	0.34907959518037524
17.34	-0.45208562551499415
17.35	0.48276860569716445
17.36	0.05803168711100826
17.37	0.8828928295596639
17.38	-0.6707893610399578
17.39	0.2582190669891478
17.4	0.6057393855594368
17.41	0.00022778082227668806
17.42	-0.761550193603195
17.43	-0.3058948629929297
17.44	-0.46997025363629075
17.45	0.20025845346232402
17.46	0.5235838273804674
17.47	0.4003744558351968
17.48	0.343439416938754
17.49	0.5645098952508958
17.5	-1.1303387987736708
17.51	0.08643743117816391
17.52	1.6238713174582429
17.53	0.7898966789198723
17.54	0.02609958501387822
17.55	0.11482351681141913
17.56	0.3657711394625963
17.57	-0.18679358293514992
17.58	0.5706308121521989
17.59	0.5206696890245844
17.6	0.2938050213465426
17.61	-0.016908052534492374
17.62	0.9259008814324391
17.63	-0.6794260042943887
17.64	-1.0006639728505757
17.65	-0.6150292148629309
17.66	0.28252455078569483
17.67	0.9036103011238281
17.68	0.5396982307155931
17.69	0.22027226070288503
17.7	0.01453331183693845
17.71	-0.1608822389980702
17.72	-0.4943718683807565
17.73	0.5325288998758537
17.74	0.2592104076249705
17.75	0.6636772492784384
17.76	0.3572313722370485
17.77	1.0733886510921955
17.78	0.1575048890089511
17.79	0.8740198329916213
17.8	-0.17171133606399208
17.81	0.5043790828152244
17.82	0.626606610431202
17.83	-1.2407221297637652
17.84	-0.021187310678922266
17.85	1.5600037257031616
17.86	0.5858560878699339
17.87	0.6154676583068898
17.88	0.44251596452603664
17.89	0.6844246778816901
17.9	0.21534369756959537
17.91	0.40817565407142364
17.92	-0.6232404659693075
17.93	0.9490392721454256
17.94	0.35768186338011865
17.95	-0.16006557028415458
17.96	1.4685769795714212
17.97	-0.17052964678537524
17.98	0.5936909351340813
17.99	0.4252385849001911
18.0	-0.005998611097072892
18.01	0.2341366566774169
18.02	-0.08656025348020108
18.03	0.7405171019994257
18.04	-0.0680185791830682
18.05	0.6849355282740147
18.06	-0.5930782449456428
18.07	0.6423989822747544
18.08	0.7045001581200806
18.09	0.9217523213980081
18.1	0.5113508797010019
18.11	0.8631022516908906
18.12	0.4247146881807926
18.13	0.06734068077900396
18.14	-0.18672954708155476
18.15	0.597967730776117
18.16	0.6071646066768237
18.17	0.1576285542619033
18.18	0.7723681835228073
18.19	0.5020491280336263
18.2	0.5685447735365267
18.21	0.1873161527464079
18.22	0.1900881169030229
18.23	1.1217160351847395
18.24	0.18083156499922837
18.25	1.0987713199471023
18.26	0.14488557101555222
18.27	0.04898380360789806
18.28	0.5289731038680432
18.29	0.3341637040652913
18.3	0.9163084176876646
18.31	0.8521755355507301
18.32	1.312287994713617
18.33	0.285175239324157
18.34	0.6793973475759917
18.35	1.0706530195213466
18.36	1.2483312310739838
18.37	-0.5213212437562341
18.38	0.4929009796179665
18.39	0.6708291265160734
18.4	0.6065978363505874
18.41	-0.17608655946716523
18.42	1.0942294286111585
18.43	0.6718896964588759
18.44	0.5697092489440404
18.45	0.10222256540220229
18.46	0.18791991854168216
18.47	0.3314052920518046
18.48	0.545870838643348
18.49	1.362822522474604
18.5	0.7483184914484224
18.51	-0.21179660885165685
18.52	0.45325963135130387
18.53	0.6114745654290501
18.54	0.0348988517381697
18.55	0.4817562488226631
18.56	-0.5517505281760883
18.57	0.8063869434955429
18.58	0.6326497558770983
18.59	1.218348504888583
18.6	0.0354298731585016
18.61	0.7034419324855307
18.62	0.08011835083364888
18.63	1.3517223774895633
18.64	0.6496449687038214
18.65	0.46861501324819005
18.66	0.2782010781859407
18.67	0.4883995173031322
18.68	0.8022773655326131
18.69	0.30009083812298415
18.7	0.03608363491430866
18.71	0.8964907075043713
18.72	0.7842612384664464
18.73	0.21223690159691794
18.74	0.49895639835596817
18.75	0.3421193653183595
18.76	0.8709751942263209
18.77	-0.16989467584462725
18.78	0.25561222620847907
18.79	-0.08110322964150585
18.8	-0.4295768871933222
18.81	-0.06333833400074829
18.82	0.7119234810432078
18.83	0.24021480732882022
18.84	0.47204189976414024
18.85	0.48349924742527256
18.86	1.212520270962043
18.87	-0.18272040580823423
18.88	1.222366940825343
18.89	0.1378337072671698
18.9	0.2707361413047834
18.91	0.8802985911019696
18.92	0.35622372067353325
18.93	0.3618054860607737
18.94	0.8278326718055551
18.95	0.8817923831140679
18.96	1.0864276199169551
18.97	1.4005982742748637
18.98	0.5313156041445697
18.99	1.1402832109481447
19.0	0.9762433088729732
19.01	0.8385568693187068
19.02	0.19951121385724235
19.03	0.1264761166709667
19.04	0.4548576171140951
19.05	0.7678674465185426
19.06	0.6159712955366079
19.07	0.6619051548932179
19.08	1.0155067924451573
19.09	0.9820018192035553
19.1	1.0262519284776639
19.11	-0.4953327638801789
19.12	-0.13757296736383795
19.13	0.4870349371736082
19.14	0.8105203513741776
19.15	-0.603927153505127
19.16	0.002954056909682201
19.17	1.0282320506044995
19.18	0.19757902622400808
19.19	0.5783764701310028
19.2	0.3706592009260731
19.21	1.1751767234371222
19.22	1.155005196978549
19.23	-0.00814366917953413
19.24	1.0680544241410832
19.25	1.1575880812065982
19.26	0.5126932681783662
19.27	0.5113879412238854
19.28	-0.09985643371163533
19.29	1.1831986874451852
19.3	0.32551924591888537
19.31	0.9699929573977661
19.32	1.0833284155636167
19.33	0.4874670062094519
19.34	1.1095135341741371
19.35	0.4537327860119049
19.36	1.0621693181967
19.37	1.0016379259985906
19.38	1.304363842671456
19.39	0.1468909287031388
19.4	1.2504250199460474
19.41	-0.2756160067144019
19.42	0.9632367453588707
19.43	-0.029680438363408612
19.44	-0.28392142765216966
19.45	0.33865274901827036
19.46	0.13829955544064598
19.47	0.19648637512673334
19.48	0.5205160560273523
19.49	0.9258765014630719
19.5	0.7279729953008549
19.51	1.1432582589017997
19.52	0.3161300795174278
19.53	0.929750897197616
19.54	-0.3942129547825627
19.55	0.6193089137291283
19.56	0.5384697403744196
19.57	0.14682768111606886
19.58	-0.48990317234131964
19.59	-0.06877079773392736
19.6	0.46545919144506354
19.61	1.1429221414249369
19.62	0.24242560266091978
19.63	0.6657807789007826
19.64	0.8153852481147343
19.65	1.1485304246654486
19.66	1.0283838783865833
19.67	0.29255454200654474
19.68	0.7835725542878599
19.69	0.83301033023296
19.7	0.014487036543591958
19.71	0.9915934689845922
19.72	-0.8431458014015615
19.73	1.0543346578171569
19.74	0.06319757698766665
19.75	0.4797864451137868
19.76	-0.3933860366901357
19.77	0.16596962542934413
19.78	1.1290032546219058
19.79	0.7232932303058103
19.8	-0.5434275167185924
19.81	-0.25375475646335255
19.82	0.2291274163775845
19.83	0.9584192722030339
19.84	0.09889388930170251
19.85	0.3494645555738022
19.86	0.6386735233170177
19.87	0.5162293418427267
19.88	-0.6204246123022726
19.89	0.36889722472618264
19.9	0.703539933742006
19.91	-0.25868171212120616
19.92	1.4306443160055506
19.93	1.5303055468806939
19.94	-0.41578605549399433
19.95	0.5262189975059828
19.96	-0.43826896969702245
19.97	0.6248180106913809
19.98	1.0412611884702776
19.99	0.4654977860916756
20.0	-0.5152371706293496
