10.01	9.476306281119513
10.02	9.530801679473152
10.03	9.696155546806402
10.04	9.25021308832183
10.05	7.177988180514267
10.06	8.46245947510188
10.07	7.774517882400807
10.08	6.781845310910349
10.09	6.791549285448054
10.1	6.155882270505814
10.11	6.3385565901456316
10.12	5.708774150939168
10.13	5.318486253519447
10.14	4.2737654607703215
10.15	4.249417375537806
10.16	4.405909407026508
10.17	4.095698415860197
10.18	3.9324607212022094
10.19	3.3865979984195165
10.2	3.0067973732341655
10.21	2.8645290825616563
10.22	3.742154468813247
10.23	3.1598053506206676
10.24	2.221693806908553
10.25	2.458835266240649
10.26	2.7896937619061295
10.27	1.9794729536163196
10.28	2.7256521834630596
10.29	2.4088033413288943
10.3	1.490946660449893
10.31	2.890245781740594
10.32	1.8386359280797449
10.33	3.6072052988919556
10.34	1.9105668216755227
10.35	2.0544729866505715
10.36	2.892686592897169
10.37	3.5205792677571397
10.38	3.4732433053142495
10.39	3.4186443722404434
10.4	3.754029936499083
10.41	3.922073313381167
10.42	4.271353264589737
10.43	4.758646517850073
10.44	4.005069561127109
10.45	5.015225531791814
10.46	5.610634787853234
10.47	6.246565290890828
10.48	5.721720622915029
10.49	5.730694544797332
10.5	7.09086902189174
10.51	7.302860914507709
10.52	7.517397396547383
10.53	8.922191285069855
10.54	7.352418949442219
10.55	8.977608833344567
10.56	9.143373564674974
10.57	9.123716572379813
10.58	9.612916955271825
10.59	10.42308984790776
10.6	10.719113769193086
10.61	10.964450945088073
10.62	10.916646484412814
10.63	10.304324172654505
10.64	11.278172639570094
10.65	11.842495768292162
10.66	11.067085455766492
10.67	11.22725165466562
10.68	11.25112934001761
10.69	12.486694722605538
10.7	12.835450041299419
10.71	11.821293840332599
10.72	12.659615524309018
10.73	12.019316254437536
10.74	11.646051517507754
10.75	10.727002952505186
10.76	11.988998904539287
10.77	12.083202523841658
10.78	11.294103124419353
10.79	9.7233090574921
10.8	10.241331508082746
10.81	9.658495105360211
10.82	9.000229128724323
10.83	9.18959264943402
10.84	9.049028672071126
10.85	8.725952447037715
10.86	8.02624039956451
10.87	7.5040042581500535
10.88	7.233920280936617
10.89	7.053279640009615
10.9	6.54493925265154
10.91	5.879371821569181
10.92	5.75977444540253
10.93	5.930215736714367
10.94	4.372402117717819
10.95	5.404438808049799
10.96	3.8756608621225874
10.97	5.395075801781648
10.98	4.270834432590983
10.99	3.1997138834738212
11.0	3.866555616681342
11.01	4.03880515483496
11.02	3.459410852580775
11.03	3.2723296978082366
11.04	3.4793946531307522
11.05	3.024833821611444
11.06	3.367848348898817
11.07	3.1271515340201144
11.08	2.6552755638330003
11.09	2.7518269184743556
11.1	3.2186885730640893
11.11	1.7483661891270121
11.12	2.3913496893251995
11.13	3.8710229711577844
11.14	3.605767719737823
11.15	2.7961678124167406
11.16	2.84483583399365
11.17	4.297562220675954
11.18	3.879306941808133
11.19	4.128140805851238
11.2	4.777169478248344
11.21	4.779167949331637
11.22	5.3543498282148425
11.23	5.413731952810835
11.24	6.800276896526755
11.25	5.910433239988391
11.26	5.459735977061827
11.27	6.638687325933015
11.28	7.608136966797505
11.29	8.3989935556615
11.3	8.226156281918358
11.31	8.59265184718652
11.32	9.146475528199359
11.33	9.82582207752551
11.34	10.201951565894271
11.35	9.919035631991084
11.36	9.5198107146204
11.37	11.24528012395331
11.38	10.817013530325623
11.39	10.638272640991572
11.4	11.113152421365571
11.41	11.65768590236824
11.42	11.807034120179003
11.43	12.881258660399808
11.44	12.99410668243921
11.45	12.338080105256836
11.46	12.20182859542535
11.47	12.156235489736611
11.48	12.353371572397258
11.49	12.82375737862231
11.5	11.81111623283212
11.51	11.95888000465895
11.52	11.61562971833315
11.53	11.28126496317228
11.54	10.73900935997918
11.55	11.199467256455568
11.56	10.905858546633112
11.57	10.224648398676024
11.58	9.879413015245174
11.59	10.491594821466764
11.6	9.241621158708279
11.61	9.534402399372809
11.62	8.98358715802586
11.63	7.588467820094039
11.64	8.046637985731698
11.65	6.776883693815131
11.66	7.213173239411857
11.67	7.179106970676864
11.68	5.778698498086168
11.69	5.250889975340143
11.7	4.538420726581664
11.71	4.51004865386856
11.72	3.8398575691785535
11.73	3.837555377830087
11.74	2.798331739207834
11.75	2.8689344040934173
11.76	2.382668296619416
11.77	2.056909376645518
11.78	2.1466508297861804
11.79	2.2328648449272106
11.8	0.5707844177715874
11.81	1.7898777405948736
11.82	1.8228724536981304
11.83	0.3991990652982853
11.84	0.8631578132503144
11.85	1.5096657566327927
11.86	0.7257728920721909
11.87	1.1869604964295226
11.88	1.1633094724279258
11.89	1.3031785668169629
11.9	1.355034055349427
11.91	0.9257676080730725
11.92	2.0607446037869552
11.93	2.3349659008904733
11.94	2.0666231616113944
11.95	2.6923722876033835
11.96	2.6613847042745067
11.97	3.4361825844132055
11.98	2.9543159396510728
11.99	3.253059050441909
12.0	4.089598612445206
12.01	4.1558728228500845
12.02	5.311523040308643
12.03	5.775656885319409
12.04	5.2614276022574
12.05	5.34717921773065
12.06	6.291194064127875
12.07	6.040530549637261
12.08	7.2349927048889375
12.09	7.842785317891166
12.1	6.913839136219565
12.11	7.934686064513608
12.12	8.676054689926488
12.13	8.441106476293255
12.14	9.437572098419288
12.15	9.568083016221415
12.16	8.801405412843303
12.17	8.505487911457388
12.18	10.239612202855282
12.19	10.10473550956175
12.2	9.693700035037281
12.21	11.206278820801428
12.22	9.584757729598374
12.23	9.31816363065715
12.24	9.648489720193746
12.25	9.183998638995627
12.26	10.066164557057599
12.27	9.478395607413116
12.28	9.771301569196527
12.29	9.970870748365071
12.3	9.922066595750188
12.31	8.130223900215
12.32	8.689769254975307
12.33	8.135741627514955
12.34	8.388497328112871
12.35	8.372404567853385
12.36	8.488378328098912
12.37	5.513305314129869
12.38	6.959671259545423
12.39	6.333647860399269
12.4	5.40680089720772
12.41	5.753771201017375
12.42	5.483413385494722
12.43	4.235292002746125
12.44	4.319916065962012
12.45	3.1725983323557836
12.46	3.677429960379623
12.47	1.9139442479498918
12.48	2.060322076655268
12.49	2.8578762281876458
12.5	2.185505500702711
12.51	1.5732311581345095
12.52	1.2602967046292932
12.53	1.5086844283166196
12.54	1.3126206117798216
12.55	0.9146898354974999
12.56	0.3274347069168691
12.57	0.9625214296518783
12.58	0.29498017158922196
12.59	-0.17817751428244544
12.6	-0.10286418264553876
12.61	0.4049623396240935
12.62	0.5616718928667493
12.63	0.1271145758009249
12.64	0.23136763799851817
12.65	-1.094276341220168
12.66	0.1173262221863075
12.67	-0.7746284704761068
12.68	0.10236621483759223
12.69	1.3330045566941235
12.7	0.49460652441219227
12.71	0.6957021717823006
12.72	1.7910188645501628
12.73	1.6465213939706367
12.74	1.6538315460282598
12.75	2.8116059741176187
12.76	2.603345153075462
12.77	2.998944105079208
12.78	2.990936881681262
12.79	4.5778747822206425
12.8	2.888615502655106
12.81	5.317061786565276
12.82	4.761659007418039
12.83	5.058652784862236
12.84	5.953227701244444
12.85	6.715619254531308
12.86	5.844040241538324
12.87	7.405059102249173
12.88	7.539336246510633
12.89	7.75383303144283
12.9	8.938490399919855
12.91	7.647884682376169
12.92	9.38080130770756
12.93	9.318673816760771
12.94	9.050168844936852
12.95	9.169085705304326
12.96	9.914374978508446
12.97	9.812793207061171
12.98	10.166035541636372
12.99	9.397281262096499
13.0	10.588049844676254
13.01	9.950063545513288
13.02	10.620286574141884
13.03	9.954490887456268
13.04	10.17507498402222
13.05	11.345639366007516
13.06	10.542513224951657
13.07	11.079239974717431
13.08	11.055257137365102
13.09	9.333632913287323
13.1	9.139992668589171
13.11	8.764412756243578
13.12	8.518033307495815
13.13	7.837672029270761
13.14	7.105254991038679
13.15	8.46631315602886
13.16	7.338939256511696
13.17	7.4828485747155105
13.18	6.726336936216654
13.19	5.589605232513547
13.2	6.182613104414525
13.21	5.765767116286689
13.22	5.051610069282949
13.23	5.615043502528794
13.24	4.117327582206694
13.25	3.890792636045332
13.26	4.453711787128159
13.27	3.031769621606579
13.28	3.2943555348085485
13.29	2.585633106616731
13.3	2.954616353930141
13.31	2.3916143966030163
13.32	2.825188215907269
13.33	1.5346893128332477
13.34	2.4756586143445496
13.35	1.5502206296861876
13.36	1.7679703706748793
13.37	0.8752677593787308
13.38	1.07450088586536
13.39	1.8080126514016228
13.4	1.7270458331759184
13.41	2.1478506126519807
13.42	2.1316140701935047
13.43	1.5202885388493343
13.44	1.9026262209248115
13.45	1.5502564095628946
13.46	2.2055088515276857
13.47	2.3367916812644243
13.48	2.5232281381743786
13.49	3.4207100082984114
13.5	3.2161867494581142
13.51	2.518206070285189
13.52	3.603070996894004
13.53	3.756975262084657
13.54	4.460849112183098
13.55	4.130354688904146
13.56	5.816831724351197
13.57	6.207812568294203
13.58	5.398444563854518
13.59	6.215926171615929
13.6	6.94338749411228
13.61	6.936483383553763
13.62	6.877237045948832
13.63	7.524323494084353
13.64	8.172578064390773
13.65	8.421967573424167
13.66	7.985899115813057
13.67	9.088118358134752
13.68	9.047571036344538
13.69	9.209231972792226
13.7	8.776432021281321
13.71	9.249489473154634
13.72	8.516289272165263
13.73	8.852188215940016
13.74	8.734887058949468
13.75	10.252477999771163
13.76	10.02110805608837
13.77	9.461115308135563
13.78	9.26627055617122
13.79	8.681695450037799
13.8	9.436940454272051
13.81	8.638838523627223
13.82	8.70374578321642
13.83	9.556874706788324
13.84	7.99324071393239
13.85	7.219710882870912
13.86	7.145787803820687
13.87	6.911921276582934
13.88	6.535357764062892
13.89	6.740851039220741
13.9	5.8937990523884585
13.91	6.538758180596097
13.92	6.383061771019787
13.93	5.170755356016994
13.94	4.971341985590584
13.95	4.913038419001656
13.96	4.534901949873474
13.97	3.3916733965058303
13.98	3.6808331129068863
13.99	2.9075802175737024
14.0	2.7992024487276357
14.01	2.4829978034074713
14.02	2.4819289157323836
14.03	2.0499883196057347
14.04	1.6968344693002844
14.05	2.852502046469578
14.06	1.6103672548969412
14.07	1.6822697186995834
14.08	0.9193841868161983
14.09	1.8519177648643703
14.1	1.2302953034323352
14.11	0.53573504103105
14.12	0.6127232926482443
14.13	1.0298849706284592
14.14	0.936112773864517
14.15	0.8796417207476339
14.16	2.4456784116080335
14.17	1.8413773979443981
14.18	2.2736437885260274
14.19	2.403618233513306
14.2	2.3996527728380297
14.21	2.017116249892502
14.22	2.9909237101213026
14.23	2.5330741408143425
14.24	2.9109690048671824
14.25	3.795427737513025
14.26	4.028961919625446
14.27	3.973178632732848
14.28	5.323244784341133
14.29	5.38928375107362
14.3	5.594643866159537
14.31	5.787020408941635
14.32	5.571977514647288
14.33	6.8742599263614235
14.34	6.019355782143469
14.35	6.856402236465088
14.36	6.794736890004157
14.37	8.416079940386528
14.38	8.939388755395221
14.39	8.80628923121325
14.4	8.000751889053806
14.41	8.476712586393834
14.42	9.446124400910158
14.43	9.20646598311952
14.44	8.768042032283404
14.45	9.722192056725541
14.46	9.15650473367425
14.47	9.583172840076774
14.48	8.855242231159803
14.49	9.87732295672918
14.5	9.440753558101632
14.51	9.022898477611186
14.52	8.894893380677159
14.53	8.958259282747385
14.54	9.187564305296917
14.55	9.08369471081411
14.56	8.018662991722213
14.57	7.986764921692027
14.58	8.176853934103791
14.59	7.404366262284961
14.6	7.323109984735135
14.61	6.354568382843979
14.62	5.759654184459982
14.63	6.140397162562528
14.64	5.554347227674069
14.65	4.801507771587098
14.66	4.447176780707189
14.67	4.999521235232995
14.68	4.16000765311739
14.69	3.896486148192137
14.7	4.603787048338458
14.71	3.117128897928762
14.72	3.764545786092126
14.73	3.6112579019405233
14.74	3.155627967960371
14.75	2.908614690200932
14.76	2.2952165348799523
14.77	1.7850783158592733
14.78	2.1690377651464354
14.79	1.4121888528044222
14.8	2.096542289909708
14.81	2.2344540279615557
14.82	1.1594051103622394
14.83	2.3718428260279616
14.84	2.0575972732717323
14.85	1.412086482906668
14.86	2.167775655259879
14.87	0.7597603616286199
14.88	2.6744672588195995
14.89	2.325637333321788
14.9	2.6510918302755284
14.91	2.688255440827803
14.92	3.4784357092222478
14.93	3.200262176736074
14.94	3.217505000630802
14.95	3.2911294577058037
14.96	3.583370370663862
14.97	4.530311829481734
14.98	4.15966617871864
14.99	5.125320546424285
15.0	4.837333891791683
15.01	5.880196574534741
15.02	6.659703232996729
15.03	7.1196757886715405
15.04	7.570874787506539
15.05	8.09512140952279
15.06	6.821096442457918
15.07	8.200151361499497
15.08	9.13193824168157
15.09	7.661081947380056
15.1	9.138273479168674
15.11	9.719990045999799
15.12	10.47802783033413
15.13	10.202909167134264
15.14	9.270887409448289
15.15	10.541119229388134
15.16	9.823086683651187
15.17	10.475126063606117
15.18	10.693907871467767
15.19	11.624856600378841
15.2	10.856419809419828
15.21	10.73167785992837
15.22	11.523884660403258
15.23	11.287169865409219
15.24	11.237350284957413
15.25	11.441617444591396
15.26	11.558545550077152
15.27	10.677863635488274
15.28	10.150974952470634
15.29	11.562527760556272
15.3	10.772528989688551
15.31	10.816923583381183
15.32	9.294859855278501
15.33	9.67635617834136
15.34	10.538058191619337
15.35	9.942279436220986
15.36	9.258486905417081
15.37	8.485919572018824
15.38	8.825062609096774
15.39	9.071157449787973
15.4	8.243178289962232
15.41	8.48414709671996
15.42	8.87369044652329
15.43	6.761109606713308
15.44	7.319774556482471
15.45	7.649435672349764
15.46	6.79016058781759
15.47	6.845826548951065
15.48	5.434980002567531
15.49	6.081465488769036
15.5	5.379768063471142
15.51	4.857072799834593
15.52	3.772458787853591
15.53	3.233356630223274
15.54	2.881677802507887
15.55	3.2505007369004457
15.56	2.7878890188413576
15.57	2.986232790796388
15.58	1.6462999767272455
15.59	1.7974050724950816
15.6	1.618579210300059
15.61	1.0903498874694943
15.62	1.2097517652091003
15.63	1.289911390653985
15.64	1.0525313625336925
15.65	0.061634154517165196
15.66	0.012746929288823095
15.67	0.22489738877016832
15.68	0.09606211759936922
15.69	-0.11823858026588817
15.7	-0.5006076122617434
15.71	0.34534308722888896
15.72	0.013430506785049203
15.73	0.01052052012597309
15.74	0.07295200064149648
15.75	0.23910939394477065
15.76	0.2711863667096092
15.77	0.5827020184023856
15.78	-0.17326336063824
15.79	0.8551349816979896
15.8	1.3181880718579446
15.81	1.414118003506777
15.82	1.48661669239804
15.83	2.0905015124467
15.84	2.136455709899852
15.85	3.8964106791326385
15.86	2.2333751530592076
15.87	3.7776173070659707
15.88	4.571818297085699
15.89	4.3794768101477395
15.9	4.63548897551095
15.91	4.584525956973319
15.92	4.017196409543781
15.93	5.281100418130428
15.94	5.352153959565084
15.95	6.419025195844436
15.96	6.081958116216775
15.97	6.462447742682071
15.98	7.870332973205303
15.99	7.02633753266662
16.0	8.309911780216947
16.01	8.951652115058632
16.02	8.022917519222876
16.03	7.93162752250385
16.04	8.63173250387769
16.05	9.262307981799156
16.06	9.24773370956636
16.07	8.792311441202308
16.08	8.945474653377689
16.09	8.390448904013983
16.1	9.511297819576436
16.11	9.677336025501138
16.12	8.616575105937272
16.13	9.26696798253108
16.14	8.320141976363894
16.15	8.203195478086165
16.16	9.30961614907306
16.17	8.562797996661727
16.18	7.4623708855756306
16.19	7.312505290429714
16.2	8.177149509818852
16.21	7.498257881767106
16.22	6.743234621563869
16.23	6.6737752487227215
16.24	6.787094243821201
16.25	6.430033507236446
16.26	5.347324624131564
16.27	6.112284375833973
16.28	4.828506220382969
16.29	4.326217694325382
16.3	3.9892226261812285
16.31	2.938663795095157
16.32	3.7813826954993432
16.33	2.522607765790979
16.34	3.8233459913367014
16.35	3.5829448356957956
16.36	1.8625982420327367
16.37	2.4024229980012977
16.38	1.73856639679235
16.39	2.3631318023029584
16.4	1.5866340168625976
16.41	2.081925356625087
16.42	1.7920271987046934
16.43	0.7629725448899864
16.44	1.0061231535607074
16.45	1.3127882818490513
16.46	1.1261752394040394
16.47	1.0475091405074057
16.48	0.6552205735793589
16.49	1.5831642962178896
16.5	1.0835298106594675
16.51	0.9301459958581398
16.52	0.6073036911287241
16.53	0.764454880654071
16.54	2.116986568213287
16.55	1.54902559386624
16.56	3.2651644506699236
16.57	3.6044947031790415
16.58	3.338859131051518
16.59	3.8108147555527156
16.6	4.99349609421025
16.61	5.234253591702621
16.62	4.011613411501033
16.63	4.726759909462479
16.64	5.546576472707108
16.65	5.941780673365086
16.66	6.403071699527379
16.67	7.064428173655523
16.68	6.726308442298506
16.69	7.415726655607879
16.7	7.140152370015229
16.71	7.896035850734849
16.72	7.0270684636446985
16.73	8.194724005283085
16.74	7.642213604582585
16.75	8.890297684526457
16.76	9.070354104717191
16.77	10.038727223919057
16.78	8.89737802371195
16.79	10.35657489777883
16.8	10.368439813663823
16.81	9.865300599230759
16.82	9.597120251515564
16.83	9.30591070825355
16.84	9.90832285919577
16.85	10.78615968374929
16.86	9.92016949112555
16.87	9.160706215456948
16.88	9.71516747456692
16.89	8.696450745289338
16.9	8.963786409717757
16.91	8.320715074223525
16.92	9.455400833147435
16.93	8.659736669989963
16.94	8.580410264211073
16.95	8.267303585415998
16.96	8.177788506967062
16.97	7.316672240273443
16.98	7.123384858661212
16.99	6.333383404804803
17.0	5.775189234390956
17.01	5.157866208810623
17.02	5.276396917613156
17.03	5.6876422452577176
17.04	4.753548952450133
17.05	4.972280488021522
17.06	3.597322961596785
17.07	3.03680916270665
17.08	3.0752010585217175
17.09	3.297806184069666
17.1	2.79043104164467
17.11	3.3842410373727776
17.12	2.5062169382926713
17.13	2.725023843222129
17.14	2.444463073126223
17.15	2.149888401414438
17.16	2.1085418987266697
17.17	2.4708700556895136
17.18	1.6037314301034562
17.19	2.3297285180986718
17.2	2.7950827132533207
17.21	2.3894996011075817
17.22	1.72157601886093
17.23	2.6291923314635963
17.24	2.1688374005426767
17.25	1.6255216852564338
17.26	1.7981442524258529
17.27	3.9625119076054975
17.28	3.024559899200239
17.29	2.8010210118012813
17.3	3.7134089369644676
17.31	4.1388464982755195
17.32	4.141863104759075
17.33	4.67306001733397
17.34	5.778219401168504
17.35	4.865016553004636
17.36	5.175404782562771
17.37	5.691115612284483
17.38	6.573715921612877
17.39	5.92492111662528
17.4	7.0648931223990035
17.41	7.250628443979352
17.42	7.707808855656305
17.43	8.458032884921728
17.44	7.926316545067758
17.45	7.994789409335195
17.46	8.158898865125725
17.47	8.545641941699735
17.48	9.432636141377294
17.49	9.685036532673966
17.5	10.070225173754642
17.51	9.694900717810167
17.52	10.672833720246
17.53	10.205530569947205
17.54	9.219552862680127
17.55	11.060536953735639
17.56	10.42185092699133
17.57	10.18338555499796
17.58	10.371164550059081
17.59	10.586372514673647
17.6	11.002697315835771
17.61	10.167506081220525
17.62	9.396524485148321
17.63	9.949326365931284
17.64	8.27376798117622
17.65	8.19662776022684
17.66	9.017736607406198
17.67	8.1532131669461
17.68	7.958584847623389
17.69	8.23680445640155
17.7	6.522427841516104
17.71	6.768363807014667
17.72	6.7631060751826295
17.73	5.257514742883566
17.74	4.95725954875692
17.75	5.14173459833149
17.76	5.034267297386634
17.77	4.528643700964768
17.78	4.230922905347709
17.79	3.6429482171557983
17.8	2.427095443307967
17.81	2.8509547734441334
17.82	2.584657300030763
17.83	2.664592533187224
17.84	1.936736172485956
17.85	1.3938686008853145
17.86	0.68110575238195
17.87	0.2877614758400836
17.88	0.8154291135491295
17.89	1.7066834533345647
17.9	0.680731848686162
17.91	1.9685849170736014
17.92	0.4932282838900971
17.93	1.5145181295725325
17.94	0.15808131459559588
17.95	-0.08866817941124039
17.96	1.0989268122329272
17.97	-0.7885363039268919
17.98	0.3721792578789619
17.99	1.414615801216857
18.0	1.7891091626378908
18.01	1.459472011430119
18.02	1.6587718735429016
18.03	2.7567812474455984
18.04	2.5665362096888558
18.05	3.262260697131868
18.06	3.6769639459627528
18.07	3.5840024857033894
18.08	4.012970205628793
18.09	3.614953206667097
18.1	4.722491817690395
18.11	5.098049337741549
18.12	5.199777581958437
18.13	5.678947296565671
18.14	6.535985472286675
18.15	6.350215306341563
18.16	5.8747661447384125
18.17	7.470079882617476
18.18	6.963907714514559
18.19	7.637828293463687
18.2	7.200152473283028
18.21	8.486919707282564
18.22	7.836028342061668
18.23	8.803853030754325
18.24	8.878455106219654
18.25	9.74278849731157
18.26	9.41117234750971
18.27	8.768590176658455
18.28	9.533348012342604
18.29	10.116257880630744
18.3	9.681108232134534
18.31	8.91800783092136
18.32	8.83818091017028
18.33	8.620205962676055
18.34	10.030057877270343
18.35	7.964100411978611
18.36	8.784211219210281
18.37	8.925279705480227
18.38	8.279182639413992
18.39	7.750015616125048
18.4	8.182520905067856
18.41	8.192047240713821
18.42	6.838025476155377
18.43	6.526247908712704
18.44	5.9916021432970465
18.45	5.417475585762809
18.46	5.618523154683789
18.47	5.37476273846772
18.48	4.358382160333452
18.49	4.17191346982227
18.5	4.20706008908861
18.51	3.8096705706871328
18.52	4.318305869310021
18.53	1.6993658417062643
18.54	2.1363828919151038
18.55	2.7938544385355275
18.56	1.3850017617807437
18.57	1.933901786207564
18.58	1.6905348188820686
18.59	0.938961518847605
18.6	1.3298377298330868
18.61	0.7094608907579906
18.62	0.8072061018122515
18.63	1.0579713756063636
18.64	1.5466424079546786
18.65	0.5525566145426343
18.66	0.24475584554715812
18.67	0.4925617413071922
18.68	2.1882958366779426
18.69	0.7013524389791146
18.7	0.563920688267887
18.71	1.6255840133536097
18.72	0.4131063780781923
18.73	0.8037529910048409
18.74	1.3688142820058253
18.75	1.473696408726396
18.76	2.005281836609613
18.77	2.260031206852302
18.78	3.4549706640693243
18.79	2.683881378919788
18.8	3.233538155816125
18.81	3.1214063725599304
18.82	3.7331714161837395
18.83	3.5514173934304045
18.84	4.348022562837497
18.85	5.885732339921916
18.86	4.9644945768834985
18.87	5.498893686967713
18.88	6.253090246361368
18.89	5.782966149982931
18.9	6.019373522845519
18.91	5.886551630107429
18.92	7.331122142365773
18.93	7.292632100073583
18.94	7.590486647615003
18.95	7.775837663983333
18.96	7.9911797272804055
18.97	8.36467810964236
18.98	7.994076421597638
18.99	8.420915496229277
19.0	9.051866852234491
19.01	9.39115715248987
19.02	9.76603121697694
19.03	10.153990656635614
19.04	9.909318492743484
19.05	9.718908589851301
19.06	9.54286489947662
19.07	9.666357445995656
19.08	10.002265712015422
19.09	8.79615115604049
19.1	10.596179738343567
19.11	9.25472256764759
19.12	9.75317905069272
19.13	9.83510617972558
19.14	9.623321140335959
19.15	9.183278441874004
19.16	7.723447763458462
19.17	10.490879172470933
19.18	9.065535729452119
19.19	7.765974161785385
19.2	7.556633485671574
19.21	6.706313045666268
19.22	7.966206862429102
19.23	7.890259384883121
19.24	6.1030415842284
19.25	6.148207307151271
19.26	6.307900835688387
19.27	5.427069068623148
19.28	5.721621622023406
19.29	5.241753940431909
19.3	4.198162393718715
19.31	4.530578701434009
19.32	3.300458382988742
19.33	4.592560711845604
19.34	4.017800446874599
19.35	3.0264382746960985
19.36	2.599503991612841
19.37	3.0623644409167996
19.38	2.912818133837407
19.39	2.6866722837632757
19.4	2.5934475105337973
19.41	2.4223574724530264
19.42	1.9654195499665161
19.43	2.2956460582597167
19.44	2.220447964756208
19.45	2.161342309744638
19.46	2.7183271454761884
19.47	2.6068788336128583
19.48	2.9622357825567103
19.49	2.8708389786030204
19.5	2.983967723888884
19.51	3.5117882774467266
19.52	3.0621891380992645
19.53	3.8208695075835717
19.54	3.824530424441438
19.55	3.8262964291481976
19.56	4.780874939436311
19.57	6.027614566704181
19.58	5.552620336611147
19.59	6.0646269341521295
19.6	6.6499107898279455
19.61	6.566276558005902
19.62	7.1684502802006405
19.63	8.11458582160099
19.64	8.00563413066619
19.65	7.704803930948532
19.66	7.460957225445523
19.67	8.76682071454126
19.68	8.477685652305212
19.69	9.719028714856595
19.7	10.740127942113029
19.71	10.030427006358536
19.72	10.028610470489161
19.73	10.87674381334122
19.74	10.107653527185553
19.75	10.18590664565823
19.76	10.514575247165894
19.77	11.079445915355992
19.78	11.502841813172159
19.79	10.785584155291856
19.8	11.627405492772338
19.81	12.153911740652998
19.82	11.342529754109828
19.83	11.926479398938609
19.84	11.091224156392043
19.85	11.643413963843901
19.86	12.619581740068636
19.87	11.464889208345632
19.88	11.618297386474156
19.89	11.582526055522164
19.9	11.066683687160364
19.91	11.37037048418191
19.92	10.817842779783645
19.93	10.39984202245805
19.94	10.784796183762282
19.95	10.506110463562182
19.96	9.956001123897444
19.97	9.055049378889565
19.98	9.42434206426709
19.99	7.621431512795883
20.0	7.916211084659352
