10.01	3.130891588293225
10.02	2.6411736025711963
10.03	2.2994502824148846
10.04	1.8186903368837686
10.05	3.2825165199379107
10.06	3.6935364386168152
10.07	1.903654194281728
10.08	3.6030892305263302
10.09	2.6833519225886038
10.1	2.481937104196271
10.11	2.8790008867089587
10.12	2.4450786441864
10.13	2.836805875569425
10.14	2.577008611318165
10.15	2.680421764647806
10.16	1.859135524564299
10.17	2.5072131375080473
10.18	2.0936349178168685
10.19	3.221231840786592
10.2	1.689854470402098
10.21	2.037727818461231
10.22	3.24153885694964
10.23	2.6943506041008343
10.24	1.7807067077363343
10.25	2.202987899306515
10.26	1.7882734404210052
10.27	1.7954326628152144
10.28	1.7643334800619412
10.29	0.385608829904041
10.3	1.3402013628710847
10.31	1.6910495838370236
10.32	0.8953488410704564
10.33	0.19104076407161308
10.34	0.9802449450353696
10.35	0.5496646655870964
10.36	0.014562762601667334
10.37	1.0242967575046378
10.38	0.629965341645724
10.39	0.11668937859770617
10.4	0.8752741556744286
10.41	0.14879962834175903
10.42	0.33872459390395
10.43	-0.4305434094177916
10.44	-0.042209972034069745
10.45	0.9787819619659863
10.46	-0.20122778273371084
10.47	0.7276803976784008
10.48	0.9641275789235688
10.49	-0.6399799259416968
10.5	-0.2901054503620777
10.51	0.3599517716410924
10.52	-0.12570784094346743
10.53	-0.17472643191497392
10.54	-0.6399348138490963
10.55	0.5741248368443341
10.56	0.05397720920381804
10.57	0.5279265694834324
10.58	-0.5294121171562547
10.59	0.002240789056230319
10.6	-0.4748778231064529
10.61	0.2171226839770543
10.62	-0.7008469989974727
10.63	-0.26333444124210303
10.64	-0.590220720083566
10.65	0.4245986604790775
10.66	-0.263000614420322
10.67	-0.27884904673002103
10.68	0.4362376105297042
10.69	1.2973377435237412
10.7	0.7757384390741446
10.71	0.7194192085445384
10.72	0.8120152358902177
10.73	-0.4862414171267091
10.74	1.1324666082120176
10.75	0.4068932361351564
10.76	-0.03428812153073091
10.77	0.1900606712308206
10.78	0.3206561668587505
10.79	0.53384940538615
10.8	1.0420010998914084
10.81	1.5882641210677597
10.82	-0.3992459192322616
10.83	1.1097300418205447
10.84	1.6366595794996606
10.85	0.8046440293790733
10.86	0.4207110181918563
10.87	0.723814655494521
10.88	1.5459616052207996
10.89	1.2613005069451697
10.9	1.1762583654607384
10.91	2.044159699026549
10.92	1.1021055826668684
10.93	0.9121901624410527
10.94	0.5793754234772368
10.95	1.0224088194401468
10.96	0.9176998462036445
10.97	-0.38315249020862496
10.98	0.2048933900027503
10.99	0.8229069949927701
11.0	0.6789246512353535
11.01	0.7642131690749406
11.02	1.2898781566060387
11.03	0.35417281695193525
11.04	0.08041313402073602
11.05	1.7470298247271203
11.06	0.49413368278846426
11.07	1.2988144003279252
11.08	1.3640638280034527
11.09	0.91102944187387
11.1	1.18286200361517
11.11	0.7732725831767387
11.12	1.0779839284003119
11.13	0.7689653786648203
11.14	1.675633233454868
11.15	0.04108981600131567
11.16	1.8742745977173811
11.17	1.091252463830987
11.18	0.24016162305780742
11.19	1.8980251929014411
11.2	1.481470122889407
11.21	0.27053872580904537
11.22	0.5033484957766625
11.23	1.0807757931697421
11.24	0.39756718316785855
11.25	0.6519392036544946
11.26	1.5251807732978757
11.27	1.5442177572251636
11.28	0.7436170029036168
11.29	2.091516021923167
11.3	1.365939025943722
11.31	1.2000763460444535
11.32	0.7303069368693487
11.33	1.5185902688250177
11.34	1.3563263210441692
11.35	1.3822866658954844
11.36	1.517011515743716
11.37	0.5726923822721137
11.38	1.311197576750774
11.39	1.1182190802895857
11.4	1.8864936853047083
11.41	0.9796067231846984
11.42	1.5047008315622685
11.43	1.7764274261999489
11.44	2.3887465069568803
11.45	2.6933019477286138
11.46	1.6352122506020375
11.47	2.3122350135276517
11.48	1.0108337786991834
11.49	2.8280628131423082
11.5	1.9671903166282474
11.51	2.0173625851936032
11.52	2.0818569580594564
11.53	2.5722380831993474
11.54	3.2182839014030558
11.55	1.9594968238135286
11.56	2.621695892846952
11.57	3.6471961531911736
11.58	2.378365528325133
11.59	2.2766905287639165
11.6	2.118039721746195
11.61	2.76753522216971
11.62	3.2422528664499115
11.63	2.0238179445605775
11.64	1.901602837976284
11.65	2.634091478600649
11.66	2.0468858125110074
11.67	2.426071213842174
11.68	2.660633740715101
11.69	2.4203874320736665
11.7	2.7043802176153795
11.71	1.9343799257810854
11.72	2.4191953611877537
11.73	2.1582386901165647
11.74	2.157615294526678
11.75	3.247108596947958
11.76	1.492797612555835
11.77	3.4767493286788103
11.78	2.069789314390886
11.79	3.7173861646641173
11.8	2.516736445707878
11.81	3.7120164120171886
11.82	2.9691914388890277
11.83	2.7410871063683016
11.84	2.891949084293468
11.85	1.09336707359309
11.86	2.0598115856517563
11.87	2.09301276570439
11.88	1.04028699151143
11.89	2.2942406951600565
11.9	2.4191884412475235
11.91	2.2646668104610974
11.92	2.698965899362522
11.93	3.348955237787198
11.94	2.714327839444005
11.95	2.0812517826899133
11.96	2.076887909246556
11.97	1.9162353646040882
11.98	2.0229158648941445
11.99	3.003895351902299
12.0	2.826326605687998
12.01	2.9113680685848626
12.02	2.591967678114462
12.03	1.3762653493233739
12.04	1.1652384490644039
12.05	3.4364694943918166
12.06	2.0472253915616037
12.07	2.3521912381677814
12.08	2.3762200870216565
12.09	1.6671665192410479
12.1	1.9844654712947165
12.11	1.4421888355723105
12.12	2.2201506766589745
12.13	2.16536251817724
12.14	1.2930573248327768
12.15	1.7201738276408116
12.16	1.8270827422642515
12.17	2.112296655656781
12.18	1.4566538219498615
12.19	0.8988094107102116
12.2	1.7917376539956922
12.21	1.8344469989468002
12.22	1.9402128186220953
12.23	1.9299747575686843
12.24	1.979997428024529
12.25	1.355768483563145
12.26	1.560341863743691
12.27	1.714555296619603
12.28	1.3442488655710956
12.29	1.2678559032320196
12.3	1.060217197531097
12.31	2.2511308349312964
12.32	1.982842229416986
12.33	0.4139661975937683
12.34	1.811686228346645
12.35	1.6513379424079269
12.36	2.165182648879251
12.37	1.548271189194719
12.38	1.7432266496674513
12.39	1.7908765125516757
12.4	2.1054869575838167
12.41	2.1768330662238786
12.42	1.6170647214860114
12.43	1.9848601024950643
12.44	2.132334011263258
12.45	1.428800612808434
12.46	1.0265371674411647
12.47	1.5985299937828144
12.48	1.4391474439911967
12.49	2.2778377868804425
12.5	0.7976231650116937
12.51	2.7734982296158734
12.52	1.6840224191514068
12.53	1.4670505701375096
12.54	1.4502008466803802
12.55	2.186742801206562
12.56	2.8615284714633455
12.57	1.645598366147008
12.58	2.848130952719423
12.59	1.6908345390455417
12.6	2.4908745639108636
12.61	2.098859656312083
12.62	3.011936060192255
12.63	3.0100945001396147
12.64	2.0118609187436376
12.65	3.505797187019325
12.66	2.260222762567832
12.67	2.862020554879773
12.68	2.816936926346505
12.69	3.3475392395536545
12.7	3.851893166489901
12.71	2.642793911799514
12.72	2.723535367355684
12.73	2.168285593024971
12.74	3.0809473985566593
12.75	2.810570838837228
12.76	4.2142150526234445
12.77	3.166884686451226
12.78	3.6697946701877164
12.79	3.714758346565728
12.8	3.196892619175132
12.81	2.4605992027913226
12.82	4.75725062943444
12.83	4.386304050053775
12.84	3.3354364020820086
12.85	3.478629779638552
12.86	3.0195478722434586
12.87	2.8210491303504743
12.88	2.926695623965335
12.89	3.505215817399807
12.9	4.751958816292034
12.91	3.294886805326116
12.92	3.786718374206844
12.93	3.1430887968435086
12.94	2.9805600209104215
12.95	4.004389649555623
12.96	3.748881714373705
12.97	3.9044067068192265
12.98	3.5467231140293927
12.99	4.142293685270209
13.0	4.1990930926177885
13.01	3.5507909042672656
13.02	3.1326882347720977
13.03	2.9287800944935563
13.04	4.136569457899322
13.05	3.6113421971785584
13.06	3.0862945914159496
13.07	3.333973540725579
13.08	2.403193146940352
13.09	3.051885864587102
13.1	3.4000960023696427
13.11	3.0920049093892152
13.12	3.301905977794779
13.13	3.723177614440299
13.14	2.8553780012520846
13.15	2.647144674092204
13.16	2.565454878858867
13.17	2.129943005279029
13.18	2.6105666184168004
13.19	3.761052194734607
13.2	2.5238273281745
13.21	2.406949383373223
13.22	2.384879674704694
13.23	3.1946075754094814
13.24	2.66150206616703
13.25	2.7795517455730137
13.26	2.5033821642052425
13.27	2.706047342921369
13.28	2.6164117548121375
13.29	1.8311873126867622
13.3	1.4251759174109073
13.31	2.1455579598435457
13.32	3.6036781790615304
13.33	1.6766333359808143
13.34	2.368861159823458
13.35	2.1969997223653563
13.36	2.324184475875503
13.37	2.3764384746953593
13.38	1.5653044513132262
13.39	1.6091929024399971
13.4	1.8333408012920904
13.41	1.727576889070829
13.42	2.5455942301033176
13.43	1.8764863714547606
13.44	1.5294512531383302
13.45	2.2344783108538264
13.46	2.1279814085074533
13.47	2.874777949379979
13.48	3.3652434828628497
13.49	2.7176673955349777
13.5	1.8305392397671687
13.51	1.6155015036260068
13.52	2.3773603638829326
13.53	1.3613741290115244
13.54	1.873098828458079
13.55	3.4489946871152943
13.56	3.6721766090694525
13.57	3.625305946267578
13.58	2.8562972239604987
13.59	2.8732305213938965
13.6	2.591827509001312
13.61	2.5836795422920478
13.62	1.9337112009599213
13.63	2.0089930022649867
13.64	2.502881461396099
13.65	3.09421346985269
13.66	3.1810852964082263
13.67	3.459250960214388
13.68	1.4026773457029933
13.69	3.246371775764297
13.7	2.643704329926235
13.71	1.908793116886361
13.72	2.638951851464049
13.73	2.883885390846937
13.74	2.7017700488464507
13.75	3.8351591591595025
13.76	2.615852475971273
13.77	2.6442167908690553
13.78	3.0694380453126677
13.79	3.0128539637737166
13.8	2.7335556334333044
13.81	3.411091773503767
13.82	3.1009131293232093
13.83	2.649509823428408
13.84	3.678113685531681
13.85	2.6541518068219947
13.86	3.0204541956371074
13.87	3.4771647134637877
13.88	2.7259303258365297
13.89	3.4021896997848207
13.9	2.053149907225435
13.91	2.3606796283416536
13.92	1.718942922976129
13.93	3.1633611702106035
13.94	2.3519853418866115
13.95	1.7575985268211756
13.96	1.899090491068272
13.97	1.6961706552266471
13.98	3.240117162609577
13.99	0.42632796937571227
14.0	1.8512097363368856
14.01	1.5297105726445321
14.02	1.6149872002981542
14.03	2.270251876365361
14.04	1.4488945293900397
14.05	1.4099952155421818
14.06	0.8086015682233246
14.07	2.0460923193673857
14.08	1.280249427501779
14.09	2.1962512296047727
14.1	2.1443899893587703
14.11	1.0976489927897282
14.12	1.8874735343219045
14.13	2.1548224089003964
14.14	1.9561805755864818
14.15	1.3742669380628736
14.16	1.2211680453222595
14.17	0.6498142619877274
14.18	1.5568352825448146
14.19	1.0439321975888478
14.2	1.3035585339987883
14.21	0.7731747843591731
14.22	0.8389792774648126
14.23	0.7182525912024098
14.24	1.3095387460264891
14.25	1.742972312946281
14.26	1.2634227168563816
14.27	1.9025971961471144
14.28	1.4413922679302762
14.29	1.2683774784347435
14.3	2.0395346475438663
14.31	1.2456304678085472
14.32	0.19959684125571253
14.33	1.2827316480911057
14.34	1.4734883530361311
14.35	1.3871074874931726
14.36	2.097626894067705
14.37	1.1611299945312037
14.38	0.33717201877751146
14.39	1.5898326162620133
14.4	1.8887828933079303
14.41	0.9649283193777741
14.42	1.9764330209499508
14.43	2.2204042714521868
14.44	1.007768114606203
14.45	0.8131522856602023
14.46	1.5920763913623137
14.47	1.2383188990003338
14.48	1.6050295058513038
14.49	0.8053640471930569
14.5	2.142917106571308
14.51	0.7446859882822521
14.52	1.727868198386597
14.53	1.6758310062727904
14.54	2.7229516706795813
14.55	2.372166473396348
14.56	1.6379069347458588
14.57	1.153643694108188
14.58	1.824085326130467
14.59	1.3969122917840124
14.6	2.0487652824044202
14.61	2.0029866679348487
14.62	0.7534962905385167
14.63	1.2784915960407852
14.64	1.7521821057078641
14.65	1.8517221836514652
14.66	2.628515846664825
14.67	2.5117253650226066
14.68	1.203899393255686
14.69	2.1328025210939505
14.7	0.9219539006630693
14.71	2.4999124963327928
14.72	1.0059566880992086
14.73	1.9708880362585448
14.74	2.351155940172798
14.75	1.8601745037243662
14.76	1.8912247248969165
14.77	1.826604667686324
14.78	1.6855077589074705
14.79	2.4821580135205497
14.8	3.379938290764003
14.81	2.78542276493898
14.82	2.8615135582924047
14.83	3.5737175189671464
14.84	2.7338923382781553
14.85	2.149953764861381
14.86	3.1687393287747483
14.87	2.8146344702886354
14.88	1.7243626798309297
14.89	2.2164010285280993
14.9	1.5983251670425882
14.91	2.917918464528073
14.92	2.0973544691950097
14.93	3.1352753021879822
14.94	2.302159846138298
14.95	2.473686069580572
14.96	1.7812293660055567
14.97	1.851910079038944
14.98	2.001202716470836
14.99	1.1759334643459598
15.0	1.40006883503921
15.01	1.0840755132561495
15.02	1.1617423935679079
15.03	1.6004741925777533
15.04	1.9319947460220006
15.05	1.4459053895680292
15.06	0.9552027695297328
15.07	1.9394340194198771
15.08	1.5036653190015568
15.09	1.4054264250022137
15.1	1.571644564034227
15.11	1.8694592681937892
15.12	1.65747396945153
15.13	1.2186338361774383
15.14	1.5045615175716023
15.15	1.9938468172621509
15.16	0.9430946754830193
15.17	1.3120880720507846
15.18	0.8610875213251785
15.19	1.2316661182362938
15.2	0.8017510559877605
15.21	1.7169162110620126
15.22	0.4914546588109564
15.23	2.1142483822974745
15.24	0.47831825017763163
15.25	1.4471720883548715
15.26	1.0622412328977713
15.27	1.3217996005522685
15.28	0.8981891397828068
15.29	1.1455679881982737
15.3	0.8084103213705431
15.31	1.1815720113118582
15.32	0.8991172731797415
15.33	2.061708476772665
15.34	1.4076552641578592
15.35	0.7468729477742508
15.36	1.307339087347442
15.37	1.328692529924066
15.38	-0.05474136252422168
15.39	1.0997983461775984
15.4	1.122215221209773
15.41	1.0154845159361376
15.42	0.9824003445854704
15.43	1.7065785075858215
15.44	0.30697124204852
15.45	0.6299413261335479
15.46	1.5293410189405565
15.47	1.4746647026987325
15.48	1.0586549367228288
15.49	1.0583498609425819
15.5	0.4576295392858515
15.51	0.9141588806587398
15.52	1.354597545533729
15.53	0.8195006858673125
15.54	-0.009272533231290958
15.55	0.8417894364811906
15.56	0.620791186011581
15.57	0.5047475361526035
15.58	1.2452932053810422
15.59	1.5106210697804694
15.6	1.1160070220305047
15.61	0.8082491915801546
15.62	0.5766588915835296
15.63	0.20553946619899888
15.64	1.9054192768562457
15.65	1.184293347830475
15.66	0.2988799598302607
15.67	1.826331740383106
15.68	0.4433738360181261
15.69	0.7807568468174797
15.7	1.0151795148414295
15.71	0.8309474990333257
15.72	1.4103523844622246
15.73	1.7896320725501755
15.74	1.157104624695544
15.75	1.869803993806482
15.76	1.979948386948244
15.77	1.1591549824261904
15.78	2.4246936326950546
15.79	1.4587360180112188
15.8	1.6684321231215757
15.81	1.764765229095624
15.82	1.6364845103248569
15.83	2.1549941471055227
15.84	1.800310876459073
15.85	2.4145043091634326
15.86	1.861325477813533
15.87	1.0425840220588896
15.88	1.936948183420775
15.89	1.3346040082273967
15.9	1.5591371797343516
15.91	0.4438369405461
15.92	1.694972440891298
15.93	2.082997246101632
15.94	1.8528163277189833
15.95	0.6489278362412254
15.96	2.490562084672816
15.97	2.023812632324714
15.98	1.8954725064137161
15.99	1.0059540189956182
16.0	1.9315430151468949
16.01	1.7809841268252113
16.02	1.893999168571862
16.03	1.3509749860486204
16.04	1.5730373580418455
16.05	2.313298553887787
16.06	1.8824408382698257
16.07	0.8007218486284887
16.08	1.8828932181068545
16.09	2.1015146056894705
16.1	1.530974110523332
16.11	0.7706250857391895
16.12	1.1506474263398518
16.13	1.8497629095757098
16.14	1.9224084424002648
16.15	1.4342972964209617
16.16	1.4908088869713274
16.17	2.3497196021708033
16.18	2.4261670102474016
16.19	2.039336889147835
16.2	0.6717542635561051
16.21	1.5404799777656237
16.22	1.856585750024812
16.23	1.5203342152622992
16.24	1.5782451635320722
16.25	1.6008502725856217
16.26	1.1934110312450292
16.27	1.8709101278576512
16.28	2.474085129195072
16.29	1.3037514598515076
16.3	1.7678502213603406
16.31	1.7446574007493916
16.32	0.9314834052825869
16.33	1.422914043598782
16.34	2.352175726004889
16.35	0.5163189414700907
16.36	1.069352360735561
16.37	1.1271892935705476
16.38	1.4065966211504162
16.39	1.3876666976795595
16.4	1.3419633036112955
16.41	1.3674779577215166
16.42	0.8928862730733049
16.43	2.2250583400082244
16.44	1.9745896840775823
16.45	1.8538835711087365
16.46	0.7799531911919619
16.47	2.331068799081491
16.48	1.5906326195559712
16.49	2.083581442558157
16.5	1.4281386208200992
16.51	1.63033239684354
16.52	0.9956950160137654
16.53	1.7346620394787906
16.54	1.1973887238996226
16.55	1.9813621872274774
16.56	0.811210744278234
16.57	1.77073664139786
16.58	0.2568760842298333
16.59	1.696106768373711
16.6	0.8991400317593474
16.61	0.771288165682
16.62	1.7635101183159962
16.63	1.163984105758196
16.64	1.6747065737379323
16.65	1.5094413028666454
16.66	1.5354650122447615
16.67	1.4194297446409563
16.68	0.8091052401374318
16.69	0.817750833358898
16.7	1.1719771116825255
16.71	0.5260992422824727
16.72	1.7790492462389778
16.73	0.4205553823477308
16.74	1.8379784635705065
16.75	2.2129617486104602
16.76	1.3203607110033757
16.77	0.3233385023933224
16.78	1.1455744259842653
16.79	0.703106665628228
16.8	1.0080682026659489
16.81	1.061054792841213
16.82	0.9540952684322154
16.83	1.2426307835967643
16.84	1.3107831846075675
16.85	1.3774823814927317
16.86	1.2714744141256649
16.87	0.7524057704198941
16.88	1.4009743394432295
16.89	0.821140995927461
16.9	1.3152526183866415
16.91	0.9432384135913865
16.92	1.2076156640466886
16.93	2.0719256433780524
16.94	1.4842662451323825
16.95	1.2886230834778534
16.96	2.5076566244239578
16.97	0.932772357449464
16.98	0.49800874279904006
16.99	1.2554466245165008
17.0	1.9618229683066795
17.01	0.7906281376924275
17.02	1.6999771961669325
17.03	1.6254667186586782
17.04	2.2914387804451355
17.05	0.4736126630134425
17.06	2.021019120509546
17.07	2.4292335618172523
17.08	1.350351442936971
17.09	2.0144623643600537
17.1	1.9388621730734388
17.11	1.804520205886441
17.12	1.8261911026393622
17.13	0.6498422657245839
17.14	1.5354359533283888
17.15	1.1487688822072037
17.16	1.9085679938486853
17.17	2.0335414868322452
17.18	1.0009076000771318
17.19	3.325747855652378
17.2	1.6023174461619747
17.21	3.0009671828808266
17.22	1.8032696346418111
17.23	2.4030597612520936
17.24	3.142832655581368
17.25	2.952612134889865
17.26	2.286718746764989
17.27	2.699864315217581
17.28	2.282535502849257
17.29	2.2478968740717535
17.3	2.8638083301344386
17.31	1.932719076523783
17.32	2.5014512497364363
17.33	2.1996147506108485
17.34	2.0958840334687445
17.35	2.381755353275829
17.36	2.5944225796824614
17.37	2.9234125800448743
17.38	3.6949281106531053
17.39	3.183128982170575
17.4	2.9792028819760574
17.41	3.6659704733523704
17.42	2.862788579675143
17.43	2.857892449184895
17.44	2.602631983498803
17.45	2.535202637682341
17.46	1.8294115450863855
17.47	2.679434934065219
17.48	4.170293597302503
17.49	2.6057638473448
17.5	2.388360917484352
17.51	2.983658245366489
17.52	3.8589574161774345
17.53	3.882429748655862
17.54	3.3018725792999093
17.55	3.399152167370386
17.56	3.6511149256259086
17.57	4.112977263876106
17.58	3.3266070166672956
17.59	4.018616805234675
17.6	3.408591512925737
17.61	3.052634495638034
17.62	3.8518154330623324
17.63	3.8356158064693933
17.64	3.1687450507012165
17.65	3.9895209682267194
17.66	2.902077372911112
17.67	4.255489745549003
17.68	4.39087667807462
17.69	3.0690207998480403
17.7	4.120418120365825
17.71	4.064778025316734
17.72	4.382943602356319
17.73	4.982943854606009
17.74	3.3454290065770054
17.75	4.072750232703153
17.76	3.540182030677977
17.77	3.8770151657567804
17.78	3.879566601826711
17.79	4.532942705724956
17.8	4.01563580919888
17.81	3.8575628346900355
17.82	2.8115288495796413
17.83	3.6314683137340356
17.84	4.237193306004948
17.85	4.419861281261426
17.86	4.315801561959736
17.87	4.766884265753668
17.88	3.961303174447216
17.89	4.435636112081085
17.9	5.087683435754842
17.91	4.574505326083913
17.92	5.4962379371681145
17.93	4.429961247413232
17.94	3.9493103378462564
17.95	3.9723137782257285
17.96	4.633586483087999
17.97	4.094868678804747
17.98	4.470270238658429
17.99	5.032919891056169
18.0	4.278365232397591
18.01	4.4792218581607814
18.02	5.441982621193679
18.03	5.091918402517782
18.04	5.7663780221791265
18.05	4.4877019192683765
18.06	5.376875756755335
18.07	4.260398437424406
18.08	4.746932122497004
18.09	4.232508646555249
18.1	4.926660858009623
18.11	4.700937829740856
18.12	4.607960629174216
18.13	5.516212268722196
18.14	5.737178792334044
18.15	4.967682575165385
18.16	4.344779393581986
18.17	5.58120168243277
18.18	4.736702786886024
18.19	4.322933858519557
18.2	4.683115230605252
18.21	4.686446112432198
18.22	4.9564056328789
18.23	5.29127603014703
18.24	4.332454891592881
18.25	4.127691655903387
18.26	5.665358814594543
18.27	4.209269337184009
18.28	3.647331790459083
18.29	4.187451677361746
18.3	4.40800707361844
18.31	3.40811286672383
18.32	4.1916118819000925
18.33	3.710566427602014
18.34	3.741287077282551
18.35	3.3694754471099984
18.36	4.282415216456442
18.37	3.5275439493364056
18.38	3.3382253209054693
18.39	3.7707468206538888
18.4	3.069262191831028
18.41	3.8477882523234057
18.42	4.522824263171869
18.43	4.140161224114469
18.44	2.947576854262289
18.45	2.8918593025433865
18.46	2.892179871844389
18.47	3.909080744987601
18.48	3.795505975829177
18.49	3.1755996503481705
18.5	3.7497304401709366
18.51	3.2540788792480084
18.52	3.01022683023071
18.53	2.926409908290517
18.54	3.430073180537565
18.55	4.107162788142616
18.56	2.7289875245275486
18.57	3.009197022787015
18.58	2.0470885237645104
18.59	3.0050654251160647
18.6	2.911410751997988
18.61	3.190665736349369
18.62	2.6347336104275376
18.63	2.9463657249315953
18.64	4.287754562605922
18.65	2.6314035264654745
18.66	2.8635805812055426
18.67	3.177177861870579
18.68	2.3021388255523325
18.69	2.9916065414353836
18.7	2.505309244691032
18.71	2.2412291970582108
18.72	3.009815328854262
18.73	2.8671139977775084
18.74	2.462622314742031
18.75	3.0010907623399397
18.76	2.1140428528376387
18.77	2.252598397695524
18.78	2.0279656777260398
18.79	3.1005387320036046
18.8	2.619022888634416
18.81	2.8915796288658018
18.82	2.8091541711949604
18.83	3.10492965537593
18.84	1.8994071065251426
18.85	3.0107859205368044
18.86	2.845082379528494
18.87	3.368042018398467
18.88	2.044177381321661
18.89	3.320035845833635
18.9	2.7687919832505026
18.91	2.6598091857382387
18.92	2.8299624197597573
18.93	2.7996110353085677
18.94	2.2486532550500478
18.95	1.9992643950708517
18.96	3.3266676407077593
18.97	2.5875715135664286
18.98	2.337505788669237
18.99	2.4404054332201066
19.0	2.38915633864538
19.01	2.1685977549210156
19.02	2.770471066010598
19.03	2.1932356928519994
19.04	2.9743375586679472
19.05	1.9500576164242198
19.06	3.2564911712558122
19.07	3.380950914132861
19.08	2.4421999944984853
19.09	2.9278373709845007
19.1	2.575947574680461
19.11	3.7358711930785624
19.12	2.4457721360605067
19.13	2.160734677948462
19.14	2.3932492320131504
19.15	3.324270357642915
19.16	2.324258450345081
19.17	2.7698310404150632
19.18	2.6113282614405886
19.19	1.958140145627717
19.2	3.2742981792981976
19.21	2.9356997430079805
19.22	3.0664577586710413
19.23	1.8977440936735122
19.24	2.1743237626243097
19.25	3.120384239580522
19.26	3.4517979759892268
19.27	1.8627763400941222
19.28	2.9725337093017696
19.29	3.1388509245124547
19.3	2.6962622125159172
19.31	3.0626033247728075
19.32	2.7569333930390547
19.33	2.0884994466926243
19.34	3.05149074843178
19.35	2.8872996493901995
19.36	2.8433110403258843
19.37	3.4893035044353367
19.38	1.8115387809461305
19.39	2.4064717163704077
19.4	3.373494077148189
19.41	2.2492123942444158
19.42	2.689001911633779
19.43	3.5188856789667255
19.44	3.1874081528009115
19.45	2.5882299086188567
19.46	1.2809246584824712
19.47	2.367751227229667
19.48	2.4639713817574203
19.49	3.151374795585562
19.5	2.258863971727658
19.51	1.9490768696142118
19.52	3.612098724280842
19.53	2.4866489243199803
19.54	3.6537473245177936
19.55	3.16855872823413
19.56	3.158951242929199
19.57	3.3129903860851555
19.58	2.268508784429627
19.59	4.045782178286796
19.6	3.0827063783711326
19.61	2.7127542697107776
19.62	2.8102683519193636
19.63	4.195888297446184
19.64	3.9773468767720286
19.65	4.028417462607851
19.66	3.8894974695393376
19.67	3.35802339557838
19.68	4.414980568080732
19.69	3.7831384015425296
19.7	3.0541559773969307
19.71	3.00108768325513
19.72	4.14992131161348
19.73	3.048190322690783
19.74	4.043528723044186
19.75	4.004454113529003
19.76	3.0405471528047605
19.77	3.673366576867732
19.78	2.720396033847744
19.79	3.738781846551302
19.8	3.052135930864691
19.81	3.4942859186319972
19.82	3.9953503668987738
19.83	3.0992085218596803
19.84	3.83873281724069
19.85	3.773437888771795
19.86	3.192659316497081
19.87	3.5880993725287564
19.88	3.8637785633612785
19.89	2.8783491959205167
19.9	2.9473888578428524
19.91	2.6694784829529525
19.92	3.885133868874765
19.93	3.3725768281543793
19.94	4.04668190685487
19.95	4.123566934265857
19.96	4.059676737093834
19.97	3.2894625544141474
19.98	2.165426636505652
19.99	3.5012878945664436
20.0	2.9127370354152227
