10.01	9.746147718217664
10.02	10.042700010364866
10.03	12.534361160127384
10.04	9.837857194715166
10.05	9.780184821345667
10.06	5.755388073288416
10.07	6.62092722212078
10.08	4.292090050313579
10.09	4.895409153200918
10.1	7.365515319603709
10.11	3.7490067466508226
10.12	4.442488151178761
10.13	4.387016822433363
10.14	3.552680054230462
10.15	2.0746598569021706
10.16	4.920560620037103
10.17	6.443152577575248
10.18	1.3055283320474529
10.19	4.917465144099548
10.2	1.2604038430539815
10.21	0.1934188882691097
10.22	5.989858689174765
10.23	4.950243117487465
10.24	0.8153851437237061
10.25	2.0756527230944264
10.26	1.9549521207728089
10.27	2.2407619425926093
10.28	3.796616203891114
10.29	4.198394345287973
10.3	0.6365313811074651
10.31	3.4968210854733304
10.32	2.863437423186413
10.33	2.1701790011646533
10.34	4.7301162594394075
10.35	1.449253968922244
10.36	1.4083878982398315
10.37	1.288448584350276
10.38	6.174444711391445
10.39	-0.2171869292973443
10.4	5.30493677565887
10.41	3.9311939947327232
10.42	1.8971819397151184
10.43	5.866204223031968
10.44	5.25857000008239
10.45	5.878710073213574
10.46	7.151756792864762
10.47	7.973777962210534
10.48	6.532249145867487
10.49	5.455218679436496
10.5	6.011973234274032
10.51	7.843680370563524
10.52	10.74747402981982
10.53	8.833478341951759
10.54	6.995717031472472
10.55	8.66288589728059
10.56	8.141986166079192
10.57	10.690847106526498
10.58	7.096231619888
10.59	8.930273002078268
10.6	9.716173980826023
10.61	11.8909561689434
10.62	12.436949373967494
10.63	11.710186540245108
10.64	11.189585476728864
10.65	13.779649930661888
10.66	12.211305853835853
10.67	10.894555796128849
10.68	11.164447831966994
10.69	11.50372191361714
10.7	12.262893847134881
10.71	11.600309622213517
10.72	12.122374168135295
10.73	9.365702867471654
10.74	14.380354822254608
10.75	10.934088895433883
10.76	11.482707358839912
10.77	9.555694295394309
10.78	10.22225929795147
10.79	12.074833431587141
10.8	11.420217275970769
10.81	11.290335669413116
10.82	10.782883170389383
10.83	9.398038317167897
10.84	7.792444403573637
10.85	8.031440266538425
10.86	7.895791425600205
10.87	7.873225081118386
10.88	9.226220124841715
10.89	5.231341501421953
10.9	4.845947274961854
10.91	8.728377150340862
10.92	4.458428165165265
10.93	5.020974074430284
10.94	6.581694223744223
10.95	6.536317389614872
10.96	3.624935658151377
10.97	5.2756287942744775
10.98	2.6898872515409264
10.99	2.162402390638637
11.0	3.185691164544416
11.01	3.5383110472919133
11.02	2.439227070033187
11.03	4.0019390122922065
11.04	4.341449790930678
11.05	3.328171659430381
11.06	5.807425899099545
11.07	4.970580353215407
11.08	2.9560004913838496
11.09	1.9218017789328468
11.1	1.1580354478547406
11.11	0.6889148068440485
11.12	3.8177781117676237
11.13	1.2363384690981698
11.14	4.878461543744436
11.15	5.022138802870746
11.16	2.1568683670114943
11.17	5.175533957127669
11.18	1.5343555097414256
11.19	2.98637356170934
11.2	7.580746283460597
11.21	4.569498235361501
11.22	6.520886074512229
11.23	7.81921003990009
11.24	4.796271720634593
11.25	6.464049429161037
11.26	6.205737922581354
11.27	7.53968514842309
11.28	4.577641690530006
11.29	11.242502229254733
11.3	7.935147484685266
11.31	12.645145999968534
11.32	11.068509815424276
11.33	11.920689969614203
11.34	10.028806528348328
11.35	9.374201762380435
11.36	9.190702805768225
11.37	10.89582526715736
11.38	13.663430680561785
11.39	8.186874877727305
11.4	10.45111995592904
11.41	9.686334279387166
11.42	13.168466251905507
11.43	13.775070422084777
11.44	13.454551267390588
11.45	13.845903159504909
11.46	10.968106967584363
11.47	9.423173868142586
11.48	12.652186545896672
11.49	10.539208716368979
11.5	11.981438792217922
11.51	12.994824268705564
11.52	15.21070798832192
11.53	11.31352216741068
11.54	11.276880148571564
11.55	8.04990971139517
11.56	10.244513464590668
11.57	14.826451569520533
11.58	12.60623928044994
11.59	10.841682745383697
11.6	9.13851848930852
11.61	12.486724973158362
11.62	9.5718586475452
11.63	8.611710560907978
11.64	7.22929110623142
11.65	7.703215695408387
11.66	7.1642172802965005
11.67	6.914394402161756
11.68	9.506020876404477
11.69	3.471025222971755
11.7	2.311898450120485
11.71	4.901858247681126
11.72	5.1637179613667366
11.73	1.0964153358416522
11.74	2.9912620149332843
11.75	1.5361168598879922
11.76	4.4524378570387695
11.77	3.8088960551685727
11.78	3.6202949381539966
11.79	0.4968932549635001
11.8	2.3794651867899392
11.81	0.2332058531746939
11.82	0.5856968726170254
11.83	1.3752185328639246
11.84	6.128501128557287
11.85	1.1083335957008502
11.86	2.1921983365801356
11.87	1.5030971765411898
11.88	3.0892486381378843
11.89	2.442122267339723
11.9	1.4708821383952293
11.91	1.701625120531831
11.92	2.1033911209448624
11.93	1.793205292173206
11.94	3.566170469098199
11.95	4.78713668142175
11.96	2.0172935926440756
11.97	3.449861214361382
11.98	4.306012969763623
11.99	4.199656258299264
12.0	0.30986063772617856
12.01	4.30927571796198
12.02	5.6120858349163605
12.03	5.418738865108114
12.04	4.749010537108223
12.05	4.148628471318787
12.06	5.356089675257664
12.07	5.687946662807015
12.08	8.025248160114957
12.09	7.71246086140771
12.1	9.365932035858775
12.11	7.954500350364535
12.12	7.444678171229851
12.13	10.542948159093502
12.14	11.908823019635413
12.15	11.6969082020848
12.16	8.432185093787021
12.17	8.617712937612025
12.18	12.048519745333113
12.19	7.749962614096792
12.2	12.457122504718319
12.21	8.899365758445821
12.22	11.027852690224623
12.23	8.213430188991643
12.24	9.9847106266821
12.25	10.14608962745637
12.26	8.569055916628992
12.27	7.312087318237804
12.28	9.067787226503844
12.29	9.91515812413639
12.3	10.369456805931364
12.31	8.409280844315242
12.32	10.14508377318748
12.33	6.466500146360355
12.34	8.768865144146758
12.35	6.163277435684991
12.36	5.042994423382243
12.37	6.00522607737929
12.38	6.612716241990021
12.39	6.5501115125369
12.4	7.063594940531571
12.41	3.3750019897097796
12.42	3.378945089312889
12.43	2.2387140952744944
12.44	1.548353264167865
12.45	2.758866911093831
12.46	3.2106083260765463
12.47	5.727155333710586
12.48	4.193645466102447
12.49	3.0808463085879985
12.5	4.162055379420122
12.51	0.041432862893608924
12.52	5.600851556202178
12.53	4.11885287394062
12.54	-0.234380720154033
12.55	0.5001749577821027
12.56	0.8662701154924868
12.57	0.4860729203720263
12.58	0.323343156756932
12.59	0.9711755007891636
12.6	-0.8713103583712536
12.61	-0.584356552713243
12.62	1.3989412316789662
12.63	1.5580256582663963
12.64	0.8255429172362225
12.65	-0.6203037847264977
12.66	1.2870345038757116
12.67	0.5399335287406642
12.68	-1.0446281922111305
12.69	-3.819325842148163
12.7	-0.935077898930985
12.71	-0.014974460399432843
12.72	1.1378129210960428
12.73	-1.6793825350269354
12.74	2.9523966713952507
12.75	4.0000434192146495
12.76	5.459674058877964
12.77	1.7940125302327299
12.78	6.120078650933229
12.79	4.020838514737801
12.8	3.032316058624058
12.81	4.550721613091424
12.82	7.1350201726569065
12.83	6.342907417446362
12.84	6.193629850757459
12.85	4.9842245108835055
12.86	6.308008412465078
12.87	11.103744076827684
12.88	5.123052443408442
12.89	7.777678585929407
12.9	6.283814014390966
12.91	7.207398408459319
12.92	9.633386228129728
12.93	7.6049071591509225
12.94	9.879256919666945
12.95	9.63772366093419
12.96	10.112260022595246
12.97	8.645297649674982
12.98	8.481293395812573
12.99	10.551454123067296
13.0	10.849148908857043
13.01	7.8115372520782715
13.02	10.583707544234985
13.03	11.073341598695261
13.04	10.859584061782892
13.05	9.67417511679729
13.06	9.392184464043382
13.07	8.841242152257593
13.08	12.047158069192914
13.09	9.802661741945217
13.1	7.3525792109539285
13.11	9.71314416596787
13.12	8.965939540730094
13.13	6.03010787578901
13.14	7.392736256744557
13.15	7.43588693879571
13.16	10.663677225731053
13.17	7.263146204496917
13.18	4.049189846645988
13.19	6.037309347505763
13.2	4.425538624229119
13.21	7.449216593721173
13.22	6.825278463018597
13.23	5.542896919988243
13.24	2.0164508945407533
13.25	3.3711389963706293
13.26	2.845165656296197
13.27	4.293693084774736
13.28	5.3886511326139495
13.29	-0.34159707839722353
13.3	3.2912311149286633
13.31	4.48093626277643
13.32	2.158882136602837
13.33	4.3534806074994865
13.34	4.645101297844101
13.35	1.1023526405354254
13.36	2.5228425359930218
13.37	3.19483794937533
13.38	-2.8503519913633983
13.39	-0.11291202023735902
13.4	-0.9715470452864896
13.41	0.9545217304845688
13.42	1.442197890442345
13.43	3.3181679700500046
13.44	3.470992737719311
13.45	0.4676538365264896
13.46	0.8945865583191213
13.47	4.178721992520066
13.48	1.8294625102877422
13.49	4.7545068359583755
13.5	1.6879805938181844
13.51	0.922989095208167
13.52	3.148169803813693
13.53	2.0083279771990954
13.54	6.100801439061468
13.55	2.63028260645189
13.56	7.678761793276253
13.57	7.174226051585173
13.58	8.01478547009002
13.59	7.792164911520534
13.6	6.276156971553079
13.61	7.547544013253978
13.62	7.069481813807949
13.63	6.580517512152413
13.64	8.791319511784666
13.65	9.71413563106062
13.66	8.15044708683191
13.67	5.337547400527207
13.68	9.680947592698383
13.69	8.733989998419155
13.7	9.642522024150523
13.71	9.919217998161844
13.72	8.042935361744558
13.73	9.020475878293025
13.74	10.737388646129176
13.75	10.651724049343944
13.76	9.50872977590513
13.77	9.952047486028198
13.78	11.701869248840485
13.79	8.896915433645242
13.8	8.667302288051461
13.81	7.722010021424771
13.82	7.954460212831485
13.83	7.030499505344266
13.84	9.208147058010413
13.85	7.444687606097109
13.86	7.853969082301081
13.87	6.723775649254372
13.88	9.648325329021423
13.89	5.909218284945521
13.9	7.613591515769977
13.91	7.501785865540901
13.92	4.906422014660202
13.93	4.552435065811553
13.94	8.042272949495622
13.95	5.717130969250712
13.96	5.869130551749458
13.97	2.196322008855587
13.98	3.3618321791752
13.99	3.6110370047751434
14.0	5.685608221441818
14.01	3.635605419985538
14.02	4.597986031204573
14.03	3.113824437129546
14.04	2.9651027526234683
14.05	2.8342483464538994
14.06	2.938961801250778
14.07	2.0045534239309606
14.08	-0.1887623494447983
14.09	3.47827610993327
14.1	-2.4537273686110916
14.11	1.4922399221947258
14.12	0.22588022429038013
14.13	2.1151016177937625
14.14	2.792547384711092
14.15	-1.9749364856921723
14.16	1.2325649756983466
14.17	1.5923506111765164
14.18	1.687998941726477
14.19	3.3661286633498166
14.2	3.0922685967831005
14.21	3.8489078936867913
14.22	4.841636107513057
14.23	5.437336387380251
14.24	3.2016054941002396
14.25	5.376186210713282
14.26	2.6949825992322136
14.27	3.374709153583933
14.28	4.8504694222047675
14.29	6.375884363690176
14.3	3.330983717636008
14.31	4.99075371268531
14.32	6.561608153076657
14.33	6.741752794427606
14.34	5.161478173446326
14.35	10.786374927897963
14.36	7.678463103190662
14.37	7.860715508112164
14.38	7.726009086443914
14.39	10.229330470837255
14.4	7.267699354543661
14.41	10.31216614706125
14.42	8.22882680618997
14.43	7.51379020449129
14.44	9.502711902967395
14.45	10.577308285127403
14.46	7.711863561799831
14.47	10.101095040309755
14.48	10.225641872650506
14.49	9.566605963009618
14.5	9.219111856526482
14.51	9.40702433018213
14.52	10.110057199745352
14.53	7.76302468777728
14.54	8.009008320057728
14.55	8.075274935495399
14.56	7.726797256121519
14.57	5.323138866770331
14.58	8.675674959434525
14.59	7.086170204765567
14.6	8.424268462487102
14.61	4.542577575682914
14.62	7.031804699980815
14.63	4.0458360151709964
14.64	4.569072632401435
14.65	6.104415058666801
14.66	4.693187121423124
14.67	4.553844288675849
14.68	4.973044329019063
14.69	5.735454387745876
14.7	-0.42409530062905665
14.71	5.430546045547807
14.72	6.364297699552409
14.73	3.3551300066776752
14.74	5.4837648659168945
14.75	1.3560641162899092
14.76	4.535208596281697
14.77	3.267643115473291
14.78	2.5871837311626904
14.79	2.676967658983649
14.8	0.6731007210054043
14.81	2.9925212193423523
14.82	2.310483601576964
14.83	4.070617571324199
14.84	1.202953931731036
14.85	3.343529065469205
14.86	3.8934702733353754
14.87	2.496690415806813
14.88	0.5274567210840806
14.89	2.8226710356430966
14.9	3.734313138472291
14.91	1.9691550739705133
14.92	4.2097443375624986
14.93	1.477334546170068
14.94	1.721255290328655
14.95	4.6287570359436705
14.96	5.7531262386687
14.97	4.9623517643055575
14.98	3.313136728196997
14.99	1.4878419058087995
15.0	5.339174013055288
15.01	4.195178953486276
15.02	5.992288361128765
15.03	9.304107763219353
15.04	5.614688063840784
15.05	9.414993861595566
15.06	9.003659227951328
15.07	7.994647832589495
15.08	8.561722704269387
15.09	7.740545963519647
15.1	9.156706656425383
15.11	11.911782707446145
15.12	9.766352212477274
15.13	8.535954987993186
15.14	9.197916648645814
15.15	12.408705921168933
15.16	9.656766980931678
15.17	7.264398440455112
15.18	9.387453937003823
15.19	13.74256238741901
15.2	10.333780136289036
15.21	11.190798726304154
15.22	10.745483928194941
15.23	10.759262641772818
15.24	9.46645040502068
15.25	12.066198654054668
15.26	10.87232268176387
15.27	9.380375226100599
15.28	7.066034014558739
15.29	11.60268112349446
15.3	9.22228598213478
15.31	8.777868729390352
15.32	4.863842712215648
15.33	11.14938176630132
15.34	9.442731344482864
15.35	8.053566045267218
15.36	10.48036754614407
15.37	10.487080079835758
15.38	8.185056665480133
15.39	4.819376051545992
15.4	6.825717551564538
15.41	9.127107642055071
15.42	9.072985355961675
15.43	7.180888414502797
15.44	7.335493554540072
15.45	6.540483481963357
15.46	6.2569077358635115
15.47	6.70924502092077
15.48	6.1290996952594625
15.49	6.778258628654731
15.5	7.253613644888929
15.51	5.236270220992736
15.52	5.227791879941979
15.53	3.746636536601277
15.54	3.648932869805591
15.55	3.2109430906305554
15.56	1.7695186870218746
15.57	2.9822609853254614
15.58	1.5073521881262737
15.59	-2.0916785214227582
15.6	2.540145874105296
15.61	0.456921695342708
15.62	0.09641639611750308
15.63	0.4388721633341913
15.64	2.402142390109334
15.65	0.743357840041032
15.66	0.6972970606196922
15.67	0.5437573771736469
15.68	0.5346062924964732
15.69	1.9302007092488556
15.7	-0.555072176905766
15.71	0.020255204342691836
15.72	1.0390286853289679
15.73	-0.5211483574558212
15.74	-2.2247910238197113
15.75	0.952104315452374
15.76	2.1675681148402366
15.77	1.737866674369534
15.78	-1.7074680288661424
15.79	2.4397210246773984
15.8	-1.3762146556547943
15.81	3.7580582333938684
15.82	2.189164988411325
15.83	1.2152236239240743
15.84	4.412580184074677
15.85	3.396473758597483
15.86	2.3058120564349607
15.87	6.368018729656849
15.88	4.407752508837157
15.89	4.669455513931042
15.9	5.220598810924683
15.91	3.7037223238225936
15.92	3.240209485649337
15.93	7.155303959202559
15.94	7.890707642938789
15.95	7.691404510537552
15.96	6.572485208774328
15.97	4.5742767085260105
15.98	8.511793636878108
15.99	7.972716693706029
16.0	8.809956749774065
16.01	9.84337544564487
16.02	6.253348759664482
16.03	7.767209842740598
16.04	9.445005193027017
16.05	8.633921132826472
16.06	7.289887921569619
16.07	9.484028798464474
16.08	9.421299737907226
16.09	8.882582342836852
16.1	9.10015852415731
16.11	10.140779594489501
16.12	9.49467038106951
16.13	12.012863916366797
16.14	9.297527536883356
16.15	10.301431770074569
16.16	9.702385391657582
16.17	8.259301834583837
16.18	8.105235206439653
16.19	5.940552431714427
16.2	8.335293562552376
16.21	6.603563720914792
16.22	5.212712003126357
16.23	6.934768038416046
16.24	5.643181319203115
16.25	8.15147118543661
16.26	1.4149375893109202
16.27	6.764133518491087
16.28	1.3108643496895755
16.29	4.039787634060491
16.3	4.445209067956467
16.31	5.52338626668411
16.32	3.13025001678205
16.33	2.953200887614722
16.34	2.525690634703171
16.35	4.790652072139581
16.36	2.724336671802421
16.37	3.9374279914203116
16.38	0.35575282591255775
16.39	-0.12517135126611767
16.4	0.39149985680526567
16.41	0.9427048187122191
16.42	2.3944455566847447
16.43	-1.492747592607434
16.44	1.8193883037663126
16.45	3.416975484050521
16.46	0.05543469635363962
16.47	3.8710000093175556
16.48	1.128487122246507
16.49	0.9370332520991986
16.5	1.0687753351684268
16.51	2.2842894965302696
16.52	2.650065229196284
16.53	3.3447713576338476
16.54	2.9455123363067797
16.55	2.4751902328130364
16.56	3.8337214664232455
16.57	2.5547564151477555
16.58	3.94530280076625
16.59	1.42347153427683
16.6	1.0480792581188143
16.61	5.2116111605989035
16.62	5.407393579041069
16.63	7.541118985096996
16.64	6.081824297248035
16.65	3.949062537431108
16.66	7.025251602635244
16.67	7.204446622602901
16.68	7.656107802032025
16.69	7.498607209140362
16.7	7.8284597783119
16.71	7.35853901429896
16.72	5.601790463405184
16.73	8.277478717800633
16.74	7.9761115554214745
16.75	6.814778924861807
16.76	12.134981217182919
16.77	9.27572689794816
16.78	8.57926809713006
16.79	8.986853995824061
16.8	8.32241237999451
16.81	12.6783218200677
16.82	12.531111411307174
16.83	8.140856972813015
16.84	9.347316075321812
16.85	9.65791846080497
16.86	10.805038749722897
16.87	8.799019049691895
16.88	12.073623092994843
16.89	10.85677274608157
16.9	8.686838927928871
16.91	8.728124333314138
16.92	10.770439039049233
16.93	8.467954554888317
16.94	6.526281272007639
16.95	6.95792847958609
16.96	6.386765874415456
16.97	8.16134677667854
16.98	4.697890817484224
16.99	6.014351189413315
17.0	6.926177438881462
17.01	7.653348852615406
17.02	5.201942327612077
17.03	4.726677020193094
17.04	6.963920817875979
17.05	5.602585192174183
17.06	4.737785612856092
17.07	4.3219978554907215
17.08	1.9494598625845445
17.09	4.560230750335931
17.1	2.619490625119807
17.11	3.9734086769398678
17.12	0.3938549724037417
17.13	0.9726519619296583
17.14	3.6546998835298004
17.15	1.2223344818180837
17.16	4.001236291576509
17.17	0.63279648070628
17.18	2.503900056617345
17.19	2.6517649696306465
17.2	0.13397773999655893
17.21	4.749194624233793
17.22	2.7364662730579195
17.23	2.736625579431511
17.24	2.774916733809911
17.25	-0.2899293724612755
17.26	4.0054551134120535
17.27	2.63588205204776
17.28	2.533883515406286
17.29	4.592442377955064
17.3	4.089444959159211
17.31	5.657606051959716
17.32	4.536868415997234
17.33	4.647589612896859
17.34	4.984759246421643
17.35	8.215480857345234
17.36	4.450518061714731
17.37	5.989694177024497
17.38	6.770797178418024
17.39	5.600328563926907
17.4	6.953001595370452
17.41	8.513911484850652
17.42	6.2870363970096825
17.43	7.647176282834458
17.44	8.989340431458308
17.45	6.70402964436994
17.46	7.5110800863534175
17.47	9.480689329501718
17.48	8.695028661293863
17.49	7.416731440346572
17.5	10.717827170498689
17.51	9.219026159295407
17.52	10.354322614786604
17.53	8.01120447701661
17.54	11.751106260865326
17.55	8.425572016726832
17.56	11.822493110807269
17.57	8.318948849949578
17.58	8.37275095825289
17.59	9.889722813188328
17.6	11.365709902513066
17.61	11.26955042185892
17.62	7.980334743323734
17.63	7.242000789494602
17.64	8.729814800575891
17.65	9.514464220787751
17.66	7.885131065429969
17.67	7.959648201943466
17.68	9.134904731584491
17.69	9.029147767181032
17.7	5.797845150806279
17.71	4.748683190648994
17.72	6.012467374591295
17.73	5.138781215515085
17.74	4.09644420986468
17.75	2.8781517916226482
17.76	6.287877860480515
17.77	4.531135455013642
17.78	2.2216226038338514
17.79	2.110490462229179
17.8	2.502815632375526
17.81	2.5690733472481506
17.82	1.7496971319174723
17.83	1.727215582642969
17.84	4.287880679358627
17.85	0.048099561510635436
17.86	0.7400757507645863
17.87	0.6551131968874789
17.88	1.8402625365355951
17.89	2.604084976809903
17.9	-0.4433329361136016
17.91	3.1897590701881695
17.92	3.485171120263149
17.93	-0.645348271965403
17.94	1.0786256820149882
17.95	1.8911322258183634
17.96	0.7209927279608147
17.97	-0.09932265155393616
17.98	-0.41192255078271545
17.99	2.0635709145789853
18.0	0.33657014244803474
18.01	-0.6192283476741842
18.02	2.850740755171364
18.03	4.078142042174219
18.04	1.4379398325569432
18.05	3.7481017486217323
18.06	3.3511494367174186
18.07	1.981153139061635
18.08	2.6648765835042205
18.09	3.373082970861201
18.1	6.899017777276393
18.11	4.36764169518871
18.12	4.608965107328182
18.13	8.384098218792802
18.14	5.789433463045126
18.15	5.592272014200479
18.16	7.2919784863230666
18.17	7.80210563698723
18.18	9.689137388472574
18.19	8.395309765578885
18.2	9.86021153012262
18.21	7.91789358274912
18.22	6.266441985179119
18.23	9.788972882199786
18.24	7.577771518601351
18.25	7.395847919946078
18.26	10.474119871207737
18.27	7.81488727482451
18.28	6.65350364968392
18.29	8.893255016235088
18.3	8.189536216452243
18.31	5.814509368558631
18.32	10.27228931171017
18.33	8.508623427753387
18.34	6.8481595619232465
18.35	9.258711704467771
18.36	10.71721846294868
18.37	9.274602246573183
18.38	7.573588799211752
18.39	7.494705562495454
18.4	8.042910957646777
18.41	3.8458769342131323
18.42	5.1761782630230275
18.43	9.480166367398771
18.44	10.685211758024794
18.45	3.3242595461911746
18.46	6.740563870900366
18.47	6.677728050028067
18.48	4.512232489668378
18.49	5.521304553096037
18.5	4.581566955637199
18.51	0.9693598295826091
18.52	5.492631371649832
18.53	4.727432550717486
18.54	2.758435131456429
18.55	2.777852865145292
18.56	1.6894100011166187
18.57	2.4495470141756375
18.58	0.599479283405302
18.59	0.03315357125061014
18.6	3.6845956233648964
18.61	2.6685203481505098
18.62	-0.36272850095677167
18.63	4.5826551084394165
18.64	2.3765233755786976
18.65	4.208247700004029
18.66	0.4436224093418078
18.67	1.6636641347490202
18.68	0.6387259945707439
18.69	0.14975578440995008
18.7	1.1142683332728536
18.71	-1.0236901451237876
18.72	1.476889892107414
18.73	0.679803099988494
18.74	2.054627888205248
18.75	4.345514169038983
18.76	3.012718126184759
18.77	2.171172577096752
18.78	0.7478293773066242
18.79	2.5767982063734935
18.8	4.268883664667016
18.81	2.4127887407898143
18.82	2.3923905848675417
18.83	1.1035758492342929
18.84	6.002349923182687
18.85	5.617342142951078
18.86	2.906951425715067
18.87	6.21554456847368
18.88	6.073069020225923
18.89	5.200684350354116
18.9	9.262575504641026
18.91	5.245424126303927
18.92	6.155191742508299
18.93	8.621290478791591
18.94	9.865092978603709
18.95	10.066127223353579
18.96	9.754756521415462
18.97	7.314154415288476
18.98	6.827231527721807
18.99	7.237517423369151
19.0	8.677220307995785
19.01	10.485879933109647
19.02	10.268955475394893
19.03	6.623744723747419
19.04	11.257360732563537
19.05	7.387654494557467
19.06	10.047110039900355
19.07	7.76773340919844
19.08	11.38493014747801
19.09	8.141883103612901
19.1	7.890914761316625
19.11	10.02524049208705
19.12	9.725157671983721
19.13	8.972006723202018
19.14	11.461186722988968
19.15	11.363379213984773
19.16	7.762741763529057
19.17	9.102763481008102
19.18	7.610673610152751
19.19	8.235283234404607
19.2	8.99758483137027
19.21	8.224692053165148
19.22	8.423229194645977
19.23	8.431898835535861
19.24	6.067735221846788
19.25	5.910298876655337
19.26	8.502518624655805
19.27	5.10062998185023
19.28	3.2539803662409272
19.29	5.001210289506147
19.3	6.063840140837044
19.31	4.407891928345712
19.32	5.4645947995759725
19.33	6.080696195934998
19.34	3.520835231576704
19.35	3.2243780484609252
19.36	2.191887800832432
19.37	1.9667991076432623
19.38	2.286937042111984
19.39	1.9993926833164335
19.4	0.46740929252497176
19.41	0.30010624393537233
19.42	4.29206416175518
19.43	2.02072681858634
19.44	4.90207646532789
19.45	2.335233740061781
19.46	1.1021684274631416
19.47	4.1505116319864985
19.48	1.265647646805681
19.49	3.658976668765441
19.5	5.117062180248026
19.51	3.736101544631029
19.52	2.6881603261062805
19.53	6.5465034542556015
19.54	3.857631165569383
19.55	6.599113877201779
19.56	5.5602457599875645
19.57	4.278413268362509
19.58	8.237733800654842
19.59	7.2816584258007
19.6	6.169105952525683
19.61	8.213351537001211
19.62	6.254387402880415
19.63	8.997024272808611
19.64	7.69547283322306
19.65	10.353373227885495
19.66	9.207361855019453
19.67	10.132710450379916
19.68	8.892327898371947
19.69	9.552687439507988
19.7	9.87045047093318
19.71	12.606999125775488
19.72	9.064093207168709
19.73	8.163292429298261
19.74	12.395657554326176
19.75	13.72406235265639
19.76	11.471677518886558
19.77	10.241359293737315
19.78	14.211838280281036
19.79	8.745726358220196
19.8	12.682370480053494
19.81	13.955142889558259
19.82	9.42932069642611
19.83	10.849311039615248
19.84	11.70606213952711
19.85	10.919424496042469
19.86	12.752162309263856
19.87	12.227946796925853
19.88	12.450959878510984
19.89	10.063772285355153
19.9	11.679600332449665
19.91	9.45759769016982
19.92	11.244974437489127
19.93	11.840503610133963
19.94	7.8938981795883
19.95	9.866483231256518
19.96	8.762568427466634
19.97	9.484844868165956
19.98	8.027427680100448
19.99	5.331809785009936
20.0	5.2512668932046225
