10.01	12.645317053210524
10.02	8.852963681693153
10.03	6.730198812913414
10.04	9.236888908103172
10.05	5.873205263040462
10.06	8.241995395566654
10.07	9.451926407216845
10.08	8.493466848796016
10.09	7.391441532425769
10.1	5.071117190855295
10.11	5.278308497933963
10.12	5.77640198974452
10.13	4.139468279665906
10.14	4.512965390861584
10.15	4.629606623102114
10.16	5.273390185491714
10.17	2.100786130904363
10.18	3.4338184625868404
10.19	3.25668541653118
10.2	0.7460922318509544
10.21	0.962848588308463
10.22	1.5717797768779607
10.23	0.8729121754950966
10.24	4.5670735968150975
10.25	5.767812181490346
10.26	0.5045957239182668
10.27	3.3599918842877434
10.28	0.7166858544780841
10.29	1.1150687698833728
10.3	3.0644205150742314
10.31	2.204345564695009
10.32	0.5354236612365684
10.33	2.2417877723328883
10.34	3.4578369492365355
10.35	1.264223181118775
10.36	2.0430986743062007
10.37	0.7604189039921225
10.38	3.769981474620706
10.39	4.148179705756248
10.4	2.441627828464888
10.41	3.755125917395302
10.42	6.763127808026779
10.43	3.874837343428272
10.44	2.9428888190460882
10.45	7.671501863033069
10.46	6.36479937867548
10.47	5.9361831007528485
10.48	4.829068860080231
10.49	8.186744214763012
10.5	6.242898034701017
10.51	8.38610586129802
10.52	8.001817914104997
10.53	7.975160936011175
10.54	9.156461164441147
10.55	10.564087581960344
10.56	8.95369060819698
10.57	10.122862206880143
10.58	9.43702592853999
10.59	11.142890816626032
10.6	12.550383441820467
10.61	10.94459851435683
10.62	11.54486234848895
10.63	11.458941492261271
10.64	10.469953211841494
10.65	11.727702775027755
10.66	12.145670686495073
10.67	12.11290673893886
10.68	13.298658269861038
10.69	12.915187635707332
10.7	10.762181310598418
10.71	13.824690526871706
10.72	8.873092634691162
10.73	12.364157109382681
10.74	12.441946548623825
10.75	11.596575915340134
10.76	12.53129782029457
10.77	12.643225159333081
10.78	12.008464770599964
10.79	9.280540983005505
10.8	9.312921367679447
10.81	10.901037782726771
10.82	7.879502565715714
10.83	10.261587721639534
10.84	9.766898494318141
10.85	10.409599234443085
10.86	10.223377612062283
10.87	8.288744292915036
10.88	8.15212211523874
10.89	6.860779899026392
10.9	6.493723414751949
10.91	9.517652503591592
10.92	5.43958817505883
10.93	9.790897257785154
10.94	2.8669981818299677
10.95	6.228516905713521
10.96	3.9142205650377577
10.97	2.972578913987856
10.98	2.606923722290615
10.99	2.698659176373013
11.0	2.97001384849444
11.01	2.9065231930766338
11.02	5.275006557607606
11.03	1.6932933381078292
11.04	4.8374634027829195
11.05	4.991973861058334
11.06	4.746114862154503
11.07	-0.692687889969807
11.08	5.109039911728374
11.09	2.7805817273304765
11.1	2.371369590658327
11.11	3.83113019040047
11.12	2.560820467830681
11.13	4.219128320138008
11.14	3.6637266673853226
11.15	2.901886554154623
11.16	4.044853378647648
11.17	5.2041353337269145
11.18	3.630900113586371
11.19	1.2678045445165633
11.2	3.8384665841099013
11.21	6.055948423464572
11.22	5.556222958846265
11.23	3.7022183340516652
11.24	2.3692445834392135
11.25	4.551977573362578
11.26	5.323157334972457
11.27	8.325262863940038
11.28	5.46629217090741
11.29	7.503794389261684
11.3	9.744684095815536
11.31	7.285749508041466
11.32	10.486017172061851
11.33	9.432763461448731
11.34	11.146113760115108
11.35	9.870270572232752
11.36	8.224613298281422
11.37	12.781951133328517
11.38	9.138952501405177
11.39	9.664776263876636
11.4	11.443446809899557
11.41	9.74085190129403
11.42	12.295232023339448
11.43	11.533411382973801
11.44	12.689241392819813
11.45	13.215067273185175
11.46	14.867884661201094
11.47	11.101721399020935
11.48	12.868012876454804
11.49	11.782202577642474
11.5	11.01041126645767
11.51	12.522333653146443
11.52	10.259631552199414
11.53	10.585465646212029
11.54	9.680046915125542
11.55	9.687576754861997
11.56	12.165352688221008
11.57	6.697457439452019
11.58	10.247922297969053
11.59	9.8384660151145
11.6	9.623652427728636
11.61	6.713644159388851
11.62	7.3966237100740635
11.63	8.427847884180965
11.64	5.761360328435593
11.65	5.97663210201854
11.66	5.698866402147163
11.67	5.4804315726589445
11.68	4.625163804368982
11.69	6.061319292745265
11.7	6.276260235938149
11.71	3.3248608739154513
11.72	3.959581485915643
11.73	-0.47313490400234537
11.74	6.499557178154978
11.75	0.5641656129964305
11.76	1.3584700555221951
11.77	1.3224903259700374
11.78	1.8883274238020533
11.79	2.5018099878593554
11.8	1.8663588310914543
11.81	1.7394007170031929
11.82	1.0055145935702936
11.83	0.050812074566828125
11.84	-0.19716986036027406
11.85	0.22351873962374236
11.86	1.3048038714809842
11.87	2.427258236114853
11.88	2.420039765474007
11.89	0.11688995010489522
11.9	-1.10025161050872
11.91	0.05909563350186642
11.92	2.817988806120882
11.93	1.2224854594444623
11.94	2.7106909008324003
11.95	0.9358664020864944
11.96	1.9509627705883732
11.97	8.73028263021295
11.98	2.5031410376161913
11.99	2.633789769691637
12.0	1.9443881567153218
12.01	5.753416425750643
12.02	1.7318113763312124
12.03	4.258897216815599
12.04	7.338262182247041
12.05	4.56510469339408
12.06	3.790849769388706
12.07	7.8815794786780895
12.08	7.821485311013275
12.09	5.275856128992446
12.1	9.163381481073657
12.11	4.501266366431019
12.12	10.08786999647055
12.13	8.027039497390259
12.14	6.389662028696079
12.15	9.325905793150179
12.16	6.433558149304117
12.17	7.4035248677531555
12.18	7.875297113559928
12.19	11.41095762351899
12.2	13.017098440854548
12.21	13.56709541325978
12.22	8.894197900211019
12.23	12.800063595715445
12.24	9.033476259561612
12.25	13.212109269969364
12.26	12.66801798757948
12.27	12.796791574898833
12.28	9.054620806558237
12.29	7.600491520754725
12.3	8.931505855361998
12.31	10.108021401702153
12.32	8.458838137844946
12.33	9.39825979047124
12.34	7.636086255969105
12.35	6.812034020754377
12.36	8.575592774570584
12.37	7.850610584283914
12.38	11.075039421107437
12.39	5.553886818605221
12.4	7.889163332512316
12.41	8.114577163171347
12.42	3.886719101782898
12.43	0.5569210563035281
12.44	4.330659160007909
12.45	5.785549252924606
12.46	5.784318355642453
12.47	3.651866464859329
12.48	2.926928428827147
12.49	4.584810045261603
12.5	-1.2146994214301527
12.51	3.727632579789807
12.52	3.096279827373079
12.53	3.7088443498601897
12.54	0.1247234648574107
12.55	1.6683134708611493
12.56	1.2441114318325837
12.57	-0.339720338140287
12.58	0.6152489140216505
12.59	1.7455432556490766
12.6	2.0403786666278205
12.61	1.8049021374852576
12.62	-1.2829728622471237
12.63	0.6718022798642301
12.64	-1.8182956799650147
12.65	1.7922967766527793
12.66	1.6506359034867524
12.67	0.7654323133497698
12.68	1.4457502924660817
12.69	-0.5114174096687767
12.7	0.7158587317614099
12.71	1.4719545637360416
12.72	3.5578659227117395
12.73	3.03222707103289
12.74	3.9249744709957124
12.75	5.92535089934799
12.76	-0.042802783804534617
12.77	2.7350107865349633
12.78	6.300651471798601
12.79	4.937846395955471
12.8	3.9084586612901235
12.81	4.401514928089344
12.82	6.552593630553761
12.83	3.250817074418321
12.84	6.449085582790649
12.85	7.467193895175267
12.86	3.2497693163121717
12.87	6.1940778738794755
12.88	7.086238693082041
12.89	8.173735878654067
12.9	9.781958671153015
12.91	5.2545746564974145
12.92	9.240503873040481
12.93	6.656743397351666
12.94	8.079315396324567
12.95	10.901775319990042
12.96	9.81017427889791
12.97	7.969170039631761
12.98	12.371805467171779
12.99	10.670528924787174
13.0	9.266455771199182
13.01	11.281432690443323
13.02	7.2129291996143925
13.03	9.365380554824952
13.04	9.61762593722104
13.05	11.118558141176651
13.06	13.41368765072518
13.07	8.548329284212942
13.08	9.739902431434007
13.09	8.288044016252151
13.1	11.539891741796762
13.11	10.407960329136515
13.12	11.69950374620165
13.13	7.483263434641761
13.14	6.8845273861714364
13.15	6.995083024395152
13.16	7.784825881894846
13.17	4.750067747520838
13.18	7.623494192444457
13.19	6.547636267234047
13.2	4.0100074185146095
13.21	4.337644201377477
13.22	3.4035488157999345
13.23	3.972546085856618
13.24	4.29872904943867
13.25	4.682708501551985
13.26	1.8066595422246259
13.27	2.5466971657848774
13.28	3.877697105524723
13.29	2.8877978376700137
13.3	4.9813937443592895
13.31	1.523663720258012
13.32	4.6721742425000485
13.33	0.1417006307734201
13.34	2.6892888431215507
13.35	1.4269635661035338
13.36	0.4675009332025295
13.37	1.3042391610277932
13.38	-0.6931129255733361
13.39	1.282907017271171
13.4	1.1788964675025948
13.41	2.3753047643726095
13.42	1.8359550728037495
13.43	-1.6047220250668548
13.44	3.4938424316915198
13.45	2.8840642977266056
13.46	0.39168382346381936
13.47	3.2655825484582257
13.48	4.844547722878713
13.49	5.8484318339718175
13.5	2.3346057099554907
13.51	2.6505366555825782
13.52	0.9635919951903178
13.53	3.327930172732601
13.54	5.062151879831353
13.55	5.276950270680822
13.56	6.336931724614851
13.57	3.4547313104524315
13.58	7.394882194304278
13.59	7.795198632459817
13.6	8.244289815834836
13.61	7.313614692859585
13.62	9.348416930584454
13.63	9.541476811608328
13.64	9.055127581637826
13.65	9.230651824895558
13.66	7.496884003589955
13.67	5.512710808693814
13.68	10.38736941239118
13.69	11.310109907354096
13.7	10.40837610244397
13.71	7.48284489315955
13.72	10.885395926639358
13.73	8.770883613505626
13.74	7.097853882634348
13.75	10.694237391245128
13.76	9.272566510734066
13.77	10.647473020827114
13.78	8.127296571034737
13.79	9.333802770640776
13.8	13.578615859531723
13.81	12.42050875714806
13.82	8.183648095642859
13.83	8.62960393080853
13.84	7.747508657518081
13.85	7.258566415477413
13.86	7.815948909896271
13.87	7.1999655141572365
13.88	6.9812400111179045
13.89	5.748482278611498
13.9	7.070424090704659
13.91	7.441887937626793
13.92	7.243950602294058
13.93	2.0159536153241633
13.94	6.332043922367294
13.95	3.561244486810055
13.96	4.12887964432856
13.97	4.376120004688399
13.98	4.97212866908731
13.99	3.4069965664532735
14.0	5.401085369321816
14.01	4.169060944923878
14.02	2.4238839486217643
14.03	2.7501323783043494
14.04	2.6046581308062757
14.05	0.6235365192990807
14.06	5.310359247037108
14.07	4.910960429857635
14.08	4.157515207684936
14.09	0.2075547764985044
14.1	2.500236373831931
14.11	-0.2856263343415104
14.12	2.360224022343499
14.13	2.473717009534303
14.14	0.7091106956710207
14.15	1.1833609183258416
14.16	2.535567782646595
14.17	2.2482006207972547
14.18	3.2563044531078322
14.19	2.010547536941114
14.2	1.3134585445772555
14.21	1.7250177915259917
14.22	0.8733228554253154
14.23	2.544202601812045
14.24	2.806168913469084
14.25	5.603127900602896
14.26	2.1977122834141296
14.27	5.417206467018113
14.28	3.0532915803032132
14.29	5.6235055244479835
14.3	8.148951826099104
14.31	10.33119394545146
14.32	5.005636780332526
14.33	6.334665733981021
14.34	5.257554764727915
14.35	8.129048794968146
14.36	10.233599329571994
14.37	8.939945837685494
14.38	8.490940366586118
14.39	8.572713328828483
14.4	6.741358876133654
14.41	8.241839909054685
14.42	9.022520321966157
14.43	8.010417184947372
14.44	6.842770226068231
14.45	9.843349243431312
14.46	9.512340585456721
14.47	10.866737025506536
14.48	10.644041539795996
14.49	7.420490915130896
14.5	10.689364968032722
14.51	7.43571524213649
14.52	7.782731491878131
14.53	8.285824017977426
14.54	8.149321152173835
14.55	7.841599593152306
14.56	8.56696477440788
14.57	8.950320546857087
14.58	10.656741617564919
14.59	7.28008836001708
14.6	7.286357821014229
14.61	6.314035314205441
14.62	9.357056943322089
14.63	4.760776256791566
14.64	4.606975815099277
14.65	3.5762804281293334
14.66	4.817954512177224
14.67	4.982130815697608
14.68	5.927325045421944
14.69	2.6537178209465173
14.7	4.378347702709635
14.71	4.095468974736424
14.72	3.8315973783753736
14.73	4.340669850148748
14.74	4.258679662998938
14.75	0.3849514323761767
14.76	2.3637879595802884
14.77	-0.7126315157888512
14.78	3.0569714404692374
14.79	0.7174066062835491
14.8	0.4101064264741121
14.81	2.8836378064353965
14.82	1.6082944188949968
14.83	3.891699603748945
14.84	-0.5934484119582113
14.85	2.0389822442614096
14.86	0.8027798936749473
14.87	-1.8010487979926026
14.88	0.9784508348413268
14.89	1.923040243048036
14.9	2.2505367418353925
14.91	1.1740370469023662
14.92	4.829384828495632
14.93	3.613217730094418
14.94	3.6292156004991982
14.95	4.926737050779458
14.96	4.015121968474421
14.97	5.278606458136543
14.98	4.65152020064632
14.99	7.882707476611746
15.0	2.7981422751003855
15.01	6.024971248668878
15.02	3.6915105241607478
15.03	5.399609531539284
15.04	6.617610533990647
15.05	6.097774805827598
15.06	5.908316619779244
15.07	5.522864515000119
15.08	9.80663994216517
15.09	7.540007898764519
15.1	8.702151504607007
15.11	10.486267582110186
15.12	10.952469655065267
15.13	11.51962325529366
15.14	11.527967491680029
15.15	8.044988316392121
15.16	13.439212362510538
15.17	12.739917127033873
15.18	9.860027056305276
15.19	10.58270201026571
15.2	11.595695622005072
15.21	7.9658769944482755
15.22	11.8268398798393
15.23	9.976062239649758
15.24	7.398583205153331
15.25	8.166837686949036
15.26	11.428905513040315
15.27	12.13027086436109
15.28	10.446933357410977
15.29	11.655786539863232
15.3	11.585660456275304
15.31	8.124858586575689
15.32	11.218236547270267
15.33	7.7827312291622
15.34	10.047128738122607
15.35	11.01451130845502
15.36	10.128886452350722
15.37	12.324464423274357
15.38	9.424900465720667
15.39	12.629881402946483
15.4	9.099019597158268
15.41	8.64448081145867
15.42	7.909141506265462
15.43	8.495331547329315
15.44	6.019230584938645
15.45	6.6054479171761065
15.46	5.560992491998179
15.47	7.849356541825664
15.48	5.815962753967383
15.49	4.961861532573715
15.5	5.922208702043221
15.51	6.328929468629623
15.52	5.615619847128288
15.53	5.115341547067058
15.54	2.298468091520232
15.55	0.5285046521485319
15.56	2.657624477203937
15.57	1.4567932568710023
15.58	-0.8296449400485642
15.59	0.05386694233996092
15.6	2.39889088600179
15.61	1.5471490651948725
15.62	2.1901830994791247
15.63	-2.762527606618689
15.64	0.3356689840872692
15.65	-1.181061390663295
15.66	-0.46697194674772313
15.67	0.04189238071250057
15.68	-0.8973686993016228
15.69	-2.154050457937638
15.7	-0.29823894102634396
15.71	0.5652128466752382
15.72	-0.16451519347980031
15.73	-0.7553225081362017
15.74	-0.639593155725527
15.75	1.6291326699345745
15.76	2.7765769882169744
15.77	0.5169979024026755
15.78	-0.31119022293583976
15.79	1.427753330860075
15.8	-0.06958936308623542
15.81	1.065777808934634
15.82	0.9636600133619605
15.83	2.8264787867232806
15.84	1.318542611621086
15.85	2.5487321733231356
15.86	1.843831695873645
15.87	2.0723687962544837
15.88	5.087615919492287
15.89	4.0464323666915
15.9	3.6251669288651103
15.91	5.68301369323795
15.92	2.6205239203719026
15.93	4.55436383644879
15.94	4.19671846446025
15.95	7.655436056896519
15.96	7.648362187383002
15.97	6.793281840904492
15.98	6.909506416871606
15.99	5.788228105210632
16.0	7.5999921265239685
16.01	6.531020227237936
16.02	8.973616444299255
16.03	9.05616997195742
16.04	9.842350901312779
16.05	6.656283066854556
16.06	8.06886408526119
16.07	7.598975892530042
16.08	8.99264489020742
16.09	7.910846075456739
16.1	11.3997565527608
16.11	10.289282490232996
16.12	9.949369809067253
16.13	7.459561636360588
16.14	7.905860459363023
16.15	10.007453015888572
16.16	10.704220093308681
16.17	8.497269825522649
16.18	6.060589405675591
16.19	5.009650845187144
16.2	7.658948067425964
16.21	6.873881672811105
16.22	7.523787752300091
16.23	9.130521817852573
16.24	9.60501928777267
16.25	5.715671120514003
16.26	2.1936544466956973
16.27	6.220823120774369
16.28	7.623927565684755
16.29	4.619481592264736
16.3	7.868613301263899
16.31	2.7772707153203395
16.32	4.767363453029856
16.33	2.2016061556054534
16.34	3.6396648209793154
16.35	-0.003110349092517062
16.36	3.4682110506234194
16.37	6.121394387703612
16.38	3.854329672212868
16.39	1.131885103648159
16.4	2.47785412576708
16.41	1.337023542254257
16.42	2.479522222233351
16.43	0.9498649115818553
16.44	2.2725776823353
16.45	1.7202035492664096
16.46	-0.5251941253095737
16.47	0.49843476493576705
16.48	0.036009868690381475
16.49	1.4392077333695892
16.5	2.342399686744165
16.51	2.0116326838364427
16.52	0.40314563617906707
16.53	3.6218303088559276
16.54	1.877864966236849
16.55	0.5007364236279257
16.56	1.2847201373728183
16.57	4.164264063166383
16.58	3.10337336462126
16.59	5.185861097273852
16.6	2.4293426764962316
16.61	3.4476891739139983
16.62	6.082917405128563
16.63	3.773807627112557
16.64	6.233653725133489
16.65	7.211044397934335
16.66	4.491134100309056
16.67	7.942700669652265
16.68	8.719840218420876
16.69	8.17309287089986
16.7	7.2748722299873965
16.71	10.059353368495689
16.72	8.410700468863913
16.73	7.9510834710233445
16.74	11.377696681059014
16.75	8.647582325391205
16.76	7.201719641235867
16.77	10.397581561194883
16.78	8.548150112673959
16.79	11.289892122109688
16.8	10.184662053881343
16.81	12.242730770254429
16.82	9.634658527185813
16.83	12.75219513429578
16.84	9.381838651889069
16.85	11.096026709733607
16.86	11.389067906192516
16.87	9.877267695408078
16.88	10.47729161746932
16.89	7.067032872363393
16.9	9.427550394842664
16.91	6.1338034406822635
16.92	8.866439987545661
16.93	6.784126788235247
16.94	8.173447745154856
16.95	8.731035546431617
16.96	6.694641775692244
16.97	6.495272765291999
16.98	8.170703956298748
16.99	6.296892263538552
17.0	4.8706202008737405
17.01	5.723757944470403
17.02	3.489297915589596
17.03	7.5507440628878335
17.04	3.3997312102604194
17.05	5.0895768120759906
17.06	4.068368236606911
17.07	3.1536847957553626
17.08	4.378920628440379
17.09	1.2130747876070065
17.1	5.202391719392749
17.11	1.5728620461202163
17.12	1.9244401665587376
17.13	2.8512427914274636
17.14	-0.9543145062253071
17.15	2.9538338921891607
17.16	2.55102046377505
17.17	3.3230246447903875
17.18	6.754566659758143
17.19	-1.8200049258640105
17.2	0.9058321732444092
17.21	1.9317331678820888
17.22	2.565555167724
17.23	0.40405428357842954
17.24	4.739198255154122
17.25	2.5782041494546655
17.26	0.9092173712828007
17.27	4.2961209211171925
17.28	-0.902296673640056
17.29	5.410568778072726
17.3	4.177118882276764
17.31	2.8435688591633976
17.32	4.568495516519844
17.33	2.3164446381063297
17.34	6.066593129546779
17.35	4.579603794887305
17.36	5.062430744915756
17.37	4.685559497944876
17.38	3.8878335058856877
17.39	9.01638879892921
17.4	3.9582720290725613
17.41	6.468409550141955
17.42	7.0546481565833545
17.43	9.110995117156879
17.44	7.585643866347376
17.45	8.22432671466637
17.46	7.474178635355792
17.47	10.20089086163134
17.48	9.914451246647197
17.49	9.330790157387607
17.5	8.79446578699755
17.51	9.28278437815482
17.52	7.924014440102347
17.53	11.485797958809256
17.54	7.0588972452796614
17.55	12.204614638010696
17.56	8.35352046158474
17.57	7.49333167991484
17.58	12.219724050678707
17.59	9.766149992552991
17.6	12.91840422770715
17.61	8.53872861523956
17.62	10.099502755734802
17.63	10.740172070754285
17.64	8.826660395807663
17.65	8.822682079492806
17.66	7.799389344972813
17.67	7.40684790173681
17.68	6.631395002254143
17.69	8.86891918031654
17.7	5.849248506642044
17.71	6.0637038429820205
17.72	8.54229994366018
17.73	2.7651957969029626
17.74	4.961146560538346
17.75	6.693248129421514
17.76	5.056862044072792
17.77	4.563008047635828
17.78	2.8574121078517867
17.79	4.615730823031241
17.8	3.687001936077748
17.81	4.267312299778624
17.82	3.07427823605548
17.83	1.973571029653996
17.84	1.0739242793412052
17.85	0.5737011644723226
17.86	0.8631636265144113
17.87	-0.18871947592108773
17.88	-0.28386384721802926
17.89	-1.0763049568405174
17.9	-0.4472638796291284
17.91	-2.1002975452955877
17.92	1.1264408408046147
17.93	-0.45820267054653263
17.94	2.3647555641078846
17.95	-0.320916173228166
17.96	1.5266275221609096
17.97	2.4663181588403367
17.98	-0.11151991466238143
17.99	0.02855522701886648
18.0	0.4991914440509482
18.01	3.033737701299679
18.02	2.1561482615692937
18.03	3.6872589566556595
18.04	1.088134710370418
18.05	1.137917996195937
18.06	5.5291380435711375
18.07	4.145267994857756
18.08	6.7283644114873145
18.09	5.780516907327426
18.1	3.2993960494407615
18.11	3.013583101909427
18.12	5.786374293828297
18.13	6.7316119273356225
18.14	5.686108491984092
18.15	7.289825869685095
18.16	9.094929348827858
18.17	9.771347817311483
18.18	6.28085926725987
18.19	6.051629314647677
18.2	8.858758750902958
18.21	7.166886580679909
18.22	7.819496222368075
18.23	9.870422248333906
18.24	7.339471608313749
18.25	6.970177063079742
18.26	9.253706515475606
18.27	9.352088391067044
18.28	8.95448287957165
18.29	11.51440385543108
18.3	9.348449135036262
18.31	8.54289144861442
18.32	8.677200232438711
18.33	8.937374905305147
18.34	11.323288009883264
18.35	8.775490508914503
18.36	8.758292205744297
18.37	8.250176429351153
18.38	8.106256515657336
18.39	6.695417383313436
18.4	5.146518291412674
18.41	6.2747853279785515
18.42	6.884841357301972
18.43	5.185728268843868
18.44	5.174362679022279
18.45	5.61987749617068
18.46	6.802322142379945
18.47	2.823398997607628
18.48	3.5574672838401495
18.49	3.8426972934505343
18.5	3.1969573430296894
18.51	2.3395630538962084
18.52	1.5630541575792483
18.53	3.516776044357669
18.54	1.9425475821240008
18.55	3.7044776405579656
18.56	3.125812444391018
18.57	2.289060531837592
18.58	0.8501747085065184
18.59	-0.4777126193882104
18.6	1.0571551129403836
18.61	-1.0803204404373845
18.62	0.021532425906229058
18.63	0.06320959722115582
18.64	1.6786340348633977
18.65	3.655006867298846
18.66	-1.453406679437288
18.67	4.8684220888144205
18.68	-0.35321903904912544
18.69	0.3181197621695745
18.7	0.9301644597356722
18.71	2.7999730280553545
18.72	1.3368853100401885
18.73	1.837797791538994
18.74	1.2899588896378815
18.75	-0.22018241228111224
18.76	1.7896825940148757
18.77	0.8562168082992141
18.78	-0.7287683064891248
18.79	2.0143505987491204
18.8	3.114613059567635
18.81	0.6084997120308442
18.82	4.242300726459937
18.83	0.166351951017762
18.84	3.4561489226584
18.85	4.259407322704233
18.86	3.0115835836783975
18.87	4.381473098763275
18.88	5.816586564227465
18.89	6.290649833133277
18.9	7.598161806099947
18.91	5.283259817899077
18.92	6.896751800658981
18.93	5.016250340952716
18.94	7.902708860422362
18.95	8.19266717202894
18.96	7.442740813663294
18.97	8.46241593596604
18.98	9.43277237211561
18.99	6.87579606795886
19.0	9.301827246782102
19.01	10.452192610969352
19.02	7.5893469641480165
19.03	8.317873758767227
19.04	12.588714643608395
19.05	10.532295111199002
19.06	10.53083434536578
19.07	11.115588440219275
19.08	11.028608383832525
19.09	11.327107777713705
19.1	10.713490265074663
19.11	11.98878927924121
19.12	7.74065396019065
19.13	9.002077473278046
19.14	8.235463071038001
19.15	7.436646628739128
19.16	10.03980407341397
19.17	6.90073955413361
19.18	6.6961671123991
19.19	8.159440350372751
19.2	6.193559634604935
19.21	7.426374389182948
19.22	2.87470797087674
19.23	8.096783960340698
19.24	4.583768008225422
19.25	7.313480977110766
19.26	3.8056098051112808
19.27	4.921087433993016
19.28	7.539592267254996
19.29	6.1656475974408265
19.3	4.127143436196315
19.31	5.370824979876606
19.32	4.314247899269427
19.33	3.770768522645235
19.34	4.826557777032257
19.35	3.9540367093237507
19.36	-1.252440395520153
19.37	3.4758336169801933
19.38	2.832906060521911
19.39	5.125178185768435
19.4	1.255912480428434
19.41	2.6380897725495975
19.42	4.2563470819163625
19.43	5.061244664436872
19.44	3.599451195767374
19.45	3.011223867110399
19.46	2.8937152395162378
19.47	3.9402665309537204
19.48	1.891260788419318
19.49	3.150488456657266
19.5	4.4073181897382465
19.51	3.0720432480993933
19.52	6.632237727418446
19.53	4.037573656309135
19.54	2.0193207552582755
19.55	0.32724649127573535
19.56	4.006523043949901
19.57	5.392815158016528
19.58	4.259358210051478
19.59	6.06156510318612
19.6	7.1229455918549425
19.61	5.414904134191677
19.62	4.422666910271866
19.63	10.276584946562123
19.64	7.3312949138714
19.65	7.517137813891309
19.66	6.606303917279635
19.67	11.308379796062127
19.68	8.98811453715872
19.69	9.974098258303368
19.7	9.234582480763303
19.71	11.786965964751463
19.72	11.573817088840084
19.73	10.10770127948731
19.74	13.294177405479234
19.75	11.993688319993309
19.76	10.60358984015782
19.77	10.336439062016593
19.78	11.35597481090709
19.79	12.658572967386183
19.8	9.606937460936683
19.81	14.483371714883674
19.82	11.931824114831125
19.83	9.762127149764385
19.84	10.43882486087842
19.85	10.839473867709007
19.86	10.117820129286804
19.87	10.363185721037386
19.88	11.72510160371224
19.89	9.213667723332852
19.9	12.088920410681157
19.91	12.315558953195675
19.92	11.285266591872157
19.93	13.202505352363723
19.94	10.762998991069667
19.95	9.326167296504455
19.96	8.053192494270204
19.97	7.49464202180013
19.98	8.01076070036764
19.99	6.13774663788862
20.0	7.119214334001349
