10.01	8.291661617143252
10.02	7.918875370809664
10.03	8.19631916725115
10.04	7.5127276776746355
10.05	11.34359858901052
10.06	6.3515901302302105
10.07	7.960715904516548
10.08	6.915996904981516
10.09	5.453033795168011
10.1	6.956451966441492
10.11	9.556874443919032
10.12	9.039789068871496
10.13	2.115443122426547
10.14	4.415687481198449
10.15	6.940497667527561
10.16	3.666845233643962
10.17	4.242655805238123
10.18	4.036020841559506
10.19	2.8118549178096788
10.2	3.459603181018757
10.21	-0.948277910539812
10.22	4.547983097064337
10.23	1.0549359794357638
10.24	4.024512818022452
10.25	1.7314636481810397
10.26	0.8611378789197985
10.27	0.8721346905433172
10.28	2.9297611888782527
10.29	1.700878643149282
10.3	2.422513530755804
10.31	1.1308391962945596
10.32	1.2497447014912697
10.33	3.4348592303529744
10.34	4.207784974578713
10.35	4.835298004942116
10.36	3.043354026052942
10.37	2.5154461329500846
10.38	4.305930454741548
10.39	4.047905601616049
10.4	5.2592863760582835
10.41	2.40067630186505
10.42	3.2006531842214008
10.43	1.7246755631837343
10.44	6.147546726625054
10.45	5.842257212535886
10.46	6.51077317567834
10.47	4.763523035748333
10.48	5.533404951768989
10.49	6.061698453302175
10.5	5.566430163221254
10.51	5.244302016747925
10.52	6.328382651640958
10.53	7.064244819957026
10.54	10.13155574267295
10.55	9.698608644338728
10.56	9.054115526086127
10.57	7.901456951130661
10.58	10.662065650347422
10.59	8.289476736021214
10.6	13.281283170705013
10.61	13.357669224788138
10.62	11.464244515160818
10.63	10.477524976065737
10.64	12.79840400921833
10.65	12.664868022730106
10.66	12.132169011560457
10.67	9.471374654509791
10.68	10.037873921569435
10.69	13.75012750036896
10.7	12.452553659411683
10.71	14.521027653161374
10.72	12.777098222729979
10.73	11.662493960339578
10.74	12.432862323605512
10.75	10.088885723436023
10.76	12.146729280258533
10.77	12.556027676036145
10.78	11.956843024626982
10.79	11.309619640115633
10.8	12.912382240996322
10.81	8.969227061516117
10.82	10.805173984488828
10.83	9.599571873934226
10.84	8.437729286727286
10.85	6.106857330169183
10.86	7.654742767283915
10.87	4.767000007814697
10.88	8.837998311952836
10.89	5.560529977046111
10.9	7.071297191863411
10.91	4.001908072127284
10.92	5.823702332862438
10.93	5.138049980894494
10.94	1.8769144846545478
10.95	4.776336289948556
10.96	2.3161390401621444
10.97	4.9954666843340485
10.98	5.556862332732489
10.99	4.525547890439643
11.0	3.8368425456382327
11.01	0.35772232171920404
11.02	1.8928938246508282
11.03	3.819761160090768
11.04	3.5877235709105917
11.05	3.3669861957202243
11.06	3.6774284012779206
11.07	1.8611394706738809
11.08	4.497047626761401
11.09	2.3851828943057054
11.1	1.5995555655435285
11.11	5.6383557770247235
11.12	3.0023156068943933
11.13	4.039230818817192
11.14	3.854893418719686
11.15	4.099077814658653
11.16	3.812883694880336
11.17	5.0611483329743905
11.18	1.0905146004180355
11.19	1.35798093756111
11.2	3.947605170950399
11.21	4.636362951880227
11.22	5.5280551407848195
11.23	5.551216236091484
11.24	1.9424948960382284
11.25	6.45731009985179
11.26	6.658476341692661
11.27	5.167405594083718
11.28	7.452508901498171
11.29	4.894681163191645
11.3	6.242475491867202
11.31	10.04567014107251
11.32	10.804328796763535
11.33	8.581489200511646
11.34	9.278743744445388
11.35	8.378579620521213
11.36	9.642284214800492
11.37	10.727653085474513
11.38	11.247800142173277
11.39	9.07875151362419
11.4	9.40805325817007
11.41	11.852895402062614
11.42	11.354074276220352
11.43	13.366536915732713
11.44	12.923130554701146
11.45	10.980447536997495
11.46	12.61068940074622
11.47	10.836321941781272
11.48	9.629838261639655
11.49	12.156195214711227
11.5	9.91717604528813
11.51	13.77029079226845
11.52	12.466818583425168
11.53	11.848222196390966
11.54	10.76310345191726
11.55	10.652276459471993
11.56	10.064817589089298
11.57	10.054947467303712
11.58	11.776891054227212
11.59	7.557487851379463
11.6	11.989352466124647
11.61	8.913029469161671
11.62	8.343975945293426
11.63	9.724560698418403
11.64	6.496238913049514
11.65	7.9571773868399305
11.66	6.201983870115173
11.67	8.192324008479186
11.68	5.538762053514333
11.69	5.455187699830228
11.7	8.221432527639974
11.71	4.158123265554968
11.72	3.9982713530352676
11.73	3.25739348673168
11.74	3.5532106718179053
11.75	3.1789882019511393
11.76	3.9342705475130866
11.77	1.7577183408909398
11.78	1.6656544677181846
11.79	1.4842661834203905
11.8	1.6367330860061478
11.81	2.6095734470410035
11.82	3.231151829803444
11.83	2.7092412893062665
11.84	2.5534465858266806
11.85	-0.1354482501383243
11.86	2.4976076967449994
11.87	-0.6612645851804562
11.88	0.34787685778394395
11.89	1.8610804108649606
11.9	0.12037099809776652
11.91	1.1173737848738257
11.92	0.6028875384434467
11.93	5.189279300810181
11.94	1.8441087298988084
11.95	2.253421956572088
11.96	2.152116024256087
11.97	5.495574356686536
11.98	4.644878111237883
11.99	3.407013316642734
12.0	4.427758605850336
12.01	2.5616575253883034
12.02	6.768638639851346
12.03	6.615824970161009
12.04	4.351970726334011
12.05	5.849808670481211
12.06	5.966460424679096
12.07	3.68350615129885
12.08	8.861749941997658
12.09	8.235400617484272
12.1	5.2136336675889785
12.11	9.608393263751536
12.12	7.638986383672567
12.13	7.990500487602587
12.14	10.58418037103538
12.15	10.130068378252659
12.16	7.782734194414391
12.17	10.7224749927188
12.18	11.519399336137973
12.19	8.742179659252143
12.2	12.622172753953514
12.21	9.352512834070913
12.22	9.156281178389548
12.23	8.538223794295767
12.24	10.181548599952752
12.25	9.653429872307306
12.26	11.524248807887119
12.27	10.848633617233979
12.28	8.397074426599106
12.29	8.875141514730043
12.3	9.426486290787663
12.31	6.5860628002885
12.32	9.252870237699515
12.33	8.651645462238266
12.34	10.42290014047899
12.35	9.258184435415739
12.36	8.263646203517245
12.37	9.289209062286648
12.38	7.80861068937884
12.39	8.080679645896925
12.4	8.914276680755258
12.41	6.362727935497023
12.42	5.085626488608426
12.43	5.660585231956651
12.44	1.9289581768116406
12.45	3.4879961707914293
12.46	3.9852891292754427
12.47	1.7206075374296073
12.48	5.535705628710907
12.49	6.570583893855737
12.5	2.4988676521390385
12.51	-0.9992089604843883
12.52	-2.477777397053168
12.53	1.5667748571791598
12.54	0.285452647453849
12.55	1.6602135317285482
12.56	1.3555132721375347
12.57	1.6578978045263142
12.58	0.15892517185521532
12.59	0.4869087117832588
12.6	0.7740172026677036
12.61	-1.0796679318828568
12.62	-0.6313191013900503
12.63	0.8075789653738147
12.64	2.921674016968346
12.65	-0.42926019344318356
12.66	1.5837806385668634
12.67	1.036689945801792
12.68	1.7695692482629513
12.69	3.297832315672803
12.7	1.4482513416796503
12.71	4.417534396523827
12.72	0.3454123018241071
12.73	2.533192615498028
12.74	0.6570672843719205
12.75	5.139153802234259
12.76	3.886238674855005
12.77	6.381482157234458
12.78	2.5459885056179816
12.79	3.734970258984107
12.8	6.374934177237424
12.81	5.579342283044529
12.82	5.992447525481704
12.83	4.3987872547307685
12.84	5.705812953581214
12.85	7.729982123188526
12.86	5.724845116726511
12.87	10.173253747642317
12.88	5.6382892664204896
12.89	8.67380595635737
12.9	9.83560449451329
12.91	9.907341323421125
12.92	9.087401862125567
12.93	9.588776153008826
12.94	10.69310036659266
12.95	8.889893254620342
12.96	8.108310829643843
12.97	9.3971238582161
12.98	10.783137701278298
12.99	11.06977416126727
13.0	9.424874421808928
13.01	10.25517760526063
13.02	9.260308057477621
13.03	9.495161798439065
13.04	9.21390204727422
13.05	8.161993938775755
13.06	10.057912058996338
13.07	11.886216778748087
13.08	9.304635463191318
13.09	9.64169768218864
13.1	7.51879756278178
13.11	7.529253063761685
13.12	10.063937831493007
13.13	9.871840308995036
13.14	6.708137218936926
13.15	8.010904344617884
13.16	8.497911176195986
13.17	6.760130614035459
13.18	7.774319117921026
13.19	6.056950858445117
13.2	6.824160387180891
13.21	4.789618729226078
13.22	5.1191748353065245
13.23	3.3895145682914283
13.24	6.210518075398741
13.25	2.575110477803376
13.26	4.5010841440109
13.27	2.505687372559946
13.28	1.309312725392581
13.29	4.5133266904335985
13.3	5.4115627301841185
13.31	4.1948057857321785
13.32	3.918331571234056
13.33	0.9341062481362166
13.34	-0.5322664858684913
13.35	0.577139647526958
13.36	2.7459039200128474
13.37	0.9684208956048892
13.38	0.6591760440087594
13.39	1.440698980373643
13.4	2.321771404989317
13.41	4.652031106695933
13.42	0.9321427294835882
13.43	1.44659507194803
13.44	0.7675702529767093
13.45	-1.3176815558999588
13.46	2.784051132547275
13.47	2.677734483701226
13.48	1.903346040406681
13.49	2.8901213166942945
13.5	2.0667955904311466
13.51	1.50165681259024
13.52	1.813120483861326
13.53	7.021185825281222
13.54	4.872885176791167
13.55	5.074100596935944
13.56	1.7637378715320469
13.57	6.857943525025417
13.58	8.7771749878645
13.59	5.585582132426164
13.6	4.53697937374413
13.61	5.661301217428276
13.62	8.08134917349098
13.63	8.749408528436248
13.64	9.619502100977318
13.65	7.5774052594734425
13.66	8.635033800688587
13.67	8.492452867117409
13.68	10.028139293478667
13.69	6.691403137663928
13.7	8.695907211514779
13.71	8.518108673605726
13.72	9.907217477560149
13.73	8.860350419776456
13.74	9.760553463415889
13.75	9.204725697862461
13.76	11.52837667906691
13.77	9.173801967640568
13.78	8.07729515747939
13.79	8.657288338469707
13.8	10.302890402775635
13.81	10.11682911816846
13.82	9.676349771360877
13.83	10.452326036927436
13.84	7.316387407934539
13.85	7.606430108062075
13.86	9.463392178697926
13.87	5.813721004048915
13.88	5.244857994617783
13.89	5.688719323011851
13.9	2.674983752577768
13.91	6.1775726022248305
13.92	4.75884645783101
13.93	4.838517198436166
13.94	7.153367496352018
13.95	3.597863965172256
13.96	3.8171043869992767
13.97	3.9486442008167617
13.98	3.0970400745702515
13.99	5.741132401805695
14.0	2.220302108612882
14.01	2.844921872304965
14.02	6.231606579475825
14.03	3.0817708492956113
14.04	2.1567960691197428
14.05	2.6516920245598867
14.06	3.421861001366427
14.07	1.4344348032578491
14.08	1.3807960350326605
14.09	2.4010250042379426
14.1	3.4424407920116975
14.11	2.6530589814787966
14.12	-0.9015384112782079
14.13	2.38539639093137
14.14	0.6202558962051983
14.15	1.3506993947644097
14.16	4.803049883017588
14.17	2.0246927834060457
14.18	3.8501999867587307
14.19	3.860574835505381
14.2	2.217251122005134
14.21	2.92563307764463
14.22	2.6143179297406425
14.23	2.8857349898226796
14.24	3.5619398343905404
14.25	3.1641330223754185
14.26	2.0016091008023906
14.27	4.973187006345132
14.28	7.065952780353356
14.29	7.755625559946423
14.3	6.016792038256304
14.31	6.979671637164602
14.32	7.06688201549656
14.33	6.0630423878049955
14.34	9.983103382712207
14.35	6.134918349113356
14.36	8.228510542332804
14.37	6.512326349789407
14.38	8.67132380398785
14.39	7.209200721456175
14.4	9.837140439446653
14.41	8.758233902196071
14.42	9.927614001835273
14.43	12.961820503191518
14.44	10.443935837153271
14.45	11.321218384420341
14.46	7.339950626598329
14.47	8.717540965405824
14.48	10.371686829869539
14.49	14.308950111743519
14.5	11.258204292745638
14.51	9.203303953733867
14.52	6.6142944611244445
14.53	10.3012253315005
14.54	9.14145207678308
14.55	10.214533902467322
14.56	8.189387093764568
14.57	7.266323481091805
14.58	7.7911933447946655
14.59	4.783844777608662
14.6	7.535313197046722
14.61	6.533723009866696
14.62	4.652902433033278
14.63	6.7937534996286555
14.64	5.924057723990401
14.65	6.7358836847086385
14.66	5.3198501247765355
14.67	5.407447280003299
14.68	4.51674397673666
14.69	5.501652164199731
14.7	5.101173995194167
14.71	2.1086169345411623
14.72	2.305157692117225
14.73	3.470469764097559
14.74	1.7266376782684958
14.75	3.4531525592173233
14.76	2.0391681883901493
14.77	1.570699423487274
14.78	0.21968377086573465
14.79	1.8024263904636022
14.8	1.4880756563398125
14.81	4.263762546830625
14.82	0.7311562038972641
14.83	1.380860798998166
14.84	3.556094763198676
14.85	0.2422984323258912
14.86	1.98441709887436
14.87	1.5014289298895962
14.88	2.8543207261024004
14.89	0.9796875763134998
14.9	-0.1283697800101531
14.91	3.738227116099067
14.92	1.8987356980649968
14.93	1.3581190816390885
14.94	2.336605194035042
14.95	4.827898186426907
14.96	3.4079995686413573
14.97	7.181367491829749
14.98	3.8249546354217294
14.99	5.431431081996634
15.0	3.319377225597109
15.01	6.523338201511927
15.02	7.501376192488204
15.03	8.60196905183082
15.04	8.372060225053364
15.05	7.1155645341107085
15.06	6.954662791829971
15.07	5.247501133767127
15.08	8.743737081707817
15.09	7.991804661351825
15.1	8.034462804693947
15.11	7.425671653328541
15.12	9.523341707691545
15.13	12.858239207282736
15.14	9.403601549738468
15.15	10.051761359140151
15.16	13.484234506373623
15.17	11.897136373054659
15.18	8.638916715689023
15.19	12.203599255912694
15.2	8.664560882881297
15.21	9.786260643749996
15.22	10.879802074259057
15.23	9.576937425098789
15.24	11.555093045297346
15.25	12.818513323486314
15.26	8.641829726591341
15.27	8.802133758377606
15.28	7.050698703397591
15.29	11.709185232823213
15.3	10.554018564603235
15.31	7.780911756714353
15.32	11.103217264463785
15.33	11.395024549935663
15.34	12.21556358012573
15.35	10.749349113275457
15.36	8.49750495266025
15.37	6.895606122670864
15.38	7.121946482131125
15.39	9.203398018670162
15.4	7.848309155152891
15.41	9.9264044300388
15.42	5.449227355151455
15.43	12.059284688226837
15.44	6.409577109472967
15.45	6.033253610779332
15.46	8.144161268322293
15.47	7.429329227203743
15.48	6.767525614977384
15.49	1.7741850338355936
15.5	6.587775679110821
15.51	4.525293167149299
15.52	3.773611581925895
15.53	2.759577367549837
15.54	3.172964980666323
15.55	0.2822473135610206
15.56	2.9840992962037993
15.57	2.2771918778820748
15.58	1.544079227712721
15.59	1.113778730111311
15.6	0.7580511487933002
15.61	1.734543084349378
15.62	0.4257808385296631
15.63	2.6038286629097165
15.64	2.7369284205768425
15.65	0.0033082964733326947
15.66	2.218242297608347
15.67	1.6818681204182935
15.68	1.612043947488782
15.69	3.0503763950457934
15.7	-2.174916663616901
15.71	1.342517986239103
15.72	-0.29854040533355247
15.73	-0.8945480363296008
15.74	-0.6776703557517931
15.75	0.3935837553388842
15.76	-0.6128238180739883
15.77	1.932014431268569
15.78	-1.635766329531847
15.79	3.34133068072843
15.8	-0.784768503439705
15.81	2.0890892496690716
15.82	1.9247983149042587
15.83	0.3878961620909642
15.84	0.9903731739645341
15.85	1.7202153570728678
15.86	1.6140118631563043
15.87	2.0228890516461417
15.88	4.564233909906384
15.89	4.694624332728347
15.9	4.833499099313367
15.91	4.369171264700123
15.92	6.203494838920987
15.93	5.53211405772693
15.94	6.8176829609789245
15.95	7.418093355752418
15.96	4.65536269382105
15.97	7.76718080623603
15.98	4.203995600236354
15.99	7.216071631323392
16.0	5.8632564841102734
16.01	6.516858400872527
16.02	7.023332414907541
16.03	10.080687295300251
16.04	8.799261753875529
16.05	7.2697338798428905
16.06	9.85387343634233
16.07	9.851409337197678
16.08	10.312110333855152
16.09	7.470254408226428
16.1	8.120132026645038
16.11	9.889700876083017
16.12	9.3530176649709
16.13	6.420636933745853
16.14	11.47670538492602
16.15	8.674770642406415
16.16	9.378940469822966
16.17	11.065859210132965
16.18	8.779707960930772
16.19	8.5707101993479
16.2	9.541941664298307
16.21	4.172907099414761
16.22	5.202198910601243
16.23	6.083503294018223
16.24	5.166315181204583
16.25	7.325636382862118
16.26	4.884919662153231
16.27	3.082186396701968
16.28	4.6214646949620555
16.29	6.6717501657495415
16.3	4.11525960109746
16.31	6.645857292395613
16.32	3.4702511953818727
16.33	4.4602970118689065
16.34	4.470702290188546
16.35	6.185307420190429
16.36	0.9871637880997701
16.37	2.1613748462682643
16.38	2.0804772805547986
16.39	0.5463408404766288
16.4	1.106703645561259
16.41	-1.281180831608729
16.42	0.13369755386080917
16.43	2.014938189253831
16.44	2.266827236725141
16.45	2.647840425102285
16.46	3.7569208356654094
16.47	1.0411032059170693
16.48	1.4324137158689574
16.49	2.0734720670442086
16.5	1.022116538351895
16.51	1.308976148377483
16.52	0.5835958743383979
16.53	-2.826298688567909
16.54	3.725203338024545
16.55	3.5277977608867372
16.56	-0.6430128435244171
16.57	0.7745534554697189
16.58	5.891797552870195
16.59	3.1048909899700554
16.6	4.804726786801315
16.61	4.718862490602329
16.62	3.5072804342805766
16.63	7.21583905243712
16.64	6.2298058417172575
16.65	3.346789757339895
16.66	4.633142683690861
16.67	5.631582594583641
16.68	7.60909807595388
16.69	8.11763075843943
16.7	6.497808147122529
16.71	8.627433217894497
16.72	5.919643588791214
16.73	7.678612762022027
16.74	10.203482597303312
16.75	9.078310139161287
16.76	6.371669178569685
16.77	10.1850839172823
16.78	11.390183906732204
16.79	7.3535592675159815
16.8	9.790251418228603
16.81	10.856051614508246
16.82	10.910380985393532
16.83	14.65510862644548
16.84	7.355269913061834
16.85	11.407515509725558
16.86	9.689517591042012
16.87	8.170420037220856
16.88	7.289421129089032
16.89	10.860082812340307
16.9	9.64702872688897
16.91	7.674939900236132
16.92	9.258782434480452
16.93	7.970324262738133
16.94	7.2990298154019255
16.95	9.670377622330951
16.96	7.128017111768301
16.97	6.535623046337816
16.98	8.597507496759725
16.99	4.298973174269026
17.0	4.764800156734956
17.01	4.676608560686393
17.02	6.904684566779005
17.03	6.292118455730625
17.04	2.3954393742686255
17.05	7.033721789777422
17.06	3.523600282842118
17.07	4.266011515373224
17.08	3.5071448265162624
17.09	3.7876317214646478
17.1	2.138464556487264
17.11	2.450687432329965
17.12	3.5297945596533156
17.13	0.8495316652617508
17.14	1.5606835671547143
17.15	1.8093423898769072
17.16	3.764185348105955
17.17	-0.7309677201662099
17.18	2.7594050878800767
17.19	-2.071623021770895
17.2	2.055732742352322
17.21	2.2995524779326
17.22	3.837621463127494
17.23	2.850072909271937
17.24	2.4411294250114897
17.25	1.9433417376063473
17.26	0.04193965096745611
17.27	2.3288108210519805
17.28	4.522559741833191
17.29	5.667711008826998
17.3	3.82529346008463
17.31	7.46438974572429
17.32	4.303281531709701
17.33	5.778590734921352
17.34	2.8631886017346937
17.35	5.492994343604761
17.36	7.005329535266688
17.37	3.5648756083129207
17.38	6.4243851856239536
17.39	2.976863618267509
17.4	10.756123690900662
17.41	7.7834181791946735
17.42	5.164682601488492
17.43	8.375315126331472
17.44	5.329192136956881
17.45	8.400905312084312
17.46	11.49267313814213
17.47	9.164490657580217
17.48	10.234257148868393
17.49	10.754718491977183
17.5	5.515165786361332
17.51	11.369328312304681
17.52	9.11958273159156
17.53	8.732629900517699
17.54	9.957853524840473
17.55	12.231464577647559
17.56	10.050347574197701
17.57	12.854037660179277
17.58	11.080533505496522
17.59	8.324797489000234
17.6	9.62242788642963
17.61	5.711665591339326
17.62	9.256436009788255
17.63	8.303517990200541
17.64	8.916582439887502
17.65	10.776671974741046
17.66	8.463396362626602
17.67	8.251485081314462
17.68	10.746441757622534
17.69	5.659946183118475
17.7	8.692076381354902
17.71	6.2750427290491615
17.72	7.957876004090639
17.73	7.00755512062357
17.74	5.550155314790828
17.75	5.195591382215764
17.76	5.768284016264662
17.77	2.6178266941141604
17.78	4.513872424665148
17.79	3.1276820455350673
17.8	4.993830662898845
17.81	4.435813461466774
17.82	-0.06568220759933574
17.83	2.8252996042484653
17.84	1.0719083376463592
17.85	1.5427822236797566
17.86	-0.035625845701100944
17.87	-0.5538494223329431
17.88	0.08027445725184301
17.89	1.6414220959026236
17.9	0.6949280075415585
17.91	1.6213345409888738
17.92	0.3789121092662727
17.93	-1.0782971111951092
17.94	3.2078998776313625
17.95	-1.0561930562990973
17.96	1.40812269646276
17.97	-1.1091354737491095
17.98	-0.7516602944071519
17.99	3.248278247187274
18.0	0.3097645959054598
18.01	1.4595822899791209
18.02	1.3948518947208184
18.03	5.038682777549639
18.04	3.0628249325807806
18.05	1.2629588741529805
18.06	2.5328700047121564
18.07	3.1796590225061574
18.08	5.789168974078309
18.09	2.884983941305528
18.1	4.837724268129779
18.11	2.709816502613541
18.12	4.986682299413709
18.13	8.414966120651732
18.14	6.37264081920464
18.15	5.680983547163146
18.16	6.556517705952675
18.17	7.01276064321236
18.18	4.610827676597889
18.19	9.477476412094145
18.2	7.989773281129324
18.21	8.054815819093198
18.22	8.382189016021858
18.23	7.703414010715224
18.24	9.138313916505988
18.25	8.398051006085801
18.26	10.832646470880363
18.27	11.628170883687181
18.28	9.208622505059475
18.29	11.069446494742715
18.3	10.78089067534489
18.31	7.681646507127495
18.32	9.30981653651996
18.33	10.300470294092564
18.34	11.121014176270194
18.35	6.799531090491228
18.36	9.039837866030748
18.37	8.249808528668
18.38	7.591656659400917
18.39	10.301337537771651
18.4	7.477426698927308
18.41	7.212837344416964
18.42	8.119291625585612
18.43	6.429519849471602
18.44	7.5395887846143665
18.45	6.335354757286327
18.46	4.223251019481517
18.47	5.13457588662218
18.48	3.471697993620242
18.49	2.429415137165798
18.5	4.16284457548575
18.51	2.5362184505326164
18.52	2.802818672569326
18.53	3.6859229701341376
18.54	4.945782577607211
18.55	3.0918524487674555
18.56	2.0259407459685628
18.57	-0.17059168752381537
18.58	-0.9039289044145837
18.59	1.2466170472081715
18.6	2.1457801804255796
18.61	2.2736342596107186
18.62	0.13880180734690573
18.63	3.544459782124414
18.64	1.4099545420419655
18.65	-0.6400210775182394
18.66	3.333573891187455
18.67	0.49759088733418455
18.68	2.5480325454026636
18.69	-1.746669869610503
18.7	-0.9388366679769666
18.71	2.8185880344970347
18.72	0.06488569692701729
18.73	1.4494347730044128
18.74	1.3605268954280703
18.75	2.2039965903233623
18.76	0.3372632290479438
18.77	1.920810649566068
18.78	1.8052208225203308
18.79	1.5963163866945522
18.8	3.360836344715567
18.81	4.017137953000408
18.82	3.7814742698567345
18.83	5.034962774036193
18.84	5.482551743390049
18.85	1.9426920052935341
18.86	6.979556641232858
18.87	2.8194065973216893
18.88	6.478332604656637
18.89	5.822733407981638
18.9	8.467746604938053
18.91	6.533465048602384
18.92	8.60316594832727
18.93	5.077443325919372
18.94	8.593560774182958
18.95	5.422328047450902
18.96	6.5932332713291935
18.97	6.694943876384675
18.98	8.062436779261786
18.99	9.626563898331845
19.0	7.543745864267072
19.01	7.124784360788096
19.02	10.366193768241688
19.03	9.47704686295
19.04	9.983368595200291
19.05	11.840730170579967
19.06	10.712621196667394
19.07	9.515196359023596
19.08	11.110463383975024
19.09	9.64418108040891
19.1	11.429413063569056
19.11	12.38803106055112
19.12	12.285656405672379
19.13	12.489996155381423
19.14	9.454903230009487
19.15	8.321234932813093
19.16	9.931338804997017
19.17	9.1346021131865
19.18	9.349247978765755
19.19	7.862368217574406
19.2	7.603903543483562
19.21	6.764035695341102
19.22	7.27522364770649
19.23	5.322301377595112
19.24	4.591483755565852
19.25	6.434885723983555
19.26	4.5567724020240545
19.27	4.04861175104533
19.28	3.8535540946303013
19.29	7.341105210002692
19.3	6.510810712562013
19.31	5.597398860284386
19.32	2.086896600160518
19.33	5.907923748137348
19.34	6.789261599377239
19.35	2.4939324360564052
19.36	1.9835237644642054
19.37	2.543247844544923
19.38	1.3324943274896344
19.39	5.247635451134328
19.4	1.8809721918640983
19.41	1.2998064349162406
19.42	3.0118417137399263
19.43	1.518590511798171
19.44	4.28423867247789
19.45	4.392537194119706
19.46	3.9608198863305404
19.47	2.9681844379288522
19.48	2.722246266425906
19.49	1.5965819982416447
19.5	3.041758974360826
19.51	1.544741434230651
19.52	5.80263501358052
19.53	3.6886289364407303
19.54	4.538751999274794
19.55	5.232607012243146
19.56	2.79426095553007
19.57	7.52641027383177
19.58	6.936525410849616
19.59	6.334283860882816
19.6	9.78535452688514
19.61	6.634100720333179
19.62	8.577755233460616
19.63	8.720670783447748
19.64	5.957304437772478
19.65	6.978691583352225
19.66	8.429943689716028
19.67	10.042779835839964
19.68	10.807645460660215
19.69	9.080233908106376
19.7	11.878650129597139
19.71	12.773352547945533
19.72	11.119933585487553
19.73	9.483110034653532
19.74	11.075050152779285
19.75	9.788842195649497
19.76	9.742850050184686
19.77	9.772380822649296
19.78	11.621319814190848
19.79	10.949768499894294
19.8	10.99352561438709
19.81	13.230754449122731
19.82	11.315968139547333
19.83	11.779196546176918
19.84	11.533052533897294
19.85	12.38706111875625
19.86	14.051984620671028
19.87	12.380386532874702
19.88	9.854492470938814
19.89	14.255752822247597
19.9	10.526424564863033
19.91	11.423949155724436
19.92	8.205131417005523
19.93	11.247931422198933
19.94	10.299668998513832
19.95	9.396632838896306
19.96	9.715599150107305
19.97	8.765377586648805
19.98	7.85391854484134
19.99	8.813803996047595
20.0	5.873272705210984
