10.01	5.208628059242887
10.02	6.037962942177458
10.03	6.5005876650369325
10.04	7.025484440108649
10.05	7.434211394133495
10.06	8.292693034639534
10.07	8.066587826589444
10.08	9.25896790518064
10.09	9.762113998688928
10.1	10.26594950487652
10.11	10.54684573855791
10.12	11.357862827533443
10.13	11.653186539166292
10.14	12.913254914098312
10.15	13.061872791005646
10.16	13.01672112936699
10.17	14.165229066272927
10.18	14.445558056658045
10.19	14.798793993673131
10.2	15.364452051833219
10.21	15.471880753869707
10.22	16.32066395348888
10.23	16.643111383441532
10.24	17.250733542549547
10.25	17.144853964497738
10.26	17.61317259580932
10.27	17.93729877652193
10.28	18.178030752903734
10.29	18.227500522645833
10.3	18.388137676563293
10.31	18.52567676383609
10.32	19.254799559402464
10.33	19.060392085549495
10.34	19.322312604132843
10.35	19.718962196575713
10.36	19.46771303630558
10.37	19.70929418131943
10.38	20.030648252609694
10.39	19.418408619580315
10.4	19.519246153168258
10.41	19.47334285752038
10.42	19.793206987478698
10.43	19.191240803900335
10.44	19.896790247541595
10.45	19.566367623182483
10.46	19.877286158877137
10.47	20.387906390976855
10.48	19.91223992996325
10.49	19.54269612547087
10.5	19.3567288770383
10.51	19.420417004350405
10.52	19.4240265818607
10.53	19.0443498892922
10.54	18.537466669232018
10.55	18.818900265864944
10.56	18.657814058203215
10.57	18.01484239487046
10.58	17.824723230776286
10.59	17.506973230168164
10.6	17.640727712093057
10.61	17.759500349870486
10.62	16.679554312109897
10.63	17.17115685479966
10.64	16.59463215960822
10.65	16.122326221926226
10.66	15.409016721145061
10.67	15.484204602406892
10.68	15.112173230269594
10.69	14.631112370432003
10.7	14.022544661391898
10.71	13.800729093579038
10.72	12.845922462548867
10.73	12.67731097269594
10.74	12.290733363781468
10.75	11.961240457088934
10.76	11.076706730098907
10.77	10.460634561463268
10.78	10.218589887875101
10.79	10.071971405693004
10.8	8.96738959815586
10.81	9.104704167041552
10.82	8.883104928430996
10.83	8.03891481201621
10.84	7.3534849373372095
10.85	7.070837771587907
10.86	7.115170884956202
10.87	6.590027567726017
10.88	6.227588953865697
10.89	5.451335388145991
10.9	4.803771826926912
10.91	4.696391684366888
10.92	4.551425509741702
10.93	4.342105701208112
10.94	3.8677867277415365
10.95	3.1644254989357705
10.96	3.1515316625635514
10.97	3.3940133017738545
10.98	2.7574304707369945
10.99	2.7583210033255123
11.0	2.707423277350076
11.01	2.2992725205311353
11.02	2.2683619784211833
11.03	2.422605877975063
11.04	2.3570260802120324
11.05	1.8690783028674633
11.06	1.5957780407837043
11.07	1.75476396481017
11.08	1.6637094784996174
11.09	2.22173997822699
11.1	1.885778479330711
11.11	2.6075455557893585
11.12	1.8813652600583017
11.13	2.223126485842739
11.14	2.9880346468987287
11.15	2.4875606796560534
11.16	3.1875420419074882
11.17	3.2121679025917182
11.18	4.009554663260914
11.19	4.248190933241721
11.2	4.548131375333747
11.21	4.954799365027505
11.22	5.642343156425441
11.23	5.720752300809675
11.24	6.1576634336497
11.25	6.699440735651108
11.26	7.532099810262942
11.27	7.966899962026783
11.28	8.875747034111795
11.29	8.973951257192306
11.3	9.807155518069397
11.31	10.704698586857736
11.32	10.941982281682417
11.33	12.262506164364671
11.34	12.568936486140613
11.35	13.081554870599927
11.36	13.22503864660533
11.37	13.77269423693938
11.38	14.815604043003598
11.39	15.170270586958736
11.4	15.900288196820677
11.41	16.090994920815515
11.42	16.62182555154954
11.43	17.034071696845277
11.44	17.592987097579208
11.45	17.85921715897175
11.46	18.55821819411991
11.47	18.580181392478632
11.48	19.936409944473958
11.49	19.7378690687885
11.5	20.48711928610994
11.51	20.361134122981802
11.52	20.60848587536896
11.53	20.64129094553509
11.54	21.060030121078185
11.55	21.311137894021964
11.56	21.452782692419287
11.57	21.42158806386335
11.58	21.477968944779548
11.59	21.761202855966385
11.6	21.41335636226286
11.61	21.051864044227948
11.62	20.833788614591704
11.63	20.792493055042257
11.64	20.813296917033142
11.65	20.83705339076685
11.66	20.07538671085869
11.67	20.46614765863291
11.68	19.71181350112157
11.69	19.079039598321383
11.7	18.963825759889932
11.71	18.83038545783987
11.72	17.660192010892725
11.73	17.85291848398495
11.74	16.89773558992439
11.75	17.365200453907732
11.76	16.194250042792394
11.77	15.458373711402825
11.78	14.794309317783934
11.79	14.980173872025352
11.8	13.669343632725106
11.81	13.909996069115744
11.82	12.640428033537688
11.83	12.594454970498802
11.84	11.73782425164068
11.85	11.139036250155945
11.86	10.321492406319937
11.87	9.801346371910757
11.88	9.469077603218592
11.89	8.717276832919591
11.9	8.5726533928181
11.91	7.881874184657916
11.92	7.354079827939173
11.93	7.019151475174162
11.94	6.6833970886240675
11.95	5.933949085644295
11.96	5.548489976837239
11.97	5.2226260484025335
11.98	4.56883097243749
11.99	4.410622313997462
12.0	4.07758769994456
12.01	4.151065370723334
12.02	3.9334558352338704
12.03	3.3360626760007337
12.04	3.1128957967151782
12.05	2.7401182580976986
12.06	2.545887219417089
12.07	2.498580683671353
12.08	2.3850585932496924
12.09	2.1538216726773554
12.1	2.2973763863294474
12.11	1.9255550110044775
12.12	1.9100006747624902
12.13	1.724289482356307
12.14	1.810957314196757
12.15	1.883479834706604
12.16	1.924408886064479
12.17	2.0780737580066133
12.18	1.9623349254555273
12.19	2.689033633060541
12.2	2.1247731677515453
12.21	2.088717618620861
12.22	2.911127546685709
12.23	2.77017745301981
12.24	2.6771542550712666
12.25	3.364226163322801
12.26	3.385919754148625
12.27	4.532820430404613
12.28	4.3232804257964075
12.29	4.929665120171796
12.3	5.227362691973567
12.31	5.7613518805052495
12.32	6.0488428465824935
12.33	6.365189740153706
12.34	7.202286771515808
12.35	7.646251736659269
12.36	7.682096918215682
12.37	8.248714632168703
12.38	9.041923668176766
12.39	9.8988225585038
12.4	10.509051367054811
12.41	10.832493712638147
12.42	11.374580327571621
12.43	11.460551115261213
12.44	12.564635549139089
12.45	12.66911338591073
12.46	14.280918209652546
12.47	14.577225122903963
12.48	14.668671729297833
12.49	15.780225807391416
12.5	16.006301418264638
12.51	16.871941809765
12.52	17.319668969990204
12.53	18.047334265960146
12.54	18.11035747526841
12.55	19.069718341482165
12.56	20.11742846377907
12.57	20.150415382203914
12.58	20.41204606141766
12.59	21.158851876645993
12.6	21.248291101347665
12.61	21.92467682251262
12.62	21.845725412183086
12.63	22.430066446316207
12.64	22.642667753436047
12.65	22.52989372037601
12.66	23.331675695410702
12.67	23.36989889459314
12.68	23.493302725427156
12.69	23.523053811382955
12.7	23.695042321828836
12.71	23.860384365769942
12.72	23.298214426169945
12.73	23.758407311034087
12.74	23.84154078386832
12.75	23.541301251076643
12.76	23.296689902775864
12.77	22.613611223003296
12.78	22.762647082667844
12.79	22.08035055924931
12.8	22.332551908339333
12.81	22.179220595779668
12.82	22.255681545550804
12.83	21.585853014873898
12.84	21.01348196733062
12.85	21.107964779078056
12.86	20.23091471163009
12.87	20.018170673720483
12.88	19.515970986906304
12.89	18.981730260043808
12.9	18.88885846096201
12.91	17.780997785535817
12.92	17.449729018851258
12.93	17.027473170953616
12.94	16.76982182187393
12.95	16.1799396921771
12.96	15.186399802911726
12.97	14.706772837523372
12.98	14.654238342669416
12.99	14.29362494548649
13.0	12.860364858644198
13.01	13.01371000412435
13.02	12.298286135637246
13.03	11.525502866293543
13.04	11.414993628321128
13.05	10.288646803944465
13.06	10.09746085462313
13.07	9.451121785639703
13.08	9.416119154219892
13.09	8.617780226855421
13.1	8.349806716866162
13.11	8.25675253250748
13.12	7.351160481689606
13.13	6.956986714539006
13.14	6.85566897990385
13.15	6.320734079333306
13.16	5.684871343163717
13.17	5.42009614519851
13.18	5.117329659827856
13.19	4.951683304446448
13.2	5.115100574317754
13.21	4.3708928946790655
13.22	4.497646902129619
13.23	4.550921239496662
13.24	4.22633161029031
13.25	3.4834791490164245
13.26	3.023715087164891
13.27	3.1991928253765236
13.28	3.369212102186333
13.29	3.147421336468759
13.3	3.265541271475012
13.31	3.1772778636460846
13.32	2.926189680830431
13.33	2.634614834606317
13.34	3.044058550522187
13.35	3.5308572201828534
13.36	3.503132019536717
13.37	2.6847761835623665
13.38	3.2549067026177148
13.39	3.3504946962440614
13.4	3.0543173579691536
13.41	3.7038621455626144
13.42	3.9139365540011917
13.43	4.35096730864103
13.44	4.834785007773583
13.45	4.973454103696662
13.46	5.405305656352344
13.47	5.750796937368853
13.48	6.22364036604313
13.49	6.579062019755738
13.5	6.639126462471696
13.51	7.478182087543763
13.52	8.221589537234793
13.53	8.071540853527662
13.54	8.93350467409404
13.55	9.469941237717913
13.56	10.284402471342537
13.57	10.324148648825226
13.58	11.38947587268261
13.59	11.623564872922199
13.6	12.274806542122082
13.61	12.926638326631913
13.62	13.22368601468422
13.63	13.880555895951073
13.64	14.493236933411984
13.65	14.345725138614402
13.66	15.20638144263696
13.67	15.736285723002048
13.68	16.133725686447935
13.69	16.59997529007261
13.7	16.974856390201445
13.71	17.35090178764468
13.72	18.214655792052262
13.73	17.706261415811667
13.74	18.30398153293954
13.75	18.277191017442146
13.76	18.42853003602941
13.77	19.082263151792922
13.78	19.199052761498656
13.79	18.803222975364967
13.8	19.677273334445978
13.81	19.80615668765879
13.82	19.746652214111986
13.83	19.27639576662072
13.84	19.35691143759237
13.85	19.253415631748446
13.86	19.462194588193725
13.87	19.543538697956098
13.88	19.47558243670796
13.89	19.502237530931637
13.9	19.557575518608708
13.91	19.433509570282492
13.92	18.815567950926706
13.93	19.120926376751562
13.94	19.275238120602353
13.95	18.37719795900849
13.96	18.390706016339813
13.97	18.206305853447336
13.98	17.967095602223818
13.99	17.820755565217755
14.0	17.168554660688773
14.01	17.11288489138786
14.02	16.748701182279778
14.03	16.610611564708424
14.04	16.144044649720627
14.05	15.716422844803235
14.06	15.505809907929024
14.07	14.737726909197676
14.08	14.517192705626563
14.09	13.836585384393294
14.1	13.304030609359629
14.11	13.167646374669697
14.12	12.349786301716687
14.13	11.35736781932183
14.14	11.427177936365574
14.15	10.38325052606973
14.16	10.261606918476891
14.17	10.140949255367879
14.18	9.481984551164041
14.19	9.111178986811572
14.2	8.39971001103005
14.21	7.34007342280822
14.22	6.874681440319093
14.23	7.014596231888358
14.24	6.573475813837223
14.25	5.406352728045948
14.26	5.442541973277632
14.27	4.8228563236616395
14.28	4.88173558873639
14.29	4.921998410113704
14.3	3.8553368027125616
14.31	3.414779282494499
14.32	3.528037937980191
14.33	2.7744811663508435
14.34	2.401175556248326
14.35	2.414450086193335
14.36	1.8380254246622514
14.37	2.0385193108061834
14.38	2.0960373169331734
14.39	1.160393184168888
14.4	1.3364427629715891
14.41	0.7185975045462978
14.42	0.9653926660798107
14.43	1.174241618138954
14.44	0.47317262086624823
14.45	0.8731537927699121
14.46	0.9373318024510487
14.47	0.80122819687014
14.48	0.790593420287667
14.49	0.8100134969139172
14.5	0.5508410083332994
14.51	0.8472571564437503
14.52	0.6156976409187341
14.53	0.9049447433269143
14.54	0.9388222537975139
14.55	0.8342278418793606
14.56	1.1590458103082253
14.57	1.5532323671188344
14.58	1.293468103653605
14.59	1.7278245181849596
14.6	1.728040906068552
14.61	1.966982762583469
14.62	2.408531754661663
14.63	2.6425506164072234
14.64	3.0256465570946034
14.65	3.3599922265826434
14.66	3.3632326579515013
14.67	4.420782565352499
14.68	4.582284020219441
14.69	5.108975032706491
14.7	5.7294687178257195
14.71	5.779595246516928
14.72	6.459118966486831
14.73	6.9293674488161425
14.74	6.739865047705983
14.75	7.526130657970283
14.76	8.043104970431408
14.77	8.99614645089559
14.78	8.668207160870981
14.79	9.527957542640168
14.8	9.741123852192535
14.81	10.050877392531977
14.82	10.582007788672156
14.83	11.006868588156353
14.84	11.758457679058147
14.85	11.970431637379432
14.86	12.162609086521217
14.87	12.318171975425207
14.88	12.738604687003933
14.89	12.979459348434565
14.9	12.852401785160703
14.91	13.57968070144734
14.92	14.077009992545182
14.93	14.475354775476918
14.94	14.340413726617546
14.95	14.544824211860357
14.96	14.288105311894096
14.97	15.191421052103987
14.98	14.477832446429932
14.99	15.430603327796504
15.0	15.289145260844807
15.01	15.534704967362718
15.02	15.388572302745132
15.03	15.099507968263108
15.04	15.351753221689059
15.05	15.4255565719346
15.06	16.069774181771844
15.07	15.966077304408905
15.08	15.92887393191139
15.09	15.980547430977277
15.1	15.787038637205459
15.11	15.843257597929366
15.12	16.082957076095266
15.13	16.324249771755422
15.14	15.940473831045606
15.15	16.125605795022146
15.16	15.98146415195311
15.17	16.497719476043986
15.18	16.63238795801929
15.19	16.36772104353982
15.2	16.265100893255404
15.21	16.413218277081572
15.22	16.383034741775838
15.23	16.129635843826343
15.24	16.48738142974754
15.25	16.17907868458154
15.26	16.526107325692937
15.27	16.392652720046154
15.28	16.350322132252366
15.29	16.288646502536523
15.3	16.183460223186685
15.31	16.160555715225975
15.32	16.140668163836473
15.33	15.971470666177524
15.34	15.626831787933275
15.35	15.796827545062063
15.36	15.417465916568544
15.37	15.375159556629075
15.38	15.54695164016052
15.39	14.678446788209785
15.4	15.38881127634438
15.41	14.82172105604351
15.42	14.753810453289862
15.43	14.394076985895397
15.44	13.724548958168333
15.45	13.407878989268639
15.46	12.94739935209573
15.47	12.840548629472018
15.48	12.16472235747106
15.49	12.120848683423093
15.5	11.596519986576595
15.51	10.582519408440211
15.52	10.295970150072142
15.53	9.984868030316427
15.54	9.401811196015373
15.55	9.060333400582856
15.56	8.181254333314499
15.57	8.056751085585278
15.58	8.08411339778922
15.59	7.204917035929876
15.6	6.751440483962187
15.61	6.017062004650715
15.62	5.846921090873951
15.63	5.030390020598978
15.64	5.17731320000471
15.65	4.592367004278933
15.66	3.395105681210877
15.67	3.5813316091450043
15.68	3.4021340977965684
15.69	2.296828690760679
15.7	2.281819424255325
15.71	1.861844009310254
15.72	1.6198621579118813
15.73	1.6496505707222564
15.74	1.0850433368041987
15.75	1.150521621445144
15.76	0.7331005948910178
15.77	0.5744683859412272
15.78	0.2834424859116263
15.79	0.36639485956640905
15.8	0.4281380463965825
15.81	0.738327549446232
15.82	0.28522152401392376
15.83	0.2565428994263831
15.84	0.07203354031941889
15.85	0.33377350600346944
15.86	0.4429972307220263
15.87	0.5839674260036074
15.88	0.7860352846103478
15.89	0.5094449517618831
15.9	1.2325461897674912
15.91	0.8728294790452089
15.92	1.1167911440243803
15.93	1.597576318650307
15.94	1.9492745857318985
15.95	2.3904844709955997
15.96	2.747208751943033
15.97	3.158284411481022
15.98	3.480208701239972
15.99	4.528210383154005
16.0	4.2580324826469615
16.01	4.386066085390306
16.02	5.397064522370974
16.03	5.984628603358747
16.04	6.208147379805729
16.05	6.647043674484388
16.06	7.370280431647051
16.07	7.7967702950317825
16.08	8.333960986999964
16.09	8.84731087400221
16.1	9.637874786570885
16.11	10.315348370018638
16.12	10.017526652897027
16.13	10.769925260134617
16.14	11.2252575907776
16.15	11.749189338238489
16.16	12.507060043128458
16.17	12.450673467362842
16.18	13.625019665589399
16.19	13.0943382447933
16.2	13.32686276373229
16.21	13.995838687639715
16.22	13.859196854787143
16.23	14.426852218274089
16.24	15.126417206744613
16.25	14.59525087591909
16.26	14.457863252966401
16.27	15.400835541065616
16.28	15.263474145678229
16.29	15.57388459651805
16.3	15.590769312450966
16.31	15.654626542753219
16.32	15.44267762878378
16.33	15.866840873932885
16.34	15.56711319144202
16.35	15.40740693015932
16.36	15.4759427239789
16.37	15.542158268234507
16.38	15.13690865185826
16.39	15.384481524441005
16.4	15.33485993829649
16.41	15.287721636150707
16.42	15.469772563680017
16.43	15.407430216870672
16.44	14.891005528289329
16.45	14.907003286424994
16.46	14.658167720083034
16.47	15.129286768724281
16.48	14.194652127043987
16.49	13.530760560017344
16.5	13.464462706067316
16.51	13.218489198514932
16.52	12.78067231815826
16.53	12.464733853679498
16.54	12.60741072636752
16.55	11.786990301363756
16.56	11.279468221959108
16.57	11.307066545886574
16.58	10.61381615617702
16.59	10.064165628530205
16.6	9.978837333062431
16.61	9.402749418647936
16.62	8.964723585458225
16.63	8.805984945302548
16.64	7.847196384158586
16.65	7.725366576875878
16.66	7.235784250544409
16.67	6.859297888654489
16.68	6.358266397282749
16.69	6.027596783000981
16.7	5.5478523851033135
16.71	5.507119794268934
16.72	5.197795093939149
16.73	4.878468904967685
16.74	4.429386434143026
16.75	4.15792149725164
16.76	4.055536421957878
16.77	3.90155755090598
16.78	3.7754274594224038
16.79	2.8980952103345725
16.8	2.605251541547951
16.81	2.5085622822105416
16.82	2.356123160407847
16.83	1.9780946045076184
16.84	1.9350799314392582
16.85	1.6892445614954978
16.86	1.8745902609235567
16.87	1.5140479617895681
16.88	1.5975606560725581
16.89	1.2075905678481362
16.9	1.1192141608796202
16.91	1.0164827699225478
16.92	0.9304904415422623
16.93	1.1401954866530073
16.94	1.275052498737169
16.95	1.5770418145813507
16.96	1.6360852094692357
16.97	1.2449054618189057
16.98	1.6630791460058187
16.99	1.7943947588494902
17.0	1.7015599351572668
17.01	2.1715552232037183
17.02	2.355255236169576
17.03	3.2715743637614283
17.04	2.6599296143651974
17.05	3.111472586731081
17.06	3.5725786354961655
17.07	4.579789263967605
17.08	4.549035984216756
17.09	4.597425595583939
17.1	5.621132952023356
17.11	5.647624434534468
17.12	5.6957169811152335
17.13	6.33495811277745
17.14	6.782042352773398
17.15	7.619503043168091
17.16	8.296106652623147
17.17	8.44843224280889
17.18	8.7430216856616
17.19	9.785901766297547
17.2	10.096482031900294
17.21	10.301565099216644
17.22	10.581267366491922
17.23	11.515727190334552
17.24	12.138615828396125
17.25	12.679394818256823
17.26	13.001300780208478
17.27	12.992881941396492
17.28	14.070414053893941
17.29	13.804363491199256
17.3	14.306379350127404
17.31	14.557531695357362
17.32	15.16811145522042
17.33	15.095369292449076
17.34	15.882411574524765
17.35	15.617534903000651
17.36	15.938525006111783
17.37	16.293706742681106
17.38	16.07834732886952
17.39	16.234913968235297
17.4	16.5061019545251
17.41	17.196662882253907
17.42	17.020341300475952
17.43	17.166950669683754
17.44	16.980695361278926
17.45	16.85619990490224
17.46	17.111430083002645
17.47	16.979485375362767
17.48	17.1081051624035
17.49	16.62613745390829
17.5	16.744998640370234
17.51	16.97555365510097
17.52	16.446418668074397
17.53	16.47009041974651
17.54	16.235951664093538
17.55	16.17431767998868
17.56	15.260111243607183
17.57	15.376317903665365
17.58	15.45588970567402
17.59	14.933765419824038
17.6	14.835751700273018
17.61	14.490468951746644
17.62	13.861554144515244
17.63	13.965135556902617
17.64	13.15234535456286
17.65	12.491839380578758
17.66	12.573261687774318
17.67	12.02167985430886
17.68	11.53264784735971
17.69	11.584903130674244
17.7	10.379302668652223
17.71	10.343253197884367
17.72	10.126360651340052
17.73	9.6723197923694
17.74	9.05861505161232
17.75	8.200401611215892
17.76	7.843775885557306
17.77	7.559812103624054
17.78	7.085996062201592
17.79	6.310110724640627
17.8	6.584245892484327
17.81	5.653941049820102
17.82	5.630535002357816
17.83	5.2475001050265755
17.84	5.04701345013545
17.85	4.427179050346616
17.86	4.000118924672882
17.87	3.815399234924168
17.88	3.2764426419191826
17.89	3.0556911547533674
17.9	2.637684751049907
17.91	3.036747101822964
17.92	2.176151554936402
17.93	2.3396391600406745
17.94	1.8009069011458356
17.95	1.9557689735868447
17.96	2.023692258646369
17.97	1.9546213989378032
17.98	2.105328180677267
17.99	0.9739422383238684
18.0	0.9822782579839116
18.01	0.8912159585682018
18.02	1.1998336724947598
18.03	0.8503332132230257
18.04	0.9675493441942645
18.05	0.8150999600222465
18.06	0.7233762571020226
18.07	0.6497328701301623
18.08	1.0917682808723415
18.09	0.6885102454966598
18.1	1.3391057598849887
18.11	1.3797134303965024
18.12	1.0988005476914031
18.13	0.706937692968892
18.14	0.6900538904524128
18.15	1.6479544035573335
18.16	1.9032510829593887
18.17	2.1115265547938638
18.18	2.4538381310867963
18.19	3.0453692723786623
18.2	2.895752804045518
18.21	3.0531145694597783
18.22	3.364489998449277
18.23	4.239106788156544
18.24	4.178236539002044
18.25	4.852488089262796
18.26	5.479237166644883
18.27	5.706937057981747
18.28	5.687535076619312
18.29	6.692921740108638
18.3	7.249343323092818
18.31	7.647570096981484
18.32	7.676568426501227
18.33	8.176155149228011
18.34	9.311414985233004
18.35	9.358479002766401
18.36	10.274792122311123
18.37	10.757579925169034
18.38	10.640578249670174
18.39	11.407439578255257
18.4	11.79849562646667
18.41	12.314548392017196
18.42	12.158610490873107
18.43	12.657205281683243
18.44	12.946452126963576
18.45	13.319545343760836
18.46	13.889842035610148
18.47	14.61056897191306
18.48	14.645116551596466
18.49	14.817861579507454
18.5	15.080713334312893
18.51	15.494460273081794
18.52	15.647519150608426
18.53	15.392795374527767
18.54	15.632303782581348
18.55	15.738035039792038
18.56	15.834877624551174
18.57	16.603524109331687
18.58	16.240660042999327
18.59	16.587886273774096
18.6	16.271263489971382
18.61	16.26883301450612
18.62	15.849878112231371
18.63	16.073548619099373
18.64	16.2123317954894
18.65	15.98015064741936
18.66	15.259063224878172
18.67	15.847521425040583
18.68	15.677238314460142
18.69	15.461946631030868
18.7	15.122338991307105
18.71	14.969038764529923
18.72	14.989270985092864
18.73	14.368019820064587
18.74	14.15859330205138
18.75	13.912061852521127
18.76	13.4265110577075
18.77	12.801148925004574
18.78	12.837279304190892
18.79	12.582064076260854
18.8	11.967119759522761
18.81	11.329893922563441
18.82	11.083877209535173
18.83	11.000288926488054
18.84	10.005626145463435
18.85	9.616484029472922
18.86	9.486950536088077
18.87	9.217924219823072
18.88	8.284594448097536
18.89	7.960926944311119
18.9	7.892430001901665
18.91	7.297530565046131
18.92	6.683369766367556
18.93	5.997174185995739
18.94	5.200048944061006
18.95	5.558107633281577
18.96	4.910857298914057
18.97	4.763040145814406
18.98	4.017850522396088
18.99	3.8022298817862423
19.0	2.9194604264344073
19.01	3.47774042121757
19.02	3.3684115883650723
19.03	2.3056587687474357
19.04	2.5399590706506086
19.05	2.3438353724546244
19.06	1.5581335884045517
19.07	1.9443719501091872
19.08	0.9041027257722635
19.09	1.1546386089955705
19.1	0.7981663211511154
19.11	0.6654478239211288
19.12	0.5946525408654085
19.13	0.33267493219925615
19.14	0.4947986533804332
19.15	0.13398856145682664
19.16	0.40073619277769235
19.17	0.20073027709332586
19.18	-0.23558588994819235
19.19	0.11914201959474907
19.2	-0.10205452505883618
19.21	0.2822779538638982
19.22	-0.036071820699332874
19.23	0.46222563248514065
19.24	0.7804389593775252
19.25	0.7805554762047875
19.26	0.8861323529125541
19.27	1.2878763445276094
19.28	0.828033090782814
19.29	0.9226355650596141
19.3	1.4939101839271385
19.31	1.9278841754031357
19.32	1.6777069732508094
19.33	2.420644428049849
19.34	2.7363768830938096
19.35	2.531890684283993
19.36	3.3782525157472905
19.37	3.324469159687931
19.38	4.030110106452891
19.39	4.792282622006692
19.4	5.149223499991068
19.41	5.208462377159764
19.42	5.817147234104025
19.43	6.460779949130126
19.44	6.969094956303724
19.45	7.464764182045419
19.46	7.834877773563219
19.47	8.3342180573882
19.48	8.538036814715001
19.49	9.715512711547511
19.5	10.12234823119912
19.51	10.771890559938404
19.52	10.47295116281112
19.53	11.792559014358696
19.54	11.915755958682347
19.55	12.084815371662355
19.56	12.584039823088315
19.57	13.474571910976234
19.58	13.58742782925264
19.59	13.815022256461333
19.6	14.583734492856534
19.61	14.805972254899945
19.62	15.15312017864752
19.63	15.408571033350432
19.64	16.151901690798727
19.65	16.278093582197833
19.66	16.031904252470177
19.67	16.77256644442623
19.68	16.891103949590395
19.69	17.298031221803967
19.7	17.441966035471584
19.71	17.40589747673413
19.72	17.871460380784036
19.73	18.008856363273814
19.74	17.586311486843606
19.75	17.938866300745318
19.76	17.42852500291813
19.77	17.94799272536033
19.78	17.729692936116503
19.79	17.68734495113167
19.8	17.854186990089723
19.81	17.714709953840288
19.82	17.854441392172106
19.83	17.960107369316184
19.84	17.800661834282586
19.85	18.207623810940557
19.86	17.627999593603846
19.87	17.564183048559737
19.88	16.778316832319003
19.89	16.36684066661683
19.9	16.722188776583334
19.91	15.916214334032874
19.92	15.71141633835591
19.93	15.327773499107803
19.94	15.361468833079256
19.95	14.36257320758033
19.96	14.29489070023625
19.97	13.824491476551358
19.98	12.758654572335857
19.99	12.785353250801926
20.0	11.900496428289108
