10.01	3.438478320978812
10.02	4.828738419005109
10.03	7.408794485704481
10.04	6.639564051037599
10.05	5.669494304853559
10.06	8.185055837116854
10.07	9.48391301404909
10.08	6.480284248280923
10.09	10.506719123292756
10.1	9.930596023247938
10.11	13.599610455466651
10.12	10.811092754529495
10.13	14.500118214499242
10.14	14.418330518240388
10.15	14.349481590881416
10.16	16.62523617929018
10.17	15.195364898629736
10.18	13.1367179407245
10.19	14.855770131941876
10.2	12.361620570334416
10.21	14.647697776356175
10.22	16.985812111106032
10.23	15.949209883503801
10.24	17.980416165935278
10.25	14.334564820557265
10.26	18.015302436392425
10.27	17.399943726505267
10.28	16.760494955671607
10.29	18.325212473311613
10.3	18.57170973580541
10.31	19.93989901348779
10.32	20.07614358525073
10.33	17.383881326900635
10.34	18.247756662430547
10.35	20.651288773682897
10.36	19.76367673596804
10.37	20.07449556689179
10.38	19.237535559710786
10.39	18.375522104205746
10.4	20.102390216422545
10.41	20.632890802717277
10.42	20.365692922845923
10.43	18.714758941643026
10.44	19.664071086208896
10.45	19.748814110340504
10.46	18.360829416684684
10.47	20.336440561205066
10.48	18.840819967018103
10.49	21.767238262233167
10.5	21.486101644465
10.51	19.461827785862404
10.52	17.953019017686312
10.53	19.896352761995807
10.54	18.50212834101018
10.55	20.55996509625488
10.56	16.21136774348213
10.57	17.220567874192614
10.58	18.832309881353183
10.59	18.16640907833095
10.6	19.53208398168044
10.61	18.366105157328256
10.62	14.269420060356918
10.63	16.45988682476126
10.64	14.665267342843437
10.65	16.780993864568085
10.66	17.07066676040938
10.67	17.166101312786346
10.68	13.092597979465989
10.69	14.353184557354213
10.7	18.5682590326321
10.71	12.47178657870839
10.72	13.115892268733205
10.73	14.342590818339197
10.74	11.5279502390009
10.75	12.061966073257313
10.76	9.821897843093158
10.77	9.745202354728447
10.78	10.36285412555288
10.79	8.955264812075857
10.8	13.865187972980504
10.81	10.067689506405543
10.82	8.016834156015378
10.83	9.360529622579826
10.84	8.945655613861435
10.85	6.079102445185799
10.86	10.063219542675714
10.87	4.797305726674054
10.88	4.622892712256909
10.89	5.636413022734699
10.9	5.01559371608321
10.91	6.581258012633564
10.92	2.3245297054855216
10.93	6.5484307859066515
10.94	6.356493751686125
10.95	2.5700296648679224
10.96	3.3200638641584796
10.97	4.575934030044908
10.98	1.5142390569175812
10.99	6.221969643583415
11.0	1.8033029867968275
11.01	2.0053260294065205
11.02	-1.0156162223980596
11.03	0.7963890810189111
11.04	-0.9286786407699079
11.05	2.2622736250546955
11.06	1.9106502274418433
11.07	2.0425743803415033
11.08	2.6798634888260313
11.09	1.3535997510912383
11.1	0.06837059976579551
11.11	0.42361871406970497
11.12	2.3233837116170917
11.13	4.577521094020129
11.14	2.245499490754826
11.15	1.5561759988083084
11.16	0.9249646024546916
11.17	5.330996223707368
11.18	2.048210207067916
11.19	4.672831873282995
11.2	3.5016424047091417
11.21	4.808394808629341
11.22	2.0800119858734254
11.23	6.782246554176847
11.24	6.162926759048909
11.25	3.8748842234994765
11.26	6.247572318068833
11.27	7.885286351989303
11.28	9.37811108911877
11.29	8.075946699160856
11.3	10.625803330932047
11.31	13.154958346519333
11.32	10.717394652052477
11.33	11.434995489642228
11.34	12.360021004914616
11.35	14.290715456362816
11.36	12.579959186124249
11.37	12.272758617526966
11.38	13.468633926511316
11.39	15.065256049414973
11.4	16.315549620995707
11.41	16.71026208165386
11.42	15.79825138843987
11.43	17.133342236138706
11.44	16.291717310882238
11.45	14.849072397332291
11.46	16.552822665817736
11.47	18.586264881618
11.48	19.825374482919596
11.49	17.345412959476963
11.5	20.640596264567737
11.51	17.821636794569727
11.52	21.902492254303557
11.53	23.39264268234321
11.54	19.94607266710332
11.55	22.32037633781264
11.56	20.874986709552957
11.57	22.038331334554204
11.58	20.688817375893777
11.59	23.205424308415655
11.6	21.685604182190882
11.61	19.621556705223835
11.62	18.4592207617259
11.63	21.75458497651752
11.64	20.34542226748155
11.65	20.90520831625421
11.66	21.531076970150373
11.67	21.082791021138295
11.68	20.356376746428353
11.69	19.82251051407261
11.7	19.040759307424118
11.71	18.200616062502906
11.72	16.07755271325682
11.73	17.28307081526816
11.74	16.83182535052451
11.75	17.734394031386636
11.76	16.257107619064573
11.77	19.040657776573546
11.78	14.524193529569159
11.79	14.64193103868707
11.8	17.433885791830914
11.81	17.595139956432533
11.82	12.787857464838279
11.83	12.811203610838383
11.84	11.456151686953838
11.85	13.43480789482781
11.86	11.404959887982368
11.87	6.747064814318959
11.88	9.212477333644573
11.89	8.479902501333159
11.9	8.367755026299546
11.91	5.610558196654205
11.92	6.649028721019668
11.93	9.093117410142817
11.94	5.636895349037003
11.95	5.664130358559003
11.96	7.096861526187141
11.97	7.060835333621316
11.98	2.3688643023566947
11.99	6.220970414966058
12.0	7.461339909467191
12.01	6.507506691008818
12.02	3.4522211031436143
12.03	3.192266740568749
12.04	2.7501085939011114
12.05	2.1461190007486466
12.06	3.939805824248758
12.07	3.4889336942945497
12.08	1.2034737382145384
12.09	3.5175305837708373
12.1	5.059075946151798
12.11	4.874394038176629
12.12	1.488241220593994
12.13	2.5887791321926645
12.14	1.0169843920571575
12.15	1.1636364948725175
12.16	1.9258417363019926
12.17	2.234492685346364
12.18	0.3420581738409463
12.19	2.0104245913405325
12.2	3.4316314269862103
12.21	1.40203218682197
12.22	1.5921307284180581
12.23	2.8385037869990097
12.24	0.7809600368493412
12.25	4.086453838584687
12.26	1.5830709292550318
12.27	6.528190407386138
12.28	4.691700829908064
12.29	0.9356480677280303
12.3	4.257629302116406
12.31	6.547969256137798
12.32	5.759127726130089
12.33	5.970437438924406
12.34	6.133418609019358
12.35	8.519796583006661
12.36	6.446171780356299
12.37	9.631973808618149
12.38	10.928852177587824
12.39	9.745518859095883
12.4	12.408238254228028
12.41	10.119668581543426
12.42	10.209474592057461
12.43	15.026581094140283
12.44	12.711444858360897
12.45	12.395154675104845
12.46	15.619396658819484
12.47	14.921825606784196
12.48	14.301342977472062
12.49	16.401189782040937
12.5	15.837859667340766
12.51	16.944334644909095
12.52	17.472066217924105
12.53	17.82010857658903
12.54	16.51733998269301
12.55	17.536921482056115
12.56	20.248259017945262
12.57	21.72575494473946
12.58	21.497242363438396
12.59	20.595787736394353
12.6	19.280298554967885
12.61	19.795252275128206
12.62	20.454525406529374
12.63	23.713016456018593
12.64	21.05223125915234
12.65	24.908237075357903
12.66	23.884423650873504
12.67	22.055323963027668
12.68	22.70244403057872
12.69	23.355947738157617
12.7	22.366495179491732
12.71	21.525548822036555
12.72	23.743389375121463
12.73	22.869472212878065
12.74	24.401107264732964
12.75	22.988836378276357
12.76	24.038958766320896
12.77	21.957451466678215
12.78	21.869941738180373
12.79	23.302267924091637
12.8	18.559696018548482
12.81	22.59148882646189
12.82	20.98122864944939
12.83	21.023677416766052
12.84	22.959590198598356
12.85	20.100735494552797
12.86	21.7021498314031
12.87	20.108736780936958
12.88	20.71812846787196
12.89	17.122686074945342
12.9	16.437301231929503
12.91	17.016620491863414
12.92	17.955239533313435
12.93	18.718078003744168
12.94	19.46240798861979
12.95	16.523036468778162
12.96	14.946335997666356
12.97	17.148799387443436
12.98	15.896668130921526
12.99	11.631741602089736
13.0	12.840326586471882
13.01	12.509190340159487
13.02	14.740608673523122
13.03	12.894670505066866
13.04	10.07968405016923
13.05	11.063440851491949
13.06	10.169832559071898
13.07	11.567856587211717
13.08	7.9016497593995
13.09	8.11436488302583
13.1	10.82724688042563
13.11	8.095624527008969
13.12	10.130534945196878
13.13	8.058706105711883
13.14	8.44973434273181
13.15	5.536793416294836
13.16	6.297758161083456
13.17	3.4346673044091354
13.18	4.7220076388759855
13.19	6.150169725488273
13.2	6.652987406812006
13.21	4.78637132258191
13.22	5.957283347858202
13.23	5.921375253909776
13.24	5.230077554713414
13.25	1.64312857868726
13.26	3.744403476971632
13.27	3.511502030631999
13.28	3.3970182441740473
13.29	2.3017847892968377
13.3	4.026947255057912
13.31	3.24072289042885
13.32	2.704955123589232
13.33	1.65997213077169
13.34	1.5736225428911765
13.35	4.029464933933515
13.36	4.203378170005717
13.37	3.0381653471420482
13.38	2.799778999242072
13.39	6.548064220594039
13.4	6.727617737449103
13.41	4.3609222885269965
13.42	4.059293813577729
13.43	3.6228494728526424
13.44	5.847675309257288
13.45	2.010151029620107
13.46	5.066535085831481
13.47	6.900098853935383
13.48	6.9181958843940645
13.49	6.552899773051261
13.5	7.103323137864834
13.51	8.217035511449968
13.52	8.224497577463056
13.53	7.519971903806492
13.54	8.828192217538549
13.55	8.867018981447586
13.56	8.843304106446494
13.57	8.933026833391489
13.58	11.00635813869738
13.59	10.444605897771796
13.6	12.595462137462444
13.61	11.626238046822936
13.62	12.298240502873346
13.63	13.275500504593392
13.64	16.138551839065933
13.65	14.084480640979445
13.66	16.959074228149582
13.67	13.189327358942682
13.68	15.42315491700291
13.69	17.89001954974337
13.7	16.682823882853516
13.71	16.99225248947392
13.72	17.391360751242807
13.73	15.925787819076003
13.74	17.529947268178354
13.75	17.795716280413643
13.76	18.415450775144002
13.77	19.71899374064652
13.78	16.473875804084706
13.79	19.95702363972155
13.8	19.97229320836959
13.81	18.341402920139203
13.82	19.117974373683488
13.83	17.83841183867605
13.84	18.779019861320478
13.85	20.314153271533993
13.86	18.08845107068946
13.87	20.926027386309137
13.88	21.706073634998376
13.89	20.784087475656797
13.9	18.148707611496715
13.91	20.59780240161417
13.92	18.201477799730725
13.93	17.42764111756716
13.94	19.60459028338368
13.95	20.517236256489028
13.96	20.470965846725612
13.97	19.070908932653843
13.98	18.048908709462633
13.99	19.172546790249733
14.0	16.6485733040847
14.01	18.651026385456966
14.02	15.251564462467659
14.03	16.423219890364603
14.04	15.248049712084173
14.05	15.925123974366608
14.06	16.255695333612213
14.07	15.608392211328159
14.08	14.227446347345497
14.09	13.181937874559463
14.1	9.709549306807332
14.11	16.018684475789634
14.12	14.687936263702307
14.13	11.837289587895333
14.14	13.309511715747995
14.15	10.985044615840048
14.16	8.330615121583131
14.17	8.08025362771714
14.18	11.880281223381608
14.19	6.333273468926888
14.2	9.447399474760994
14.21	6.931822407009659
14.22	7.417951165096405
14.23	6.292073384237074
14.24	6.626064581184488
14.25	5.718430894139335
14.26	4.9388218322813975
14.27	2.8489952989736085
14.28	5.3480483583177865
14.29	2.9251792328197634
14.3	3.66682954333435
14.31	3.0331109061052963
14.32	2.7414980982775563
14.33	1.1531908093343373
14.34	0.7365116865836758
14.35	-0.1442389913148121
14.36	5.230957100692793
14.37	0.7034295827099233
14.38	0.8800017789864522
14.39	1.6927008092917768
14.4	-1.1220621683686964
14.41	-0.17614997101653507
14.42	-1.286798775078478
14.43	3.9071460648515606
14.44	1.8766200571251448
14.45	0.9007185818210435
14.46	-1.6710908980367924
14.47	3.274973739545024
14.48	0.7966940987830323
14.49	0.08019457054051349
14.5	1.422408023772662
14.51	-0.5642073331185816
14.52	-1.962545104927258
14.53	-1.1871627279188353
14.54	0.21537382984153297
14.55	2.716022712925332
14.56	1.86442631308498
14.57	1.4187186066806394
14.58	1.109245325566377
14.59	3.2611713452379245
14.6	3.2946402599869176
14.61	3.540778558373141
14.62	4.315870220799392
14.63	4.873503280313864
14.64	5.0067460038738325
14.65	2.1941746137252403
14.66	1.7680578546227572
14.67	4.8965616620644274
14.68	3.7196482920315823
14.69	3.137564069630134
14.7	4.663929878089759
14.71	5.906481398010295
14.72	6.823388853401159
14.73	6.3157438910249
14.74	5.875403094931752
14.75	6.888570777131096
14.76	6.957792844454261
14.77	8.651961626222157
14.78	7.141724737799855
14.79	12.10181256734211
14.8	7.440744857557398
14.81	8.638118107337583
14.82	12.286767887288818
14.83	9.309385352976415
14.84	10.540914203544556
14.85	12.108054957026132
14.86	11.682888453442809
14.87	12.842748718378797
14.88	11.419166506868422
14.89	13.52654189699454
14.9	11.672874140193947
14.91	11.307182587010944
14.92	12.801896802093118
14.93	15.579960739017398
14.94	15.247504389170572
14.95	14.775314398469035
14.96	14.476540296619401
14.97	17.268692946353465
14.98	15.166850989974686
14.99	15.148940908699231
15.0	11.942374032314742
15.01	14.781987772064943
15.02	17.334567706540565
15.03	13.986016875379944
15.04	16.741143156322167
15.05	14.22229931389407
15.06	17.831305442483515
15.07	19.99735112605717
15.08	15.07636616840448
15.09	17.274059621958358
15.1	16.925742637778395
15.11	19.89579275295586
15.12	16.44316413189297
15.13	14.459203660306365
15.14	16.064226410438177
15.15	17.666751502217338
15.16	17.518257322784585
15.17	15.293263352785091
15.18	18.241310539571824
15.19	14.656639112035322
15.2	17.038504998326054
15.21	16.949346319990234
15.22	14.882888610065857
15.23	14.151110372754648
15.24	14.362014061995092
15.25	15.106794311246352
15.26	15.680419562484662
15.27	17.05049688650015
15.28	17.55223208081184
15.29	15.32879206976741
15.3	14.473590418743385
15.31	17.466376301817064
15.32	14.03002425360869
15.33	15.548386623606747
15.34	16.681040030760002
15.35	16.159313131095352
15.36	14.942149863984552
15.37	14.177184479947874
15.38	17.010275966871337
15.39	16.35655022041546
15.4	15.658449384305376
15.41	14.109447836516813
15.42	9.981158956597264
15.43	16.381746121185877
15.44	15.363157581688773
15.45	13.027458339290899
15.46	11.738015675799018
15.47	12.16211110441081
15.48	10.331202932657677
15.49	11.61819788315
15.5	10.102697759751377
15.51	9.342232584201929
15.52	11.65710354256394
15.53	10.645930107936143
15.54	8.896324727408322
15.55	8.106896433023774
15.56	8.231377455035515
15.57	7.642944461712624
15.58	4.330287211827878
15.59	7.147370188308516
15.6	7.361245556807965
15.61	6.3317394000219025
15.62	4.681220788900246
15.63	4.042374080502896
15.64	2.40997385088286
15.65	3.8219253538366265
15.66	3.298620969563185
15.67	1.6194258878491865
15.68	4.766923245459302
15.69	3.109517331409055
15.7	1.8136764256175772
15.71	2.3285801798794163
15.72	2.0437635182084226
15.73	2.516312310807774
15.74	-1.4504449281374487
15.75	-0.15390888564384841
15.76	3.15446942517022
15.77	-0.8240113525608183
15.78	-1.08684792806456
15.79	-1.3235105006526418
15.8	1.0144768982980659
15.81	0.31374220552399446
15.82	0.39328481241433866
15.83	0.6730636618534873
15.84	1.6020101955238175
15.85	1.0945836091699814
15.86	-0.268161283052357
15.87	0.9317943172296105
15.88	-0.9189876026171865
15.89	0.6596525197165923
15.9	0.20235001630458704
15.91	1.757059940448936
15.92	1.214747979994616
15.93	-0.11933049189873923
15.94	2.0456512364965382
15.95	1.779804791126436
15.96	2.782090882068203
15.97	0.06698394516048234
15.98	2.8782464324120736
15.99	3.8581217502643197
16.0	5.887246621219793
16.01	7.0692536544460705
16.02	6.990292346230813
16.03	5.2958808911239315
16.04	6.890596763846216
16.05	9.115215311013657
16.06	8.567489468155289
16.07	10.293197285979879
16.08	9.384854346409584
16.09	11.086676739328412
16.1	9.108860387767738
16.11	12.632160477656157
16.12	11.023590686367788
16.13	12.985654079309587
16.14	10.88334581160538
16.15	12.547633686052169
16.16	10.833846764073375
16.17	12.710892963929352
16.18	12.24113481463453
16.19	10.535341730285143
16.2	14.576183692586973
16.21	13.903356576431587
16.22	13.89151656713087
16.23	15.419069276803915
16.24	14.511426794436908
16.25	13.968273476032222
16.26	16.264019415604768
16.27	16.51148324192287
16.28	14.780457162286936
16.29	16.166222393486798
16.3	16.1087701427465
16.31	18.749300672843884
16.32	14.735172125869227
16.33	15.980042125303633
16.34	17.701261738486263
16.35	16.35681647022656
16.36	15.429656586765095
16.37	14.330028996533292
16.38	13.119551974462594
16.39	14.724724758075991
16.4	13.912289167761173
16.41	15.653664191480141
16.42	15.077485529190579
16.43	14.922872152073957
16.44	14.474280840864
16.45	18.71916968387422
16.46	16.164727895204415
16.47	14.214767049302004
16.48	12.192066394227076
16.49	17.32550591557014
16.5	14.662909431431327
16.51	13.91916749150213
16.52	12.480446935197662
16.53	8.539157225000508
16.54	12.14296647051715
16.55	11.048452553188216
16.56	13.94493978038518
16.57	11.944581768004664
16.58	9.087857646025112
16.59	12.79681594541755
16.6	8.967652583642712
16.61	10.697967698308124
16.62	10.064688873647633
16.63	11.175578002821046
16.64	9.595933834861702
16.65	6.953845988223165
16.66	7.372251666958737
16.67	6.572387720603573
16.68	6.038985589691792
16.69	5.680553636728858
16.7	8.119242664611763
16.71	5.3303126391249664
16.72	2.6152645254591493
16.73	7.043696900135314
16.74	4.730389799087721
16.75	7.9260922521213075
16.76	3.47587642831572
16.77	3.7312652694415114
16.78	2.3810592381604323
16.79	3.367660000588861
16.8	2.5355499920488973
16.81	1.1420593546026965
16.82	1.807590627864616
16.83	3.7091327207607567
16.84	0.8223694843906322
16.85	3.62295692772998
16.86	3.5505131242797994
16.87	3.181245103264874
16.88	1.5534608761420339
16.89	-0.4414708683771753
16.9	1.8537294445911525
16.91	2.5545645793675695
16.92	2.0639630057532123
16.93	2.1996032133725696
16.94	2.7148586783695556
16.95	-0.9394419652901138
16.96	2.5717505194875416
16.97	0.7404747952361366
16.98	1.174364702240568
16.99	-0.31506724442072453
17.0	2.1210617373424308
17.01	2.9289366933808125
17.02	0.674079586932619
17.03	1.6395822835176408
17.04	4.377887063604129
17.05	4.225376240240841
17.06	4.05571137389491
17.07	4.889553670153497
17.08	5.157562361959492
17.09	8.291444890169434
17.1	5.924049167492308
17.11	6.064332468267332
17.12	6.496150175912164
17.13	7.840422593340539
17.14	9.014164241353452
17.15	9.063219236072147
17.16	9.401943663177706
17.17	9.165608790784988
17.18	9.779695359498234
17.19	9.236605042384555
17.2	12.691688663725001
17.21	9.926091417237926
17.22	11.574999560793854
17.23	11.808690343996062
17.24	10.914077458198484
17.25	10.665690578739426
17.26	13.325846226273345
17.27	12.671235160792984
17.28	11.107086443035543
17.29	15.33003277129431
17.3	11.878525433543416
17.31	14.432464126774748
17.32	14.980010211773163
17.33	14.111481778942354
17.34	16.307169652146875
17.35	14.454458929782188
17.36	17.765901840994626
17.37	17.544533692314424
17.38	14.324999749620087
17.39	16.106916975605152
17.4	16.585690186263314
17.41	19.762595786375844
17.42	17.42826150072281
17.43	16.2978799469844
17.44	17.80192900951313
17.45	17.2550377561837
17.46	16.552094074920674
17.47	17.994258569712027
17.48	18.189253342681553
17.49	16.40483256047092
17.5	15.08721656842585
17.51	15.28151401825023
17.52	18.10358953437575
17.53	15.149739236431687
17.54	16.68300236592892
17.55	16.100077651096722
17.56	12.39287153645116
17.57	16.377575202963857
17.58	15.501226980017261
17.59	12.549351549577153
17.6	13.064785232140292
17.61	13.374278990050104
17.62	14.933006766104263
17.63	10.60229048933564
17.64	15.09619317801987
17.65	9.840121675924795
17.66	9.528697548614765
17.67	11.818159891794808
17.68	12.687442969389835
17.69	10.638064424266789
17.7	9.572184118899678
17.71	12.36571717567365
17.72	12.196633518155272
17.73	7.772616413251997
17.74	10.528783552561887
17.75	8.28205141590718
17.76	9.123405240194366
17.77	9.24255400902163
17.78	9.678680853136603
17.79	9.063569224904086
17.8	7.37117258511284
17.81	4.499136897873163
17.82	5.251643173826536
17.83	6.34043943923184
17.84	3.646132302378163
17.85	4.565049268214225
17.86	5.462594867037678
17.87	3.439683605274255
17.88	3.8437976876798574
17.89	2.7748168687862598
17.9	2.332847932645591
17.91	1.956187667730061
17.92	0.07872411041484906
17.93	3.1902914844495958
17.94	3.349872404383288
17.95	3.4879238387821783
17.96	2.1420760213843537
17.97	4.510472290946476
17.98	0.8755601879317839
17.99	0.3308563005548778
18.0	0.8434367221575333
18.01	-0.4549217334817248
18.02	4.785978713474408
18.03	-1.3062411763789972
18.04	0.7555289709556914
18.05	2.0464397723989185
18.06	0.07355095714613924
18.07	-2.1099655052246447
18.08	-0.39704039672557645
18.09	1.5069458756843348
18.1	2.7636192362493643
18.11	1.0616011811342336
18.12	1.5044914720184237
18.13	-0.2110696470541389
18.14	2.852101457434083
18.15	0.7305858625594099
18.16	2.134385269348254
18.17	4.144803506425713
18.18	1.6375027146079004
18.19	2.2152788248852717
18.2	-0.3886558865120935
18.21	3.3270164658161345
18.22	3.1154128307935203
18.23	4.9696405792882
18.24	4.635724104570082
18.25	5.346363700087969
18.26	5.587824879620199
18.27	4.205667429823669
18.28	4.9717279926285975
18.29	6.873498803615666
18.3	9.661458911283528
18.31	8.330088086357238
18.32	7.021165782722561
18.33	8.395096691147145
18.34	9.954434363550405
18.35	10.010114827662882
18.36	9.793830843791724
18.37	12.176779236149903
18.38	8.991325526001187
18.39	12.193123827361243
18.4	13.253980868606781
18.41	15.411500392606825
18.42	15.029182777726739
18.43	12.46503196489792
18.44	11.802070716805357
18.45	15.263602383286567
18.46	13.173523491285431
18.47	15.011454095494624
18.48	13.37439152276437
18.49	13.478642947210387
18.5	13.816016277756786
18.51	13.826926965160235
18.52	15.393176846363142
18.53	13.11288732148105
18.54	14.270089841667094
18.55	15.642612602546578
18.56	16.55830568264564
18.57	15.532394291411531
18.58	17.121035568586343
18.59	14.478987120384488
18.6	15.660146133225648
18.61	15.819694061870319
18.62	12.337625149908105
18.63	17.31981273290378
18.64	15.489991874911103
18.65	16.93802826756753
18.66	15.332293394148326
18.67	16.670024892946376
18.68	12.8898542657036
18.69	15.420779273564914
18.7	16.830846717832355
18.71	14.78224841087698
18.72	16.17512381962729
18.73	14.766734611602592
18.74	13.483139152620657
18.75	14.08893538567581
18.76	12.853320731127566
18.77	14.081879346871508
18.78	12.750355744131648
18.79	12.916183631132073
18.8	14.626089428990976
18.81	10.006365829663684
18.82	11.503597159935037
18.83	10.096743653261212
18.84	9.861866440051676
18.85	5.043693272703928
18.86	11.230737889535117
18.87	9.097619084438243
18.88	5.15078838866186
18.89	8.439466992035054
18.9	10.509791618770823
18.91	8.300779848837934
18.92	5.510049445996393
18.93	6.309515740850013
18.94	6.485022094387362
18.95	7.1998643245497815
18.96	7.219545205254295
18.97	6.6746776975686775
18.98	4.054786319026163
18.99	4.678975479766825
19.0	4.147024742931337
19.01	5.07597974754008
19.02	3.6756099647289857
19.03	1.7762091841130832
19.04	1.856607104124342
19.05	1.5930550792771403
19.06	1.370030356595003
19.07	3.28935009914153
19.08	3.052246129271544
19.09	4.583769984740292
19.1	0.5929661213093391
19.11	2.507976879377727
19.12	2.520578095195128
19.13	-1.386154217499591
19.14	0.26337433124526677
19.15	2.018079436700281
19.16	0.16879713783815045
19.17	0.0021510582379003773
19.18	2.85719335115514
19.19	2.670318658958299
19.2	1.1974121023750885
19.21	-0.9537854391736847
19.22	2.5199220083592544
19.23	0.37401394842364666
19.24	0.26262862622582345
19.25	-0.9763707593349314
19.26	1.4333578788247472
19.27	-1.1993393219037336
19.28	1.585467854132526
19.29	1.9018664712078537
19.3	0.6403601307654848
19.31	0.04794518995605279
19.32	1.0427884295039105
19.33	3.046867291469183
19.34	2.595805332343225
19.35	0.482368395616402
19.36	4.96226507134927
19.37	1.6818630815497424
19.38	3.715200487662362
19.39	3.377194319654233
19.4	8.309467807329384
19.41	1.7276111212722638
19.42	7.428250739509436
19.43	5.25549491420856
19.44	5.871522231760939
19.45	8.602359161484028
19.46	9.384236218759696
19.47	10.453016138246209
19.48	9.797305085667482
19.49	12.364795405722363
19.5	13.012816696928782
19.51	10.220635536168048
19.52	9.17087389168137
19.53	10.691311665691275
19.54	13.825738707629746
19.55	14.600584021643517
19.56	13.309562164500136
19.57	15.118873902646978
19.58	10.252335456893798
19.59	14.416484111909737
19.6	17.09544253433085
19.61	15.61097034056655
19.62	17.357604304557587
19.63	13.96523410289837
19.64	14.273979105858349
19.65	12.85866318024768
19.66	15.99959351065813
19.67	17.382280354680763
19.68	17.298713358640118
19.69	18.21690103592174
19.7	18.322474446779417
19.71	17.757117878773457
19.72	17.40810618812573
19.73	17.804548501045243
19.74	16.775836868347824
19.75	19.19686912258087
19.76	17.71156068921624
19.77	17.832414305549946
19.78	19.847241217491295
19.79	18.432779395906525
19.8	16.707367975314597
19.81	20.368317422546145
19.82	18.292903238709144
19.83	18.411133590043878
19.84	17.392471944923212
19.85	18.95195106262234
19.86	16.52179241452569
19.87	17.61613592736863
19.88	16.900523477667985
19.89	16.629093795407584
19.9	15.787958268831495
19.91	17.785919735865722
19.92	13.320311336275351
19.93	14.776848202298169
19.94	18.36626880656347
19.95	14.853268537374612
19.96	13.345820397206314
19.97	12.983583012539
19.98	14.972194149659074
19.99	10.9475056918261
20.0	12.7216475559862
