10.01	9.914276421668134
10.02	9.989260769683865
10.03	8.450339655893856
10.04	7.743821937446817
10.05	8.44007137784904
10.06	6.851625635115218
10.07	7.380491852426772
10.08	7.034458310248893
10.09	6.830851859525541
10.1	5.986313587268332
10.11	6.32085003377013
10.12	5.692299075466517
10.13	5.236613190453944
10.14	4.3135406710221
10.15	4.850072081639023
10.16	3.854449768315602
10.17	3.3486072707470553
10.18	2.7972053814881512
10.19	1.6325006068855186
10.2	2.442697372676801
10.21	2.999818777035897
10.22	3.065683891462517
10.23	2.7545116902341573
10.24	1.6954094238880504
10.25	1.8503130501023055
10.26	1.890075134070963
10.27	1.7508270471875673
10.28	1.4960920971700389
10.29	2.5554941298622094
10.3	2.4445282941103263
10.31	2.423020379676558
10.32	2.9351600733878493
10.33	2.3353167701029234
10.34	2.762317498378746
10.35	2.5505887422847047
10.36	3.0336190862956727
10.37	3.384958691439701
10.38	3.032759379474582
10.39	3.5036404120333136
10.4	4.36348235881162
10.41	3.676711407268231
10.42	3.504360756171212
10.43	3.706132254858299
10.44	3.948269561199638
10.45	4.9767830063326
10.46	6.050787617680905
10.47	5.636356545528789
10.48	5.8770936996931
10.49	5.818469612412639
10.5	7.033766774836935
10.51	6.927824519738667
10.52	8.037917095450302
10.53	8.375768738904828
10.54	8.567613305825754
10.55	8.80056963499124
10.56	8.777675219067296
10.57	9.751247248918325
10.58	9.094260767120351
10.59	9.744794240586176
10.6	9.796735294849821
10.61	10.44335559077857
10.62	10.784829226443645
10.63	12.487597266376572
10.64	11.075775456271268
10.65	12.06794835245951
10.66	12.220827593443794
10.67	11.583709989738427
10.68	12.772137801712965
10.69	11.875321514574482
10.7	11.777816835783524
10.71	12.349155894609154
10.72	10.612199794508832
10.73	12.581906822381946
10.74	11.35791157997061
10.75	11.378849426948625
10.76	10.226608060747218
10.77	11.620335052567112
10.78	10.535286125495993
10.79	11.016254147405581
10.8	10.747300056292715
10.81	10.290744729822187
10.82	9.831934100811598
10.83	10.210220030740246
10.84	9.381527452581857
10.85	8.315490785960662
10.86	7.984037927367349
10.87	7.439071093305868
10.88	6.830796589147083
10.89	6.746565503216683
10.9	6.744569766242145
10.91	6.582466562820265
10.92	5.425663204359459
10.93	6.117808232523117
10.94	5.55822767052659
10.95	5.658455344010046
10.96	5.49041323181764
10.97	3.720221420838972
10.98	4.3756925078043825
10.99	3.6353679547307416
11.0	3.1496754084631657
11.01	3.846670990617924
11.02	3.4340512900083473
11.03	2.4651087247768935
11.04	2.6667547446730437
11.05	3.7061121276130127
11.06	4.01314232071843
11.07	2.4879254963748254
11.08	2.9040659714066095
11.09	3.36926722034223
11.1	3.6434628292200184
11.11	2.4090686848975937
11.12	3.5457535669801326
11.13	2.643680464241412
11.14	3.1535329295464507
11.15	3.794364484002284
11.16	3.2378416134523715
11.17	3.088314435616908
11.18	3.3297790468828055
11.19	5.664298311435511
11.2	3.8478056579168793
11.21	4.602868715129439
11.22	4.57878874916784
11.23	6.136660413498699
11.24	6.587231183926056
11.25	6.6522386533479425
11.26	6.123227190835122
11.27	6.353827424579112
11.28	7.92082103697172
11.29	7.601512965813615
11.3	7.880576863315671
11.31	7.820772469484274
11.32	9.445367615039062
11.33	9.584969744405159
11.34	8.981320196774016
11.35	10.13645930073694
11.36	10.222420034980521
11.37	10.268816471637791
11.38	11.038008997718467
11.39	10.799176485174717
11.4	11.580749657529756
11.41	10.921904721780733
11.42	11.69999985235723
11.43	12.351883431244287
11.44	12.11016660146005
11.45	11.969517960670927
11.46	12.438060976296564
11.47	12.238169519875074
11.48	11.980309906982404
11.49	12.340576638576412
11.5	12.8479963516373
11.51	11.646766685780705
11.52	12.334985459689307
11.53	11.793704621127194
11.54	11.661066518473508
11.55	10.887527114630572
11.56	11.103369105929916
11.57	9.926540106843223
11.58	9.30188567311268
11.59	9.910905243940817
11.6	8.869457041053575
11.61	8.80521404179046
11.62	8.50355499958738
11.63	8.36826446762797
11.64	7.630890164077696
11.65	7.032915169989318
11.66	6.390919064008841
11.67	6.313162670105876
11.68	5.90923359953695
11.69	5.306953946047262
11.7	4.983850210168935
11.71	4.910980650356532
11.72	4.093076827947528
11.73	2.1128143021728567
11.74	3.6603409276660983
11.75	1.838005869997232
11.76	2.3925827857364483
11.77	2.873816485626276
11.78	1.518141143176735
11.79	1.8889815881787193
11.8	1.2692739080050062
11.81	0.8973454284241424
11.82	0.9013121795818292
11.83	0.5607273842126476
11.84	1.562033732249801
11.85	0.3662463766260726
11.86	0.6473303373435777
11.87	1.1005255526710533
11.88	1.8653521280252692
11.89	2.4905300617526276
11.9	1.7203378905909958
11.91	1.4048127461024742
11.92	1.8585996216654814
11.93	2.3598381995604063
11.94	2.0246621433501337
11.95	2.1522168526484813
11.96	2.1125464385545842
11.97	3.8148295171593443
11.98	3.4238286260213475
11.99	3.732100324365703
12.0	3.050957090660092
12.01	4.666264175588157
12.02	3.9525524596419124
12.03	5.2054788994329755
12.04	4.941299197195424
12.05	4.849041890407525
12.06	5.767243812503303
12.07	5.854889758864475
12.08	7.698918002455667
12.09	7.620491042976317
12.1	8.507148267001494
12.11	7.43258973697812
12.12	7.088274591979665
12.13	8.665803420551244
12.14	9.425144906354094
12.15	8.712169415258101
12.16	8.265618373002015
12.17	9.256071683643713
12.18	10.08045730616242
12.19	10.465093699696778
12.2	10.114707484093596
12.21	9.798582535166396
12.22	9.810918814175876
12.23	9.7086156886347
12.24	10.525229359766538
12.25	10.072922086919053
12.26	9.142580370083145
12.27	9.201446179759046
12.28	9.572509078595672
12.29	9.010151305397343
12.3	9.071457532603324
12.31	9.130953806429327
12.32	9.0811697006562
12.33	7.702637052397659
12.34	7.448543128645955
12.35	7.782286974835643
12.36	7.797837849166072
12.37	6.6854585588024
12.38	6.255220905876092
12.39	7.072119247503055
12.4	6.033394602821712
12.41	4.410965417064952
12.42	4.7591120970220695
12.43	4.277740226245527
12.44	3.484896506998303
12.45	3.9213470960929544
12.46	3.129917499105469
12.47	3.097926801538431
12.48	2.7934529824012992
12.49	2.696774842620857
12.5	2.2074996079942895
12.51	1.1942443493820878
12.52	0.803690519924033
12.53	1.736676130372168
12.54	0.20792440558614822
12.55	1.0701944951227702
12.56	0.7476904285293747
12.57	0.9397571192565164
12.58	0.49236772003711793
12.59	0.4906600165670464
12.6	0.3982443012742213
12.61	-1.0828680783999767
12.62	0.4902809423721909
12.63	-0.7667013337850144
12.64	0.3331069805397479
12.65	0.3539002104646524
12.66	0.31969384830066894
12.67	0.10789502157064779
12.68	-0.06007509503704711
12.69	-0.41310647018768765
12.7	0.5752550482306367
12.71	0.5288016976372651
12.72	1.771024409334542
12.73	1.5006150744660398
12.74	1.5485507575476827
12.75	1.974530828062536
12.76	2.7522394918708337
12.77	2.9478406677114046
12.78	3.791565161541562
12.79	3.6317003060568185
12.8	3.0572355569328655
12.81	5.6380550542540595
12.82	5.313300630209461
12.83	5.385695918893893
12.84	6.968630979644652
12.85	6.563132230631621
12.86	7.205074686483145
12.87	7.638373422078149
12.88	8.16758014916287
12.89	7.695686718959865
12.9	7.298057301510721
12.91	9.138075731855027
12.92	8.773964001142131
12.93	8.865838633020578
12.94	9.438528623130683
12.95	10.203754949110039
12.96	9.64076585918999
12.97	10.483265299589888
12.98	9.489555150429206
12.99	11.591452521565671
13.0	10.216501912243176
13.01	10.26378256606795
13.02	10.360078311537206
13.03	9.840783313043794
13.04	10.587019899950006
13.05	10.096052672721978
13.06	10.91463005859733
13.07	10.876284131596163
13.08	10.025536469632566
13.09	10.455933054769265
13.1	9.056911538049203
13.11	9.398139674764534
13.12	9.62063468687141
13.13	8.776376544922524
13.14	7.288169909839376
13.15	7.484719295289821
13.16	7.469248191720425
13.17	6.928755771244724
13.18	6.780810505084844
13.19	5.974020332967181
13.2	5.091314638667141
13.21	6.001576128998211
13.22	5.375059563274344
13.23	4.653858345648987
13.24	5.483806431839416
13.25	3.371469254857929
13.26	3.9268883916919393
13.27	4.211083264061535
13.28	2.900383428013523
13.29	2.6188062593754164
13.3	2.4329523267584703
13.31	2.0195227007799925
13.32	1.9559581169901605
13.33	2.678913695718399
13.34	2.22579653926164
13.35	1.6123459919844838
13.36	1.3028343152487663
13.37	0.637697696327127
13.38	1.8916095160971387
13.39	2.563753957818819
13.4	1.696427855715305
13.41	2.530843243199069
13.42	1.459073294288025
13.43	2.002481378137567
13.44	1.487329740870869
13.45	0.9841183448457607
13.46	1.5667894637094046
13.47	1.8523142633459777
13.48	2.7452637754764724
13.49	4.150441410316655
13.5	2.891336913616398
13.51	4.137492713421344
13.52	3.61106144781939
13.53	4.320480477416925
13.54	4.253720130231939
13.55	4.302407409274087
13.56	5.08078934717068
13.57	7.22628323119098
13.58	5.736578598816436
13.59	6.125243874757388
13.6	6.76548428084055
13.61	7.2955827893840945
13.62	7.010165263742592
13.63	7.888450145389289
13.64	7.868467143670078
13.65	8.59499280370525
13.66	7.761607214176144
13.67	9.082176810890909
13.68	9.028945690401777
13.69	8.261913808257065
13.7	10.450942855336812
13.71	8.517810249155682
13.72	9.386942299751805
13.73	9.142069836508592
13.74	10.203895929795255
13.75	10.14539865423935
13.76	9.821035389688888
13.77	9.903245583834831
13.78	9.49199464546113
13.79	9.6336601457824
13.8	9.402886641320526
13.81	7.854584297509571
13.82	8.555632383014943
13.83	8.444901307599368
13.84	8.974234085933624
13.85	7.33494566084172
13.86	8.396304434555276
13.87	8.484657051169597
13.88	7.8841526077111235
13.89	7.064604629919686
13.9	7.634749093960787
13.91	6.028207839591999
13.92	5.340328947198671
13.93	6.227914491825669
13.94	5.322329162122003
13.95	4.000827196313243
13.96	4.857833905411112
13.97	4.057838498088211
13.98	3.0591935018631364
13.99	4.097888423915693
14.0	2.923400088291997
14.01	2.42420009410162
14.02	2.7340023740658594
14.03	2.2215225871021786
14.04	2.5736283116520013
14.05	2.1348464523858137
14.06	0.9416893520180528
14.07	1.9701109419100344
14.08	1.4383174099319314
14.09	1.4674885554456252
14.1	1.3112561696851879
14.11	0.5962375920375601
14.12	1.5454495692210761
14.13	1.5476959056026411
14.14	1.5559349876428676
14.15	1.3120332377968196
14.16	2.9547919746087636
14.17	1.5555159620189447
14.18	1.7447185551940878
14.19	1.601533944440643
14.2	2.464040857359424
14.21	2.3467427814365274
14.22	1.8552436674702217
14.23	3.526328380948428
14.24	3.239335668636799
14.25	4.015665983708604
14.26	4.152925078233846
14.27	4.910436372732333
14.28	3.7490111344782084
14.29	4.761565793373257
14.3	5.571524782223546
14.31	5.32450518544891
14.32	6.043085174604972
14.33	6.43017818661979
14.34	6.020488975670697
14.35	7.139066457670462
14.36	7.545653126813772
14.37	7.617771200119166
14.38	7.8407038095919495
14.39	8.38421559441407
14.4	7.5446772229429815
14.41	9.013657137151732
14.42	9.03301705440922
14.43	9.003207144806584
14.44	9.123449887559225
14.45	8.934980009082373
14.46	10.348375421208559
14.47	8.255289345292235
14.48	8.886614529702989
14.49	8.843709047204939
14.5	9.739939205481761
14.51	8.034253119657883
14.52	8.950175708369574
14.53	8.157382048158693
14.54	9.233406196966916
14.55	8.900917856498976
14.56	7.877606499630494
14.57	9.137618662287286
14.58	8.23708815359106
14.59	7.701252198226397
14.6	6.704744624512375
14.61	6.230607425331198
14.62	5.6903354232758945
14.63	7.313329878070899
14.64	6.154586926092765
14.65	6.069894291777765
14.66	5.277307858620246
14.67	4.958759759966247
14.68	3.7356143380787152
14.69	3.5112680928466196
14.7	3.2729553208908833
14.71	3.899104520377989
14.72	3.3763612581628917
14.73	2.151988414457257
14.74	2.49751435201984
14.75	3.4378045581566274
14.76	2.8290532240787414
14.77	2.081388028479505
14.78	1.322002157727408
14.79	1.6094906651706082
14.8	2.0730715286307504
14.81	2.7661390947160442
14.82	1.6534464336583425
14.83	1.2164025834535854
14.84	2.1248435612620953
14.85	0.7908690926240161
14.86	2.1017193876927496
14.87	1.622824198209343
14.88	1.7321031818959378
14.89	1.866974882475355
14.9	2.2063828113480146
14.91	2.7995635868109607
14.92	3.0982677800141274
14.93	2.6801652934029705
14.94	3.9519134298759733
14.95	3.430683545126785
14.96	4.606900281572632
14.97	4.589469356751689
14.98	4.3535809595147255
14.99	5.10103427794007
15.0	5.706198734602116
15.01	7.241832787209669
15.02	6.36643970307259
15.03	7.870773544377506
15.04	7.609964306741271
15.05	7.001027127164861
15.06	8.077777951839375
15.07	8.51967438945087
15.08	8.230313322358503
15.09	9.118963396601929
15.1	8.045427128747173
15.11	9.041736101750443
15.12	9.855471921769716
15.13	9.769735884626142
15.14	9.52122965507934
15.15	9.73482954343675
15.16	10.477478225945873
15.17	10.264824587399895
15.18	10.940268276238465
15.19	10.793418368417653
15.2	9.70895821556914
15.21	11.391019549998731
15.22	10.505022984318147
15.23	11.186730431634924
15.24	11.214247766002131
15.25	10.811008158672488
15.26	10.370485699173486
15.27	11.049934494372398
15.28	10.8908526769965
15.29	10.691704304317112
15.3	9.848231550706329
15.31	9.343415240942907
15.32	10.056663104970996
15.33	9.57957750818926
15.34	9.971052539121834
15.35	9.923860104910522
15.36	9.837822092489237
15.37	9.237081419250444
15.38	7.86701830424901
15.39	8.316950703542659
15.4	8.425523341245315
15.41	8.029961650177338
15.42	8.18803099531792
15.43	7.75001362420352
15.44	6.888831247519542
15.45	7.158100441682756
15.46	6.309800786015151
15.47	5.893167959993073
15.48	5.818185433947143
15.49	5.0203131426603935
15.5	5.642801994672968
15.51	4.182185730358502
15.52	3.463813768031043
15.53	4.028506107163391
15.54	3.8792394548585936
15.55	2.9855262158158635
15.56	2.2584030606014345
15.57	2.2357321091550997
15.58	1.9656017128902605
15.59	1.5564792168595922
15.6	1.6802591111326763
15.61	-0.06889275500883252
15.62	0.8966159273141829
15.63	0.8777699134572069
15.64	0.8913374036948478
15.65	-0.1933199195085905
15.66	0.7126030992065575
15.67	-0.05587124919836074
15.68	0.6091550478309693
15.69	0.223626426524763
15.7	0.7244926447241906
15.71	-0.22390466386696214
15.72	-0.38267785638684415
15.73	0.4992408020635252
15.74	0.03693931137811168
15.75	0.30191904303912664
15.76	0.9225776588829683
15.77	-0.8037040138904485
15.78	0.46001911474704155
15.79	1.6238674488229714
15.8	1.5427237315896165
15.81	1.2008877599283423
15.82	1.590216815718151
15.83	1.2192832243795104
15.84	2.7914549800826323
15.85	2.76934767618
15.86	2.754789137041294
15.87	3.7211692234864224
15.88	4.743372967414498
15.89	4.052151879142652
15.9	3.8957073417396737
15.91	6.068732006773998
15.92	6.616408499050821
15.93	5.69659587158934
15.94	5.5881558651881695
15.95	5.388825274734522
15.96	6.920488141979007
15.97	7.369171529746381
15.98	8.0105396194819
15.99	7.067302959928594
16.0	8.151143970022455
16.01	8.789533116111587
16.02	7.952655781165974
16.03	8.877708832780053
16.04	8.578646765879219
16.05	9.069779680225546
16.06	9.266774106122776
16.07	8.42674165106076
16.08	8.973849668048066
16.09	8.672746607123065
16.1	8.850359334450363
16.11	8.99429110409469
16.12	8.94479450135996
16.13	9.421762615779851
16.14	9.235249017834068
16.15	8.59308281979259
16.16	8.55541865102982
16.17	8.56253230655886
16.18	7.565102819970556
16.19	8.654246517582616
16.2	7.5043006519798565
16.21	7.232302915445634
16.22	6.920759062336162
16.23	7.014786622214667
16.24	6.966024735071498
16.25	6.144442774213052
16.26	5.447306196803681
16.27	5.544674563393504
16.28	4.7862579549383035
16.29	5.090997689223672
16.3	5.364337400220771
16.31	4.2386355290302715
16.32	3.778656761774532
16.33	3.727603103585516
16.34	3.4561012640956617
16.35	2.13821138863266
16.36	3.3522901164889998
16.37	2.2157042965479774
16.38	1.440469044875823
16.39	1.3264639161723089
16.4	0.7058035467946638
16.41	0.8001090440278297
16.42	1.3015514896904024
16.43	1.3700622581559128
16.44	1.221470390043298
16.45	1.4930522019481114
16.46	1.8622456214629715
16.47	-0.38834212093997944
16.48	0.644912547971923
16.49	0.6668060262127203
16.5	1.92327779186982
16.51	1.4842327809881632
16.52	1.7217249232391163
16.53	1.636730019517404
16.54	1.8689670821237154
16.55	2.9026349143745875
16.56	2.8598826663350683
16.57	1.486294181281746
16.58	3.774084169359971
16.59	4.714422325983914
16.6	3.4715813995501787
16.61	5.017439008773442
16.62	3.8505189261379904
16.63	6.297781894132466
16.64	4.6116576736020995
16.65	6.39812642617024
16.66	6.690116248775358
16.67	6.800605028509263
16.68	6.556816167710878
16.69	6.874598687273822
16.7	7.990793780921284
16.71	7.765022943290005
16.72	7.907492496453935
16.73	8.438101646016635
16.74	8.307704550539516
16.75	9.0518165953872
16.76	8.325587209480249
16.77	9.49295013750554
16.78	9.751592976333272
16.79	10.361078469155128
16.8	9.332131154630156
16.81	9.302396264869207
16.82	9.531671682843132
16.83	10.462490150582335
16.84	10.618936678349923
16.85	9.927288447419839
16.86	9.991927091560594
16.87	9.351050738051697
16.88	9.595570539480853
16.89	10.011593817839387
16.9	9.228658432369755
16.91	8.927902774147203
16.92	9.134950104329016
16.93	7.817176557779403
16.94	8.586136065073838
16.95	8.975598629052548
16.96	7.181862534144867
16.97	7.524275056881662
16.98	6.851461546755116
16.99	6.818455396107863
17.0	5.467962873463501
17.01	6.235262529948162
17.02	5.5966697901991855
17.03	5.23961313853321
17.04	5.002354639993865
17.05	5.246988436254375
17.06	3.0430843107302636
17.07	3.548740618713935
17.08	2.6623743283120644
17.09	4.035125672321519
17.1	3.6977971818952824
17.11	3.3764046598231303
17.12	3.1775364497606433
17.13	2.9182319903207503
17.14	2.133183900373352
17.15	2.3113639698415636
17.16	1.7625157005550232
17.17	2.6128799601814543
17.18	2.241531097243634
17.19	2.197847994627492
17.2	2.0790268269772807
17.21	2.61036053525841
17.22	2.174707349892011
17.23	2.1009112805228334
17.24	2.655343918996623
17.25	2.2843925671729304
17.26	2.661069480481954
17.27	2.782179675527747
17.28	3.3901875406908015
17.29	3.6763093554729274
17.3	3.1910098118040104
17.31	4.091119391855188
17.32	3.618048917053143
17.33	4.255810255457217
17.34	4.84295943973257
17.35	5.269080149028134
17.36	5.761587715437447
17.37	5.694953709717528
17.38	6.068792000148884
17.39	5.8048432315426854
17.4	7.203296994665295
17.41	7.3773501717694465
17.42	7.543260100458846
17.43	8.287192872343487
17.44	8.05239071817195
17.45	7.389699389066575
17.46	8.6090107794802
17.47	9.451010903157956
17.48	9.99814893586545
17.49	9.138994086012412
17.5	10.683555901966303
17.51	10.441118367625045
17.52	10.647693143995054
17.53	11.13870537166477
17.54	10.671920407423194
17.55	10.135383165794309
17.56	11.3678708284494
17.57	10.627265874110547
17.58	9.824802603177952
17.59	10.7467905713913
17.6	10.363254097647046
17.61	9.980801810112782
17.62	9.639933811860644
17.63	10.031479967702143
17.64	8.766434868640077
17.65	8.93889658747829
17.66	8.607473247839572
17.67	8.53734231380601
17.68	7.029139309147961
17.69	7.27115492425636
17.7	5.913527733465431
17.71	6.341228705849499
17.72	6.155670705114561
17.73	5.9183492037537295
17.74	4.70726984019344
17.75	5.972008095578483
17.76	5.015900435248506
17.77	3.7297276238194446
17.78	4.544998269381013
17.79	3.2730355852857884
17.8	3.617295364037397
17.81	2.8020584968870987
17.82	2.5868636467794355
17.83	2.9808166606192597
17.84	1.1827066132086406
17.85	1.4370405270995263
17.86	0.9257912693456807
17.87	1.2341585969413407
17.88	1.1753941336840543
17.89	1.2966968098271936
17.9	1.0047830047438013
17.91	0.4201199919829829
17.92	-0.05250034793089614
17.93	1.3583468528440685
17.94	0.7467678447836499
17.95	0.5298161955225399
17.96	0.7048766473452741
17.97	0.6889313442887636
17.98	1.1987197265075489
17.99	1.4521167709492038
18.0	1.1634623757458578
18.01	1.6321354540664492
18.02	1.4106410273083916
18.03	2.26322623720458
18.04	2.864541716895871
18.05	2.108960382168735
18.06	2.9740264460151145
18.07	3.5610813663558227
18.08	4.068420296836344
18.09	2.8490734634335872
18.1	4.503875583158782
18.11	4.919059636708735
18.12	4.842162624439008
18.13	5.3977981524347936
18.14	5.869077060106514
18.15	6.666812978194277
18.16	6.712002833415743
18.17	7.140755704830818
18.18	6.704605551532357
18.19	7.430818617234673
18.2	8.265275290100888
18.21	8.343115026684572
18.22	8.272373966476424
18.23	8.53031414987295
18.24	9.01700203689061
18.25	9.33297462597573
18.26	9.293731331369106
18.27	8.814458207210619
18.28	8.86534898313327
18.29	9.319180159882665
18.3	10.562423924693816
18.31	8.857996352631472
18.32	8.900212406412123
18.33	8.623493325150386
18.34	8.353271200530076
18.35	9.152305904082132
18.36	9.186137650358454
18.37	9.214647805540835
18.38	7.921412495714573
18.39	7.578668186656679
18.4	6.977437849535584
18.41	7.641749564714192
18.42	6.4906904731333706
18.43	5.6716728700241985
18.44	6.905821968719254
18.45	6.372014233210699
18.46	4.995609077377144
18.47	4.5964211281252245
18.48	5.011461810563909
18.49	4.093212969721678
18.5	4.171200878358814
18.51	3.1885162575004404
18.52	3.308729723411684
18.53	2.423411458225205
18.54	3.031457489451016
18.55	1.910241060362325
18.56	2.457698527474677
18.57	1.2070507761437017
18.58	0.9915645266630495
18.59	0.5966891842026146
18.6	1.2075691923982061
18.61	1.4720266824572026
18.62	0.40866368880800297
18.63	1.5663464190212144
18.64	0.7993851288361208
18.65	0.9576096381722982
18.66	0.4435479615668315
18.67	0.9482989690030932
18.68	0.4462745166611516
18.69	0.6502682209898185
18.7	0.3713529816115302
18.71	1.2630160212445332
18.72	2.336742907564162
18.73	1.1455291838604953
18.74	0.025671029457574157
18.75	1.5162469721636198
18.76	2.0723149035718174
18.77	2.728903325687755
18.78	1.9130449963411427
18.79	3.1269791638157227
18.8	2.7871596202047026
18.81	3.3130070816144728
18.82	3.2148192236283903
18.83	4.644747480987053
18.84	4.989492544886934
18.85	4.60780120994019
18.86	5.350196369597656
18.87	5.276905724279342
18.88	5.9026173832760795
18.89	6.671946540477511
18.9	6.1539185423531695
18.91	6.052557233735407
18.92	7.38234507069723
18.93	6.857001914140541
18.94	7.673455104598955
18.95	8.177408834906641
18.96	7.645121934160271
18.97	7.775659703846076
18.98	9.23400933580345
18.99	8.760575915248635
19.0	8.519061048686924
19.01	9.531321530515278
19.02	8.852594139192927
19.03	9.336542707397795
19.04	8.941376647174085
19.05	10.253189919511222
19.06	9.080960206014842
19.07	8.682578094080101
19.08	9.422930957492719
19.09	11.328643688252512
19.1	9.780558388977358
19.11	9.891443095920387
19.12	10.160237178172913
19.13	9.970359082062789
19.14	9.432730932153213
19.15	9.959292149924323
19.16	8.73847236411735
19.17	9.393252831439845
19.18	8.894928827360443
19.19	9.208796706873466
19.2	8.613336605422454
19.21	7.125849531256498
19.22	7.487003449291987
19.23	6.846770475806904
19.24	6.683032498279158
19.25	5.810842404319466
19.26	6.017850598190567
19.27	7.551704311125536
19.28	4.918753094235423
19.29	5.16723105290031
19.3	4.573407253363136
19.31	4.980531466228248
19.32	4.486931587932371
19.33	3.9714824969957987
19.34	4.944501058604753
19.35	3.704877148490671
19.36	3.379872899138777
19.37	3.110288332322434
19.38	2.323390023304032
19.39	2.018724485102271
19.4	2.7570564162988913
19.41	2.759750683047697
19.42	3.2989433578700353
19.43	1.1565022840436163
19.44	2.9352564700763395
19.45	2.0657063675846987
19.46	2.173941598625582
19.47	1.6137881459086052
19.48	3.1401237442673384
19.49	3.191521549179426
19.5	3.0022186376298885
19.51	3.243153992847596
19.52	3.892411033251951
19.53	3.7065269287817473
19.54	4.517599887778158
19.55	5.380336681122267
19.56	6.885726135638266
19.57	5.699820487754891
19.58	5.8215017501989745
19.59	6.680560177127329
19.6	7.4742956237450455
19.61	7.626452283473148
19.62	7.148343967709059
19.63	7.836956297068178
19.64	7.937693316835411
19.65	8.659957474145457
19.66	8.701074324481906
19.67	8.866100493502486
19.68	9.119477678118546
19.69	8.680449650123279
19.7	9.489698346061848
19.71	10.13360554533112
19.72	11.272529914661488
19.73	10.93336516304919
19.74	11.128622373232016
19.75	10.74855014935831
19.76	11.600779242650544
19.77	11.44944418318533
19.78	11.895556156489684
19.79	11.576445762650845
19.8	11.93039123185169
19.81	11.674545503841866
19.82	11.92166337260609
19.83	12.42603207631835
19.84	12.171276537178251
19.85	12.131592227343388
19.86	11.618637900024687
19.87	11.732605391788095
19.88	12.139282235235731
19.89	12.32232303546249
19.9	11.686185308416093
19.91	11.330975337524588
19.92	10.547928152492815
19.93	10.045095141227954
19.94	10.53177211131714
19.95	10.620324948549626
19.96	9.180910162569313
19.97	9.6237261361841
19.98	8.0877339861769
19.99	7.974968561191231
20.0	7.889218675080861
