10.01	1.842823980251887
10.02	2.8432463193522586
10.03	4.351778910955481
10.04	2.932771999402408
10.05	1.7345889142651152
10.06	2.7870266983357648
10.07	1.4440207866103674
10.08	1.0323988370321502
10.09	3.405984502791183
10.1	2.4059745418780527
10.11	1.1142233606790317
10.12	-0.6368614243250263
10.13	2.010036279193611
10.14	4.186768767571852
10.15	3.8408723346409115
10.16	1.7125139677926922
10.17	4.784717739409184
10.18	4.580124937521822
10.19	1.6812709978198503
10.2	-0.3964620067499367
10.21	3.171295534147016
10.22	3.519137363822419
10.23	1.9896855937123799
10.24	2.7839620197221517
10.25	0.30713704983269285
10.26	0.6739742734752594
10.27	3.041802536085091
10.28	3.5232246890371446
10.29	1.3607744114417413
10.3	0.44440424455311156
10.31	3.2503227652069473
10.32	-1.6406213197443271
10.33	1.0958295443680455
10.34	2.485823068590551
10.35	3.8851507966338694
10.36	-0.3701734488362485
10.37	-2.5318338676161183
10.38	2.290407901271987
10.39	1.110112714549816
10.4	0.2662749668776878
10.41	0.5101396437868111
10.42	-0.04741370916566778
10.43	1.2035138014255187
10.44	-0.19338573960337377
10.45	1.2255680501216744
10.46	1.6085543893091856
10.47	-0.49263350538609735
10.48	-1.1137782447642257
10.49	1.3160387649109877
10.5	-1.2501091771521469
10.51	-2.104242934135885
10.52	0.26837619701177634
10.53	0.37558357260277264
10.54	0.23161150992176088
10.55	0.8495818466722664
10.56	-0.9838622059779208
10.57	-2.9259094036237667
10.58	-2.138596990583744
10.59	1.7361983291388674
10.6	0.08492522323820492
10.61	2.247142918503059
10.62	0.29516420563570533
10.63	2.5138316284987496
10.64	0.5169032255897024
10.65	0.11854573767032621
10.66	1.2687480488986875
10.67	0.9310194959270885
10.68	0.915826211149166
10.69	0.9747367331914729
10.7	-4.152691903947438
10.71	2.008070568052136
10.72	-0.42018836655759084
10.73	1.075885758734103
10.74	1.286102490451385
10.75	-2.03083651536986
10.76	-0.016061471329468002
10.77	1.8869106562613402
10.78	2.4081100247406053
10.79	1.8519748025307614
10.8	-0.1395350694502525
10.81	1.4837397772946668
10.82	1.0201544987882862
10.83	2.543212913516845
10.84	3.8380435106273096
10.85	1.910984093633632
10.86	4.319506327809506
10.87	-0.8295727572844962
10.88	0.6884661614449737
10.89	2.7280664867174234
10.9	-0.19720114110369658
10.91	2.3090313037456394
10.92	2.9735466502826053
10.93	3.1144724158364223
10.94	-0.06279822839656402
10.95	1.57561622333936
10.96	1.5176492371330257
10.97	1.1419147852092102
10.98	0.13280087176092736
10.99	-1.1012515519716222
11.0	-1.2893904471235853
11.01	1.2679631724103526
11.02	1.0404215206181302
11.03	-0.3945845465218619
11.04	-1.7688262293794166
11.05	2.600373443808362
11.06	1.5909159887957012
11.07	1.3115545601597816
11.08	2.9477519337373552
11.09	3.5416066520124927
11.1	0.5416425920500675
11.11	0.2411051573607167
11.12	2.845375963335425
11.13	0.1446854476890317
11.14	0.11482590005547944
11.15	-1.0116138780763024
11.16	1.1091108436655612
11.17	-1.8038487761320898
11.18	-0.2565353558117115
11.19	3.643512101078155
11.2	2.4278824879796947
11.21	-1.617491190455208
11.22	3.5092036004714084
11.23	2.0636341615034026
11.24	2.183562231866734
11.25	4.550681740992969
11.26	-1.2316222873007734
11.27	-1.163976284715292
11.28	-0.8415300475298144
11.29	1.8459704878013579
11.3	-1.6921744097155969
11.31	2.603745373021319
11.32	-0.3486552163530041
11.33	1.0965467277984011
11.34	3.1880632015044066
11.35	0.45311087404364137
11.36	7.490468680545953
11.37	-0.16664021539103135
11.38	2.0970043276623107
11.39	1.1279663234262614
11.4	0.7366932468689387
11.41	3.1815509828480972
11.42	0.5954390408414341
11.43	1.3407664352690074
11.44	-1.6906825883047853
11.45	1.3375499818750005
11.46	2.7240537580419275
11.47	2.8641621839690434
11.48	-0.6361654169165356
11.49	1.0866631212826872
11.5	1.4416753106112603
11.51	3.136773657596879
11.52	2.671200948848968
11.53	0.40834668056128387
11.54	3.1268289959808033
11.55	0.9302006698290533
11.56	0.25835559726838087
11.57	4.622265177906019
11.58	4.5080231662425145
11.59	2.0157743397639365
11.6	1.0582045245497351
11.61	3.6460632777585036
11.62	1.5441524944187097
11.63	2.3121419124117932
11.64	0.2208827063780383
11.65	2.2764022673250666
11.66	3.068340372075599
11.67	1.8632895820902686
11.68	2.369987972247707
11.69	3.4396852578225743
11.7	5.980997087268602
11.71	1.677917543767285
11.72	5.325147993891008
11.73	2.112250911566901
11.74	2.7839546194247773
11.75	4.091573371064647
11.76	2.301198202405268
11.77	0.4293206516980619
11.78	0.5362463208476953
11.79	3.384336663927766
11.8	4.363942026527161
11.81	3.179189570280464
11.82	2.408843511923888
11.83	-0.9961348392610754
11.84	-0.4254756452957107
11.85	0.3326913746592022
11.86	3.4514018911750215
11.87	0.5200460977321664
11.88	2.654454264529455
11.89	3.1260417921176167
11.9	2.0399309365067526
11.91	0.4464879042231049
11.92	3.6670055994680415
11.93	-0.9814413975125449
11.94	1.9828820066126795
11.95	1.1430418374590212
11.96	1.8505269221802925
11.97	2.41163180379956
11.98	1.1642495665638593
11.99	5.822598174331656
12.0	3.0542288173448844
12.01	1.8701588900838302
12.02	-0.6513795684583039
12.03	1.8504677716737348
12.04	0.4583191784864904
12.05	-0.17135251729710532
12.06	3.8346686468652944
12.07	3.6196933500416524
12.08	1.8390622555761944
12.09	1.1029000236858155
12.1	3.0550810581165786
12.11	2.942479941857769
12.12	3.3590521636169157
12.13	2.127511867962693
12.14	0.6373827492467266
12.15	2.1860846984132483
12.16	2.1720901130967967
12.17	-1.3828343566670886
12.18	2.198122652157219
12.19	1.5690428371970344
12.2	3.2427449252709133
12.21	-0.5022343983632254
12.22	2.3523837522671203
12.23	2.381042304856212
12.24	1.787801010238931
12.25	-0.6511769079586252
12.26	3.4345153993747344
12.27	2.6994159958816466
12.28	2.0884884773993955
12.29	3.8750612159247186
12.3	3.579805923465656
12.31	3.2716047985983527
12.32	1.1299475595116535
12.33	1.9275574259907802
12.34	0.6475352983819238
12.35	4.563441906783222
12.36	2.5262341006444964
12.37	0.017497059771014456
12.38	2.3302672753051312
12.39	-0.008003193190363689
12.4	0.3489817838262885
12.41	2.190500543395938
12.42	-0.712326739731205
12.43	1.500071125726649
12.44	0.4779031905622715
12.45	2.8477536828761885
12.46	1.6276238199454565
12.47	0.7282899710475644
12.48	1.6548159125782977
12.49	2.733682661667781
12.5	1.133644168354081
12.51	1.7576152974775554
12.52	-2.2030629846243475
12.53	1.972576466873183
12.54	3.488386768983535
12.55	1.7408881513238574
12.56	2.162771889962528
12.57	3.0743228148849986
12.58	1.4734842196652755
12.59	4.46975929561636
12.6	4.2164828533007945
12.61	1.8087601994672697
12.62	1.699044605327072
12.63	0.9259945369909666
12.64	3.4273454428508585
12.65	0.7689776091363023
12.66	0.5630478116103248
12.67	0.6463435386414473
12.68	3.3734687808524026
12.69	4.0980171918281405
12.7	3.1959040285717037
12.71	-0.6832863040906862
12.72	4.274982405216665
12.73	4.100377210525152
12.74	2.1724479452963195
12.75	3.76439797173952
12.76	1.663872360383858
12.77	3.9792032735505387
12.78	3.621753633276263
12.79	1.628118250813591
12.8	1.5618169539391231
12.81	1.5634982804234916
12.82	3.4605372763226
12.83	3.25593900523371
12.84	5.454079049444202
12.85	4.006210739241229
12.86	5.057311826767087
12.87	3.9483480655575436
12.88	4.21968718759168
12.89	4.147578414420334
12.9	5.869515527344695
12.91	3.6796247918275387
12.92	1.2801982696630394
12.93	3.4307840274283428
12.94	3.719137775363693
12.95	3.8008074680042427
12.96	3.134243868297968
12.97	4.048719530277116
12.98	2.660181071041883
12.99	0.9299934437915285
13.0	2.77786172865314
13.01	3.1400545529749753
13.02	4.151091135196139
13.03	5.729021488882542
13.04	2.7359897902516956
13.05	3.479907277723869
13.06	2.3654872586262226
13.07	0.041707194083850485
13.08	3.0130414756991892
13.09	3.5027593516433844
13.1	3.447461525420014
13.11	1.4485067435744534
13.12	3.785715168928799
13.13	6.056703589802745
13.14	3.901842694030845
13.15	1.759019364937551
13.16	2.0791601118694762
13.17	0.34273093314780567
13.18	2.295670048038225
13.19	-0.2850880388631132
13.2	3.3657212825300906
13.21	4.832470400659972
13.22	4.440241537864781
13.23	0.44802520032172977
13.24	1.9994841091661124
13.25	2.7756462640937043
13.26	2.8495457131545385
13.27	3.477174414088926
13.28	2.403994330222298
13.29	1.7665501550374443
13.3	1.582137463317198
13.31	2.3223676530381527
13.32	4.517665745433217
13.33	3.6289837474585864
13.34	1.7568806709764448
13.35	0.6754042219827083
13.36	2.5473132308217434
13.37	2.2601049018093127
13.38	2.5133843862867127
13.39	1.049004615300598
13.4	0.9725055784892822
13.41	1.2255741394685842
13.42	1.8551951261731128
13.43	1.112464590235247
13.44	5.433473397970545
13.45	5.955986184297718
13.46	4.046659430848762
13.47	2.495114250173272
13.48	3.1723956593993208
13.49	4.979355102843963
13.5	3.4346525565238197
13.51	3.7038169828943017
13.52	1.6841310101147462
13.53	1.5576009899170367
13.54	3.899530092917222
13.55	2.405895991184509
13.56	2.8838961601640865
13.57	1.579941246457067
13.58	0.8920439281969186
13.59	3.2450050586556056
13.6	1.5186551884180497
13.61	2.6986095696384207
13.62	1.30308291370395
13.63	1.5586112747731369
13.64	2.9157071087899635
13.65	1.3568385866625872
13.66	1.9924186477361456
13.67	3.6352248818353874
13.68	2.6927280201236257
13.69	2.2798242971179734
13.7	2.108104695798957
13.71	3.630047494394477
13.72	5.9837138600050395
13.73	1.3011959067025298
13.74	2.269160713154558
13.75	2.4539897799472294
13.76	2.179886708349133
13.77	3.5507874735500815
13.78	3.0137925015902396
13.79	3.122432057695939
13.8	3.921822680822459
13.81	5.108458453624996
13.82	2.478796080684882
13.83	2.135835805975249
13.84	2.875245871648504
13.85	2.4855910483722328
13.86	0.1797692201728336
13.87	2.9840851240414787
13.88	2.609929884643907
13.89	2.9926252051957536
13.9	1.3703393809800635
13.91	4.235515919268027
13.92	3.2015878130688944
13.93	3.8927322499987564
13.94	3.12292692703182
13.95	5.4605516136127
13.96	1.1977770946163655
13.97	-0.10644846098994165
13.98	2.751902286284473
13.99	0.17654268101306192
14.0	2.1421814307794946
14.01	0.13485491379608217
14.02	0.9338544678167021
14.03	3.780217979579238
14.04	2.661321385743693
14.05	2.4703699879697876
14.06	3.1611207388773934
14.07	0.43351597533750663
14.08	3.852201431965481
14.09	0.1502672226214894
14.1	2.8963668289113342
14.11	4.183873940020088
14.12	1.8376365975530193
14.13	2.0178048661382473
14.14	3.9669164094782614
14.15	-0.12571463449202813
14.16	1.0209384591233392
14.17	0.3458138996104879
14.18	1.3901641868523946
14.19	-0.4109646353410812
14.2	2.250140224973652
14.21	2.3947597952048842
14.22	1.3538546584917672
14.23	1.8705026206797468
14.24	2.0233786919552723
14.25	2.5117428487592983
14.26	1.1017726889012966
14.27	4.144072630251589
14.28	-0.05399888586924084
14.29	3.311658725278562
14.3	3.0913931524244247
14.31	-0.896081179568138
14.32	0.8947074928208493
14.33	2.3563087591739067
14.34	3.017798040531332
14.35	1.5918802978481876
14.36	1.5647625974874466
14.37	0.9673803309894818
14.38	-2.9417880457528565
14.39	-0.09589759363920902
14.4	2.4801278308628754
14.41	2.734401733851602
14.42	3.2265566212287125
14.43	3.370547567766769
14.44	3.2915436144569563
14.45	2.991307768749794
14.46	0.5225191680098866
14.47	1.8088505674887738
14.48	1.7364408057531984
14.49	2.8239421691562128
14.5	3.6142359659488807
14.51	4.67099318124559
14.52	1.7258431603943303
14.53	2.890895085418001
14.54	0.5132027310582152
14.55	0.37658930329053697
14.56	4.679088885047955
14.57	0.3996101714771385
14.58	1.466468383804302
14.59	2.697079162409052
14.6	3.37554667563598
14.61	2.9314769567596897
14.62	1.2245971337681643
14.63	2.376314115504212
14.64	2.4687184703276936
14.65	2.9056481162158683
14.66	-0.04529432120071997
14.67	1.5247807646874403
14.68	0.6307894614990948
14.69	2.0545759176195455
14.7	2.380040485986935
14.71	2.682603283682118
14.72	2.9328447423584856
14.73	4.570484891452562
14.74	-0.22193490304306218
14.75	1.9847402659717022
14.76	3.7508698377106375
14.77	0.8749611588120021
14.78	3.037173717579247
14.79	1.2281371756448622
14.8	0.9040486405255845
14.81	2.32881826183775
14.82	2.009691596553954
14.83	1.9885316491546292
14.84	2.1363178766772744
14.85	3.3767555773568683
14.86	3.1726020941101556
14.87	1.1864422633843885
14.88	1.1800401829296565
14.89	-0.7305849332848924
14.9	1.8292590290744601
14.91	2.797199416530713
14.92	1.918864734383798
14.93	4.259967660857011
14.94	5.131737606493429
14.95	1.5748441613686872
14.96	2.4186201782977603
14.97	4.0672289658471765
14.98	4.062602214504045
14.99	1.7883882601434988
15.0	2.182327896037791
15.01	3.7415167622582173
15.02	2.3758940051107724
15.03	1.5627332230810305
15.04	3.2670776305661096
15.05	1.1472141411859
15.06	0.8072951216027299
15.07	0.9191192693017654
15.08	1.4075219972656061
15.09	1.5199516272168376
15.1	0.6678180362415247
15.11	2.7200495826904953
15.12	0.6994429362902275
15.13	2.3102037133646816
15.14	4.181709051888869
15.15	2.304258622814207
15.16	5.057396536017929
15.17	1.7044548952285126
15.18	0.04076505870118208
15.19	1.8984445983355644
15.2	-0.7334788541873045
15.21	1.2225472621693245
15.22	-1.0275157587717338
15.23	-0.32502674340627014
15.24	0.23303768849538198
15.25	-0.4144176299459368
15.26	0.4805763492744054
15.27	2.8813050571213488
15.28	3.481755198474346
15.29	-0.15268178690213974
15.3	0.09229955798419842
15.31	-0.8327633752001711
15.32	-2.497862677425153
15.33	-0.02615817618760241
15.34	4.115166954845031
15.35	-0.8055888975677625
15.36	0.4737602892089061
15.37	1.6164634535910452
15.38	0.49862329549584294
15.39	0.7871529342655001
15.4	1.3875325635757187
15.41	1.6976510829584186
15.42	-0.03278620301980317
15.43	-0.6753721263302854
15.44	0.9579230421725595
15.45	3.0836380901671214
15.46	1.667646523860919
15.47	0.33269314721809395
15.48	1.2585843929739482
15.49	-0.5005448461556858
15.5	1.079126545568318
15.51	1.5723020335047764
15.52	-0.20617434017565417
15.53	1.3909269050649855
15.54	-0.11622976499401516
15.55	0.6502510210953181
15.56	3.5870310380831025
15.57	-2.1801428036025072
15.58	3.243287406731348
15.59	-0.26856059428653445
15.6	0.5289714352095807
15.61	-2.2579661765494943
15.62	2.6690209326976637
15.63	1.7729069107402249
15.64	2.5921439309500416
15.65	-1.2240442916603038
15.66	2.1561905931361043
15.67	2.00026595417496
15.68	1.9556681872495878
15.69	2.1831357897908497
15.7	0.07955659398122827
15.71	2.2968519945069232
15.72	2.5048963770078383
15.73	2.790559172526071
15.74	-0.2612751513439744
15.75	3.3156922137896783
15.76	3.6030608467070087
15.77	-1.0059115321549246
15.78	1.2664451200098958
15.79	-1.1860546642048286
15.8	4.134746104670251
15.81	2.2891037482784915
15.82	2.712575752966387
15.83	-1.9426251970574835
15.84	4.186458066921464
15.85	1.8690341010047111
15.86	3.859608075160044
15.87	-1.3700305780387365
15.88	0.6216855236391545
15.89	1.457030231179853
15.9	0.2727346917424782
15.91	-0.21801776061139044
15.92	0.13677226681005017
15.93	2.928192376997519
15.94	1.6110482879415053
15.95	-0.18215650131553596
15.96	-1.1679201120282119
15.97	3.0523335217174474
15.98	3.4825714638517997
15.99	3.2186160118408114
16.0	2.7954246192025467
16.01	2.835446121797069
16.02	-2.0342906824417266
16.03	2.5892145338989607
16.04	1.8297302369427906
16.05	2.2851535781294188
16.06	-0.5893438507375832
16.07	3.5478756315275253
16.08	2.750522914097834
16.09	-0.9512045470166937
16.1	2.5786366700442245
16.11	2.3083768179322375
16.12	2.6848824870880272
16.13	0.20148727037541114
16.14	1.5413450884620108
16.15	1.475648517519533
16.16	2.081038671694431
16.17	2.804736709387992
16.18	2.212484911605922
16.19	2.736260454896949
16.2	1.1916559246616258
16.21	0.05505660229961329
16.22	1.4070746314696605
16.23	-2.061452468821386
16.24	1.6438890967340205
16.25	1.3949714877693538
16.26	-1.313461295303236
16.27	0.4242387951034152
16.28	-0.20171315810740342
16.29	-0.31807443716216
16.3	0.7749539755186979
16.31	2.176892297209025
16.32	1.2074779927637387
16.33	0.6963112414871471
16.34	2.701759500941413
16.35	1.15689508885006
16.36	0.7882154690429746
16.37	0.8997187267467018
16.38	0.20628758614221998
16.39	-0.7115101702624951
16.4	1.547470087573989
16.41	2.991929799997976
16.42	1.3477655225418619
16.43	0.014480959660701176
16.44	4.988102947290467
16.45	1.5711923269639878
16.46	1.1569798235547901
16.47	2.15714477439921
16.48	-0.6086354121037598
16.49	2.226623930585131
16.5	2.787929957370185
16.51	2.086454094026178
16.52	-0.2836122458628145
16.53	2.25511717827435
16.54	0.43440010073032054
16.55	1.0532718513946315
16.56	0.8284957201820233
16.57	2.635382470612991
16.58	-1.0344002557953365
16.59	0.4378012892089108
16.6	0.6374207256916754
16.61	1.2982670229100501
16.62	1.2924372592285773
16.63	1.8261262396887594
16.64	0.3917571989911083
16.65	2.151284521527675
16.66	0.20195725044133783
16.67	1.2227795843241869
16.68	1.517132231957114
16.69	0.9224295133316276
16.7	-1.0767976287171332
16.71	0.12476122423969094
16.72	-0.5521568875564953
16.73	3.352379329712174
16.74	5.068741668970396
16.75	1.5400651499533502
16.76	-1.267656537591314
16.77	0.08663722730184065
16.78	0.9539659573141777
16.79	2.6824160975613234
16.8	-0.6120744511481617
16.81	0.1530679670213988
16.82	0.03426031072076463
16.83	1.8960479852204781
16.84	4.381904084813939
16.85	2.5535843145776935
16.86	-0.35464364942119886
16.87	-0.16098665540646073
16.88	1.4963186854973411
16.89	1.565049195933487
16.9	3.2160117823543093
16.91	1.75029513079976
16.92	1.4541410830831099
16.93	1.2304861109283083
16.94	0.026613538341297982
16.95	0.8238987159979151
16.96	-1.0337014795507355
16.97	0.5027945236164988
16.98	1.7080432903579574
16.99	1.2401055711327844
17.0	1.6833885333674505
17.01	0.5395932734928683
17.02	1.8404081120859892
17.03	-2.0641358272068784
17.04	2.9516433314630404
17.05	4.07044893367371
17.06	0.8544272920249731
17.07	-0.012880120180381427
17.08	2.1406643825407934
17.09	1.6548104170083806
17.1	2.6616326757365423
17.11	4.205247451804085
17.12	0.20218177706096752
17.13	1.4203904247822978
17.14	1.6493203297320953
17.15	0.06500572236464319
17.16	2.6006155537272466
17.17	4.19901069086045
17.18	0.22924034937453563
17.19	4.356442028892783
17.2	3.195412580331743
17.21	4.502640450416431
17.22	2.641583882745861
17.23	-0.18861530993415254
17.24	3.825127172234043
17.25	4.95975848885639
17.26	2.6816758390458433
17.27	5.559204049454589
17.28	3.96415568039457
17.29	3.381533496037863
17.3	3.4403452924270397
17.31	2.6787021099777806
17.32	3.7274076772031393
17.33	3.50474720624801
17.34	-0.4849383800333511
17.35	1.4931822641298496
17.36	2.1428030549824895
17.37	2.015925448202704
17.38	4.017839457642552
17.39	4.592465364127202
17.4	3.791285676082753
17.41	1.6343935287338716
17.42	5.261973458952649
17.43	3.8538428706611203
17.44	3.946572898678296
17.45	3.9579507016747666
17.46	3.953389572782933
17.47	4.763148155963163
17.48	3.1403534153965893
17.49	3.811864016880227
17.5	1.1402841667318628
17.51	3.217218981198072
17.52	5.042241582927432
17.53	3.449515473486426
17.54	2.8004543621870974
17.55	2.297504278924396
17.56	3.9200981543771847
17.57	3.312216915952836
17.58	3.2939937440550637
17.59	1.593435245673392
17.6	3.712402103635349
17.61	2.795103859089748
17.62	3.9409397212372053
17.63	5.489343886975494
17.64	3.3577138601332
17.65	3.8539108699175855
17.66	3.745994092434159
17.67	5.300341391886448
17.68	0.8316753216537824
17.69	5.656771732074393
17.7	7.585196045204743
17.71	2.6716961116210123
17.72	2.8143153432191457
17.73	0.7840085511008228
17.74	6.636136940868896
17.75	5.525246700089338
17.76	6.264788069157798
17.77	7.2974403766874305
17.78	4.5413592865501275
17.79	6.051195050271055
17.8	3.4754257179054635
17.81	4.3157226026239615
17.82	3.968923919966854
17.83	4.625149015014393
17.84	3.5425733236001915
17.85	6.085186794145258
17.86	4.351177459703272
17.87	3.3359876157196053
17.88	5.360571407079995
17.89	3.637446401436412
17.9	2.00334791371581
17.91	1.826970631788341
17.92	3.7501459208209518
17.93	5.4960132565365605
17.94	4.747762735068562
17.95	2.3379186328053914
17.96	4.541440111857394
17.97	6.27531570990486
17.98	5.734762120103614
17.99	3.513013854664753
18.0	2.980947550369184
18.01	2.9135996764800423
18.02	2.7148809666600235
18.03	5.963912619873835
18.04	5.995302272464693
18.05	4.645175072472919
18.06	3.12356435835036
18.07	3.5166676027346417
18.08	6.512797521160886
18.09	3.6815564944312538
18.1	4.83388540480362
18.11	3.8988918205516003
18.12	7.036177287251055
18.13	7.645113153969967
18.14	3.4210792117125255
18.15	5.715720684117975
18.16	6.06764699551493
18.17	4.238555008962964
18.18	6.276918743632278
18.19	4.865890848492065
18.2	6.4585662293533765
18.21	4.59431173566847
18.22	5.8299704587923
18.23	3.810816997084465
18.24	6.163077335632008
18.25	5.353271792241424
18.26	4.5024367220057275
18.27	4.365045535219857
18.28	3.716394604238183
18.29	6.481287818681909
18.3	2.6824873735028554
18.31	2.2456136131320505
18.32	2.3308051786790163
18.33	5.413848780383278
18.34	3.414563534294526
18.35	3.693141775628754
18.36	5.386892846378858
18.37	3.7717312007777277
18.38	0.8223923762402565
18.39	5.8368285816531404
18.4	4.2328464609580125
18.41	3.755883793018917
18.42	3.9823100513526835
18.43	1.657916587454679
18.44	4.168116978259122
18.45	4.163415191205845
18.46	3.6634869775660572
18.47	4.809087916360261
18.48	4.226763977071281
18.49	4.5738813076875084
18.5	2.0222692100872948
18.51	6.035305537440563
18.52	2.0707646158734305
18.53	4.309135096798647
18.54	4.06575876717399
18.55	1.5702193356233638
18.56	1.4219169117090062
18.57	5.707228533836054
18.58	1.4262997055541482
18.59	2.7596616722848295
18.6	3.9144936355356936
18.61	3.456431508268083
18.62	1.0867629752194186
18.63	2.6399765624978593
18.64	4.770052348996795
18.65	3.096697784613686
18.66	2.7994417168102363
18.67	1.62522036722461
18.68	5.43963972409022
18.69	2.741730742215173
18.7	2.496751363839744
18.71	2.0550196757455477
18.72	4.184952520635002
18.73	1.635103536531798
18.74	4.674253819674259
18.75	4.135285428011152
18.76	3.2304285463664426
18.77	3.560413592879946
18.78	0.7014571540207233
18.79	5.322366533836108
18.8	2.8847644751665107
18.81	1.8270277463348767
18.82	2.957401989593296
18.83	1.9796964653791904
18.84	2.0517239689924893
18.85	1.8376081194609832
18.86	4.046176737066007
18.87	-0.2979128496017376
18.88	2.114534686129539
18.89	0.2427924205113534
18.9	3.66420910948894
18.91	1.254455604463811
18.92	2.2117906778760865
18.93	1.7386586841789091
18.94	2.8148730581676964
18.95	0.4507910440723215
18.96	4.274300900466224
18.97	0.9688373541115012
18.98	3.799573844891982
18.99	2.857697948465148
19.0	1.1831764141662777
19.01	5.085407094461924
19.02	1.5897930238000861
19.03	0.18790288789235499
19.04	3.2152701150314225
19.05	3.2848898042545907
19.06	1.066709698075101
19.07	0.9799523924063265
19.08	3.4233261630521756
19.09	4.355852003710126
19.1	1.4316368858186783
19.11	1.6244021508995379
19.12	4.425817508465233
19.13	5.106720400703621
19.14	3.4336721447022978
19.15	2.3266217106156604
19.16	4.1232501596987365
19.17	4.807186487965446
19.18	2.441103517321666
19.19	3.3469800049120693
19.2	-1.0472214752453226
19.21	2.85507190550098
19.22	-0.24792881765547303
19.23	4.277304850447297
19.24	4.5105220245384094
19.25	3.7525843703534267
19.26	3.3081062136465045
19.27	3.2305008823701327
19.28	2.3295048310917
19.29	3.1982123502356674
19.3	3.1363151968790417
19.31	3.390788501316341
19.32	3.3717724019666138
19.33	2.0675569217782024
19.34	1.2618762228457565
19.35	1.5336268673142628
19.36	2.176897642415972
19.37	2.072256306178099
19.38	3.7761045953627193
19.39	3.808437988365256
19.4	2.780830172429715
19.41	2.500808113046607
19.42	1.319386291857408
19.43	-0.06916643111782994
19.44	4.890161123278986
19.45	3.863208025228046
19.46	3.1831762248243436
19.47	3.3968971693750993
19.48	3.218190987022969
19.49	5.793434410260893
19.5	4.88218731582232
19.51	1.8712961852168968
19.52	2.6369909156211415
19.53	2.915734180766264
19.54	0.9018394754469949
19.55	4.053525597286278
19.56	6.1591116700742425
19.57	2.3341570846957933
19.58	3.2496796618197115
19.59	3.217919437747905
19.6	-0.49733977247918704
19.61	6.730978907299153
19.62	3.097432022640095
19.63	1.0800456037502455
19.64	5.458572340718133
19.65	3.906546634826508
19.66	2.7414582688714995
19.67	4.510890982026502
19.68	4.139927361552618
19.69	4.422027076417727
19.7	3.3495964635809994
19.71	6.565263187200543
19.72	2.635333704836165
19.73	0.21957210122794768
19.74	3.0213953925602923
19.75	2.0736885820449604
19.76	2.565018856707102
19.77	4.943115740496015
19.78	2.383506332739505
19.79	3.139296715819492
19.8	0.8859793330200745
19.81	4.587361462882304
19.82	5.957984988919874
19.83	4.364956902170314
19.84	2.6749518500521177
19.85	5.944634462192202
19.86	2.7345394302101522
19.87	2.57998851400439
19.88	5.435897051454635
19.89	3.7006113790768507
19.9	1.6686423774819257
19.91	4.8438360763967925
19.92	4.1965535372894704
19.93	2.7296998858246746
19.94	0.7698950977860357
19.95	6.23412613502146
19.96	2.507703685456099
19.97	2.778844912177748
19.98	5.348433157169473
19.99	1.8769041846537027
20.0	3.0268471595071675
