10.01	2.7045798891740787
10.02	2.961966760092511
10.03	2.5010928128525967
10.04	2.963030114515506
10.05	2.9433041727381917
10.06	3.473515221354056
10.07	2.720483502200486
10.08	2.974771933531348
10.09	2.6607395534858274
10.1	2.835166909393252
10.11	3.2088144854419545
10.12	2.6224247528209848
10.13	2.5918487386834266
10.14	3.0503333056571114
10.15	2.795594647839926
10.16	2.800578294232544
10.17	2.804922177842722
10.18	2.75904351242299
10.19	2.3016315342088656
10.2	2.315617659410753
10.21	2.256248447661454
10.22	2.511107949275658
10.23	2.305655783498765
10.24	2.107708961244948
10.25	2.1329194613870257
10.26	1.849656717042818
10.27	1.796200016015463
10.28	1.640161438779663
10.29	1.6660690523745554
10.3	1.5338432351464766
10.31	1.4821975490867345
10.32	1.2812602016213557
10.33	1.0595079566091066
10.34	1.2983450321492682
10.35	1.1032351014084478
10.36	0.9534133106680756
10.37	0.8796527290745311
10.38	0.6633429638241354
10.39	0.6081471815498738
10.4	0.892243800769086
10.41	0.6981131847722531
10.42	0.10221641440036394
10.43	0.45102833193590364
10.44	0.3349703673810754
10.45	0.47846684523845445
10.46	0.22550892040712964
10.47	0.28366935700041834
10.48	-0.008806927049806096
10.49	0.08678919407125116
10.5	-0.33111476926814115
10.51	0.3941875780189886
10.52	0.5102248773430738
10.53	-0.11192493575030614
10.54	-0.13675320219223142
10.55	0.21349088299435082
10.56	-0.09230766671114682
10.57	0.06898767493218323
10.58	-0.21968862710332268
10.59	0.5358025440055998
10.6	-0.2385410459517952
10.61	-0.25652905616467
10.62	0.13235468137231382
10.63	0.2333538715226663
10.64	0.20730345689755103
10.65	0.07712446735393945
10.66	0.22577584371199116
10.67	0.25365500813209996
10.68	0.5250797861299341
10.69	0.2122106770538575
10.7	-0.034438065932530015
10.71	0.6760592102405594
10.72	0.4859964802050827
10.73	0.07934694427792627
10.74	0.6065771757259865
10.75	0.3957301787149601
10.76	0.5952546986367335
10.77	1.2254295771467136
10.78	0.7866896803705377
10.79	0.2181353022866146
10.8	0.8131497656137807
10.81	0.5991261851030781
10.82	0.5494989658430971
10.83	0.7862776462136527
10.84	0.8719550160281385
10.85	1.1559977804146222
10.86	1.3520326787035741
10.87	1.3660971286138757
10.88	1.074091214061356
10.89	0.8255530539785642
10.9	1.0131446098568704
10.91	1.063282978742535
10.92	0.8667032229660288
10.93	1.2359675311462994
10.94	0.4812177084662889
10.95	1.0379630394930446
10.96	0.10709292775588408
10.97	1.120316621486103
10.98	0.8419549544005194
10.99	0.817160543654434
11.0	0.3895356201471332
11.01	0.9973066979114282
11.02	0.6719010297733998
11.03	0.7525196460732272
11.04	0.8276481359959011
11.05	0.8843596302215582
11.06	1.12814088879275
11.07	0.9576335103353476
11.08	0.9566215597395603
11.09	0.8430891982170204
11.1	0.4865184933025322
11.11	0.5448979753512322
11.12	0.9542299448045433
11.13	1.6004132718454804
11.14	1.145422689893285
11.15	0.971153382376317
11.16	0.7421938467839151
11.17	1.0898362609538321
11.18	0.8473904555673653
11.19	0.47583189768049583
11.2	0.814423985645393
11.21	0.9823509370392225
11.22	0.7711669144258251
11.23	1.083559792172999
11.24	1.0552219650446455
11.25	1.285354645757659
11.26	1.428611263919
11.27	1.215115946408069
11.28	0.8517132795046665
11.29	0.8193536633018161
11.3	1.2452635352217873
11.31	1.2827960901453175
11.32	0.8773009238783611
11.33	0.9750925415322693
11.34	1.7900128117012082
11.35	1.4398664578162685
11.36	1.672852926248518
11.37	1.6867414086104464
11.38	1.8227951301571832
11.39	1.5681587189623083
11.4	1.3713297945579543
11.41	1.5615720894854035
11.42	1.8082288694831736
11.43	1.5505613005136578
11.44	1.7452742829703685
11.45	2.274029866689881
11.46	1.7169881042507071
11.47	2.197311390940928
11.48	2.122240282600519
11.49	1.8413068590091326
11.5	2.3597898413312435
11.51	1.7511893409088983
11.52	2.0156960202552923
11.53	2.2264761834805866
11.54	2.7894112169630683
11.55	2.915441493446384
11.56	2.296259823565034
11.57	2.5091215369961923
11.58	2.6885551438866266
11.59	2.7678963638613854
11.6	2.4947381209123236
11.61	2.9028474755203852
11.62	2.892161321830855
11.63	2.524930371177927
11.64	2.403584414899778
11.65	2.6804008848079146
11.66	2.4112166323507687
11.67	2.4942340931100158
11.68	2.9454766011808298
11.69	2.669615104718203
11.7	2.9540614711421247
11.71	2.4991939205679583
11.72	2.388376315171281
11.73	2.314263135026675
11.74	2.4432887472546208
11.75	2.6621917884626116
11.76	2.5361102725864466
11.77	2.7427280538074448
11.78	2.3783222265635677
11.79	2.5049538076272815
11.8	2.338825083597893
11.81	2.5488566309909872
11.82	2.2604692731872795
11.83	2.5220254677947738
11.84	2.03360854841602
11.85	2.361556469492
11.86	2.1794116511300152
11.87	2.032281533279996
11.88	1.7063325051598754
11.89	1.780785901420797
11.9	2.474555791216854
11.91	2.287170082942656
11.92	1.994597257079168
11.93	2.185659940169742
11.94	1.8718937545662904
11.95	1.9777722050522564
11.96	2.4706488963390667
11.97	2.312761868635785
11.98	1.9343757591360706
11.99	2.600741867659786
12.0	2.199704104975568
12.01	2.1227102629860832
12.02	1.8408265438453644
12.03	1.6098805733738573
12.04	2.350403002643214
12.05	2.1631854135280535
12.06	2.1175561179605245
12.07	2.2675808648424916
12.08	2.1652142942506876
12.09	1.9921182702289244
12.1	2.235667703323491
12.11	1.5752816751853107
12.12	1.7641521141343603
12.13	1.8517651534720803
12.14	1.8738936983716568
12.15	1.8244933981755538
12.16	1.877752648107482
12.17	1.6899206530304092
12.18	1.9934354354976338
12.19	2.232736102424168
12.2	2.2095901004432554
12.21	1.527528678936807
12.22	2.2686863669298973
12.23	1.91129216906077
12.24	1.8084617836090875
12.25	1.9017448386427698
12.26	2.0540391726920397
12.27	1.762606564690269
12.28	1.8073147913473637
12.29	2.062427530359556
12.3	1.6342580978969414
12.31	1.6442689064245406
12.32	1.9133256141344197
12.33	1.4177723913909386
12.34	1.7656410511686704
12.35	1.371403123746314
12.36	1.6385365833966423
12.37	1.8363535868918852
12.38	1.6736164241234999
12.39	1.9217259134076914
12.4	1.8097515794256016
12.41	1.5636919781693155
12.42	1.705578855973777
12.43	1.6767954035860224
12.44	1.747284403631432
12.45	1.3812078608916085
12.46	2.0034573751160414
12.47	1.4781505898874907
12.48	2.0282804199197915
12.49	1.5779328389903267
12.5	1.826455279668048
12.51	1.9356773923716442
12.52	1.6354323929140233
12.53	1.82405502394122
12.54	1.8053225383630471
12.55	1.8987731237930126
12.56	1.7252349982423771
12.57	2.3255548095221856
12.58	2.2120893159181403
12.59	2.1685078315036335
12.6	2.0499916464608545
12.61	2.2552527729032534
12.62	2.6299066019798736
12.63	2.674478354245776
12.64	2.130613169373493
12.65	2.5289813056333372
12.66	2.8502592967923914
12.67	2.876623950178641
12.68	2.7782925667918046
12.69	2.8943549310408203
12.7	2.7235639639802587
12.71	3.3806805639512967
12.72	3.5214419732640194
12.73	3.214561016894636
12.74	2.958298358917488
12.75	3.418532844197598
12.76	3.26258589732461
12.77	3.4230300270402236
12.78	3.123720204203713
12.79	3.172031602851095
12.8	3.195557811184896
12.81	3.6465681166860207
12.82	3.539934022984236
12.83	3.2046171602671056
12.84	3.5492208590915872
12.85	3.609399529857076
12.86	3.5548461248280665
12.87	3.3185263531007028
12.88	3.7186147866720884
12.89	4.17147679551126
12.9	3.0955021946725068
12.91	3.5775278013406995
12.92	3.244505834769822
12.93	3.451194123818954
12.94	3.269002198457293
12.95	3.7854026644563334
12.96	2.9763378558588194
12.97	3.937268777080627
12.98	3.8285457206727234
12.99	3.5043265372848404
13.0	3.2018186793928822
13.01	3.2760636797819433
13.02	3.3666437966111205
13.03	2.984624823219771
13.04	3.278392567054266
13.05	2.8422302487184963
13.06	3.444498275925825
13.07	2.954163622164552
13.08	3.0428330908948373
13.09	3.4553219544918847
13.1	3.3403224757189247
13.11	3.0754648529200312
13.12	3.222087133735428
13.13	2.962029780596272
13.14	3.1327098944310032
13.15	2.6514458915488506
13.16	3.196608145734515
13.17	3.032919003999911
13.18	2.67952618746775
13.19	2.7736766498097154
13.2	2.6936841576550603
13.21	2.591108051904957
13.22	2.689646223496301
13.23	2.824280034340219
13.24	2.5707353525204004
13.25	2.5331357232861094
13.26	2.4551706533423863
13.27	2.6258116064959105
13.28	2.3331377438080025
13.29	2.4911696151817946
13.3	2.7555333993509747
13.31	2.543388544567514
13.32	2.481701344031598
13.33	2.2243600534570835
13.34	2.476651733578801
13.35	2.310094210285882
13.36	2.21671957120168
13.37	2.232017790385432
13.38	1.850699316103485
13.39	2.202264463521824
13.4	2.1988617067215843
13.41	2.4639178213708837
13.42	2.332205688589054
13.43	2.081323486376803
13.44	2.227085661645815
13.45	2.116055461366366
13.46	2.144040985995144
13.47	2.2573442311468432
13.48	2.1810664840367306
13.49	2.7870813660983207
13.5	2.4133353766523835
13.51	2.2371468044091176
13.52	2.026693778072523
13.53	2.029439305228708
13.54	2.13073584490221
13.55	2.7010191647640194
13.56	2.2758969412424954
13.57	2.715035180530018
13.58	2.452863530807997
13.59	2.452433537813182
13.6	2.307114542243154
13.61	2.6287881801841655
13.62	2.9634174190894838
13.63	2.6238148443644356
13.64	2.5526418702471334
13.65	2.6217046656277274
13.66	2.3909609681674504
13.67	2.597182496201492
13.68	2.586964805189017
13.69	2.6684858945377763
13.7	2.594347479611901
13.71	2.32704987082922
13.72	2.5511868455117255
13.73	3.1366818022709313
13.74	2.311897607422532
13.75	2.851960749544203
13.76	2.6605602691009604
13.77	2.777545686624039
13.78	2.954425332839552
13.79	2.6305909270944956
13.8	2.8168576361453757
13.81	3.1169949252243008
13.82	2.4935846899955636
13.83	2.776587570516296
13.84	3.0759906045503906
13.85	2.7186723434221807
13.86	2.599879366330507
13.87	2.6200420646333753
13.88	2.4564737965915873
13.89	2.658469554668504
13.9	1.7578852347607867
13.91	2.7110320301185693
13.92	2.5150608735381863
13.93	1.82248282471793
13.94	2.2995922154028645
13.95	2.1905756660791096
13.96	1.930615275884075
13.97	2.0625293022053124
13.98	1.823511634997988
13.99	2.1223234303903546
14.0	1.8420035167038196
14.01	1.7917048380807332
14.02	1.589030148407807
14.03	1.9983082507478562
14.04	1.7585863523500989
14.05	1.595457752201609
14.06	1.7185327869018416
14.07	1.5113340394795816
14.08	1.0035664738538168
14.09	1.5466643841431222
14.1	1.6244105210656323
14.11	1.6184396121178144
14.12	0.9266130484348732
14.13	1.0206927107535089
14.14	1.508077201574554
14.15	1.4087940786990103
14.16	1.2251189148488868
14.17	1.5166961947628548
14.18	1.3185075084209905
14.19	1.403925860212559
14.2	1.1864302813190326
14.21	1.2242221275551008
14.22	1.46741767653892
14.23	1.669761787704555
14.24	1.2913173966760614
14.25	1.2408540960935122
14.26	1.5164293850448685
14.27	1.4411313351476926
14.28	0.919478062557775
14.29	1.5997384166295574
14.3	1.1960159167694133
14.31	1.2959781774225836
14.32	1.0484200879329966
14.33	1.4379300840435854
14.34	2.154383733661235
14.35	1.696932136874468
14.36	1.6560869172375934
14.37	1.6630244696990997
14.38	0.6586920708856083
14.39	1.7606084137147386
14.4	1.7598039706645903
14.41	1.0330660732151211
14.42	1.533912608977041
14.43	1.3132925749528288
14.44	1.797646160895287
14.45	1.3080366148739297
14.46	1.485117493511518
14.47	1.7185287571770664
14.48	1.6141829294283547
14.49	2.1448270241589498
14.5	1.3310244103520794
14.51	1.387935340210467
14.52	1.7241702086320039
14.53	1.756109435507433
14.54	1.9648654138744743
14.55	1.6426032887902335
14.56	1.6903109491586745
14.57	1.5529867039238663
14.58	1.6508039215235792
14.59	1.4723885157468763
14.6	1.8850644034742414
14.61	1.47190536117158
14.62	1.3673605038007828
14.63	1.5150993574527984
14.64	2.214205114104054
14.65	2.3728350559858224
14.66	2.00541586525613
14.67	1.7037017878275011
14.68	1.570532726424922
14.69	2.1781478563948733
14.7	2.024723229953182
14.71	2.1170975801637733
14.72	1.8610855105559665
14.73	2.046502611000009
14.74	2.2937509197344093
14.75	1.9187764892750105
14.76	2.2093776949631407
14.77	2.329311138694039
14.78	2.2313537025267567
14.79	2.5455533239799184
14.8	2.2853000517724578
14.81	2.477753836660186
14.82	2.411154592211376
14.83	2.6335492001549303
14.84	2.3252363334288244
14.85	2.537589237363926
14.86	2.947058137960915
14.87	2.2606572847332016
14.88	2.246179148742519
14.89	2.5755206117819966
14.9	2.3799779684616573
14.91	2.4437194172972356
14.92	2.5330634977375985
14.93	2.300098438150801
14.94	2.19201143779175
14.95	2.371706437218509
14.96	2.5194833910952243
14.97	2.0728805417595915
14.98	2.1481853597158618
14.99	2.2222766544733106
15.0	1.6240228715097884
15.01	1.6039363270344156
15.02	1.640765475614572
15.03	1.7085167457347257
15.04	1.5555771079353011
15.05	1.4921340364627091
15.06	1.6977953453292756
15.07	1.226737681219397
15.08	1.520589295575784
15.09	1.3093993466716713
15.1	1.295514054861444
15.11	1.9362789340004072
15.12	1.510350159858985
15.13	1.469210638773208
15.14	1.4301181519578399
15.15	1.674411048212695
15.16	1.383732449511904
15.17	1.344503454745028
15.18	0.9907839342788904
15.19	1.2867643684113217
15.2	1.6656913052651672
15.21	1.3963725916067427
15.22	1.193653067673618
15.23	1.7174787030033645
15.24	1.283195405583795
15.25	1.3963474689246087
15.26	1.2201701373031797
15.27	1.1309481014724438
15.28	0.9914836697790791
15.29	0.9076250414962264
15.3	1.082440185981567
15.31	1.0854600172750017
15.32	1.2281904700118065
15.33	1.2227501673416346
15.34	1.6285895487292492
15.35	1.0079342379744667
15.36	1.059669973725666
15.37	1.001400913334216
15.38	0.8793931325690751
15.39	1.0314878039359814
15.4	0.9696892370647539
15.41	1.0440635989262832
15.42	1.308499607194728
15.43	0.7879416768870102
15.44	1.0468048941135637
15.45	1.1719816062878887
15.46	1.1265847523120094
15.47	1.095104140120854
15.48	1.1368899722620756
15.49	1.1446956544285216
15.5	1.261789919833677
15.51	1.2250949248897463
15.52	0.880579036707951
15.53	1.4486700397962224
15.54	1.140875946724843
15.55	0.9079153933289
15.56	1.2067393944672442
15.57	0.6556712510994169
15.58	0.67828599941568
15.59	0.669311719551178
15.6	1.044071015867056
15.61	0.7310746451255569
15.62	1.119026789415951
15.63	1.0066740680012751
15.64	0.9395897900634027
15.65	0.8872203201309027
15.66	1.2313110562826828
15.67	1.187878930831811
15.68	0.5368370119040923
15.69	0.9237584963965556
15.7	0.9851991480341058
15.71	1.2429563616762314
15.72	1.044125363094892
15.73	1.0072250041552635
15.74	1.5685818985002826
15.75	1.4581360161194092
15.76	1.4699884625357282
15.77	1.4070336334367581
15.78	1.0374485681787038
15.79	1.6142192515493814
15.8	1.2828679594014383
15.81	1.6120399100783656
15.82	1.5378004361281692
15.83	1.2934609482696966
15.84	1.192012463194033
15.85	1.8418840369443288
15.86	1.8546027007554844
15.87	1.8133805751884913
15.88	1.467357544913415
15.89	1.847557255270118
15.9	1.5978930416652195
15.91	1.8204327265752671
15.92	1.9859079862698374
15.93	1.750327194165342
15.94	1.6418266874358491
15.95	1.7029346721249603
15.96	1.7321588948826772
15.97	2.2517288323424003
15.98	1.4321537630341583
15.99	1.4819955671283496
16.0	2.3974543838470126
16.01	2.4169286697470618
16.02	1.8211450173354395
16.03	1.744892822383192
16.04	1.4049925858648589
16.05	1.8548698150007332
16.06	1.7841273875068915
16.07	1.977768295088497
16.08	1.488502929066128
16.09	1.787346481927455
16.1	1.9856606569136792
16.11	1.8648203289633742
16.12	1.4860660330866642
16.13	1.603477060741925
16.14	2.0080644387474185
16.15	1.852057824422958
16.16	1.7826363817334585
16.17	1.3846934369309658
16.18	1.3222006958042338
16.19	1.3031323237951902
16.2	1.551737422595324
16.21	1.312075998012408
16.22	1.8752979915111383
16.23	1.3942804830838142
16.24	1.8004282532243492
16.25	1.6687754022216463
16.26	1.4063778557607773
16.27	1.1562287462095246
16.28	1.8651964582186675
16.29	1.2295083501654678
16.3	1.3083194034660255
16.31	1.6463743368317465
16.32	1.8305262331277492
16.33	1.565801301586594
16.34	1.3024561460812427
16.35	1.2370940394885612
16.36	1.0792749219635185
16.37	1.530721382306518
16.38	1.5206809619411643
16.39	1.2063047268173854
16.4	1.573843999357129
16.41	1.3052091464487323
16.42	1.2103193873757618
16.43	1.490960130672325
16.44	1.014899593474054
16.45	1.1764819380736342
16.46	1.6294643781148812
16.47	1.5124741870060274
16.48	1.2564706169689603
16.49	1.2590515226835857
16.5	1.3983116041289285
16.51	1.8046456791335799
16.52	1.0687005372348173
16.53	0.8222377143520468
16.54	0.955229818220996
16.55	1.5556950969205636
16.56	1.4160840805344677
16.57	1.352530919221476
16.58	1.3652953531553527
16.59	1.4640905224461502
16.6	1.3223054162257146
16.61	1.2658960130638248
16.62	1.6338846267178149
16.63	0.9859266299122671
16.64	1.1916912965379833
16.65	1.4291911498287901
16.66	0.9028741883062935
16.67	1.3028288470912464
16.68	1.3809037778301663
16.69	1.3325882100237594
16.7	1.3347320918859515
16.71	1.2954964133178615
16.72	1.2828001718292243
16.73	1.5608951802724407
16.74	1.2725393417156108
16.75	1.1231887715484816
16.76	1.1834031426303826
16.77	1.1921514513985496
16.78	1.3816501859144088
16.79	1.3750728196952413
16.8	0.8118902097460996
16.81	1.1345084785537236
16.82	1.374689954495306
16.83	0.9979347409671575
16.84	1.3284938206442047
16.85	1.0133208688067519
16.86	1.2504207916734633
16.87	1.161578466714431
16.88	1.200476017080404
16.89	1.0900087137882561
16.9	1.5005913762505247
16.91	1.0275038736711195
16.92	1.7826927511160637
16.93	1.573283916466009
16.94	1.917695625910067
16.95	2.033426796751346
16.96	2.081732625816897
16.97	1.4458225864297096
16.98	1.3770995403186945
16.99	1.6726606293147168
17.0	1.539124106631817
17.01	1.4878370303032349
17.02	1.7053844460371446
17.03	1.611977763689136
17.04	1.9575966943759155
17.05	1.689401137645807
17.06	1.7488355616511713
17.07	1.6484691273458711
17.08	1.5003175569188703
17.09	1.44505469430117
17.1	1.8956844809038613
17.11	1.4969209788256617
17.12	1.8077470881562778
17.13	1.8712137437901157
17.14	1.446603347765728
17.15	1.8518194374830512
17.16	2.0120892820372682
17.17	2.0209872394685386
17.18	1.7547126844597027
17.19	2.2226425571151154
17.2	2.4602337995270567
17.21	2.13222279010333
17.22	2.135517793312253
17.23	2.5529463192827166
17.24	2.2349742420506438
17.25	1.8853349428973747
17.26	2.3320579338579948
17.27	2.554224418929198
17.28	2.2033122685810342
17.29	2.169678748495401
17.3	2.696206205159918
17.31	2.545708548615085
17.32	2.2270245690886563
17.33	1.7602280363749907
17.34	2.418294840172723
17.35	2.6742933987580075
17.36	2.3003823921706674
17.37	2.809664493713581
17.38	2.8020160327093073
17.39	2.9373425161117614
17.4	2.715444101825026
17.41	2.6243751440204157
17.42	2.969296487304624
17.43	2.662772875833503
17.44	2.95089926336317
17.45	2.9788375128677114
17.46	2.645211388639477
17.47	2.7699686652076396
17.48	2.743017720448359
17.49	2.6072208364823526
17.5	3.07556087936586
17.51	2.9109525957409046
17.52	3.1446715788769417
17.53	3.410669450896916
17.54	3.479441995739151
17.55	3.574369800877943
17.56	3.4242541844291643
17.57	3.2933143832545255
17.58	3.613224872838439
17.59	3.3124756691056567
17.6	3.4367555990118226
17.61	3.4325019670640975
17.62	3.8181250844091474
17.63	3.5641224907243334
17.64	3.7802713789916274
17.65	3.0509021532967937
17.66	3.477736364998939
17.67	3.6767475608483102
17.68	3.794731449920892
17.69	3.9451543900986126
17.7	3.9661328993652707
17.71	3.831115940422811
17.72	3.4668551357351243
17.73	3.8006146112952464
17.74	3.625377357204502
17.75	3.8909388338982644
17.76	3.9458232870632797
17.77	4.050674735796157
17.78	3.455874577843188
17.79	3.7385851902850207
17.8	3.5540779948950885
17.81	3.9822102453254087
17.82	3.8084078408876585
17.83	3.3661440701250336
17.84	3.831618166798879
17.85	4.263193127076002
17.86	4.604812967298963
17.87	4.373651186208609
17.88	4.259266729854876
17.89	4.295588409047347
17.9	4.333715370487957
17.91	4.363529116408748
17.92	4.673435277995528
17.93	4.593563885704656
17.94	4.472144205053331
17.95	4.542617055387755
17.96	4.382789216094716
17.97	4.572171833436965
17.98	4.614824440481193
17.99	4.537511226944101
18.0	4.530698939410202
18.01	4.343418696461863
18.02	4.495544622836873
18.03	4.979606784929296
18.04	4.5445598509742835
18.05	4.288659484393323
18.06	4.8412542914282275
18.07	4.998421744895035
18.08	4.894440703447564
18.09	4.307175119531296
18.1	5.065974244207897
18.11	4.752808625271883
18.12	5.254012670426542
18.13	4.686030003421561
18.14	4.84537341234349
18.15	4.517532880331186
18.16	4.404094051096972
18.17	4.4999015498896116
18.18	4.70548368621271
18.19	4.8383759949736485
18.2	4.471121723707753
18.21	5.014336006665891
18.22	4.321875514870658
18.23	4.53402983051181
18.24	4.152065153847638
18.25	4.311912006440362
18.26	4.400654462702768
18.27	4.5028826115196505
18.28	4.646585383497597
18.29	4.224863300165466
18.3	4.300434961635156
18.31	4.081417961703599
18.32	3.7367185342635745
18.33	3.7160014149156586
18.34	3.94718449012795
18.35	4.101066958529893
18.36	3.661423805110317
18.37	3.130279848018413
18.38	3.6871022194119774
18.39	3.959491957966115
18.4	3.87463203753659
18.41	2.9970300838453743
18.42	3.730592972631366
18.43	3.3151156920648166
18.44	4.337244874399158
18.45	3.3605489438496576
18.46	3.4900080832049776
18.47	3.4027448066767785
18.48	3.6416706735585276
18.49	3.8730311805384927
18.5	3.344625823607619
18.51	3.5706784225476356
18.52	3.1889819354683455
18.53	3.354798526387222
18.54	2.8886770053374855
18.55	3.006613632915104
18.56	2.701700227472511
18.57	2.868022171695616
18.58	2.788966354327642
18.59	2.7513008452233527
18.6	2.9795398139029707
18.61	2.790007160370491
18.62	3.0015785639153014
18.63	2.8536039660832633
18.64	2.7807157992423255
18.65	2.8672086457541064
18.66	2.3355284955367557
18.67	2.570627255521175
18.68	2.7349745246674964
18.69	2.6792048643728634
18.7	2.887592557629042
18.71	2.7060051487451897
18.72	2.186150054729661
18.73	2.5893017747487184
18.74	2.674003728686914
18.75	2.389990017292802
18.76	2.269672660504674
18.77	2.343572164920593
18.78	2.6177962641695642
18.79	2.9254626306449873
18.8	2.46559923480719
18.81	2.339439702408053
18.82	2.549606630335201
18.83	2.605238843452635
18.84	2.928410670362781
18.85	2.5064342661405314
18.86	2.662747935676594
18.87	2.5765466214992925
18.88	2.4932291741193446
18.89	2.463689420141812
18.9	2.4207680053650216
18.91	2.6758077256616204
18.92	2.5160542615246295
18.93	2.1204563883069905
18.94	2.718811423652132
18.95	2.681634444143621
18.96	2.9109426162124894
18.97	2.2530258778576355
18.98	2.440552544324987
18.99	3.071525450302226
19.0	2.744445723019373
19.01	2.918866442362387
19.02	2.2460164261875533
19.03	3.00612121684381
19.04	2.7938270906740166
19.05	2.712493079338956
19.06	2.7374905146171975
19.07	2.4107908486414202
19.08	2.496786791662171
19.09	2.8133544185126156
19.1	2.20512979074349
19.11	2.518857200950274
19.12	3.0455458814641108
19.13	2.8728744287719703
19.14	2.330100900913461
19.15	2.4447533833405153
19.16	2.833508602151568
19.17	2.252245037209886
19.18	2.9599916126041004
19.19	2.766464590032966
19.2	2.3000749791958417
19.21	2.614607842825356
19.22	3.0605782980623215
19.23	2.5321661722199376
19.24	2.4271049256846466
19.25	2.8667861053938455
19.26	2.4942413259177654
19.27	2.8661034436632034
19.28	2.3633315292291455
19.29	2.9397197937435893
19.3	2.4827489854923197
19.31	3.051532768034021
19.32	2.8900374005254665
19.33	2.3147805314351975
19.34	2.391970456590663
19.35	2.3826455041329115
19.36	2.587439164489376
19.37	2.8310093634116016
19.38	2.2162169033547974
19.39	2.4080364329983035
19.4	2.9159446699266254
19.41	2.7265498244662374
19.42	2.439580245980005
19.43	2.7402120698211907
19.44	2.9750613747399877
19.45	2.807614686240582
19.46	2.296026228609461
19.47	2.9607116400154814
19.48	3.05145902596171
19.49	3.4063974878811867
19.5	2.9458202073665976
19.51	2.9420255430132993
19.52	2.996660053154636
19.53	2.920084271880071
19.54	3.135904080230901
19.55	3.051466384017571
19.56	3.4843045059246616
19.57	3.472263220826509
19.58	3.4196337741456877
19.59	3.078767851827698
19.6	3.6061808277868392
19.61	3.3474483144390605
19.62	3.4507133398033663
19.63	3.275142355838278
19.64	3.2899227200849075
19.65	3.7149050434720414
19.66	3.4511456563555383
19.67	3.335002473421323
19.68	3.917584771597757
19.69	3.7321006017176828
19.7	3.2987465682212442
19.71	3.3189754152392403
19.72	3.880649830166527
19.73	3.5753815850492345
19.74	3.4640317088218544
19.75	3.7258134141049064
19.76	3.2763910366716353
19.77	3.8562245302761093
19.78	3.5740318126405066
19.79	4.0241776822657505
19.8	3.66476095243696
19.81	3.6898203828983425
19.82	3.603355496606964
19.83	3.5830681032340936
19.84	4.093329534842471
19.85	3.5021256691767766
19.86	3.782870165806541
19.87	3.55401553518371
19.88	3.635917097710794
19.89	3.192740090904446
19.9	3.471172221791979
19.91	3.316418358803683
19.92	3.4757801142909988
19.93	3.3396167665550767
19.94	3.0174538494798053
19.95	3.652656343002691
19.96	3.363126843122409
19.97	3.4254446598924546
19.98	3.247938431129173
19.99	3.734857183635353
20.0	3.2673811866982128
