10.01	3.4359544230321477
10.02	3.568188866414646
10.03	2.710555498978309
10.04	2.7858772880861933
10.05	3.3401277362660213
10.06	2.569709538852165
10.07	2.8736321540767094
10.08	2.604782727527357
10.09	2.048297915188341
10.1	3.0115419385252107
10.11	2.1408393149234617
10.12	2.7455609866251254
10.13	2.9404232406918362
10.14	2.7045860379172106
10.15	3.005811895207343
10.16	1.8921641994066252
10.17	1.817691042540835
10.18	2.4292594009781325
10.19	3.297860919319218
10.2	2.4954447018324695
10.21	1.6787349285528683
10.22	2.7559345112268274
10.23	2.2571755731439893
10.24	2.3632501140025606
10.25	1.7853652103787723
10.26	2.6952880045909318
10.27	1.6066426606986839
10.28	0.9324161326044461
10.29	1.5210587636548598
10.3	1.7368632560684605
10.31	1.5987790046635613
10.32	1.2544079853957746
10.33	1.0686937220429202
10.34	1.7180066561993854
10.35	2.1825862786124803
10.36	1.0222373702036749
10.37	0.21158911904554956
10.38	1.1377582402439947
10.39	0.21527560849532523
10.4	0.8001539714571289
10.41	-0.3203169710083602
10.42	0.9428262326507303
10.43	-0.04129244701235596
10.44	0.6835340835215555
10.45	0.4166346040689781
10.46	-0.4931306465164274
10.47	0.7590811118034638
10.48	-0.08582571514870402
10.49	-0.25854384230139693
10.5	0.22313388576138685
10.51	-0.24370112119877768
10.52	0.6287786897088188
10.53	0.11020052404257866
10.54	0.26210258380377344
10.55	0.03376077701916118
10.56	-0.8220306179278947
10.57	0.152675816915958
10.58	-0.49923988486515514
10.59	-0.96925515919584
10.6	0.944566895756499
10.61	-0.010256452780531508
10.62	0.23027135828724718
10.63	-0.16734254604847634
10.64	0.144818395023723
10.65	-0.47353643228203346
10.66	0.6611313578323084
10.67	-0.33101636976944965
10.68	0.42567464473299477
10.69	0.6857472883960241
10.7	0.1852106509230275
10.71	-0.14455513070562698
10.72	0.3546774206669453
10.73	0.3281252673851802
10.74	0.9048137131029197
10.75	0.6693492616412803
10.76	0.5959261165374207
10.77	1.4194622233079461
10.78	0.5881395188643606
10.79	-0.16579662442628074
10.8	0.8383823275009783
10.81	1.6842076706805913
10.82	1.3396848688535923
10.83	0.7369164231494346
10.84	1.5366082595690265
10.85	0.6632350148163084
10.86	1.0629275861676728
10.87	1.7582676590531476
10.88	1.229290699588703
10.89	1.143046729034109
10.9	0.7228358074516374
10.91	1.2756933782093798
10.92	1.5156038444855384
10.93	1.1161964182930295
10.94	0.40431930719413517
10.95	-0.05964238014417833
10.96	0.05073379067175743
10.97	1.1051852319855335
10.98	0.925052262966194
10.99	0.9242156816772082
11.0	1.0804974235801086
11.01	1.0450815775385196
11.02	1.0974118513574238
11.03	2.3372824336197504
11.04	1.5120604609652029
11.05	1.3339014672739657
11.06	1.6113699546583136
11.07	0.5394965605630289
11.08	1.1988991606149868
11.09	0.12820838275655744
11.1	1.2053082436430531
11.11	0.9198271198268377
11.12	1.1625786908151707
11.13	1.3688001487268833
11.14	1.128660269421258
11.15	0.8344365926056079
11.16	1.0213013172722605
11.17	1.4280504918055668
11.18	1.1136801868446105
11.19	0.6947264762376104
11.2	1.328134998867207
11.21	0.23540974277424642
11.22	1.2205157837860574
11.23	1.091441335616135
11.24	1.2243471324038517
11.25	1.5780513102046918
11.26	1.616555115714376
11.27	1.2611430875198297
11.28	1.3394730964568726
11.29	1.2344628194881222
11.3	1.1956106510322195
11.31	1.6731834082207138
11.32	1.0196621440678284
11.33	2.6630923069918326
11.34	2.218424450456905
11.35	1.668891019090065
11.36	1.8185968856282198
11.37	2.14071725117707
11.38	1.3744390761768552
11.39	1.8735309929280781
11.4	1.3202864731637045
11.41	1.8670374436748332
11.42	1.9633069115797468
11.43	1.942306391732575
11.44	2.413571385546579
11.45	2.0409126329316334
11.46	1.8858560679180678
11.47	2.5775458764920476
11.48	2.206486468325165
11.49	2.899938990236185
11.5	2.1918364339645238
11.51	2.6323805517192724
11.52	2.1729135077029746
11.53	2.7529886459622563
11.54	2.8297977468649114
11.55	3.1626732821868817
11.56	2.4755587202131593
11.57	2.53343368580258
11.58	2.801236585333158
11.59	2.032288953243042
11.6	2.7587428520974737
11.61	3.71248134287254
11.62	2.3703893656053965
11.63	2.624167974273653
11.64	2.35995269185676
11.65	1.6445495626921134
11.66	2.870808192447347
11.67	2.560128466361128
11.68	1.8244916196528034
11.69	3.905426139877397
11.7	3.1204278488435415
11.71	2.1316719544131204
11.72	2.495063405299924
11.73	1.9483485475948175
11.74	2.3101775590755773
11.75	2.235260471659237
11.76	2.1930192614045794
11.77	2.791899158894302
11.78	2.856850752520431
11.79	1.393407316304892
11.8	2.067416796858839
11.81	1.5587809588980783
11.82	1.8278291701486569
11.83	1.9529431695677604
11.84	1.7580805857012056
11.85	2.427064838141087
11.86	2.5691926312533813
11.87	2.4270122609921283
11.88	1.907716606224041
11.89	3.240287600618595
11.9	1.8191663907133018
11.91	1.879319473307107
11.92	2.346329979408842
11.93	1.2360702858943005
11.94	2.5169947049532095
11.95	2.8655203595866943
11.96	1.8412472845021313
11.97	2.474737846949636
11.98	2.625513926792973
11.99	1.732497455058422
12.0	2.2487583856581836
12.01	1.988880959492723
12.02	2.1532004671319966
12.03	2.9589426580813165
12.04	2.153167126949294
12.05	2.1123213908043663
12.06	1.4139937956985968
12.07	2.597023213890936
12.08	1.8984260999757296
12.09	2.311444998523871
12.1	2.531304820806176
12.11	2.5735427979449286
12.12	1.992678365660151
12.13	2.60151162366691
12.14	2.1771174017227004
12.15	2.5045018425486254
12.16	0.9469354447623286
12.17	1.7933662496436125
12.18	2.307228007586786
12.19	2.207599264821573
12.2	1.8559878593493024
12.21	1.4324188311361268
12.22	1.6795611625852986
12.23	3.010675769469298
12.24	1.7530647114391722
12.25	1.7704738136236957
12.26	1.1960625613539895
12.27	2.1717745919901605
12.28	2.071347693841828
12.29	1.4525736242284286
12.3	2.028229448658994
12.31	0.8258636905666668
12.32	1.522695814024917
12.33	2.07775638660178
12.34	2.500241167062342
12.35	1.2098856873397508
12.36	2.3440310244835683
12.37	1.4698143230148673
12.38	2.65631157372019
12.39	1.9294474791686078
12.4	1.520441301952288
12.41	1.3158657209034248
12.42	0.9881160369855685
12.43	1.1353239710057743
12.44	1.869711205704625
12.45	2.2019174723545287
12.46	1.148949066640017
12.47	2.0098173455535595
12.48	2.472209785248731
12.49	1.4722789188582397
12.5	1.5071847296868286
12.51	2.175899952488001
12.52	3.1949107837889894
12.53	1.9620489630194888
12.54	1.6322810156453977
12.55	1.809901491837755
12.56	2.496751752253748
12.57	2.8192634103999605
12.58	1.8236225005498587
12.59	1.9082969044030795
12.6	2.175459213162176
12.61	1.9581535934325853
12.62	3.156964036343454
12.63	3.278396186337914
12.64	2.2218739817492894
12.65	2.755285057873285
12.66	2.5443772428051
12.67	2.727524454906838
12.68	2.71084586003959
12.69	3.5969271540604626
12.7	2.5323301200920216
12.71	2.478192706195598
12.72	3.2432414112988552
12.73	2.854103554835294
12.74	3.6351037064360945
12.75	3.4333649531993813
12.76	4.316322744292222
12.77	3.5041788963161626
12.78	2.8677954123893854
12.79	3.2354033632620767
12.8	3.766539409198892
12.81	3.3931637284670053
12.82	3.649288421613009
12.83	3.0128113883486534
12.84	2.7692469597035805
12.85	3.342981800970514
12.86	3.5449538053537433
12.87	3.2868754519480303
12.88	3.3406065583951188
12.89	2.8309397635228013
12.9	3.8614134832348865
12.91	3.335476009397642
12.92	4.012229454828394
12.93	3.7879449125113673
12.94	3.9395908809195963
12.95	3.4570341381306546
12.96	3.743025247598245
12.97	3.4697173925533544
12.98	4.33385824836762
12.99	3.2919582868886668
13.0	2.9036465864392733
13.01	3.5936713174501262
13.02	4.116661406600734
13.03	3.3659034720229397
13.04	3.6158971898968733
13.05	3.8139411171179702
13.06	2.429976563587866
13.07	3.4279582216749978
13.08	2.8554940619912306
13.09	2.8040409318469717
13.1	3.457646744084465
13.11	3.376699888139472
13.12	2.6148704046203086
13.13	3.0683456949375914
13.14	3.0007720692569193
13.15	2.989648677668427
13.16	3.3117041145544635
13.17	3.2668537557559834
13.18	2.5074312073557783
13.19	2.007784942581525
13.2	2.8174634157912535
13.21	2.215689817786081
13.22	1.8388912949581275
13.23	2.9049590015336926
13.24	2.9905853495692574
13.25	1.8909794041976995
13.26	2.7707168457449436
13.27	2.4783385391329262
13.28	3.4570416226437843
13.29	2.346050685729057
13.3	1.8917212974954865
13.31	2.19315159080435
13.32	2.7371577124901085
13.33	1.920533043068982
13.34	2.018625724380848
13.35	1.2248055150620194
13.36	1.5812000790665874
13.37	1.6560591255263213
13.38	2.024517441362567
13.39	1.5618048519952816
13.4	3.1367036840266325
13.41	2.657990715348397
13.42	2.23105677474972
13.43	2.142604070712215
13.44	1.6672442984642908
13.45	1.5155672249912229
13.46	2.773050583406346
13.47	2.4883609201326116
13.48	3.004442809804999
13.49	2.4718771834407507
13.5	1.8614185787251212
13.51	2.403462473947142
13.52	2.0473713817632144
13.53	2.9320349446509444
13.54	3.0209764819764784
13.55	3.9602450728321497
13.56	2.0086599164278884
13.57	2.773757142134864
13.58	2.6679915944622734
13.59	3.0270618969656073
13.6	1.4772030864412324
13.61	2.5416202028223265
13.62	3.0017924763191455
13.63	1.6449801596518743
13.64	2.8919614006616956
13.65	2.3525827171415643
13.66	1.8247662353231133
13.67	2.260897832036698
13.68	3.1837659894657366
13.69	2.657939111730488
13.7	2.205575998595974
13.71	2.514896744786676
13.72	1.6186476510153383
13.73	2.135908108288643
13.74	2.497932041667905
13.75	2.101781779667963
13.76	3.134989106669765
13.77	2.5965730752055722
13.78	3.7436503097663794
13.79	3.972675061240385
13.8	2.5097300989560587
13.81	2.2092420823297996
13.82	2.615672326684249
13.83	2.443192094074113
13.84	2.605891152418117
13.85	1.9192790397826247
13.86	2.5970631839442064
13.87	3.226835233489805
13.88	2.664023502886332
13.89	2.151840878182485
13.9	2.413872395102513
13.91	2.3232307211462837
13.92	2.244471057137727
13.93	2.02235184655193
13.94	2.1467548196487267
13.95	1.797519526007057
13.96	1.2066056125902471
13.97	2.045248768827346
13.98	2.163579787895694
13.99	1.3361887841322977
14.0	1.7190280443427142
14.01	1.334266259592802
14.02	2.027972039395061
14.03	3.3236427690326233
14.04	1.2850948170632726
14.05	1.4236739106694658
14.06	2.012894099765086
14.07	1.3196761691568537
14.08	1.3607649964065294
14.09	1.6479478391126845
14.1	2.222974347809517
14.11	0.831116016462961
14.12	0.4439746410605254
14.13	1.172662735877901
14.14	1.0363532620974087
14.15	1.6928362035893563
14.16	0.6334529677272049
14.17	1.1503427471563852
14.18	1.2525350429770776
14.19	0.5374292992433213
14.2	0.892733587045371
14.21	1.6336808079739582
14.22	1.0935494653387157
14.23	1.7042627213352826
14.24	1.7204950100106633
14.25	1.3880985916314537
14.26	1.4882187437317034
14.27	1.5968134587995007
14.28	1.1954243521085566
14.29	2.6977125139948654
14.3	0.9378485986267238
14.31	1.113385611424787
14.32	1.032817030753672
14.33	1.0357089969702362
14.34	0.15681509882055988
14.35	1.5169639168733489
14.36	1.835657676884223
14.37	1.6459667004476786
14.38	0.27602605442529593
14.39	1.1520239443922695
14.4	0.5310349559749092
14.41	0.5928432238036261
14.42	1.069800731235692
14.43	1.4727784292316881
14.44	1.2761924396449205
14.45	1.4048935726656484
14.46	2.1208857869481137
14.47	1.3854440114663618
14.48	0.8985789384059001
14.49	1.5464316751725276
14.5	2.447115124363739
14.51	1.2792624412457538
14.52	2.2763377115780026
14.53	1.9503226557016093
14.54	1.645795152490028
14.55	2.0991194268262965
14.56	2.23337739503914
14.57	1.5976654193355129
14.58	2.6852500539436255
14.59	1.6537595062838135
14.6	1.4719972375178276
14.61	1.825830200943319
14.62	2.5182039047019757
14.63	1.6349501839146723
14.64	2.0619106222613355
14.65	2.1335633981775217
14.66	2.498968732748347
14.67	2.331839975565015
14.68	1.759116330488887
14.69	1.8558657090231812
14.7	1.8004991195915876
14.71	2.1992891116699878
14.72	1.809883626513558
14.73	2.486830467493971
14.74	1.8497851167094777
14.75	2.2012249377178534
14.76	2.4306706551940227
14.77	3.1428760097937665
14.78	1.542281380118514
14.79	1.9170767114976295
14.8	2.285868519632003
14.81	3.1647673822167066
14.82	1.9867650061218642
14.83	2.2380387152098455
14.84	3.196665962189266
14.85	1.8839633187221685
14.86	1.8934093307854085
14.87	2.288600671600916
14.88	2.731892373987025
14.89	2.031004668417628
14.9	1.973535622550745
14.91	1.8773044707412097
14.92	2.709946382138553
14.93	1.712766051264517
14.94	2.1071180433523176
14.95	2.37299639803959
14.96	2.238516657199479
14.97	1.6567200354527456
14.98	2.47752910237319
14.99	2.9694748633462127
15.0	1.791784400110886
15.01	1.163221100342518
15.02	1.3792983354732566
15.03	1.0619375958787969
15.04	1.6569979967871535
15.05	0.7774206728665638
15.06	1.5182462102233774
15.07	1.331856760605206
15.08	1.7063827448411442
15.09	2.267849151678829
15.1	1.8848370802583434
15.11	1.5721280290298854
15.12	2.3423081792484526
15.13	1.2110043040421028
15.14	1.7705438506230875
15.15	0.6759502302637661
15.16	1.4804252141109384
15.17	1.2200163672428115
15.18	1.540963177423491
15.19	1.391189199480859
15.2	2.1425383315386366
15.21	0.7753577008325837
15.22	1.3340781386932181
15.23	2.074000499195291
15.24	1.0575870464791457
15.25	0.4572099736272428
15.26	1.0842299951481038
15.27	1.1346356471234125
15.28	0.9746038392927974
15.29	0.7257240022507987
15.3	0.6730942764855806
15.31	0.6040071328966439
15.32	0.551595647394126
15.33	1.6327990910911891
15.34	0.36251991796015615
15.35	1.3570787114978136
15.36	1.053611417924701
15.37	0.3174106818959195
15.38	1.0799283257046117
15.39	1.6781687743092657
15.4	1.971236068304071
15.41	1.266248540443651
15.42	1.2646035256786363
15.43	0.8912788813598929
15.44	0.9352750083194215
15.45	1.044900702380688
15.46	0.7177943007114871
15.47	1.488594045666287
15.48	1.9213317846092093
15.49	1.6235706947748045
15.5	0.8893472358901995
15.51	0.3528537033945859
15.52	0.9695362011984435
15.53	0.5925115062787798
15.54	0.7372033636630695
15.55	1.1721573277664112
15.56	0.8191335260258867
15.57	0.13772918058961692
15.58	1.0636559762128344
15.59	1.0227934181072729
15.6	0.3815691682026301
15.61	0.5946122688137185
15.62	0.4997222607092462
15.63	1.0412278259707082
15.64	0.359797146064205
15.65	0.8053491090431304
15.66	1.1813673075705717
15.67	2.291583253367662
15.68	2.8373921522955747
15.69	1.073459624870598
15.7	0.5421449870034967
15.71	1.2684871228695058
15.72	0.058860333167320755
15.73	0.6372209877977417
15.74	1.985238340752772
15.75	1.375606970018543
15.76	1.6284500361137035
15.77	0.7769124800976803
15.78	1.2309933567553784
15.79	2.134347455886253
15.8	1.8562331741869258
15.81	2.173571574205391
15.82	1.7462336922153372
15.83	1.4004066537445328
15.84	2.2122937176945427
15.85	2.3282860120646283
15.86	1.9266462922801506
15.87	0.05033180136885118
15.88	2.435804069586921
15.89	1.3673231523233969
15.9	1.9357476770563737
15.91	1.8052786674476462
15.92	1.2633484555677106
15.93	2.331073546678498
15.94	2.2683936637842144
15.95	1.1749012443452345
15.96	1.4481637295255574
15.97	1.1529019833480803
15.98	1.4850441006910122
15.99	2.043934571637968
16.0	1.940067766033145
16.01	2.2977501725363663
16.02	1.6240019822797023
16.03	1.560273177275762
16.04	1.6692282521550121
16.05	0.8988878689341042
16.06	2.056087465824363
16.07	1.9988956250561434
16.08	1.5624241490714006
16.09	2.155793256464647
16.1	2.0637881467436556
16.11	1.5214570653332953
16.12	1.9744039546557892
16.13	2.3048874056409807
16.14	1.162834781928077
16.15	1.9497402311043561
16.16	1.3320309562643042
16.17	0.4839930984927385
16.18	2.041114822744519
16.19	1.0361856207184879
16.2	1.4246454928596943
16.21	1.9261915178843985
16.22	1.6040140243641772
16.23	2.0121643165360688
16.24	1.814443129970341
16.25	2.1713422038874644
16.26	1.7847153989544984
16.27	1.4373879959322564
16.28	1.7673266521993545
16.29	2.2713602967026074
16.3	1.9260747214430578
16.31	2.016826391087273
16.32	1.237238808120075
16.33	0.46378103481517086
16.34	0.9513541680734248
16.35	1.9728861968269502
16.36	0.260256983644918
16.37	1.9244145513602886
16.38	1.1342093625320193
16.39	1.2251526994643862
16.4	1.7630600612554097
16.41	0.961475925942527
16.42	1.483750186303863
16.43	2.3439378660421943
16.44	2.2018834042575186
16.45	1.686694227562186
16.46	1.4697593231758233
16.47	0.8809883437346273
16.48	1.6711217057782153
16.49	1.6570956767037823
16.5	0.8951425124863202
16.51	1.9695942095750496
16.52	0.7169751778504141
16.53	1.1485917189937402
16.54	1.270074612216077
16.55	1.58909429739365
16.56	1.1290255084755354
16.57	0.6880013739696358
16.58	1.0053688159150402
16.59	1.1042912968939955
16.6	1.9758583201642144
16.61	1.1498643535300435
16.62	2.2337569030389814
16.63	1.9420918302137768
16.64	1.178005232868848
16.65	1.9345714121686581
16.66	2.0834213265595256
16.67	0.9672479163536014
16.68	1.879388138322816
16.69	1.4343573119238824
16.7	1.1217637444370396
16.71	0.4232028064925907
16.72	0.3865474530238946
16.73	1.4158459707914766
16.74	1.385920399649137
16.75	0.7961025202101392
16.76	0.6748519804924221
16.77	1.2002010718950769
16.78	0.6761985743757419
16.79	1.7635308041305313
16.8	2.1991583625824873
16.81	1.2023859410440545
16.82	1.8293641367245428
16.83	0.8807148446342055
16.84	0.8258836836244978
16.85	1.835647501232183
16.86	0.7957751488369558
16.87	2.0175298056552404
16.88	1.1260331421165786
16.89	0.9566051305042452
16.9	1.314887949238696
16.91	0.9737953682590406
16.92	1.224303133577921
16.93	1.200771420653796
16.94	0.8674763449172398
16.95	1.1631493691152353
16.96	2.594794233690373
16.97	1.1456121174129765
16.98	1.0334671383939367
16.99	1.7005526465062175
17.0	1.3109362713356727
17.01	2.256798974113384
17.02	1.3544497254856243
17.03	2.342045522083364
17.04	1.4374275856633056
17.05	0.946144771750397
17.06	1.4926349427312195
17.07	1.2262287987221074
17.08	0.8683157874550571
17.09	1.421827597285505
17.1	1.7095977182390047
17.11	1.172538253909382
17.12	1.6416094748687344
17.13	1.427314044216661
17.14	1.5384976940383646
17.15	1.7248031981849872
17.16	2.0560401861171798
17.17	2.8082857165290007
17.18	2.2993810662008616
17.19	2.195008417857046
17.2	2.5930248548121266
17.21	2.599292149331829
17.22	3.202763001349307
17.23	1.3850507335088376
17.24	2.5400436529566295
17.25	3.0975435159535865
17.26	1.9781678956939823
17.27	1.748253099644967
17.28	2.1261322310487176
17.29	1.9886652175409998
17.3	3.0173403832058976
17.31	2.529123014367164
17.32	2.670424088293699
17.33	2.008703849723109
17.34	2.1570080198551977
17.35	3.369676505988705
17.36	2.050282347963562
17.37	3.034215125966619
17.38	3.01680619622499
17.39	2.3639302975121486
17.4	2.8060326212116093
17.41	3.43390387077482
17.42	2.446221166743528
17.43	2.824992420568121
17.44	2.6653040378628807
17.45	2.80131858154937
17.46	1.7652774899988986
17.47	3.5510749647328197
17.48	3.3461739196256426
17.49	2.3311631758151203
17.5	3.258025617059441
17.51	3.510644212958698
17.52	3.921488336430269
17.53	3.651675445870251
17.54	3.3695802639888393
17.55	3.9791610948367113
17.56	2.554101581058492
17.57	3.4902574072726376
17.58	3.158206074465295
17.59	4.333172619374562
17.6	3.4030899736715994
17.61	2.6819546347078607
17.62	3.1064368984514696
17.63	3.459029664194723
17.64	3.9151214182034395
17.65	3.2240343828701588
17.66	3.8099436701492038
17.67	3.4617512389184566
17.68	3.112847024696858
17.69	4.4955555422539994
17.7	2.261471833567716
17.71	3.349691610077505
17.72	4.22768713154013
17.73	3.2032458826661045
17.74	3.580168969835192
17.75	4.1802588876566915
17.76	3.4994438328450563
17.77	3.320476766232656
17.78	4.246447203851426
17.79	4.264273598816721
17.8	3.636792309835465
17.81	5.047811801958877
17.82	2.740078033488627
17.83	3.942744896718009
17.84	3.5746123635814824
17.85	3.5337330487260754
17.86	3.9755614028855413
17.87	4.604508829124561
17.88	4.398894980644957
17.89	4.439721279526727
17.9	4.369788745762118
17.91	4.914961203977368
17.92	4.779058347491209
17.93	4.132380532332843
17.94	4.276884727077062
17.95	4.733682946340936
17.96	5.095322357248234
17.97	4.044468249584087
17.98	5.421121918737774
17.99	4.493722306500233
18.0	5.492687467636288
18.01	3.4993363549102376
18.02	4.578367916091601
18.03	5.486692330976445
18.04	3.6445837334408178
18.05	4.136821501786876
18.06	5.116854994298773
18.07	4.814360938221519
18.08	4.870194641183261
18.09	4.964600956868683
18.1	5.539205103260942
18.11	4.76876296205906
18.12	5.032719393122164
18.13	4.748788649130978
18.14	4.652890530798285
18.15	5.196996787571239
18.16	4.4687318489969785
18.17	4.793357432123277
18.18	4.343754166967491
18.19	5.771563984587787
18.2	4.684702835202457
18.21	4.296965034125177
18.22	4.247475194865079
18.23	4.125173521550592
18.24	4.882422444780822
18.25	4.321454576411335
18.26	4.72106933100672
18.27	5.041062838097228
18.28	3.5847912038164944
18.29	3.8594777527850113
18.3	4.063366519606822
18.31	3.126327680737007
18.32	4.180277203710624
18.33	4.557969098189037
18.34	3.112887997603083
18.35	4.599093931046497
18.36	4.812997918090308
18.37	2.7921413421977466
18.38	3.261844371294046
18.39	3.857389622077075
18.4	4.1141715663796505
18.41	3.966422577036832
18.42	4.954172581001289
18.43	3.9761234314576908
18.44	3.3847946613319517
18.45	3.6086881210420754
18.46	3.396213577415888
18.47	3.482321530344494
18.48	3.5354050091781812
18.49	2.8560737433243792
18.5	2.9623049540180686
18.51	3.8160913076023952
18.52	2.9423273615254613
18.53	3.49897911216315
18.54	3.0498117857075884
18.55	2.6360549416554266
18.56	2.927316364817145
18.57	2.848446905358678
18.58	3.859012643521173
18.59	3.3195905124745324
18.6	2.0585909220465934
18.61	3.5880206061156197
18.62	2.7859532309230515
18.63	3.7796723776577625
18.64	2.719817155649109
18.65	2.8754924331747564
18.66	2.1882159441334963
18.67	2.8044731610294007
18.68	2.339557429609224
18.69	2.1141827415322116
18.7	2.1413139550675315
18.71	2.610844620940516
18.72	3.2158736327118596
18.73	2.5643800729951427
18.74	3.1179273735302884
18.75	2.620871185055891
18.76	3.133071133371864
18.77	2.550572399829756
18.78	3.241461377352361
18.79	2.3809218641657357
18.8	2.938816640126749
18.81	2.3848089191864132
18.82	1.7837511244862707
18.83	2.7512445601794955
18.84	2.827131517684265
18.85	3.228836751911117
18.86	2.876049574311363
18.87	2.846115383502933
18.88	2.878563198907158
18.89	1.874147035573129
18.9	2.910241149935845
18.91	3.0698367428280133
18.92	2.644985046872782
18.93	2.457294555489473
18.94	2.850761835911967
18.95	2.195321266762795
18.96	2.6161385627366447
18.97	2.7290762662805315
18.98	2.792884089498664
18.99	2.378923205385986
19.0	2.908150472276518
19.01	2.1209100847712934
19.02	3.084725889733812
19.03	2.940945646897009
19.04	3.1227766623363786
19.05	3.0775409763507113
19.06	2.981711993820496
19.07	1.9908619420062892
19.08	3.04541406437039
19.09	2.4538274566274803
19.1	2.135501660577014
19.11	2.23864258452498
19.12	2.9143931438488027
19.13	3.1971504146090313
19.14	3.518034075557256
19.15	2.144615070767403
19.16	2.4103681829442736
19.17	3.2519188943323702
19.18	3.0160180648688355
19.19	3.108818819984393
19.2	3.681608226370865
19.21	2.362719445780604
19.22	3.4295681267768616
19.23	3.4531058242634733
19.24	2.9841528773276775
19.25	3.2890902595432028
19.26	2.667137796215768
19.27	2.4755966656392028
19.28	2.1307525617824075
19.29	2.1862868643996496
19.3	2.7807659496671446
19.31	3.4621484401656692
19.32	2.643681462513828
19.33	1.926908553808922
19.34	2.2487063783442363
19.35	3.3750309048173857
19.36	2.2616449159863388
19.37	2.356728576494959
19.38	2.537375509673978
19.39	2.4103514726656394
19.4	1.9630086251418115
19.41	2.7753176452517945
19.42	2.229718561987318
19.43	2.2885923471585086
19.44	2.8914303977538784
19.45	2.315613060771079
19.46	2.3560903722090867
19.47	1.9737235382118843
19.48	2.8126057971326173
19.49	3.192398011843681
19.5	2.9535485195984714
19.51	3.2674415327734447
19.52	2.4225224428132
19.53	3.388296691556435
19.54	3.7680982863507166
19.55	3.7166080373264716
19.56	3.2365073175971957
19.57	3.609705176497561
19.58	2.4430317769271572
19.59	2.653845568040294
19.6	3.4071755825286187
19.61	2.6683914262012904
19.62	3.584980450699093
19.63	2.9048194298647827
19.64	3.1357319892162
19.65	3.5704569890759315
19.66	3.7120199755955223
19.67	3.865824563684048
19.68	3.6743021495144323
19.69	4.183294847813672
19.7	2.5794096824848785
19.71	3.7536249021728936
19.72	3.7973884776595628
19.73	3.604456972847127
19.74	3.4613327320100464
19.75	4.392883210651276
19.76	4.346248102673048
19.77	2.730969462224775
19.78	4.230172948597825
19.79	3.653624286006841
19.8	2.7195152463623407
19.81	3.6673455290140313
19.82	2.622247083161602
19.83	3.447273732000542
19.84	4.047679778988596
19.85	3.096940301369659
19.86	3.7258253775630217
19.87	4.470376669754069
19.88	3.6726059570076264
19.89	3.4389718657959363
19.9	3.3573455364741136
19.91	3.678959903974302
19.92	3.3207665749713082
19.93	2.9403906179709094
19.94	3.1934645193335847
19.95	3.513465468071814
19.96	3.4645493977424366
19.97	3.615638805135304
19.98	2.8339785376003435
19.99	4.180135865793896
20.0	4.391058720962213
