1.968503937	-96.43489305373919
1.970472441	-80.94456337395935
1.972440945	-71.91106067152757
1.974409449	-85.27417337485365
1.976377953	-107.19920188675961
1.978346457	-110.35659100537994
1.980314961	-91.61797367592331
1.982283465	-73.44620612894265
1.984251969	-74.38676988397935
1.986220472	-87.47573507595675
1.988188976	-89.96402864923462
1.99015748	-73.80228965696182
1.992125984	-54.52252926751813
1.994094488	-51.98087790119986
1.996062992	-65.97986436227451
1.998031496	-79.44993668664429
2.0	-77.18061582799845
2.001968504	-64.72865592219163
2.003937008	-61.08490912138504
2.005905512	-72.79196496141155
2.007874016	-89.0820079143581
2.00984252	-91.58906302713693
2.011811024	-78.74819859946246
2.013779528	-65.321170664808
2.015748031	-63.751976711578116
2.017716535	-70.89940748093632
2.019685039	-73.7202809069602
2.021653543	-74.951449160386
2.023622047	-82.52158483651341
2.025590551	-99.60495721747345
2.027559055	-109.85196963802564
2.029527559	-100.9500927898319
2.031496063	-80.76257576156016
2.033464567	-75.46264336608617
2.035433071	-94.21722027304273
2.037401575	-116.858949981424
2.039370079	-117.59471651905858
2.041338583	-94.0410205066233
2.043307087	-72.36144523425031
2.045275591	-75.49399017247644
2.047244094	-98.7826460165816
2.049212598	-113.08456683123183
2.051181102	-105.32484719862006
2.053149606	-85.67431440566857
2.05511811	-78.94803424247915
2.057086614	-89.42300321328034
2.059055118	-103.78470722023916
2.061023622	-106.82537251233444
2.062992126	-100.37556129358053
2.06496063	-94.84442145022892
2.066929134	-95.85417940736968
2.068897638	-98.0820549637608
2.070866142	-97.10378393369844
2.072834646	-99.47041061903228
2.07480315	-108.43754830384225
2.076771654	-112.91378228833022
2.078740157	-99.94399633035013
2.080708661	-75.3781638177413
2.082677165	-63.24438053405015
2.084645669	-78.86161221249375
2.086614173	-105.67717649703019
2.088582677	-112.14048786038788
2.090551181	-92.27344893187356
2.092519685	-73.88533811606791
2.094488189	-85.07914876394881
2.096456693	-120.22901244699935
2.098425197	-147.3643421676703
2.100393701	-143.48313649488983
2.102362205	-122.36508723831663
2.104330709	-111.39160771197284
2.106299213	-116.35654175486194
2.108267717	-120.0015305260824
2.11023622	-108.01125033407145
2.112204724	-90.86525765760639
2.114173228	-85.25787037170757
2.116141732	-94.8802922229654
2.118110236	-110.03963458201056
2.12007874	-117.1989888144643
2.122047244	-116.05039530871751
2.124015748	-110.673501408129
2.125984252	-104.0233328298263
2.127952756	-103.13780145113745
2.12992126	-113.21520570583425
2.131889764	-129.38747754278842
2.133858268	-136.9747421745975
2.135826772	-125.04294626341044
2.137795276	-103.48385286718735
2.13976378	-93.74413259523912
2.141732283	-108.65226883372861
2.143700787	-133.79142361971827
2.145669291	-143.53111987642347
2.147637795	-125.15842378383196
2.149606299	-98.76497842579101
2.151574803	-90.46249116246672
2.153543307	-103.2418621164228
2.155511811	-116.14330976175442
2.157480315	-106.44186108750186
2.159448819	-76.8571223732194
2.161417323	-55.49472066010451
2.163385827	-65.2754643901057
2.165354331	-98.6340021389391
2.167322835	-124.83197837714364
2.169291339	-122.71374468701426
2.171259843	-100.8053051178717
2.173228346	-88.26573463086858
2.17519685	-104.04525454111683
2.177165354	-135.73277068799916
2.179133858	-154.92300433961813
2.181102362	-148.18651456025
2.183070866	-127.91933215715538
2.18503937	-120.32475874660285
2.187007874	-131.552914053325
2.188976378	-143.30628111384817
2.190944882	-132.46059259641768
2.192913386	-103.7254311687909
2.19488189	-79.38907953625275
2.196850394	-79.49450493238302
2.198818898	-98.5257328394277
2.200787402	-113.26502091822871
2.202755906	-110.40581709277686
2.204724409	-102.58993815786592
2.206692913	-108.81051470715671
2.208661417	-132.51558187585607
2.210629921	-154.24109452708444
2.212598425	-155.83298721221195
2.214566929	-138.88101556501198
2.216535433	-123.34654468359776
2.218503937	-126.53233719457972
2.220472441	-142.47291957004035
2.222440945	-152.85087221763908
2.224409449	-145.13695841580835
2.226377953	-130.03447559033359
2.228346457	-124.15966426013887
2.230314961	-132.38381983179275
2.232283465	-139.63842772963108
2.234251969	-134.5750148964511
2.236220472	-119.65907040833461
2.238188976	-108.29255826765078
2.24015748	-109.16013430535376
2.242125984	-117.61407117271717
2.244094488	-123.08607454228625
2.246062992	-124.71236102724077
2.248031496	-128.89443934347625
2.25	-135.32559148264858
2.251968504	-137.90855009649033
2.253937008	-133.09549641350344
2.255905512	-127.62909587713277
2.257874016	-127.76248526817405
2.25984252	-131.6934462154311
2.261811024	-135.63511930565997
2.263779528	-136.77457511376855
2.265748031	-135.63938456399725
2.267716535	-132.27226603567536
2.269685039	-131.34790881808584
2.271653543	-137.15430033610096
2.273622047	-150.09582040237092
2.275590551	-159.3535322881011
2.277559055	-153.6528138909966
2.279527559	-130.9855586076765
2.281496063	-112.23390877110133
2.283464567	-116.63492558536947
2.285433071	-136.97610090198958
2.287401575	-146.6786262444506
2.289370079	-133.15171083444687
2.291338583	-110.32395034868452
2.293307087	-105.34118558430924
2.295275591	-125.39353285769248
2.297244094	-153.34937148915873
2.299212598	-168.12569965561582
2.301181102	-163.34385845572098
2.303149606	-150.27415557691836
2.30511811	-142.768471166558
2.307086614	-145.5520152778539
2.309055118	-152.95048980014502
2.311023622	-153.0014145539895
2.312992126	-138.02402286813182
2.31496063	-113.97618758819688
2.316929134	-103.18436432249511
2.318897638	-115.55169715887149
2.320866142	-137.8655514246361
2.322834646	-148.5424775384481
2.32480315	-146.16086815449356
2.326771654	-148.75117330895753
2.328740157	-164.02750758983683
2.330708661	-178.4126226029025
2.332677165	-170.76967554125906
2.334645669	-147.1289001040662
2.336614173	-137.1662576278758
2.338582677	-156.77759255201153
2.340551181	-180.52952032728138
2.342519685	-172.72422211226802
2.344488189	-135.04359780591975
2.346456693	-112.28562774472846
2.348425197	-135.86164871584106
2.350393701	-186.13306803067013
2.352362205	-209.6587666198732
2.354330709	-183.25804654334075
2.356299213	-142.42086546984424
2.358267717	-137.7229568370021
2.36023622	-175.33285686865833
2.362204724	-213.79160669795354
2.364173228	-215.03164234488287
2.366141732	-185.46104580440027
2.368110236	-162.63694379234207
2.37007874	-168.40515164480627
2.372047244	-190.15506486652788
2.374015748	-205.9954789843141
2.375984252	-211.85776222146822
2.377952756	-216.89738973481366
2.37992126	-218.35973532006568
2.381889764	-209.57069751184108
2.383858268	-189.55386903509262
2.385826772	-175.78971809195056
2.387795276	-183.292327600462
2.38976378	-199.8801400022159
2.391732283	-204.90964347371528
2.393700787	-192.3994245778728
2.395669291	-179.78755105857277
2.397637795	-181.18905788483247
2.399606299	-188.9835673376534
2.401574803	-185.53649951304754
2.403543307	-164.56987582307733
2.405511811	-143.29045477596634
2.407480315	-136.12613617895283
2.409448819	-140.13662146270497
2.411417323	-138.7493911531997
2.413385827	-124.21480247208278
2.415354331	-102.20027970422026
2.417322835	-89.09382958512286
2.419291339	-98.91448725041307
2.421259843	-127.44428928437756
2.423228346	-153.89951347185013
2.42519685	-151.07120629498655
2.427165354	-116.61604111483697
2.429133858	-78.90695454802069
2.431102362	-75.15264405934695
2.433070866	-106.89316534791702
2.43503937	-135.43038317037565
2.437007874	-125.95407114770896
2.438976378	-88.25876944762662
2.440944882	-67.80426601587797
2.442913386	-91.97289492503593
2.44488189	-141.36656463919317
2.446850394	-173.60126379397835
2.448818898	-169.09868901794468
2.450787402	-142.60151795384309
2.452755906	-124.76844387021382
2.454724409	-125.62396873815565
2.456692913	-137.09042101709798
2.458661417	-141.5568354813554
2.460629921	-131.00605450161615
2.462598425	-111.42358204599006
2.464566929	-102.42994454638584
2.466535433	-119.74782423884285
2.468503937	-157.26327766544222
2.470472441	-192.47341498148893
2.472440945	-217.54651995437985
2.474409449	-249.95581746791902
2.476377953	-314.7045648908006
2.478346457	-404.59931289458876
2.480314961	-483.1178995294102
2.482283465	-524.2482280463316
2.484251969	-543.8600511623913
2.486220472	-578.2373950631
2.488188976	-634.7280395917962
2.49015748	-675.1955962829418
2.492125984	-663.7239527349401
2.494094488	-607.6575289838928
2.496062992	-547.2742959898557
2.498031496	-507.4616474147042
2.5	-469.61642390133306
2.501968504	-402.23471987886427
2.503937008	-304.4779500724066
2.505905512	-203.30520253472505
2.507874016	-126.54572034080647
2.50984252	-77.88151677882745
2.511811024	-47.374219935682866
2.513779528	-25.047049339729572
2.515748031	-12.160155005382745
2.517716535	-11.27124224712627
2.519685039	-21.42733856870714
2.521653543	-39.22942316126356
2.523622047	-60.660866290514555
2.525590551	-75.12067568302803
2.527559055	-75.41417093674275
2.529527559	-64.49383480758398
2.531496063	-58.478493023928756
2.533464567	-64.22121248878851
2.535433071	-71.00118564957891
2.537401575	-61.678032341688095
2.539370079	-37.13033568068558
2.541338583	-21.540491170613592
2.543307087	-32.11222538577344
2.545275591	-57.71827395717015
2.547244094	-68.10882970558117
2.549212598	-48.056721253767606
2.551181102	-20.732111080926053
2.553149606	-16.013327427555037
2.55511811	-38.255496197578225
2.557086614	-60.16328908015741
2.559055118	-55.32455983324493
2.561023622	-27.351732752843542
2.562992126	-9.00372239290746
2.56496063	-21.41497727820963
2.566929134	-54.303299683928
2.568897638	-76.48716368984599
2.570866142	-73.53392648260014
2.572834646	-58.93602018817881
2.57480315	-58.43928236995732
2.576771654	-73.00334879649503
2.578740157	-84.30355967489274
2.580708661	-73.29161867241683
2.582677165	-47.300896066678014
2.584645669	-30.94397305136809
2.586614173	-38.4892292625001
2.588582677	-56.81199392762774
2.590551181	-66.51087387085045
2.592519685	-62.53413111178068
2.594488189	-55.97456600845042
2.596456693	-57.83399748040783
2.598425197	-67.8362889547639
2.600393701	-81.22158165955764
2.602362205	-93.03890927430265
2.604330709	-101.33319148383298
2.606299213	-103.90617762454926
2.608267717	-100.80912096678259
2.61023622	-98.68814654176192
2.612204724	-103.46612135379564
2.614173228	-108.83469129249468
2.616141732	-100.50954690239872
2.618110236	-79.42548572172234
2.62007874	-69.9349299585958
2.622047244	-91.41919162094031
2.624015748	-127.715202977973
2.625984252	-143.25664675301016
2.627952756	-118.45369476551335
2.62992126	-79.73450403731091
2.631889764	-72.38081434509967
2.633858268	-107.40161283733192
2.635826772	-155.80367623832436
2.637795276	-173.62525613430722
2.63976378	-151.31231572295232
2.641732283	-115.40439532563234
2.643700787	-98.53461148018901
2.645669291	-113.75774973241676
2.647637795	-145.22655349187198
2.649606299	-170.86709822622447
2.651574803	-173.74272091345105
2.653543307	-154.72339983899644
2.655511811	-130.1515500569591
2.657480315	-119.16613471535064
2.659448819	-131.28472196534298
2.661417323	-155.5430236465213
2.663385827	-170.2312268063171
2.665354331	-167.69128115505492
2.667322835	-154.2189947891574
2.669291339	-146.03464561110516
2.671259843	-148.62193584763946
2.673228346	-160.3594255923653
2.67519685	-171.24959781634277
2.677165354	-176.43210175432242
2.679133858	-179.62097003901545
2.681102362	-186.41998813299932
2.683070866	-201.84945903188736
2.68503937	-219.951382793835
2.687007874	-228.80386991079538
2.688976378	-218.7187285812789
2.690944882	-195.43011535989953
2.692913386	-179.32085326238078
2.69488189	-184.91728981637638
2.696850394	-205.28637127853145
2.698818898	-214.3780253710668
2.700787402	-200.06665242392154
2.702755906	-176.0088024835655
2.704724409	-171.62050528659486
2.706692913	-198.1096726773473
2.708661417	-235.7173271299799
2.710629921	-259.4105770180036
2.712598425	-264.6341763247508
2.714566929	-264.7581523532291
2.716535433	-269.36962425875447
2.718503937	-268.36716310442245
2.720472441	-252.99476311805674
2.722440945	-230.67181081667817
2.724409449	-221.93672691148186
2.726377953	-231.87935122319521
2.728346457	-245.75203882803686
2.730314961	-245.53601692967982
2.732283465	-232.5772065851204
2.734251969	-224.63850436514275
2.736220472	-234.4600085500008
2.738188976	-254.2394291462887
2.74015748	-270.61679344669824
2.742125984	-275.70282945526594
2.744094488	-270.8042442734471
2.746062992	-260.53546378864087
2.748031496	-250.79773508360185
2.75	-243.34970423775408
2.751968504	-240.30363834073106
2.753937008	-240.9933077226414
2.755905512	-242.180881990216
2.757874016	-240.18519178104583
2.75984252	-234.31252177001355
2.761811024	-229.34853207856324
2.763779528	-229.61251642624708
2.765748031	-230.7614010199718
2.767716535	-227.44517458695412
2.769685039	-216.7789452673184
2.771653543	-203.1831450035746
2.773622047	-195.4342048469845
2.775590551	-196.08691758937152
2.777559055	-194.94716252650935
2.779527559	-181.4333660334381
2.781496063	-155.77659743037205
2.783464567	-135.28697031511413
2.785433071	-135.26878007341145
2.787401575	-152.49911879107975
2.789370079	-163.50805723693628
2.791338583	-147.56108991438313
2.793307087	-110.40142222245366
2.795275591	-80.68060676532077
2.797244094	-79.38103114291938
2.799212598	-96.4415744837199
2.801181102	-104.24917276800547
2.803149606	-87.31530975488492
2.80511811	-61.04553133240209
2.807086614	-50.705159819553415
2.809055118	-65.19133506049525
2.811023622	-82.48931114664724
2.812992126	-78.30005055059803
2.81496063	-55.96689730683143
2.816929134	-41.0900644916671
2.818897638	-55.46298232209247
2.820866142	-88.58951115332927
2.822834646	-109.64050914429507
2.82480315	-100.94103088559909
2.826771654	-74.75329735672334
2.828740157	-60.0761482371112
2.830708661	-71.61618907269923
2.832677165	-96.18521585451533
2.834645669	-108.10093516829656
2.836614173	-95.8204224818699
2.838582677	-71.4820267237001
2.840551181	-55.557594767540614
2.842519685	-59.843787682447626
2.844488189	-75.45011110041901
2.846456693	-87.03780936652467
2.848425197	-88.92338083575058
2.850393701	-85.71320281999287
2.852362205	-83.59984620086529
2.854330709	-83.73071017444488
2.856299213	-81.1668976114961
2.858267717	-74.86270098450146
2.86023622	-70.2512112215386
2.862204724	-70.93655554144928
2.864173228	-76.45741479528832
2.866141732	-83.56108401864536
2.868110236	-90.1529049400873
2.87007874	-96.07241443630315
2.872047244	-98.41846686077969
2.874015748	-96.71724044554975
2.875984252	-98.87126259799687
2.877952756	-110.3675277396648
2.87992126	-128.00972276108968
2.881889764	-137.69897185106646
2.883858268	-127.93677145875667
2.885826772	-106.35011018234441
2.887795276	-88.13471481803995
2.88976378	-87.31605217755165
2.891732283	-97.78772578585527
2.893700787	-103.93985037837048
2.895669291	-100.90091149307229
2.897637795	-96.72827040572416
2.899606299	-100.30587896524145
2.901574803	-113.20270961034144
2.903543307	-127.29028115861543
2.905511811	-136.81320116317727
2.907480315	-136.63776410644883
2.909448819	-128.41207186429975
2.911417323	-116.62809106281809
2.913385827	-112.0527233219712
2.915354331	-120.59972743834346
2.917322835	-137.34126113824144
2.919291339	-142.7917909628518
2.921259843	-126.84467945198914
2.923228346	-104.42986731677473
2.92519685	-100.88570086405775
2.927165354	-119.14885373894681
2.929133858	-137.79146565033003
2.931102362	-132.9728660587394
2.933070866	-108.65098849071575
2.93503937	-89.4707845270386
2.937007874	-91.34411796258566
2.938976378	-102.1633486220396
2.940944882	-106.73018597709344
2.942913386	-107.74517239742502
2.94488189	-117.6080813567819
2.946850394	-134.09812386325382
2.948818898	-135.19731254884908
2.950787402	-113.97080347121432
2.952755906	-96.3251215373246
2.954724409	-105.99329006618555
2.956692913	-137.04100134540437
2.958661417	-153.69916647873399
2.960629921	-136.06675666111337
2.962598425	-104.5244297751413
2.964566929	-92.98588241531789
2.966535433	-109.15969891646316
2.968503937	-125.36256100046556
2.970472441	-123.39969881949659
2.972440945	-113.71680483678547
2.974409449	-111.05338000057466
2.976377953	-112.70696408099188
2.978346457	-102.60388073379715
2.980314961	-85.22089003321794
2.982283465	-86.13121788933418
2.984251969	-117.64683478904668
2.986220472	-155.22678246934788
2.988188976	-163.0687105572003
2.99015748	-137.9529826583329
2.992125984	-113.64740960718227
2.994094488	-120.44089365206716
2.996062992	-147.75593869615273
2.998031496	-159.70032391593355
3.0	-138.0971083733351
3.001968504	-103.58165932868525
3.003937008	-85.62844472664233
3.005905512	-93.66609043345069
3.007874016	-111.07489994185828
3.00984252	-119.08722839354816
3.011811024	-118.56200366697811
3.013779528	-117.34005665973008
3.015748031	-118.44365992191176
3.017716535	-119.84686802709432
3.019685039	-117.5736743358036
3.021653543	-115.14969415314526
3.023622047	-116.46482641012122
3.025590551	-120.89488342458084
3.027559055	-124.00053439931095
3.029527559	-124.47000023474367
3.031496063	-121.2663728512154
3.033464567	-118.44997158166402
3.035433071	-118.2251054168684
3.037401575	-121.24707813972832
3.039370079	-123.97496574753944
3.041338583	-122.58941913766553
3.043307087	-116.04936129042291
3.045275591	-108.25548084892453
3.047244094	-105.60515359489635
3.049212598	-106.36869084239234
3.051181102	-105.6867929406606
3.053149606	-103.19594363236043
3.05511811	-106.20582924107137
3.057086614	-119.27432375631258
3.059055118	-134.96637999532092
3.061023622	-138.2484493528545
3.062992126	-124.67479308413769
3.06496063	-112.17794227939547
3.066929134	-118.17879153725339
3.068897638	-134.88321707290967
3.070866142	-141.61273873528103
3.072834646	-125.82726052519322
3.07480315	-106.11325743505783
3.076771654	-106.19759338930159
3.078740157	-128.93962242085922
3.080708661	-151.91618734257744
3.082677165	-155.87802428256944
3.084645669	-144.3486062574442
3.086614173	-131.43214114340628
3.088582677	-123.18051300759768
3.090551181	-115.2510163789449
3.092519685	-107.94057216161458
3.094488189	-112.0015184369897
3.096456693	-127.02966695748535
3.098425197	-136.32934464064988
3.100393701	-126.72533988532918
3.102362205	-107.73311519225825
3.104330709	-107.20763059601434
3.106299213	-137.91240317476064
3.108267717	-176.21660746744433
3.11023622	-185.1900556421819
3.112204724	-157.08562154069966
3.114173228	-120.07906570007005
3.116141732	-107.75487512359344
3.118110236	-120.41333114581828
3.12007874	-134.85985730696152
3.122047244	-133.74944713208018
3.124015748	-126.48454871667604
3.125984252	-130.4663300566834
3.127952756	-150.15486509313
3.12992126	-172.28112209787508
3.131889764	-182.4020217066361
3.133858268	-183.47023210150317
3.135826772	-186.3033443850031
3.137795276	-195.93286097586574
3.13976378	-204.4707504154527
3.141732283	-200.98804361585005
3.143700787	-180.57270846426002
3.145669291	-158.22865420868598
3.147637795	-152.35251088908558
3.149606299	-168.62350836039914
3.151574803	-190.83403224314802
3.153543307	-195.2852746461748
3.155511811	-177.50011089082525
3.157480315	-158.54015244872429
3.159448819	-161.14257217422747
3.161417323	-180.4260373190641
3.163385827	-187.92658476505684
3.165354331	-166.36837295969707
3.167322835	-132.59364923920037
3.169291339	-118.42702254566782
3.171259843	-130.70190775064225
3.173228346	-145.4106031695628
3.17519685	-136.2041456695989
3.177165354	-106.46110096920386
3.179133858	-83.56634848319028
3.181102362	-84.96811196268594
3.183070866	-98.77040888138318
3.18503937	-102.85317092973926
3.187007874	-90.28582248537072
3.188976378	-76.22977953428733
3.190944882	-74.5897647901664
3.192913386	-85.8604790869399
3.19488189	-94.67250330147894
3.196850394	-94.66184576861443
3.198818898	-91.48256625399807
3.200787402	-101.27975243246136
3.202755906	-120.81348600051275
3.204724409	-132.05665822488467
3.206692913	-119.84879735312269
3.208661417	-94.0198448188011
3.210629921	-83.44901638983842
3.212598425	-101.5594055145449
3.214566929	-127.48749237396946
3.216535433	-130.92530608927254
3.218503937	-108.74750482840035
3.220472441	-90.05389032048599
3.222440945	-100.80961707183758
3.224409449	-132.98704990153396
3.226377953	-152.40294440849206
3.228346457	-142.98053282184796
3.230314961	-126.53274063413518
3.232283465	-131.91271823046839
3.234251969	-167.53333726023138
3.236220472	-214.77552902578716
3.238188976	-256.36345850722256
3.24015748	-294.80959765756114
3.242125984	-342.90765071299114
3.244094488	-407.3952963404135
3.246062992	-477.8626862333184
3.248031496	-536.8004417635398
3.25	-575.3030584286814
3.251968504	-594.4853721808047
3.253937008	-599.3266842312519
3.255905512	-593.2466930360042
3.257874016	-569.9517022246929
3.25984252	-527.2602285704206
3.261811024	-464.28126334708935
3.263779528	-387.2502912488729
3.265748031	-306.3623245785748
3.267716535	-229.14199301135434
3.269685039	-158.1820357550122
3.271653543	-95.29183205293425
3.273622047	-43.244891536606126
3.275590551	-10.197132022808006
3.277559055	0.440554034195762
3.279527559	-3.192550209421841
3.281496063	-10.37897628148604
3.283464567	-19.447845407264868
3.285433071	-38.172582356035534
3.287401575	-68.52056089686202
3.289370079	-94.34210133187807
3.291338583	-94.91053061292418
3.293307087	-73.70983822678936
3.295275591	-58.26784488353231
3.297244094	-69.19767844651454
3.299212598	-89.50149955335588
3.301181102	-84.98660888527067
3.303149606	-51.14763042842809
3.30511811	-19.934000689092617
3.307086614	-22.510724444816447
3.309055118	-50.77514095913828
3.311023622	-72.9873937680293
3.312992126	-69.96668803056616
3.31496063	-58.06961205031285
3.316929134	-56.367403047911246
3.318897638	-61.58855436534774
3.320866142	-59.71549655314477
3.322834646	-53.102137195046765
3.32480315	-57.74062093360459
3.326771654	-78.56510238096492
3.328740157	-96.9686302289393
3.330708661	-93.89597155835943
3.332677165	-77.0145364875415
3.334645669	-71.68547857841551
3.336614173	-89.10780862839476
3.338582677	-112.55746585611578
3.340551181	-116.48766349161905
3.342519685	-97.6500407291064
3.344488189	-73.20794103849538
3.346456693	-63.74700128268993
3.348425197	-71.59417071573421
3.350393701	-89.09000172977629
3.352362205	-103.92609220057031
3.354330709	-104.2861394049448
3.356299213	-91.2679220834788
3.358267717	-76.7949261177967
3.36023622	-80.16479928782996
3.362204724	-105.06159994891938
3.364173228	-131.6712616408645
3.366141732	-134.5657904484623
3.368110236	-111.72066235891339
3.37007874	-90.43862839627563
3.372047244	-97.43120854426172
3.374015748	-124.83145082216373
3.375984252	-141.50192726848505
3.377952756	-128.83855039626366
3.37992126	-104.25129773089644
3.381889764	-97.13466841952118
3.383858268	-115.52096871809154
3.385826772	-138.40886202396007
3.387795276	-144.343774241297
3.38976378	-134.37239691408956
3.391732283	-125.82540378146572
3.393700787	-126.05849369128954
3.395669291	-129.87028864199553
3.397637795	-131.89669733510283
3.399606299	-135.04442017866373
3.401574803	-144.29468824250333
3.403543307	-155.45748241619975
3.405511811	-158.28498670689575
3.407480315	-155.84900246858896
3.409448819	-158.55693123084836
3.411417323	-166.443988839987
3.413385827	-168.80601744775294
3.415354331	-160.9438491502305
3.417322835	-155.16474867547345
3.419291339	-167.09583902498545
3.421259843	-186.6664393050349
3.423228346	-191.18216992298585
3.42519685	-171.9330175854954
3.427165354	-155.98714649420305
3.429133858	-170.48114515817966
3.431102362	-206.89930701426312
3.433070866	-227.99322632251364
3.43503937	-212.1375886339149
3.437007874	-177.71508118888096
3.438976378	-163.3658318561759
3.440944882	-181.44644843130902
3.442913386	-209.58761166152513
3.44488189	-220.3302946539692
3.446850394	-212.7181552954584
3.448818898	-205.6398524278276
3.450787402	-207.65006489497094
3.452755906	-211.05749600363004
3.454724409	-209.64269619319273
3.456692913	-211.18885935695096
3.458661417	-223.00922073815772
3.460629921	-239.3251506307533
3.462598425	-242.9321009872199
3.464566929	-231.90445512348538
3.466535433	-221.23445077077926
3.468503937	-227.58828759916278
3.470472441	-246.73186905296612
3.472440945	-260.89107396470934
3.474409449	-255.2767207800271
3.476377953	-240.4552604058013
3.478346457	-234.19794168826502
3.480314961	-241.81700174199574
3.482283465	-252.36559820572904
3.484251969	-254.25680633862262
3.486220472	-247.29101150127238
3.488188976	-241.39820149039957
3.49015748	-245.29927329624397
3.492125984	-255.75385909734172
3.494094488	-261.71826554576245
3.496062992	-260.6942016771944
3.498031496	-255.25122282582896
3.5	-251.70251930654237
3.501968504	-254.204920291666
3.503937008	-262.3470810582417
3.505905512	-268.6708962680958
3.507874016	-270.8891981188859
3.50984252	-264.15996972039363
3.511811024	-250.77632197586976
3.513779528	-239.91095099178358
3.515748031	-239.59935661996664
3.517716535	-245.45002180127892
3.519685039	-249.3670767922358
3.521653543	-244.08192523539023
3.523622047	-232.53774043812749
3.525590551	-223.58521249012648
3.527559055	-224.28561501847176
3.529527559	-229.57810367233003
3.531496063	-230.44095842234134
3.533464567	-218.70002317199555
3.535433071	-198.45941318349125
3.537401575	-177.40407081525362
3.539370079	-165.3852912144876
3.541338583	-161.3748101626487
3.543307087	-156.26591281568034
3.545275591	-141.99384390381888
3.547244094	-123.10098335358124
3.549212598	-110.18871251488179
3.551181102	-109.77108467660034
3.553149606	-113.93740743066593
3.55511811	-112.43614744380997
3.557086614	-104.21706004878659
3.559055118	-99.45738047546206
3.561023622	-102.12262439531594
3.562992126	-103.56055457973896
3.56496063	-95.18061672800314
3.566929134	-78.15437677471202
3.568897638	-62.9510618980895
3.570866142	-58.77746808860865
3.572834646	-59.99686662698111
3.57480315	-59.59503951444615
3.576771654	-52.80020772797366
3.578740157	-42.980501261979505
3.580708661	-36.96829421162701
3.582677165	-39.22878138759909
3.584645669	-49.272994861728364
3.586614173	-60.310035647990524
3.588582677	-61.020788617229165
3.590551181	-48.256402159936094
3.592519685	-30.39410724369477
3.594488189	-26.544437792366637
3.596456693	-43.8288325768341
3.598425197	-66.94018179902872
3.600393701	-75.75411134574485
3.602362205	-63.27043293315341
3.604330709	-50.06976439973292
3.606299213	-57.01433859266284
3.608267717	-84.19085508554622
3.61023622	-108.36837446779191
3.612204724	-108.38510772785033
3.614173228	-85.7764067425476
3.616141732	-64.85987597414669
3.618110236	-63.00871863324765
3.62007874	-73.32088809457535
3.622047244	-76.75315212487078
3.624015748	-63.275805321019206
3.625984252	-45.87531453551044
3.627952756	-44.74933743592041
3.62992126	-61.81602888788388
3.631889764	-80.09858958683886
3.633858268	-84.02867174716904
3.635826772	-78.55923554127627
3.637795276	-82.3762323404388
3.63976378	-102.18354089663895
3.641732283	-121.69777243036012
3.643700787	-122.07987078858326
3.645669291	-101.48242474201051
3.647637795	-81.64149779370311
3.649606299	-80.06536764126015
3.651574803	-93.19955760920934
3.653543307	-100.11419759354678
3.655511811	-93.46431729091121
3.657480315	-84.7763260612296
3.659448819	-90.27764587132795
3.661417323	-111.4201981521075
3.663385827	-125.53832869525004
3.665354331	-117.94706738697371
3.667322835	-99.30223607013114
3.669291339	-94.32447836610892
3.671259843	-114.88525699232883
3.673228346	-137.00100578881415
3.67519685	-134.42849343329613
3.677165354	-104.2406560190862
3.679133858	-78.58907486007409
3.681102362	-85.09809011181055
3.683070866	-117.00609750486659
3.68503937	-144.4642264454365
3.687007874	-145.40883434185196
3.688976378	-128.68598691436915
3.690944882	-114.90926525494167
3.692913386	-113.21502834077809
3.69488189	-116.80170184245793
3.696850394	-121.71275897432866
3.698818898	-125.12699139784988
3.700787402	-124.98538512613233
3.702755906	-115.92387551872667
3.704724409	-99.12837336508645
3.706692913	-89.40528968032727
3.708661417	-101.68394057349387
3.710629921	-129.21629772054612
3.712598425	-147.02625824869097
3.714566929	-138.3165344249527
3.716535433	-113.86854297632988
3.718503937	-99.02273893250845
3.720472441	-105.41410568092478
3.722440945	-122.78250161491275
3.724409449	-131.4744052274916
3.726377953	-126.14914615797888
3.728346457	-120.5809299038788
3.730314961	-123.85150137355159
3.732283465	-129.53597319368023
3.734251969	-129.99948605347578
3.736220472	-128.06858799671525
3.738188976	-132.35959476491095
3.74015748	-139.72139417878327
3.742125984	-137.04159204552997
3.744094488	-119.6765949070217
3.746062992	-100.73334400854337
3.748031496	-100.46398625636711
3.75	-116.87368580953364
3.751968504	-128.96090781750067
3.753937008	-123.4810932963507
3.755905512	-112.14695621402034
3.757874016	-112.94794589050554
3.75984252	-128.10154191731132
3.761811024	-137.53957074567143
3.763779528	-130.00197373439508
3.765748031	-116.97903032241189
3.767716535	-115.69596923516696
3.769685039	-122.91336657119382
3.771653543	-123.42433722189782
3.773622047	-110.45049393333935
3.775590551	-96.96400548428866
3.777559055	-97.78590539960236
3.779527559	-105.86486486510266
3.781496063	-105.33204427904761
3.783464567	-96.00359406066902
3.785433071	-94.75205016891337
3.787401575	-111.15955453110513
3.789370079	-129.5566934217232
3.791338583	-130.88542230350416
3.793307087	-112.83544761439178
3.795275591	-99.08555523869398
3.797244094	-104.17806744313341
3.799212598	-119.52925815151973
3.801181102	-126.2463438089827
3.803149606	-115.35556252440792
3.80511811	-100.97860996085222
3.807086614	-94.02897604906178
3.809055118	-99.19544591577449
3.811023622	-106.65749101481259
3.812992126	-110.68171723085034
3.81496063	-113.53548349278687
3.816929134	-118.58196700872816
3.818897638	-124.86337189197188
3.820866142	-127.5447279047335
3.822834646	-126.38064999678078
3.82480315	-122.26409346037475
3.826771654	-119.55399211031997
3.828740157	-119.01323276931949
3.830708661	-119.40416387344166
3.832677165	-120.52429727106143
3.834645669	-124.52942645401832
3.836614173	-129.4892911887255
3.838582677	-132.5758004331642
3.840551181	-134.47783229223626
3.842519685	-140.6436707734847
3.844488189	-157.90612197717098
3.846456693	-179.35262151192416
3.848425197	-191.8454272413112
3.850393701	-185.2695322457577
3.852362205	-162.89958472505512
3.854330709	-140.0417318665397
3.856299213	-127.6608220093672
3.858267717	-127.42185606591119
3.86023622	-133.14037578338906
3.862204724	-139.48793957722944
3.864173228	-140.15020829612448
3.866141732	-137.68386989907512
3.868110236	-136.258510114754
3.87007874	-143.22385926139992
3.872047244	-158.3856432417869
3.874015748	-175.08529513972053
3.875984252	-184.02406418449343
3.877952756	-187.43800162422232
3.87992126	-193.11007908766538
3.881889764	-202.2822914807983
3.883858268	-205.05679662619522
3.885826772	-196.61910033278414
3.887795276	-186.7525861495526
3.88976378	-189.9102252203658
3.891732283	-203.5351016907298
3.893700787	-207.77047069060498
3.895669291	-190.4319676183133
3.897637795	-164.7352023171184
3.899606299	-153.84160594658098
3.901574803	-163.01188620843058
3.903543307	-173.25976514667116
3.905511811	-166.7155657763673
3.907480315	-144.55839212029707
3.909448819	-123.34559474104867
3.911417323	-114.24673742004816
3.913385827	-115.00221482580157
3.915354331	-116.09854360864809
3.917322835	-110.42740383997779
3.919291339	-99.80699219963377
3.921259843	-88.90271925905745
3.923228346	-88.29099232425745
3.92519685	-103.4620617650893
3.927165354	-119.61251253892807
3.929133858	-120.82058529704916
3.931102362	-102.52715330464811
3.933070866	-87.25381117468315
3.93503937	-93.13229593375581
