10.01	3.281941096980056
10.02	2.6762288108865144
10.03	5.3015760205986275
10.04	4.401594360639454
10.05	5.623065671780368
10.06	1.8846307546753764
10.07	1.7149155838163477
10.08	4.094336234009136
10.09	3.331323199065855
10.1	1.2088422499241769
10.11	2.8696075024727445
10.12	1.6606413640068451
10.13	3.6954347592584886
10.14	4.32189996694114
10.15	0.6238971425258071
10.16	4.834218493373925
10.17	0.8659544847195384
10.18	2.720952381040637
10.19	1.5547329716552758
10.2	-0.16143697314766614
10.21	0.8232092186933722
10.22	1.862168225448069
10.23	1.4482571381792826
10.24	0.5526103521862922
10.25	0.8454650817314158
10.26	0.8637084196429117
10.27	0.42500419409706436
10.28	2.0245361603835805
10.29	-0.17933732229463928
10.3	5.804253801583998
10.31	2.5191108790281325
10.32	0.4371281372276381
10.33	0.02867332543622947
10.34	3.170841323228693
10.35	0.8164201250936451
10.36	0.10075969404066565
10.37	0.42437466407978164
10.38	3.061129513265348
10.39	-0.13414405072109192
10.4	-0.5987405169403988
10.41	1.8763041104203153
10.42	-1.4592984803854698
10.43	-2.789612161155413
10.44	3.670320288706219
10.45	2.506561657826441
10.46	0.3021203692283432
10.47	1.445172478194299
10.48	-1.1029942513217441
10.49	0.5444675840282973
10.5	0.15166337703177218
10.51	-0.671054476421701
10.52	1.2907029467030786
10.53	-2.4026439325717655
10.54	-1.0281524109606586
10.55	1.3961533397400916
10.56	0.6552142315705649
10.57	0.3615296955458434
10.58	2.1322092625754068
10.59	-0.30351996596448017
10.6	2.293305589954149
10.61	-0.028237516581831573
10.62	0.003694553373583351
10.63	-0.9721124830156286
10.64	-2.9202135431950684
10.65	-0.8094385733637374
10.66	-0.38110540194550707
10.67	1.0787104764275315
10.68	1.9439616973249567
10.69	-0.20518462779680968
10.7	1.1172483141682
10.71	0.5728577909034526
10.72	-0.12116009527901062
10.73	0.8860682855770786
10.74	-1.9896769954777862
10.75	0.3735479728041945
10.76	-1.7678936123119282
10.77	0.33605646092622715
10.78	0.34644040754943584
10.79	0.15452409920979276
10.8	1.9343485228019066
10.81	3.139059209013706
10.82	0.04093761778098037
10.83	-0.3133958867416041
10.84	0.8488828526524062
10.85	0.7350082193323015
10.86	-0.9621856452476507
10.87	-1.9704139701785375
10.88	-0.2692814994148336
10.89	-0.8891457907233373
10.9	0.027814563887105015
10.91	-0.9031567048326086
10.92	-0.7576103723582108
10.93	-1.0089512945125552
10.94	1.5176744566552536
10.95	0.38580696941068215
10.96	0.48455298699055127
10.97	0.38344871375344924
10.98	-0.3284306258058609
10.99	1.135096188169625
11.0	-2.053313786876462
11.01	-2.6647265928832984
11.02	-0.07973577315039737
11.03	1.5069759899026542
11.04	0.9973843949251839
11.05	2.0121992802370965
11.06	1.0475919481441383
11.07	0.32532000758172097
11.08	0.1059789410287576
11.09	-0.6907445346284504
11.1	0.002100925576294599
11.11	2.448151895937912
11.12	-1.978202314243593
11.13	2.18288811086774
11.14	4.567392364206147
11.15	0.2728540332908762
11.16	-0.5545383187175398
11.17	3.5667183435307317
11.18	0.5873730517196715
11.19	2.4866300095832274
11.2	2.1018001836712634
11.21	1.1552530533682388
11.22	-2.6704344601604353
11.23	-0.6234629257469049
11.24	0.3715295050854295
11.25	0.8079336951682204
11.26	1.8269507432116088
11.27	0.6686473378458159
11.28	-0.7820720394832579
11.29	2.8240655139467474
11.3	-0.25626850467922235
11.31	-0.7022001963187208
11.32	1.3525485039917617
11.33	0.433304705499141
11.34	0.5398751330992173
11.35	2.2026023840929794
11.36	1.3741430643692227
11.37	1.5331636165130995
11.38	-0.45065888981175184
11.39	-0.11534826917730667
11.4	-0.38104305691124973
11.41	2.1639925706657013
11.42	3.420052392435208
11.43	1.5856472923479576
11.44	0.9810670357532519
11.45	1.5602794935286028
11.46	1.4777692319473537
11.47	0.9542942497192037
11.48	1.7143515791412278
11.49	0.707150075701467
11.5	3.268970737125723
11.51	2.8100558586804585
11.52	5.0086683484484755
11.53	1.419861741246359
11.54	0.8020167756999352
11.55	0.019126520135814395
11.56	0.5214409791696182
11.57	1.4221944701749727
11.58	3.383969106324945
11.59	1.496832406545384
11.6	1.731198477501617
11.61	0.9485213589526291
11.62	1.4331900174772063
11.63	1.108634868166448
11.64	4.467142816590432
11.65	3.2843256267546743
11.66	2.0337503561851666
11.67	1.3150501551976017
11.68	-0.17766757132972044
11.69	3.9351056997173366
11.7	3.425094149021035
11.71	-1.0803587144872324
11.72	4.014274645511732
11.73	0.7469432940086265
11.74	1.7405974262376698
11.75	1.95886849024635
11.76	2.3599840443398112
11.77	3.3943614641524196
11.78	0.8349386545907516
11.79	-0.8223476472106777
11.8	2.509722188111041
11.81	1.7066904617765757
11.82	2.051910097363152
11.83	2.2844104995150656
11.84	4.1640491663226
11.85	1.4618856196072407
11.86	4.384026788294452
11.87	2.870677221006544
11.88	5.37005250200049
11.89	1.5954035715035064
11.9	1.1245369766345557
11.91	3.994289238650566
11.92	1.0715132102266285
11.93	0.08927956205663179
11.94	0.5036220173158212
11.95	1.7811428065808512
11.96	1.5528972504050627
11.97	1.7947278235867916
11.98	2.5786681905918893
11.99	2.154621048463434
12.0	1.9926277016552378
12.01	2.0648748453627626
12.02	1.9487643170084024
12.03	1.1613752638116899
12.04	1.8148405438655688
12.05	2.189781860196762
12.06	0.804454423831872
12.07	3.545310721696728
12.08	2.981599544178394
12.09	0.1597893999904929
12.1	-2.5972009635653213
12.11	1.0228477917106147
12.12	1.436311971289446
12.13	-0.8921948808665019
12.14	2.4756104085001525
12.15	1.2275948127228076
12.16	2.0641889923132593
12.17	-0.7605442432319296
12.18	2.9653369343558262
12.19	2.3148858940459314
12.2	-0.7658331470419335
12.21	2.1605456400538596
12.22	3.4483295204877056
12.23	0.01224828084713403
12.24	1.9746175430552233
12.25	4.687786165544233
12.26	1.346360300986753
12.27	4.528903489603905
12.28	3.1990184017941026
12.29	0.4078601634186967
12.3	1.5186996822773018
12.31	3.721069368524468
12.32	1.3647455010806817
12.33	1.1204844366622777
12.34	3.6918348129111864
12.35	1.0075680304308503
12.36	1.8346779674409452
12.37	3.208966788563833
12.38	2.676704259037103
12.39	1.0028288910917422
12.4	3.4341079976960787
12.41	2.3695959801731012
12.42	-1.0783152942387153
12.43	2.016194093434253
12.44	1.589468080693495
12.45	1.3554622026056975
12.46	0.947692522287956
12.47	1.173848881210768
12.48	2.3748586358001287
12.49	4.258871603663593
12.5	-0.10371243883385395
12.51	4.688844832052791
12.52	3.079097324522926
12.53	1.5507555419002124
12.54	2.2199814905488178
12.55	3.7137814776099995
12.56	0.06880754259888278
12.57	1.5508240918735443
12.58	2.227313397524737
12.59	4.577993112770254
12.6	2.3587739300951513
12.61	3.6117157812585776
12.62	2.569789002957105
12.63	0.36275247341629235
12.64	2.1163787657874864
12.65	4.465601780620777
12.66	2.93508120831451
12.67	2.670110249572883
12.68	0.5126641878441007
12.69	3.6912193380966674
12.7	3.4546767168816617
12.71	1.9422767582191263
12.72	3.890210467106282
12.73	2.641726732985806
12.74	1.7134187937223648
12.75	3.8300359146070324
12.76	3.3183515775320878
12.77	0.27143376976748446
12.78	6.573897263172013
12.79	4.438622629785042
12.8	3.391920743778561
12.81	4.313622970444598
12.82	3.5738612893371484
12.83	6.336529136568288
12.84	2.565847873324956
12.85	2.159438382195072
12.86	1.9148169657872756
12.87	4.741751259868631
12.88	3.0819332856505697
12.89	2.310195703353495
12.9	3.4576154093607157
12.91	0.9558224240062865
12.92	1.9061339085514886
12.93	4.582796360318985
12.94	4.119809040894471
12.95	6.5655875220293325
12.96	5.195036385265343
12.97	2.6034182225414977
12.98	2.925966617889443
12.99	3.8700512803017966
13.0	2.8719286190848763
13.01	3.2728592930105647
13.02	4.905758073471962
13.03	2.5471207405452247
13.04	2.2267617258989114
13.05	3.6405833074002905
13.06	3.3018684019084787
13.07	3.79883549813957
13.08	0.8221645774579276
13.09	2.019427504427646
13.1	6.09303739732829
13.11	1.6545820095019104
13.12	3.7195703253580636
13.13	1.0293664196627108
13.14	4.093518576033298
13.15	2.5440998733399423
13.16	6.83902069281751
13.17	1.7496435962202965
13.18	2.5081808752139576
13.19	1.4364776149125336
13.2	1.7400649493785512
13.21	-0.2567694121809563
13.22	1.5448790764419458
13.23	4.160936168544881
13.24	1.8972059124389995
13.25	0.27376325301351123
13.26	3.548268390541906
13.27	3.118412012183603
13.28	1.3152181716309421
13.29	1.6833600382512783
13.3	1.835200298033929
13.31	3.9977682504286594
13.32	1.6799989497556793
13.33	-1.3736623259855532
13.34	5.593685795060166
13.35	3.5367639979311685
13.36	2.2909247845986394
13.37	0.9194938726813799
13.38	1.7186009498478185
13.39	3.9147302807332442
13.4	2.0143544422452155
13.41	1.4552138844049287
13.42	2.386385891352375
13.43	4.006515601091907
13.44	1.3605337751318214
13.45	4.656354520983017
13.46	4.000464759405858
13.47	3.3315309660626293
13.48	0.9651370668988251
13.49	2.6767972208623334
13.5	2.525615364342142
13.51	3.135593647518345
13.52	1.4172502286036082
13.53	5.23613907599438
13.54	1.991093607307994
13.55	-0.058728708777318506
13.56	3.3146393916687504
13.57	2.1982794082639554
13.58	1.3884284462048138
13.59	2.569385542602118
13.6	1.9261552805400188
13.61	-0.08030402951464
13.62	4.026774230630017
13.63	3.3448936562316685
13.64	0.6420764218276409
13.65	3.150420238794724
13.66	2.7698529461552033
13.67	3.340300392793812
13.68	4.853915241111127
13.69	4.272767676419721
13.7	3.5804582879607896
13.71	1.4915993056082841
13.72	3.882348003904571
13.73	4.700850506058261
13.74	2.9067635349334484
13.75	3.816642330978256
13.76	3.2423699984633965
13.77	5.598385680274317
13.78	2.650829741872387
13.79	2.4831945993187303
13.8	1.3834696756792446
13.81	0.8158649341379585
13.82	1.6257784912617492
13.83	3.0639136706761883
13.84	0.7229207896537728
13.85	2.8062500326448094
13.86	5.251538716474613
13.87	5.349428487402315
13.88	2.3752152255068903
13.89	1.2603446624609371
13.9	5.428232286440803
13.91	2.652804165039579
13.92	3.678950322690108
13.93	2.9882904123829657
13.94	4.559188361447914
13.95	2.276789311167089
13.96	1.2327427040539487
13.97	3.8746394155166195
13.98	2.5332237436277567
13.99	2.270781756881941
14.0	2.390805515609431
14.01	1.5615587854628423
14.02	1.4476752208209767
14.03	3.2802945495591773
14.04	1.3268560120687034
14.05	3.51599854769957
14.06	3.225227487235361
14.07	3.1961372451126744
14.08	1.9926558280594033
14.09	1.8799787009935571
14.1	2.647694963393373
14.11	1.5723534657690506
14.12	1.8215269749355785
14.13	2.6402714878950775
14.14	2.15660664992361
14.15	0.6681502250208156
14.16	0.334113234288524
14.17	3.9938943550671278
14.18	-1.6013906477103241
14.19	3.6126607527395738
14.2	2.720739318875288
14.21	4.459549576526865
14.22	-1.6742220183722012
14.23	0.883021356071271
14.24	2.846841471268772
14.25	0.8920914521633675
14.26	2.210252875857196
14.27	0.2938296574412378
14.28	0.280915198638892
14.29	2.3606987523469147
14.3	1.5458839639052386
14.31	-0.6536951688334174
14.32	2.061824752843167
14.33	1.3852195785846397
14.34	3.2203238075024148
14.35	1.861654989348251
14.36	0.2972442034735976
14.37	-0.3155220401758212
14.38	2.484297594584648
14.39	-1.114872854779905
14.4	1.5054263127993763
14.41	2.251440142133678
14.42	1.5120688362200798
14.43	1.6281608542628967
14.44	2.5133370556417804
14.45	0.4831966621478001
14.46	4.6577221068896355
14.47	-0.33785393635818695
14.48	1.6901173509365741
14.49	2.1556466160522563
14.5	1.4444558414379165
14.51	1.4979041845391514
14.52	1.426935847093891
14.53	4.132200329369229
14.54	0.8236923989002318
14.55	0.48039220613279343
14.56	-0.30267470644267647
14.57	1.2700217117931945
14.58	3.4767129558408025
14.59	0.3319742319971859
14.6	3.8354435289414717
14.61	0.14794919277284735
14.62	0.4549347041557843
14.63	-1.275961091918089
14.64	2.180331563323129
14.65	3.2157787722235773
14.66	0.7157331454482604
14.67	3.410864169995838
14.68	3.866683696845306
14.69	4.393067390431366
14.7	3.8502926352859013
14.71	3.306615923999135
14.72	2.667170546926233
14.73	-0.9833957634681121
14.74	2.3553898202177095
14.75	3.5650225849458943
14.76	1.3942986914042472
14.77	0.7776424183617725
14.78	1.9761888165808328
14.79	-0.03543748925294121
14.8	2.3944560414868894
14.81	3.196603954479763
14.82	4.009891855823586
14.83	6.210265486222687
14.84	1.0436980344939815
14.85	1.6612729555575312
14.86	3.775038318278023
14.87	3.7405729066629476
14.88	4.3332873054843635
14.89	1.010054855822913
14.9	4.418540678646499
14.91	0.6184234410651166
14.92	5.536298911511814
14.93	1.7836409142906824
14.94	2.7175753542049406
14.95	0.5384807618972411
14.96	1.245946956028788
14.97	2.2077893870523493
14.98	3.6956285008710843
14.99	1.4672432713723842
15.0	0.22292303154235782
15.01	4.155286265012162
15.02	2.543202942991543
15.03	2.2275744654007203
15.04	-0.15865787835499057
15.05	0.8841885341845996
15.06	1.5519520340278523
15.07	5.4697206154985265
15.08	0.3763383498395727
15.09	3.8195924227247815
15.1	2.6653020521074375
15.11	4.559339275941062
15.12	2.5216985449693676
15.13	1.6162465035269584
15.14	1.593760573597994
15.15	2.3022934663584014
15.16	0.3740455236720308
15.17	1.203098008345278
15.18	1.4011495242977936
15.19	0.7636184470839646
15.2	0.6975077665319797
15.21	3.1043990278369145
15.22	-2.6133274785931304
15.23	1.8523037619617013
15.24	2.294850914668081
15.25	0.19136386909735692
15.26	3.125248429024843
15.27	-0.812955297932797
15.28	1.2424780930868384
15.29	-0.9668254614937453
15.3	3.968317855639259
15.31	-0.17775882050546876
15.32	4.384001528852118
15.33	0.8224293652385395
15.34	3.1311480595656302
15.35	-0.8644904400325464
15.36	2.760904264843383
15.37	1.080690690229742
15.38	2.4409067589083073
15.39	0.9465109580682538
15.4	1.3635438644985607
15.41	1.1483618942519391
15.42	0.29941081334406094
15.43	-0.37659523753899893
15.44	1.7565049728545206
15.45	3.4362562646917265
15.46	1.8218358377930097
15.47	-0.7140225339044965
15.48	1.3364526948528113
15.49	-0.006875900014413405
15.5	3.0512140695474677
15.51	2.061981669438836
15.52	0.4002372186047044
15.53	1.235930848034367
15.54	-1.2015210226174133
15.55	1.1930541990754122
15.56	0.6306747402956747
15.57	0.9304005117126779
15.58	0.6265963828114294
15.59	0.13960558519465205
15.6	-0.12528917342166745
15.61	1.6504589742163054
15.62	1.0064892770274145
15.63	0.9391767507801702
15.64	-0.20418948836311812
15.65	1.7220833306552632
15.66	-0.15370401717108617
15.67	-1.2577487300461392
15.68	-0.11760613802225262
15.69	1.6409604858894065
15.7	3.123550920981553
15.71	-0.8119005987080052
15.72	2.250556923646315
15.73	2.73945072831272
15.74	3.381528978042608
15.75	2.207365410314839
15.76	-1.216017136685078
15.77	0.7504178335676793
15.78	1.3675217429565738
15.79	1.6805755230885062
15.8	-0.05834848852162877
15.81	1.6967126926964642
15.82	1.1707140144272512
15.83	1.301625384508833
15.84	3.2193827127907397
15.85	1.3689926545833089
15.86	1.8624499176535232
15.87	-0.2080322236432568
15.88	0.9261738847115976
15.89	2.9434813382875538
15.9	-0.26709257293352784
15.91	2.5118037701627816
15.92	1.8116137792496987
15.93	-2.569856082184411
15.94	1.8257304142718966
15.95	1.9295444414293077
15.96	2.526819920980908
15.97	2.596210011729787
15.98	3.99645283982513
15.99	3.1261426385109234
16.0	4.960201399706479
16.01	2.0522026975939456
16.02	-0.23931474320967072
16.03	2.1828034076235188
16.04	1.3391796755818792
16.05	1.4449211888815119
16.06	1.4526993483468105
16.07	3.6017809001132832
16.08	5.035276656371905
16.09	1.8868749669810776
16.1	2.2015450944054678
16.11	1.4949958720826397
16.12	3.5825466788202487
16.13	1.5894529109718514
16.14	0.09344041631044941
16.15	2.8768911681277727
16.16	2.684335516058861
16.17	0.33006714333112863
16.18	0.7816001644574769
16.19	3.926215485625204
16.2	1.091538376248129
16.21	2.3748549114324518
16.22	-0.8079170569242982
16.23	1.4595599744814245
16.24	-2.0223804496849507
16.25	2.2343066746560187
16.26	6.4937471666128195
16.27	0.9386382852979044
16.28	2.1655216815596376
16.29	-0.6271899307691029
16.3	-0.5307552805153393
16.31	-1.3544811942796124
16.32	5.065908643870149
16.33	2.62168345490264
16.34	1.6141004237851053
16.35	3.3332250517404924
16.36	1.931785384411734
16.37	1.5972554413787217
16.38	-0.5531659379208003
16.39	0.8389779892082094
16.4	1.9712114120492714
16.41	1.360918195536773
16.42	2.1802992433691357
16.43	1.657758297565241
16.44	3.3426328043213873
16.45	1.248000597964909
16.46	1.8238079879957345
16.47	1.3707192169754054
16.48	3.3833700860549207
16.49	1.816370242320977
16.5	-1.2514479295707284
16.51	2.2862464132356166
16.52	2.9718691703792843
16.53	2.3544416710970504
16.54	1.9422449703855804
16.55	1.1329675194684334
16.56	0.7884685555454916
16.57	1.2384453769949382
16.58	-1.1523054840281322
16.59	0.2149529347863337
16.6	-0.4284131042800323
16.61	1.583285342484953
16.62	0.9337539224917969
16.63	0.5636719580201969
16.64	3.1812246460317777
16.65	1.983360730644163
16.66	1.5344027995131035
16.67	2.534836443299801
16.68	0.613067715880966
16.69	0.8646289151774242
16.7	-2.564254255943199
16.71	1.3134011822432308
16.72	0.45048013887069926
16.73	1.970078282694601
16.74	0.8558175707314861
16.75	0.9937421872316362
16.76	-0.008746282005299921
16.77	1.6048349637776174
16.78	-0.3269150850941567
16.79	1.0109139150091073
16.8	4.450252889241601
16.81	-2.349427639305363
16.82	-0.5048869202345194
16.83	-0.1490052319003463
16.84	-0.22674807476712133
16.85	1.134963962507721
16.86	2.7728266734479234
16.87	1.8822873592768499
16.88	2.6497274252178693
16.89	3.6101946847077375
16.9	1.989648690331024
16.91	0.7089543813022098
16.92	-1.1719034066261542
16.93	-1.2790745836524373
16.94	-0.4959912551754697
16.95	0.9132389549973309
16.96	4.208351944498086
16.97	0.5865230258195347
16.98	1.863771831327601
16.99	1.70299007182031
17.0	1.1034146982742978
17.01	0.9538378785619048
17.02	2.5278531054548017
17.03	2.4909561091998604
17.04	2.4021324128234305
17.05	1.5878569202678778
17.06	2.0818790881874647
17.07	1.232711504821935
17.08	1.3775533588661482
17.09	3.25749691294416
17.1	-0.14249499925110665
17.11	0.30480385250231645
17.12	1.1717751511420194
17.13	2.788521385126381
17.14	-0.5071441703803112
17.15	2.710832354661989
17.16	-0.06441561653495609
17.17	0.7722567969971308
17.18	2.422885406542541
17.19	2.013774076755128
17.2	0.5221947170123196
17.21	3.6041145296157824
17.22	4.61357688116186
17.23	1.845747741199315
17.24	3.4956919076057287
17.25	-1.0342255771769087
17.26	3.4615187515996655
17.27	1.9629462625660055
17.28	0.2835152318233014
17.29	2.126632502862629
17.3	2.6419016856258795
17.31	0.6430735425073035
17.32	1.842612228411555
17.33	3.0220849874144893
17.34	2.2595141205946354
17.35	1.4993709893340588
17.36	0.5590770233528444
17.37	1.0189112110481164
17.38	2.2258696190747744
17.39	2.1948557225737035
17.4	3.5126791339849675
17.41	4.436661941985328
17.42	2.1039361152816416
17.43	1.1997130473669821
17.44	4.763854565432664
17.45	1.7309236361292604
17.46	0.9961000393077233
17.47	3.1984662481840282
17.48	2.848766084359297
17.49	2.3762041228472772
17.5	1.6531399094471633
17.51	3.739380864389136
17.52	2.7402330207056433
17.53	4.964589058541648
17.54	1.5850908921968017
17.55	0.1413022355908935
17.56	3.6329732977175873
17.57	2.4531176832426795
17.58	3.7092389950508458
17.59	3.9039255184478856
17.6	3.9528209478425795
17.61	1.8604675751100026
17.62	2.446116610538402
17.63	5.784771860406116
17.64	4.255966193648393
17.65	2.484668019706371
17.66	5.378697029465412
17.67	3.8937816614591694
17.68	6.0613648069706745
17.69	3.311423405228768
17.7	1.9149126469750422
17.71	3.149107790927131
17.72	2.941539899127207
17.73	5.54846892318596
17.74	2.7269207224436576
17.75	4.411803806444755
17.76	3.7482516725835384
17.77	2.8483596861585685
17.78	1.5124192031815689
17.79	5.263773116382233
17.8	4.95522427384946
17.81	4.508210969150038
17.82	6.813432017678381
17.83	2.669373104876808
17.84	5.065525155377882
17.85	3.0950350366407777
17.86	3.2021650761236993
17.87	4.132882947721647
17.88	5.576738145724274
17.89	7.636314504271938
17.9	7.385074865155019
17.91	3.9053928248937866
17.92	4.805934210608472
17.93	3.6307980962765996
17.94	6.290147355661639
17.95	4.600306997426525
17.96	4.758518068179164
17.97	3.3164016230735323
17.98	5.239119040235588
17.99	4.4129595922575575
18.0	6.681246462643006
18.01	3.64307863664236
18.02	3.710823770073132
18.03	5.171356969863605
18.04	5.427159990859107
18.05	3.8552064314496777
18.06	4.681660992158729
18.07	5.930018441121295
18.08	1.8975840849285723
18.09	4.769024299346237
18.1	6.404724148684625
18.11	5.498206624539718
18.12	3.946133180070711
18.13	1.7066122612244712
18.14	5.921788345419982
18.15	3.349570375500023
18.16	5.686387520144458
18.17	2.1419323346089154
18.18	6.07390451341276
18.19	3.3934501219129363
18.2	2.99024095307193
18.21	7.043072573756193
18.22	2.9035540367147856
18.23	5.055882646696586
18.24	2.849046876656559
18.25	5.3120365756496035
18.26	5.959753275437124
18.27	1.8707857496666667
18.28	4.272003460123122
18.29	3.380250822377067
18.3	5.9831016927977485
18.31	6.006492526580061
18.32	3.9204294758114844
18.33	1.9030950758702754
18.34	5.104275385891752
18.35	6.427363992899783
18.36	6.583004735915267
18.37	5.376056382562058
18.38	2.8890021259834864
18.39	1.0558780794690708
18.4	5.0617347034817985
18.41	4.036330102648605
18.42	3.503983994290813
18.43	2.096109858986074
18.44	3.1155144107091566
18.45	3.3596297653567366
18.46	6.48545125765604
18.47	4.480318160593944
18.48	4.717336153602244
18.49	1.3165642749424848
18.5	4.322023978697946
18.51	3.2824643458940375
18.52	1.2908935281877776
18.53	0.38542025553587766
18.54	3.4079685413707113
18.55	3.2489450461649474
18.56	5.692462333323089
18.57	3.38697349739072
18.58	2.178724031636626
18.59	3.633774586676015
18.6	3.699078788913283
18.61	1.768959121383843
18.62	1.408913612255925
18.63	2.739217716086761
18.64	2.9599874119693337
18.65	1.638084395529793
18.66	3.3999781060053405
18.67	0.9353774953176404
18.68	2.4354213072696544
18.69	2.1698603570845867
18.7	2.976011294966736
18.71	3.4656763268086124
18.72	3.6394491729463025
18.73	-0.31793973729207403
18.74	3.310457379809154
18.75	2.4896530123909995
18.76	4.4474069742002404
18.77	1.3831975073836982
18.78	2.213540151361857
18.79	5.685464336801951
18.8	0.3675343819988126
18.81	2.2079715944451
18.82	2.620373785087213
18.83	2.1165506517970973
18.84	3.7000773559062576
18.85	2.2099911153932057
18.86	0.928317623402839
18.87	3.9271369774908944
18.88	2.4362924774640216
18.89	1.9798894086680223
18.9	5.305538864966932
18.91	1.2261369188278979
18.92	3.272537713511187
18.93	5.799412553513266
18.94	5.382754735951146
18.95	3.5326398868252133
18.96	0.33981756785426986
18.97	2.145386568789295
18.98	4.384885072210249
18.99	1.306130898370318
19.0	3.9191808138765842
19.01	1.7446636037797878
19.02	2.0380714971830356
19.03	3.8227632351749072
19.04	3.78568623041692
19.05	4.112056199062207
19.06	3.6603999870764055
19.07	1.9812048613472453
19.08	2.418891856671918
19.09	2.7590662097828007
19.1	4.300945720195127
19.11	3.3512696058127505
19.12	4.08694887370485
19.13	6.63574599046697
19.14	3.4301078877783997
19.15	4.838523935933617
19.16	3.7632101116294123
19.17	3.377340331918016
19.18	3.4693608794761284
19.19	1.1058395341831313
19.2	4.81730285166951
19.21	3.3434228752035464
19.22	2.998716498680169
19.23	2.1944482514631614
19.24	-0.3407416978420965
19.25	0.03030181447433078
19.26	2.215698410335718
19.27	-0.18068390332495277
19.28	0.670657145701915
19.29	2.0813205940554216
19.3	4.98111441142659
19.31	-0.4679633997145971
19.32	6.123008976896698
19.33	1.8124810233458541
19.34	3.4133079357075222
19.35	4.765583124152075
19.36	1.884615144510311
19.37	2.259441804631749
19.38	-0.9474817418991641
19.39	5.33441690117264
19.4	2.6993925622387938
19.41	-0.6704984900125011
19.42	2.4159581422888032
19.43	0.3477944940313824
19.44	3.1121818746593655
19.45	1.868068711049641
19.46	1.3175353829025156
19.47	4.337190196816718
19.48	1.7668877606053843
19.49	3.3879203356656857
19.5	2.1138968870031345
19.51	4.48968600985119
19.52	3.7799630026706943
19.53	1.2717754236966043
19.54	3.5870139980005677
19.55	1.0611238441957154
19.56	3.913105856604219
19.57	3.998702462493902
19.58	5.685351226166989
19.59	3.6998359797990914
19.6	3.376599431620972
19.61	-0.5782546199132055
19.62	2.287729357295584
19.63	2.795129855051625
19.64	3.109284432665702
19.65	1.2197404914881353
19.66	3.5344767382443902
19.67	1.2741769705072694
19.68	3.062794954046723
19.69	4.152769157929639
19.7	4.2743147058190445
19.71	3.6030844631485026
19.72	2.546011793302702
19.73	4.270260884564475
19.74	5.001489810070655
19.75	1.9701480077424747
19.76	2.5395644558545087
19.77	2.0112750642126174
19.78	6.403313086650104
19.79	4.771099231251955
19.8	5.3197326961370734
19.81	1.5998367371504227
19.82	2.5702698388311336
19.83	4.606878250266672
19.84	3.573354632223682
19.85	3.2068253696255917
19.86	2.1164659833981405
19.87	1.1428855451652442
19.88	1.8763906009529545
19.89	5.395982077116879
19.9	4.823638057754305
19.91	4.258083810208921
19.92	1.1945240250470421
19.93	-0.39651662154115774
19.94	1.9985288997804502
19.95	4.8586582843317805
19.96	2.9397593628120626
19.97	5.080044396463997
19.98	3.5289330056828634
19.99	6.608045055270875
20.0	5.514252024572879
