10.01	5.092735154579513
10.02	5.130545130983197
10.03	5.0585536645711455
10.04	4.669798580151348
10.05	3.589761609517338
10.06	3.553257144531389
10.07	3.541669680892486
10.08	3.2742451462886475
10.09	2.716781362119062
10.1	2.8977203755400462
10.11	2.6313229899109007
10.12	2.3734645171907602
10.13	2.6195602385681838
10.14	2.4948011683383977
10.15	2.117401022639966
10.16	2.055532550504992
10.17	1.4395585879569972
10.18	1.455483822025335
10.19	1.567768093276457
10.2	1.4178002575227244
10.21	0.9608788549361174
10.22	0.5610002665411474
10.23	1.108103553046762
10.24	0.8927819594688009
10.25	0.5691060677612312
10.26	0.24276073034523815
10.27	0.5837272970789612
10.28	0.6774816119540485
10.29	0.7856952244945244
10.3	0.7228650069756712
10.31	0.841198893352243
10.32	0.5953236111735359
10.33	1.5043169702991117
10.34	0.9484553471879773
10.35	1.6706725679963237
10.36	1.2499646453492406
10.37	1.5909797015439824
10.38	2.1001164912794805
10.39	2.2947198283220382
10.4	2.30481286280625
10.41	2.690506313616886
10.42	2.653147192708132
10.43	2.6993370827321375
10.44	3.4224867296648203
10.45	3.437830476863773
10.46	4.172130111595264
10.47	4.4040719971514815
10.48	5.085087351079226
10.49	4.976928073802019
10.5	5.778706049726156
10.51	6.55796719884521
10.52	6.6172500884333045
10.53	6.730466407414855
10.54	6.372542457883177
10.55	7.987050176771785
10.56	8.479485654095877
10.57	8.584638407097891
10.58	8.723435682054706
10.59	9.34136419879889
10.6	10.041044536786515
10.61	10.68359355081467
10.62	11.316472638392327
10.63	11.586986404383502
10.64	11.688022086113733
10.65	12.512640422854568
10.66	12.498106088597073
10.67	13.03597822519044
10.68	13.09929656106141
10.69	14.2414612582375
10.7	14.708186181108315
10.71	14.796847730441627
10.72	15.115889515864346
10.73	15.756495670445801
10.74	15.775058614015286
10.75	16.296383308574743
10.76	16.43557149990225
10.77	17.24857507083318
10.78	17.491771169916912
10.79	17.928605478533836
10.8	18.3545721093685
10.81	18.69586740344208
10.82	18.52739430593098
10.83	18.951017247113818
10.84	19.316671200464153
10.85	19.185967848788156
10.86	19.390753959998435
10.87	20.24154704564074
10.88	20.022772615102152
10.89	19.90938266461533
10.9	19.886953183696555
10.91	20.567478950654785
10.92	20.86171002423595
10.93	20.686266944196593
10.94	21.064381461122235
10.95	21.160790497678594
10.96	21.545706299390623
10.97	20.99795185954662
10.98	20.945702328485627
10.99	21.261908474625017
11.0	21.22803125211873
11.01	21.205701590935483
11.02	20.73495290435356
11.03	20.714774578826766
11.04	20.626439836188684
11.05	20.208051325092715
11.06	20.718832024499246
11.07	20.019355109671938
11.08	20.342974568167115
11.09	20.08229895617157
11.1	19.15512162797881
11.11	19.560968440671033
11.12	19.370427240627148
11.13	19.128664006158687
11.14	18.910488550229502
11.15	18.69008169397318
11.16	17.96947383665255
11.17	17.742712471103406
11.18	17.754287001548757
11.19	17.142824223497147
11.2	16.617252470819352
11.21	16.129194368700382
11.22	16.579924934303705
11.23	15.811966623336048
11.24	15.091731343075159
11.25	15.079588012040178
11.26	13.980879781832838
11.27	14.032596702145115
11.28	13.132212906252603
11.29	13.170330301804531
11.3	12.674849332877253
11.31	12.388977840849153
11.32	11.73646622323079
11.33	11.681593101021992
11.34	11.429436661757292
11.35	10.400943848970613
11.36	9.932514706426138
11.37	10.051029379263014
11.38	9.647365031092212
11.39	8.564250343585584
11.4	8.138672699884829
11.41	8.593443505283869
11.42	7.55545131034226
11.43	6.893324780442159
11.44	6.443179079877825
11.45	6.765590028289385
11.46	6.492183771489227
11.47	6.423422172084
11.48	5.745495719898384
11.49	5.427705780454167
11.5	5.157956445242162
11.51	5.043889848374029
11.52	4.223846883369829
11.53	3.7045769285555075
11.54	3.886011699772771
11.55	3.5336855401092286
11.56	3.265332189487188
11.57	3.3726177912734863
11.58	3.006469971619364
11.59	2.9485798867143433
11.6	2.6093480741693513
11.61	2.5227174872368363
11.62	2.634469490154475
11.63	2.682297777219264
11.64	2.1558915913841394
11.65	2.208655627396555
11.66	1.7105933020108557
11.67	1.940039823465765
11.68	2.282899427740487
11.69	1.6941951605764707
11.7	1.6786946683772683
11.71	1.6473202795102253
11.72	1.3084866608881067
11.73	1.2724613200321264
11.74	1.58130540177467
11.75	1.2944047956066003
11.76	2.0348013068507815
11.77	1.827349901430907
11.78	2.5874464720875836
11.79	1.6169787870120285
11.8	1.9788842079140812
11.81	2.1893644993052424
11.82	2.507008806427547
11.83	2.2749733449319005
11.84	2.5577312586483893
11.85	2.8175720870554675
11.86	2.9691919886008926
11.87	2.9888404718319945
11.88	3.7558198103451814
11.89	3.628121022825641
11.9	3.831473963507512
11.91	3.5539702896688707
11.92	4.172667743982132
11.93	5.079722325648364
11.94	4.930633785744449
11.95	5.232899177988666
11.96	5.230868094489366
11.97	5.749875529312284
11.98	5.953065264542208
11.99	6.2576524112057665
12.0	6.29065579372871
12.01	6.800024901611936
12.02	7.272332817058354
12.03	8.153045420899858
12.04	7.980724209708441
12.05	8.3174389224134
12.06	8.987782670550915
12.07	9.549035563417227
12.08	8.946857303666356
12.09	10.001803575920665
12.1	10.160058421447985
12.11	10.165149468580893
12.12	10.301334121199181
12.13	11.012279284331239
12.14	11.177815449990467
12.15	11.892643817991742
12.16	12.20049704569631
12.17	12.247235912501006
12.18	13.28066156945898
12.19	12.740672071093604
12.2	13.05695246179689
12.21	13.692567434133789
12.22	13.178679274640647
12.23	14.311638763329029
12.24	14.211874575732729
12.25	14.698140496411126
12.26	14.680845653259066
12.27	15.249427171375492
12.28	15.013833940776603
12.29	15.783740545747303
12.3	15.421603123857357
12.31	16.202886432961893
12.32	16.485104083197957
12.33	16.630730987210892
12.34	16.378836299342762
12.35	17.075630382128264
12.36	17.272219344855785
12.37	17.227565318776907
12.38	17.05664451095448
12.39	17.432027458593698
12.4	17.15135087513474
12.41	17.843319203957968
12.42	17.949511356128614
12.43	17.40195124292282
12.44	17.293679343341953
12.45	17.948417619723262
12.46	18.177557349722886
12.47	17.709383341702914
12.48	17.84404041315691
12.49	17.54736717685097
12.5	17.38385464831064
12.51	17.09923897989081
12.52	16.939856722092497
12.53	16.667490021172487
12.54	16.267966263463745
12.55	16.236338818938666
12.56	16.344981908226096
12.57	16.386668781683525
12.58	15.925015715365998
12.59	15.883325311601821
12.6	15.270531273085396
12.61	14.685129407943622
12.62	14.501950648636173
12.63	13.991640721763268
12.64	13.243610784581538
12.65	13.177176296517953
12.66	13.062118273492727
12.67	12.800960564946433
12.68	11.735475084333473
12.69	11.922607366807565
12.7	11.405863663277634
12.71	11.443300901084903
12.72	10.29781876096694
12.73	10.08560144457813
12.74	10.046081299841969
12.75	9.55577596655529
12.76	8.49096464949602
12.77	8.644098928299616
12.78	8.135597085701102
12.79	7.553063414614525
12.8	7.278777359028162
12.81	6.941304630027679
12.82	6.395287759666438
12.83	5.9024037880891465
12.84	5.673879207389903
12.85	5.674538743277725
12.86	5.004426511111743
12.87	5.162830227031622
12.88	4.562329590147426
12.89	4.456604459959223
12.9	3.4799763929987804
12.91	3.8920256569588156
12.92	3.512524412872947
12.93	3.278115592426134
12.94	3.0689573437266207
12.95	2.2941049251636993
12.96	2.472523598641308
12.97	1.961099843268373
12.98	1.6515255063225824
12.99	1.8646002491524285
13.0	1.5063849326043595
13.01	2.1142651756854725
13.02	1.2336093003210458
13.03	1.170800634632015
13.04	1.2671147079372453
13.05	0.3760852739687134
13.06	0.8177102479134134
13.07	1.0348921136379872
13.08	1.2667523725662453
13.09	0.7405251445437668
13.1	1.1587257726394362
13.11	1.290971789671415
13.12	1.0395949966269877
13.13	1.168057043160901
13.14	1.205540148079003
13.15	1.3376141893330058
13.16	1.4017305120804524
13.17	1.3313058864815266
13.18	1.4140451164375087
13.19	0.9725153261969995
13.2	1.7799842710422953
13.21	1.72875595823617
13.22	2.052187578567162
13.23	2.06148471787617
13.24	2.513515239275989
13.25	3.0196821383146
13.26	2.6426410423639024
13.27	2.608424431581634
13.28	3.76961887270498
13.29	3.7282246063810094
13.3	3.417043573526581
13.31	3.1748493955054267
13.32	4.343604277791965
13.33	4.78432901885306
13.34	5.152457461702972
13.35	5.070207627428591
13.36	5.461187764637156
13.37	5.83842645347618
13.38	5.795399366352113
13.39	6.996734920709248
13.4	6.5323378352782155
13.41	7.229314715902184
13.42	7.578655412443897
13.43	8.437827820892693
13.44	8.287386689511644
13.45	9.080723149110662
13.46	9.383213206414371
13.47	10.318680094198935
13.48	10.396440921612916
13.49	11.315776911575437
13.5	11.615949254850225
13.51	12.017879987411796
13.52	12.800715858339295
13.53	12.756386162861556
13.54	13.068338482978461
13.55	13.503636988289859
13.56	14.61259914705981
13.57	14.349597896231792
13.58	15.135936080406697
13.59	16.22691318173634
13.6	16.304233383712596
13.61	16.19634237927061
13.62	17.516590431185737
13.63	17.659758529082755
13.64	18.593558633842274
13.65	18.76416005332314
13.66	19.20641726979112
13.67	19.18039230728367
13.68	20.42228664044751
13.69	19.85926377736805
13.7	20.24829652426201
13.71	20.69475364686912
13.72	20.74381383395745
13.73	21.15134187454072
13.74	20.92533552402585
13.75	21.413333587476803
13.76	21.29076443303421
13.77	21.35408017205294
13.78	21.773828150870113
13.79	21.821608951703734
13.8	21.9433163418409
13.81	21.45214105274067
13.82	21.977400775447926
13.83	21.378379319144695
13.84	21.515777302411177
13.85	21.28240717394052
13.86	20.48094188083786
13.87	21.14216372164361
13.88	20.143252349442033
13.89	19.967865587232595
13.9	19.40712382122009
13.91	19.095515100571284
13.92	18.946336852980703
13.93	18.280096454065028
13.94	18.1847656522175
13.95	17.641219876814915
13.96	17.50443162785275
13.97	16.771139579414037
13.98	16.378173365314545
13.99	16.107419295633438
14.0	15.143137048421947
14.01	15.169342670171403
14.02	14.093875520620937
14.03	13.7406116743513
14.04	13.403026095161438
14.05	12.742212587149346
14.06	12.266909877642211
14.07	11.446966657026186
14.08	10.907476183752065
14.09	10.712661907582483
14.1	10.025039101048918
14.11	9.87973516673404
14.12	9.071497991330125
14.13	8.5731992646628
14.14	7.7752065275271045
14.15	6.987581331112735
14.16	6.656638143871272
14.17	6.522199972356054
14.18	6.098109849857793
14.19	5.486272988611153
14.2	5.576673670172805
14.21	4.703113311135681
14.22	4.611416294903209
14.23	4.242289757610626
14.24	4.08218332254931
14.25	3.328337590895919
14.26	2.769776191558559
14.27	2.849514523264224
14.28	2.526106163473866
14.29	2.396014576364686
14.3	1.8902294424563322
14.31	2.51061652058021
14.32	1.447777470888611
14.33	1.4323076503242176
14.34	1.0834667847882684
14.35	1.0396557402930748
14.36	0.7569314928397094
14.37	0.6286612311322167
14.38	0.6051342659551033
14.39	0.6467370229024869
14.4	1.3264497164617808
14.41	0.6631078774140252
14.42	1.1346590179584939
14.43	1.023673494872368
14.44	1.3317994909106299
14.45	0.9417061573061782
14.46	1.4535038132456954
14.47	1.6697496708720194
14.48	1.218619226229604
14.49	1.8574540212513853
14.5	1.5912039509901925
14.51	2.2563819490778334
14.52	1.7666762875781326
14.53	1.9130404369450629
14.54	2.3259346534317924
14.55	2.3609659452409058
14.56	2.8025497574808034
14.57	2.6091420550620827
14.58	2.97700048462172
14.59	3.6602018372424636
14.6	3.4996514414182913
14.61	3.592150116156256
14.62	4.207164739705711
14.63	4.217202884448674
14.64	4.478287533624799
14.65	5.272864966752775
14.66	5.461736348220827
14.67	5.468396155163041
14.68	6.0217047293173644
14.69	6.091073171075349
14.7	6.080034814699548
14.71	6.440559097460035
14.72	6.978127759339958
14.73	7.621250230672561
14.74	8.050028168860777
14.75	7.448019111679525
14.76	8.557946626752068
14.77	8.559546401985349
14.78	8.772827693957765
14.79	9.647761523492163
14.8	9.631126768228189
14.81	9.957729099445388
14.82	10.869205627408999
14.83	11.263590348723353
14.84	11.180488444152965
14.85	11.648361370953408
14.86	12.243160442649662
14.87	12.348433506672501
14.88	12.564776494825995
14.89	13.141053580104165
14.9	13.299930937511931
14.91	13.92556767456864
14.92	13.929220268426812
14.93	14.772814541149456
14.94	15.116853681512932
14.95	15.506793094490883
14.96	15.692910641537786
14.97	16.256134671815616
14.98	16.012858502268497
14.99	16.502875292111316
15.0	17.238332200160336
15.01	17.283121427076917
15.02	18.152513927041774
15.03	17.945141953038522
15.04	18.225831607823178
15.05	18.691110965972552
15.06	18.817012034660245
15.07	19.11150707486658
15.08	19.45724628527866
15.09	19.345346788168488
15.1	19.09815529394138
15.11	18.967605966854556
15.12	18.84282430083866
15.13	19.530916146285612
15.14	19.416789664965624
15.15	19.415147917122685
15.16	19.320373193152307
15.17	19.421194074166117
15.18	19.281387311139532
15.19	19.090022689942522
15.2	18.97068265872054
15.21	18.463624836952302
15.22	17.71449630718603
15.23	18.01281424365274
15.24	17.336094206813883
15.25	17.408818359631237
15.26	17.56724306676239
15.27	16.21706860881737
15.28	16.524305499964033
15.29	16.017457197727765
15.3	16.01478569989147
15.31	14.804874640175882
15.32	14.297961249128633
15.33	13.808031149168608
15.34	13.778874214698083
15.35	13.3759568446595
15.36	12.566917363018776
15.37	12.164067910341897
15.38	12.172341577128876
15.39	11.561111414791315
15.4	11.048081889502418
15.41	9.946410337778063
15.42	10.138839391531109
15.43	9.617907972853661
15.44	9.160481347868783
15.45	8.698742315093483
15.46	7.62825574103333
15.47	7.359321204511498
15.48	6.770462422293996
15.49	6.552399922750368
15.5	6.436303436347543
15.51	6.266768479305201
15.52	5.292604848389635
15.53	4.750499102341913
15.54	5.022470108582249
15.55	4.21666719188114
15.56	3.4895029732410894
15.57	3.5756641962778035
15.58	3.510947868374958
15.59	3.075184479871013
15.6	2.9770870933835543
15.61	2.2104295180990037
15.62	1.8429172058246381
15.63	2.2182615802526886
15.64	1.900796074658977
15.65	1.5437173662410866
15.66	1.4615116075235342
15.67	1.4219945176853535
15.68	0.3651602066462686
15.69	0.12632936450898563
15.7	0.4964208856573791
15.71	0.20771488224816315
15.72	0.13534381898764158
15.73	0.1234554645608713
15.74	0.39278020979694217
15.75	0.4051923549987764
15.76	0.4479176984344676
15.77	-0.049156951208299875
15.78	0.040112422423790345
15.79	0.2721640420760572
15.8	0.09812529139463205
15.81	0.5088603995386638
15.82	0.6372278991327482
15.83	0.23725636946767595
15.84	0.6866791606878954
15.85	0.7975323268939478
15.86	0.38542908020129346
15.87	0.7304746442201191
15.88	1.4026359316746506
15.89	1.5499784364756541
15.9	1.3201405039495993
15.91	1.8457608932468172
15.92	2.134262354868652
15.93	2.152692384202506
15.94	2.4335943908198647
15.95	2.4150203450028362
15.96	2.9910041346770555
15.97	3.400687732805396
15.98	3.3500981056755035
15.99	3.5487373203108348
16.0	3.701273193828832
16.01	4.1923867886387125
16.02	5.245792965842933
16.03	5.1345821120873465
16.04	5.360382521307506
16.05	5.36675547588348
16.06	5.886580639044581
16.07	6.902479978676616
16.08	6.7489328710648095
16.09	6.727393736578237
16.1	7.773652109122286
16.11	8.05022824160564
16.12	8.53777767792055
16.13	9.098980545132987
16.14	8.65325888766828
16.15	9.898821695028277
16.16	9.77967040634801
16.17	10.88110671344111
16.18	10.792795182952128
16.19	11.987096624935914
16.2	12.09971334403744
16.21	12.48520972340117
16.22	12.516586098229592
16.23	12.857309409889076
16.24	13.224695209051172
16.25	13.46294235976847
16.26	13.982218013575888
16.27	14.347903940011012
16.28	15.118346123530474
16.29	15.46451265908233
16.3	15.955672809106755
16.31	15.73240261504109
16.32	15.552566207253097
16.33	16.37390534782623
16.34	16.438643420288198
16.35	16.38400066036272
16.36	17.51027246545037
16.37	16.997753519490935
16.38	16.988738757738002
16.39	17.798956499437605
16.4	17.511172441764923
16.41	17.372361454706684
16.42	18.333194463708544
16.43	17.728496196951028
16.44	18.13362908338725
16.45	18.43025354278449
16.46	18.261688152081664
16.47	17.909320286933248
16.48	17.996639476676798
16.49	18.205222598174352
16.5	18.112836653083992
16.51	18.345939638708465
16.52	18.026580648373034
16.53	17.931936475645365
16.54	18.294356942916203
16.55	17.951539186058042
16.56	17.954668607460686
16.57	17.486090529209108
16.58	17.71801081710765
16.59	17.65891078732092
16.6	17.50763404071505
16.61	17.290716419416583
16.62	16.17375867017055
16.63	16.706958610231094
16.64	16.20683164052946
16.65	15.848118676140702
16.66	15.892709808222499
16.67	14.749520695840838
16.68	15.667394925509985
16.69	15.472378448162537
16.7	14.753546394892348
16.71	14.166989049647999
16.72	13.00457873469095
16.73	13.337681546693371
16.74	13.274113237615955
16.75	12.300253656465681
16.76	12.34083509765144
16.77	12.02359031326941
16.78	11.209948713714692
16.79	10.272745170229756
16.8	9.899905458560776
16.81	9.449318776656114
16.82	9.56015439010914
16.83	8.547405665564828
16.84	8.612045859464278
16.85	7.905435596970021
16.86	7.955919967410465
16.87	6.639621393641201
16.88	6.3009945876574385
16.89	6.1494930263881775
16.9	5.764749502032057
16.91	5.4097529187294
16.92	5.061492551098735
16.93	5.103111568300371
16.94	4.044815121783307
16.95	3.4557132190345445
16.96	3.3748909442765496
16.97	3.4438959904224706
16.98	3.121750103297198
16.99	2.7947551296400373
17.0	2.4294228663184354
17.01	1.8647992275654335
17.02	1.5889488098158815
17.03	1.822173619925599
17.04	1.591091209333047
17.05	1.673390887670767
17.06	1.186326363546182
17.07	0.8361439139109121
17.08	0.47900365110122717
17.09	0.3397690913076117
17.1	0.6173647617047587
17.11	0.4365057412438115
17.12	0.14569057585657996
17.13	0.503580348391133
17.14	0.3884816297363794
17.15	0.7200396056760955
17.16	0.2540721223125281
17.17	0.5708860272510368
17.18	0.5480039264596088
17.19	0.1193975359830969
17.2	0.4496671857091806
17.21	0.7939514294162723
17.22	0.7457273306754971
17.23	0.31806299363201257
17.24	1.6602178870517688
17.25	1.2854321423711832
17.26	0.8261087943727854
17.27	1.613149315715043
17.28	1.241184770791998
17.29	1.3301498828840588
17.3	1.6627852516090322
17.31	1.7714172299879887
17.32	2.482782894862744
17.33	2.5768970093368786
17.34	3.145535053258645
17.35	3.263626035421767
17.36	3.133517827106087
17.37	3.497029045349091
17.38	4.019004755361252
17.39	4.256175253454579
17.4	4.55766784857127
17.41	4.436872119620988
17.42	5.415010486229034
17.43	5.83767752216702
17.44	6.219436632835728
17.45	6.166233236221802
17.46	6.7467293643129915
17.47	7.133303783541044
17.48	7.6949655204487755
17.49	8.387592438849245
17.5	8.755853030926394
17.51	9.334264232919772
17.52	9.543603155390294
17.53	9.729188352372866
17.54	9.988862730925405
17.55	11.064227229975502
17.56	11.041288579699966
17.57	11.199938317559644
17.58	11.953787537274701
17.59	12.570570730205413
17.6	13.527525605657122
17.61	12.859489241896032
17.62	12.945292406779512
17.63	14.401208110683788
17.64	14.361466540814888
17.65	14.766251350767936
17.66	14.831781744649103
17.67	15.368847334170017
17.68	15.302429047442665
17.69	15.892747220724889
17.7	15.83636244620551
17.71	16.378084826418625
17.72	15.971737693603007
17.73	16.124588482164075
17.74	16.54611788173708
17.75	16.621511562919775
17.76	17.1791166707753
17.77	16.779854862709726
17.78	16.688764299169193
17.79	16.965840796923867
17.8	17.046611496439535
17.81	17.343692732993755
17.82	16.755474355093074
17.83	16.25257150203564
17.84	16.907866298139698
17.85	16.640964686905658
17.86	16.337363587050923
17.87	16.297127921940202
17.88	15.741833954999516
17.89	15.718326757858927
17.9	15.364181442829892
17.91	15.270386153303496
17.92	14.78845317493338
17.93	14.998434695880348
17.94	14.392526402526412
17.95	14.000124486415446
17.96	13.618032142266072
17.97	12.790577631857316
17.98	12.970010802366529
17.99	12.897336917073792
18.0	12.530576655130174
18.01	11.568594055566212
18.02	11.466972393775404
18.03	10.745207606817468
18.04	9.71427661267818
18.05	9.872718921755213
18.06	9.910580571491181
18.07	9.216439840230798
18.08	8.767504229485848
18.09	8.279703942200932
18.1	8.055586350348245
18.11	7.198963569894503
18.12	7.114107481797308
18.13	7.4502733358786415
18.14	7.064233446226406
18.15	6.027184956267803
18.16	5.374017795242006
18.17	5.41309557147373
18.18	4.924671238149746
18.19	4.595956334723457
18.2	4.074766721709102
18.21	3.604641261676405
18.22	3.5930675180478486
18.23	3.6921339233911237
18.24	3.380418585981633
18.25	2.59150163516118
18.26	3.6200415799537518
18.27	2.942944963113565
18.28	2.318904851540225
18.29	2.425768521066574
18.3	2.2467052753657244
18.31	2.0735460647493884
18.32	1.7926332199172226
18.33	2.058417518216206
18.34	1.6069056450262018
18.35	2.2233786902403283
18.36	1.845910928145135
18.37	1.5454278120656668
18.38	1.6605732138570415
18.39	1.9762765045786828
18.4	1.5800788114132436
18.41	1.942995106024906
18.42	1.954321735301801
18.43	2.220283486300114
18.44	2.5944050905549485
18.45	2.3605769277132524
18.46	2.4763913859428115
18.47	2.0995009223971692
18.48	2.2890444582596405
18.49	2.503344940055101
18.5	3.067324505911009
18.51	3.252251981369493
18.52	3.360088054457628
18.53	3.2261278201926715
18.54	4.0684578665955735
18.55	3.9104413640838205
18.56	4.230454442835545
18.57	5.128767496702202
18.58	4.804738690872585
18.59	5.057437275769409
18.6	5.4203673708173685
18.61	6.036809993842075
18.62	6.238970334699749
18.63	6.196626996370723
18.64	6.627525699232158
18.65	7.230416885511341
18.66	7.664848000641042
18.67	8.791403936427795
18.68	8.126634359236768
18.69	9.127748417791166
18.7	9.142751936440984
18.71	9.726916999979267
18.72	10.31026152032538
18.73	10.892172969002912
18.74	10.803515490518157
18.75	11.079763386998476
18.76	11.232148740063645
18.77	12.387469045367
18.78	12.258161360686616
18.79	12.560101413413609
18.8	13.104221297888667
18.81	13.641718714744906
18.82	13.853797436755523
18.83	14.344293110579473
18.84	14.633954894688113
18.85	14.549309354186633
18.86	15.133177438339372
18.87	15.14182828151898
18.88	15.086952054111954
18.89	15.133380771417213
18.9	15.623527191075572
18.91	15.631544360308142
18.92	15.35898716487534
18.93	15.21158774278187
18.94	15.87640178318147
18.95	15.79599463205498
18.96	15.766779933311279
18.97	15.177241717713333
18.98	14.687865489369514
18.99	14.560928025432702
19.0	14.261282784383019
19.01	14.55073793963911
19.02	14.686419406076874
19.03	14.56082593980436
19.04	14.406231523311323
19.05	13.400935316528479
19.06	13.327485062079203
19.07	13.028140409967632
19.08	12.80339203195939
19.09	12.643052310043538
19.1	12.090325946006105
19.11	12.247888359388586
19.12	11.408149386743785
19.13	11.579687489272374
19.14	11.055072148505504
19.15	10.805425765113757
19.16	9.899135861720383
19.17	9.467101944915706
19.18	9.465533688981315
19.19	9.246973389783838
19.2	8.450016714125447
19.21	8.293597597137072
19.22	7.493456295883478
19.23	6.840441887663723
19.24	6.446171676658253
19.25	6.57403674294658
19.26	6.005012680505143
19.27	5.552680846500056
19.28	5.15712268640525
19.29	5.0457695498233335
19.3	4.386615391061648
19.31	4.516025867486196
19.32	3.8423676104711233
19.33	3.0431774108135197
19.34	3.8283362024595986
19.35	3.333152864346933
19.36	2.96204541242452
19.37	3.119283236002429
19.38	2.165670018541084
19.39	1.8317827537694091
19.4	2.4208163405678236
19.41	2.0987890276414984
19.42	1.6021667023005286
19.43	1.4881702349566261
19.44	1.4921592470244875
19.45	0.5356796731109963
19.46	0.9283273231830972
19.47	1.3435744306228052
19.48	1.5459894583296765
19.49	0.5391425477984918
19.5	0.565983089151071
19.51	0.6201596192458454
19.52	1.2182496052920708
19.53	1.8059754842617426
19.54	1.0335610994202162
19.55	1.7559787053504388
19.56	1.3218290764655425
19.57	1.2403396396103534
19.58	1.574891228015466
19.59	1.6240415421481034
19.6	1.5199671364926415
19.61	2.255093251816086
19.62	2.3302357693092643
19.63	3.006041031913503
19.64	2.7739116129752417
19.65	3.0320337809546043
19.66	3.480305191041674
19.67	3.504018870457738
19.68	4.299826565389801
19.69	4.305766469565995
19.7	5.096318396531877
19.71	4.8633021571476585
19.72	5.7756101674702
19.73	5.791064276526808
19.74	6.1160690612376465
19.75	7.05432958674283
19.76	6.935007394716224
19.77	7.578460224048984
19.78	7.753354544897714
19.79	8.124210110539718
19.8	8.546848375716305
19.81	9.184128743211001
19.82	9.996539202240088
19.83	9.787340874823538
19.84	9.950697346094437
19.85	11.007090625458563
19.86	11.074752955422781
19.87	11.668081548951074
19.88	12.288922393422245
19.89	12.02410856373947
19.9	12.953319428804008
19.91	12.657205061235562
19.92	12.74604633484783
19.93	13.915068893308241
19.94	13.891890397835066
19.95	14.428032474911909
19.96	13.886667657735211
19.97	13.985368340704667
19.98	14.5334807165831
19.99	14.990995853373946
20.0	14.756079916507149
