10.01	6.148228642063657
10.02	4.937064061632153
10.03	5.389753854418503
10.04	7.260663431049903
10.05	8.116109487899688
10.06	5.742093951934139
10.07	8.318897245706406
10.08	10.329606597322691
10.09	8.313939252138457
10.1	10.624527649015082
10.11	9.431999383123683
10.12	13.199356481973858
10.13	11.534353206438892
10.14	14.191690626515149
10.15	12.574553001635136
10.16	11.83956922384758
10.17	14.848703386548
10.18	12.308536365444352
10.19	16.34675980996186
10.2	15.097393879808655
10.21	15.310803953650089
10.22	15.038582207109334
10.23	17.080601218969655
10.24	16.482106261720027
10.25	19.993823916409735
10.26	16.481355358252817
10.27	17.890328652707527
10.28	15.832758791787297
10.29	16.528893675095073
10.3	19.226358502831772
10.31	20.033100517530272
10.32	21.668448648484695
10.33	20.176808710690032
10.34	17.625520749377245
10.35	21.328427135615993
10.36	18.79251231358346
10.37	18.23367485613769
10.38	20.933036678740823
10.39	19.506055511400284
10.4	20.737753750510148
10.41	17.425347792016904
10.42	16.427437339884737
10.43	19.46217055952601
10.44	19.463275769488906
10.45	18.911186287555932
10.46	17.793455505042512
10.47	21.151146426524555
10.48	20.76157432964549
10.49	18.232285348083575
10.5	18.658584224881764
10.51	21.460724146878132
10.52	18.92030912553225
10.53	19.358602797749164
10.54	18.636035213629846
10.55	19.89781289033731
10.56	14.4215339894001
10.57	17.475127552174037
10.58	19.171021272699363
10.59	19.31441222724589
10.6	17.484206741100337
10.61	16.03813627288604
10.62	15.339711527557709
10.63	16.14839129017367
10.64	16.2417504762781
10.65	20.42762074436139
10.66	15.416843194632978
10.67	17.431550171891327
10.68	17.116665295560093
10.69	15.360140490933048
10.7	14.602208656625685
10.71	13.977528304148159
10.72	12.175096261978526
10.73	10.575233191153934
10.74	14.506778343358452
10.75	10.455775206928056
10.76	11.015764691422588
10.77	12.300621146717276
10.78	11.232310759474602
10.79	9.38179484901575
10.8	12.07214913640149
10.81	8.781393414159707
10.82	8.373335594264066
10.83	7.809018010222192
10.84	5.9480037692899375
10.85	5.9475629024504
10.86	8.942108352441583
10.87	6.489205325737059
10.88	3.217342938258009
10.89	5.756983355065646
10.9	7.481065406737189
10.91	3.3810886382918333
10.92	5.241363287999821
10.93	0.5709185408948136
10.94	2.9254690373506684
10.95	1.857248127498436
10.96	3.3934613363493353
10.97	0.9291418138687528
10.98	1.8425029895077556
10.99	2.101390726342974
11.0	3.021972140479918
11.01	3.6408124643264648
11.02	2.0523634159179225
11.03	2.3968424753603195
11.04	0.5985728290010353
11.05	0.6495046201066772
11.06	3.1322485458344156
11.07	4.040300299657632
11.08	2.7398298387290243
11.09	1.4001602043648826
11.1	2.2159959607892743
11.11	2.1997645986959493
11.12	1.6771243475389457
11.13	1.8453892487050525
11.14	2.1897324804884235
11.15	2.9224172837109994
11.16	2.5480613022698524
11.17	0.5826903601850222
11.18	4.854180941686488
11.19	6.097910040423844
11.2	5.1930229752332275
11.21	6.151462157494002
11.22	5.977816522628959
11.23	7.2966421591076545
11.24	6.511496289176526
11.25	4.133595949014336
11.26	3.252409040301851
11.27	8.400408734311224
11.28	7.482059119970865
11.29	12.711513250156303
11.3	9.06517934003356
11.31	12.23567831972273
11.32	9.342331714393993
11.33	10.42853071701752
11.34	11.161639340397123
11.35	14.080526484543796
11.36	13.955727458544434
11.37	13.714821642832884
11.38	15.443918162283232
11.39	13.886811392659716
11.4	14.873904711726563
11.41	13.233806699119496
11.42	15.454687531181852
11.43	18.242259292803787
11.44	17.492924262851833
11.45	19.44298213397294
11.46	15.539068380393184
11.47	17.21703561061992
11.48	19.095094812214814
11.49	20.478284966059
11.5	18.053426208302298
11.51	25.156411398534487
11.52	19.746536937729537
11.53	20.883805997543348
11.54	20.762961982871317
11.55	20.256061511536018
11.56	21.988180471809248
11.57	21.574394568620328
11.58	20.732775856218275
11.59	20.438682322893417
11.6	23.518164572674678
11.61	21.05638761130411
11.62	19.037441746568806
11.63	20.14374178203033
11.64	17.41199562727298
11.65	21.09790625124377
11.66	21.108680525780233
11.67	18.060845596009173
11.68	21.1567768764837
11.69	19.30301994623278
11.7	18.668861923373964
11.71	15.446248230907955
11.72	18.982144252296425
11.73	19.566720456527438
11.74	16.940286535296348
11.75	19.9071009183026
11.76	20.03754598518305
11.77	16.960785684220642
11.78	15.510380367937211
11.79	12.627422610390093
11.8	14.070139632912806
11.81	12.821918351558098
11.82	13.445478892530325
11.83	15.139753474353949
11.84	12.754781905289182
11.85	11.614385332209197
11.86	11.67443786016589
11.87	9.987496648904294
11.88	9.564014442314335
11.89	6.432044282742654
11.9	8.059682540841894
11.91	7.138311574246263
11.92	4.878666827719957
11.93	4.853211156460182
11.94	8.953732242920944
11.95	6.500313239275968
11.96	5.897158840296012
11.97	6.381708256402988
11.98	2.569684649888435
11.99	0.09875152690254652
12.0	5.309936562137126
12.01	4.20308696013138
12.02	4.457797142698205
12.03	0.1372258850990269
12.04	2.6494845593340197
12.05	3.0863341061637026
12.06	2.824971692954363
12.07	3.343164166736058
12.08	1.824360273528213
12.09	2.308628959383028
12.1	2.0973139107856076
12.11	4.120445085840634
12.12	1.3155168957632397
12.13	4.385093076143715
12.14	3.1141718805014724
12.15	2.68273456497613
12.16	5.2187529505148555
12.17	2.408198563450589
12.18	2.6659074812209838
12.19	1.1122026304926598
12.2	4.021593605576605
12.21	2.2456811717505656
12.22	1.7912603924040478
12.23	1.8944461151348029
12.24	2.315491788891447
12.25	1.0381248834134746
12.26	4.429722891691487
12.27	4.609660224606859
12.28	4.88846338759407
12.29	5.770130747505437
12.3	6.565804361364618
12.31	3.9080653266447714
12.32	6.082790783205477
12.33	3.282305786602938
12.34	8.817936251411881
12.35	8.036953925615741
12.36	8.52011071663212
12.37	8.79186354299147
12.38	8.9690023968193
12.39	7.645099400175328
12.4	7.145611575566072
12.41	11.462479655565113
12.42	14.747439225945332
12.43	11.01173633157394
12.44	13.616353850410562
12.45	10.86807809215463
12.46	11.442353767450633
12.47	12.881807565617706
12.48	14.748467171946935
12.49	14.295541989516876
12.5	15.202988802891992
12.51	16.138506921620902
12.52	17.875099388377592
12.53	17.232468177106085
12.54	18.562577753962948
12.55	17.085305735975826
12.56	18.617525150959224
12.57	18.078031062263953
12.58	20.792527248015197
12.59	20.882832732731757
12.6	21.417082456488906
12.61	24.76801769820246
12.62	21.49772832343457
12.63	25.059088124166273
12.64	24.168031268218257
12.65	24.019560657008967
12.66	21.12009616854838
12.67	22.44246298655866
12.68	22.76520915261501
12.69	21.834674231480143
12.7	22.519762947264418
12.71	23.41753803058755
12.72	25.49496604739942
12.73	23.548090843257533
12.74	25.3148437513196
12.75	24.986346617693762
12.76	21.79743119226359
12.77	19.686621339705386
12.78	23.730701177522953
12.79	23.28090603337763
12.8	22.18663591871018
12.81	23.542240323784203
12.82	21.875577244315892
12.83	20.666592435697105
12.84	21.437022087526948
12.85	19.9276252714467
12.86	21.62134937333063
12.87	19.51428976329207
12.88	22.738061011493322
12.89	18.941263600269224
12.9	19.737377323314377
12.91	17.586950296450066
12.92	17.487618565581908
12.93	16.29195656302594
12.94	16.408844078237156
12.95	15.839511197264672
12.96	15.818881744545942
12.97	15.256302642915578
12.98	14.237676589057982
12.99	14.6478767235022
13.0	17.28982513916962
13.01	11.661444720169712
13.02	14.026532737440082
13.03	9.88890735411852
13.04	11.281696115237198
13.05	10.41451807142772
13.06	13.092828082835453
13.07	8.74135880801208
13.08	7.277385498221188
13.09	7.813439256585135
13.1	9.141737969344245
13.11	9.914625209225866
13.12	8.11632716995948
13.13	7.201861749129485
13.14	4.144613785725458
13.15	8.316962705028306
13.16	5.00005910337393
13.17	6.605442845110498
13.18	6.758456902048714
13.19	4.054911288169722
13.2	3.166660583102324
13.21	3.32966057031466
13.22	3.0537031089684117
13.23	5.745034041390813
13.24	3.386285137825551
13.25	5.32493837134678
13.26	2.8582313314597725
13.27	2.1425378979698135
13.28	3.538577266189585
13.29	2.4439427764304735
13.3	2.694860525387527
13.31	2.1314893003087816
13.32	3.775170385516287
13.33	1.984292537189108
13.34	2.9201878342378684
13.35	3.68935129017405
13.36	3.7537741709848964
13.37	5.359198775819542
13.38	1.1138598221050917
13.39	4.928441601889967
13.4	1.9626264490419285
13.41	2.985968814619318
13.42	2.6327083309064774
13.43	5.236735044795841
13.44	-0.26165722890382526
13.45	4.145164929510001
13.46	6.24818302789969
13.47	3.7798709536915576
13.48	9.456751940056785
13.49	5.280281515695731
13.5	8.067793704068809
13.51	7.817283065904494
13.52	7.7798054919969
13.53	9.83009177680428
13.54	6.502938386837723
13.55	7.470371285680484
13.56	10.136619609784661
13.57	10.909392892636937
13.58	11.621668260474818
13.59	11.764264471139885
13.6	12.204195261949833
13.61	14.975771012473583
13.62	10.643391733959756
13.63	11.370352993755874
13.64	18.717860374862028
13.65	13.903822489969793
13.66	15.882885157641379
13.67	13.818793111714811
13.68	15.233071445639322
13.69	16.96378288303029
13.7	14.872293014150685
13.71	17.740679751867983
13.72	18.23980159209444
13.73	17.732734805835427
13.74	19.939075686559736
13.75	18.79031899752195
13.76	18.68879419943211
13.77	16.83883166355613
13.78	20.759889078594114
13.79	15.19905253155002
13.8	19.376655256363936
13.81	16.47097195541229
13.82	20.86538801153673
13.83	18.504629473118484
13.84	19.769861722547347
13.85	20.15012411919236
13.86	22.06190035633857
13.87	20.260252008452188
13.88	20.213970325449232
13.89	19.86993872778823
13.9	16.463918855985657
13.91	19.205577211189183
13.92	20.692293195844375
13.93	19.170461907754788
13.94	17.476555262104885
13.95	17.975923440322326
13.96	17.64860467153178
13.97	18.922676246728674
13.98	18.023717377251025
13.99	16.667495983194247
14.0	16.37327625243064
14.01	15.30694604078403
14.02	16.019693364050177
14.03	16.231389315109183
14.04	16.010712910596833
14.05	11.38898292685959
14.06	15.63482925498787
14.07	17.074440882972404
14.08	12.826279448204335
14.09	11.90947026050929
14.1	13.973468334151317
14.11	10.882883106721193
14.12	11.355977977251014
14.13	12.881600252685288
14.14	12.495274079626492
14.15	12.645991457208849
14.16	8.85167099438764
14.17	10.207787657023129
14.18	9.15186750464164
14.19	10.072041950207122
14.2	10.486253363463552
14.21	8.440663885026293
14.22	6.601685975853678
14.23	8.077860301716369
14.24	3.8009024399557383
14.25	6.522898299463361
14.26	4.349102803580177
14.27	6.277704987808754
14.28	7.436085521628969
14.29	4.641983918137458
14.3	4.506586175863817
14.31	2.021897558468858
14.32	4.094748566013641
14.33	3.165532693815178
14.34	4.467358322001073
14.35	2.1142323202704287
14.36	3.4089047111016897
14.37	2.5626732033753665
14.38	2.0223626397296126
14.39	2.84085873631898
14.4	-0.702308499359966
14.41	3.523545022902164
14.42	0.09545402243503343
14.43	1.3137031318989179
14.44	2.9519723073200046
14.45	-1.0495711699271304
14.46	0.2755079281667019
14.47	-0.4744805090051123
14.48	0.5480960841961368
14.49	1.9208909765899642
14.5	-0.185081446891741
14.51	-0.2405793902847545
14.52	-0.2711860377952571
14.53	1.8504139603479537
14.54	-0.9119329113079291
14.55	0.4292348805226066
14.56	-0.2949374110567662
14.57	0.3721434117782867
14.58	4.445005435872497
14.59	0.4963393463804957
14.6	-0.09307219630569818
14.61	0.7795467564237077
14.62	4.043019329990485
14.63	1.03096914135653
14.64	2.2279908977894367
14.65	2.132548108769262
14.66	1.0454056877618028
14.67	6.5374377151799
14.68	7.0720928754144765
14.69	2.729775645786916
14.7	5.697855638469649
14.71	6.638187313871287
14.72	6.7555982649953625
14.73	4.586314411175884
14.74	5.213549704946939
14.75	6.113061830461766
14.76	7.440794755867882
14.77	7.313727632479273
14.78	10.372734403639297
14.79	9.212072267068589
14.8	10.124335764732889
14.81	9.615705361522883
14.82	9.275304594276609
14.83	12.06323526708059
14.84	12.734354716795965
14.85	11.059740729032006
14.86	9.535256281028673
14.87	11.21226022871058
14.88	15.359226879286911
14.89	14.934633694941128
14.9	14.111194223516806
14.91	13.729085049119604
14.92	13.173719090789843
14.93	12.634690999532378
14.94	15.40281997909451
14.95	14.205693208181902
14.96	11.914944996909043
14.97	11.638926144227543
14.98	15.091922435444499
14.99	15.522423171214077
15.0	15.343343921769328
15.01	17.0921993499723
15.02	16.029854688496535
15.03	14.61652494955248
15.04	14.550775111404695
15.05	13.783329796207141
15.06	16.614808281744313
15.07	15.891953542215642
15.08	17.27437826116911
15.09	14.478778875309533
15.1	14.061541478008248
15.11	16.427371770240413
15.12	16.0612636707995
15.13	19.15850647736268
15.14	16.365875037907024
15.15	12.589820413169285
15.16	15.42129103607246
15.17	16.279598113634293
15.18	14.340835315331693
15.19	16.258896005104667
15.2	16.717944397305565
15.21	17.2199149391319
15.22	18.369925757407636
15.23	15.74288525627691
15.24	16.16551606448733
15.25	18.11500735854249
15.26	13.338164829336629
15.27	16.71180885273401
15.28	12.72135982508146
15.29	14.573855039714156
15.3	13.753457720199908
15.31	14.578307586087965
15.32	16.242449550998025
15.33	15.596919281263016
15.34	15.324049046881562
15.35	17.098262033749265
15.36	14.863123273049263
15.37	14.065878023014546
15.38	13.64402119773901
15.39	16.787861439660276
15.4	15.50538346312366
15.41	16.186097501535478
15.42	15.962644226060938
15.43	11.142550014344305
15.44	16.041753942334196
15.45	11.219362121685059
15.46	12.29181345242188
15.47	14.028926483592182
15.48	10.932510544596665
15.49	12.528130942505003
15.5	10.574217617679608
15.51	9.917065576334974
15.52	10.53553812762761
15.53	10.399958186349407
15.54	6.86470026321093
15.55	8.632712441410643
15.56	7.985853246487104
15.57	7.429439156452138
15.58	7.788868517252404
15.59	9.241244376144103
15.6	8.283426538857059
15.61	5.0687201256357435
15.62	6.849284354810117
15.63	3.678237023742513
15.64	1.1001869742686048
15.65	4.338047287003239
15.66	2.382950958553225
15.67	5.315350202158702
15.68	1.7242110211847244
15.69	3.6137185973622787
15.7	2.259394893942733
15.71	2.703481253830923
15.72	5.237818821527733
15.73	3.8802312113339736
15.74	4.992531535785937
15.75	2.5487756924558784
15.76	-1.1547906204804161
15.77	1.2668784179500345
15.78	3.2678232793476076
15.79	-0.8125782701836258
15.8	0.5622306009657224
15.81	0.9151998069471325
15.82	1.5360535139968912
15.83	2.9349613011497606
15.84	0.4521413676330802
15.85	1.7143476141768739
15.86	-0.5429545798698806
15.87	0.008788109333929484
15.88	3.193791284488337
15.89	0.5900862859528901
15.9	1.6909141518891424
15.91	2.2586374849531667
15.92	1.5525049367724906
15.93	2.2614780972801256
15.94	3.176919640727336
15.95	2.383928705483495
15.96	5.431379718151992
15.97	3.896612474709564
15.98	5.049255802998244
15.99	4.100434202785653
16.0	3.9756914983748866
16.01	3.5455302427418545
16.02	3.58283425141855
16.03	6.560978737705487
16.04	7.381784893474493
16.05	6.054311524213546
16.06	6.433402361980098
16.07	7.928380867483542
16.08	11.386075106805894
16.09	7.799434743167058
16.1	11.898569437227575
16.11	11.144474929622039
16.12	6.824687549063907
16.13	12.633054577989023
16.14	11.524226483743567
16.15	13.352071602529612
16.16	10.46511910012692
16.17	11.358607102937484
16.18	12.84524743502983
16.19	12.9596167678259
16.2	12.11366677820599
16.21	13.587154088419325
16.22	10.901619945911566
16.23	14.897921713609366
16.24	14.5581191861714
16.25	14.221628293028221
16.26	14.573778479022398
16.27	14.97775198287357
16.28	18.802540213601745
16.29	15.958512452289838
16.3	14.132578184122895
16.31	16.52569610937629
16.32	13.172157911321955
16.33	14.250157810604449
16.34	13.106606870254359
16.35	14.80996287134113
16.36	16.64664323519868
16.37	15.111447056049181
16.38	13.53232963644943
16.39	15.604508780604013
16.4	14.628732377074494
16.41	15.083586958683345
16.42	16.662053518828095
16.43	15.217787950771953
16.44	13.325095659126731
16.45	12.77461842702977
16.46	12.680023563267225
16.47	11.702941183483054
16.48	16.498193841224968
16.49	14.785112632938521
16.5	11.79934982111578
16.51	12.746770549262333
16.52	14.283668226976987
16.53	11.894666582263119
16.54	12.535628388124657
16.55	13.440287126714448
16.56	10.347093407090208
16.57	10.20225526303521
16.58	8.814064419311984
16.59	11.719374259177526
16.6	9.047368412222397
16.61	9.137209514382748
16.62	6.739326189409097
16.63	7.2779184143235
16.64	7.8371452458319295
16.65	7.785245537515099
16.66	7.084433223169856
16.67	6.3731417367057235
16.68	6.977144663430701
16.69	5.764298489866999
16.7	8.653084674507442
16.71	2.8008512180943184
16.72	4.734319325995023
16.73	2.431335585944063
16.74	3.4128635448020552
16.75	5.226382110874487
16.76	5.211630608387326
16.77	4.593896039298241
16.78	3.833647510927061
16.79	2.8531705246934926
16.8	3.4214635698331177
16.81	2.3716375238543232
16.82	3.8637735922096472
16.83	4.076994220889898
16.84	3.5431191833731415
16.85	0.06064583527402578
16.86	1.1771349404517069
16.87	-0.8739235793864557
16.88	4.239936734606121
16.89	2.297912048687996
16.9	0.4938222020638522
16.91	-0.6178416477504893
16.92	2.0167745519976608
16.93	-0.23956687051498893
16.94	2.45540217576342
16.95	1.319679458226705
16.96	-1.0336982589441277
16.97	-0.8488636637043421
16.98	2.196085983289783
16.99	1.499891577235531
17.0	1.8225245172953533
17.01	-1.4237242857892909
17.02	1.1874426225849146
17.03	0.7675987513787335
17.04	1.270866625965429
17.05	2.5154205130267515
17.06	1.4826013422976863
17.07	4.610279335005703
17.08	3.722787125245708
17.09	5.8985567632766145
17.1	7.733796100480443
17.11	3.372272776179627
17.12	7.23749882643674
17.13	7.443837592867006
17.14	7.695570416111892
17.15	4.387026755533973
17.16	5.169601376057017
17.17	7.972274804706287
17.18	7.635726155078517
17.19	11.391182745804722
17.2	11.884095312865881
17.21	14.372077096018796
17.22	10.922125197275093
17.23	14.63608994735089
17.24	12.396687502889186
17.25	12.35989291860492
17.26	12.020085492002108
17.27	14.630398282278673
17.28	16.191570301719985
17.29	16.88121287965656
17.3	14.753288768892165
17.31	16.79342338234665
17.32	16.257263319485727
17.33	15.335190737574838
17.34	15.34720423477377
17.35	15.910358817447678
17.36	16.514354462846477
17.37	16.316624890265235
17.38	19.31678392062961
17.39	17.676342921477918
17.4	15.937939143170977
17.41	19.074926847853465
17.42	17.89063617890551
17.43	17.699860942643898
17.44	17.88646083038371
17.45	19.195300826062283
17.46	14.980954758094077
17.47	18.227945616012434
17.48	16.143577670308975
17.49	17.002662854070977
17.5	15.737838604158096
17.51	18.944490547559248
17.52	17.59809178218157
17.53	15.34654120138331
17.54	15.631075016289662
17.55	17.074967347950704
17.56	15.596478904474646
17.57	16.974913615670282
17.58	11.89524282080004
17.59	15.328965182079415
17.6	13.68724659301552
17.61	15.525686332632883
17.62	17.105727134484646
17.63	15.298142312872098
17.64	10.808266451591763
17.65	12.962175206172603
17.66	12.251307476602431
17.67	11.857955110449597
17.68	12.293226174266355
17.69	9.850519980862812
17.7	9.575958787442907
17.71	10.479166060872751
17.72	12.304326469512029
17.73	9.415646406286609
17.74	7.304885497055276
17.75	6.592451755233145
17.76	8.317765535933516
17.77	7.804204825856245
17.78	9.009487667961883
17.79	5.812429910736806
17.8	6.631985585037738
17.81	5.347137557613013
17.82	2.430027859727284
17.83	6.117879520966199
17.84	7.5119521384297325
17.85	3.594709087678487
17.86	5.303562281419557
17.87	3.9239690298459404
17.88	3.4367405800055986
17.89	5.487477552012106
17.9	4.330461045998996
17.91	5.44300446676515
17.92	1.663167229754285
17.93	2.9445853082020155
17.94	3.4911644292922746
17.95	3.574249790210108
17.96	4.535190611970684
17.97	0.6545315844446433
17.98	3.6837243134883657
17.99	0.9595493624709754
18.0	0.8947809958853457
18.01	5.306587441702186
18.02	0.9692085801668415
18.03	-1.7437726742491506
18.04	1.2407360882847804
18.05	5.5196981266597795
18.06	0.3736411852368134
18.07	-0.7037071157065424
18.08	1.010879254152943
18.09	0.7439166490652249
18.1	0.07908693987045701
18.11	3.9820823121286733
18.12	0.31300107884578965
18.13	0.7967810274764278
18.14	-0.5562609092234831
18.15	-0.4899783988698374
18.16	3.2933658900863554
18.17	0.0043381745744772715
18.18	2.42889851329272
18.19	4.071341756716291
18.2	3.6524626322614733
18.21	4.685935580381258
18.22	3.4286805008478005
18.23	3.1889819178441465
18.24	9.741545555762219
18.25	6.4844406886416515
18.26	7.307986966862217
18.27	5.179132494821042
18.28	6.336023132987628
18.29	5.549206122817656
18.3	7.43398229986689
18.31	9.339014227681284
18.32	6.692640380754809
18.33	9.41210974034956
18.34	6.696430277872274
18.35	6.678010067346409
18.36	9.502944393333623
18.37	10.226548257853562
18.38	11.68902380755717
18.39	11.317449895622522
18.4	8.927415703445705
18.41	11.941648131363445
18.42	11.719139547860886
18.43	11.925569701675425
18.44	14.07162500276412
18.45	13.96984657615327
18.46	15.062004897279913
18.47	13.180478780160094
18.48	12.09107764760857
18.49	14.914109249964731
18.5	16.268867091980805
18.51	17.927817981257448
18.52	15.81230345248886
18.53	17.051828979092363
18.54	14.98426114662186
18.55	14.695035101558604
18.56	17.081923272314782
18.57	18.94619011606359
18.58	17.281750494193144
18.59	18.426882782183114
18.6	15.202166223768598
18.61	15.62000064319445
18.62	15.482823805240713
18.63	17.016460083485025
18.64	14.87522913615421
18.65	15.555537714670761
18.66	16.09517547435704
18.67	15.580266360835564
18.68	17.28531018071218
18.69	15.03028383839
18.7	13.65854198100108
18.71	15.0838573298593
18.72	13.267798562535104
18.73	13.459369674834814
18.74	12.463547991142953
18.75	14.315337842813173
18.76	12.563032429131859
18.77	13.683356155258632
18.78	15.109261705049597
18.79	13.216552388079709
18.8	12.441175497939549
18.81	10.250036047547175
18.82	12.001543728976095
18.83	12.87829029928833
18.84	10.800977971819888
18.85	10.671009374081853
18.86	7.4084287956137445
18.87	8.98747476117516
18.88	8.943253373127497
18.89	8.070523407919346
18.9	7.8164201040071655
18.91	6.025318985170396
18.92	4.6664280179169
18.93	6.744306394838783
18.94	7.722283748343619
18.95	5.0256117189067755
18.96	5.30738135060497
18.97	5.407479250725598
18.98	4.444657879080703
18.99	2.8974622047246155
19.0	4.457987533443953
19.01	0.9997228579009949
19.02	4.022861534147087
19.03	2.809981139407874
19.04	-0.45345171635216364
19.05	2.446542479665986
19.06	3.0248971925140795
19.07	3.436676573776703
19.08	-0.46919055646547836
19.09	-0.0449409789270685
19.1	-0.4747107784973814
19.11	4.195561212414735
19.12	3.067702407534502
19.13	0.6070577860577997
19.14	-2.059691630815827
19.15	0.12731300487972988
19.16	-0.6792998808624391
19.17	2.377670035476776
19.18	0.6252069072683503
19.19	-0.010202852031123144
19.2	-2.1680903286069024
19.21	2.1203804563420876
19.22	-0.14690668503832577
19.23	0.4866456114279634
19.24	3.6272808784930475
19.25	0.7576240287443735
19.26	-1.1967519261158688
19.27	2.0151264354981433
19.28	-0.695093849098996
19.29	0.24344753616256454
19.3	-1.3828312701704832
19.31	3.8333061294440354
19.32	2.6056557013434642
19.33	0.4767926201058956
19.34	4.40000128654046
19.35	2.4757058619492973
19.36	0.9744771054882038
19.37	3.9289525723171126
19.38	4.443339955245063
19.39	4.02990093956809
19.4	6.777524014494002
19.41	6.310995637604709
19.42	5.489693567186112
19.43	7.8792676279613225
19.44	7.476938726022382
19.45	9.920244870600975
19.46	8.35233165060741
19.47	5.67717285731778
19.48	9.206615009668532
19.49	11.725307793128662
19.5	9.30953011765572
19.51	10.022511942337472
19.52	11.688250552393612
19.53	10.166213794743188
19.54	11.182915534555315
19.55	10.649367421336606
19.56	12.948900331010924
19.57	14.98141580191321
19.58	14.089635049880785
19.59	13.595610437843076
19.6	12.430020508584594
19.61	16.695953026221446
19.62	15.59366116198417
19.63	12.826012202227963
19.64	15.61021597832683
19.65	19.30941767128391
19.66	18.057348231224054
19.67	16.091555843442258
19.68	16.334328342683797
19.69	18.396900336951827
19.7	19.644126704718047
19.71	18.021020864442683
19.72	18.063590999241818
19.73	17.67766109541383
19.74	16.35842265617481
19.75	17.004225718913144
19.76	20.21238639973364
19.77	18.1403612482945
19.78	15.089239483719936
19.79	16.061021955211164
19.8	16.669399880905793
19.81	17.783943661152012
19.82	20.127821763523023
19.83	17.857758211674135
19.84	18.251963854331255
19.85	17.727749927974504
19.86	15.499756272151346
19.87	18.93013275662869
19.88	19.225974106042308
19.89	14.958123703069084
19.9	16.909201330415193
19.91	14.718770873875364
19.92	14.233100890662614
19.93	14.8228321925466
19.94	15.374658397391165
19.95	16.138115812021077
19.96	14.483638580216327
19.97	12.918135206285333
19.98	13.5900678909448
19.99	14.742025348362027
20.0	11.040573088323008
