1.968503937	-95.27352645174162
1.970472441	-80.06227262894593
1.972440945	-72.49724445341288
1.974409449	-85.83550149659992
1.976377953	-105.8429947303384
1.978346457	-112.63755084756927
1.980314961	-91.00090792072746
1.982283465	-73.31686089834194
1.984251969	-71.7847673341889
1.986220472	-85.27499569342905
1.988188976	-89.6251418140638
1.99015748	-74.92569985800826
1.992125984	-53.62479122275262
1.994094488	-53.67420938200662
1.996062992	-65.8286053187856
1.998031496	-79.95368583065498
2.0	-77.9241726802495
2.001968504	-65.1874995067639
2.003937008	-58.83481730828528
2.005905512	-74.14438427253371
2.007874016	-90.28867018227545
2.00984252	-89.87098359894816
2.011811024	-77.21186558448493
2.013779528	-65.41162964420091
2.015748031	-63.39182180713297
2.017716535	-72.63701556282045
2.019685039	-73.98126300570709
2.021653543	-76.77695408890024
2.023622047	-84.4888062041645
2.025590551	-99.45140054127134
2.027559055	-108.27454054059784
2.029527559	-100.51300789541452
2.031496063	-79.99727971382393
2.033464567	-73.85583696227519
2.035433071	-91.68285362479567
2.037401575	-115.48913467896182
2.039370079	-116.8677305040931
2.041338583	-96.11312709261726
2.043307087	-70.1771844284925
2.045275591	-76.1303490867957
2.047244094	-98.15153651812871
2.049212598	-111.38902416209841
2.051181102	-103.35618179301528
2.053149606	-87.31298025771108
2.05511811	-78.92391527595777
2.057086614	-88.27023567173401
2.059055118	-102.43302964046782
2.061023622	-108.71490565688218
2.062992126	-99.19936132744702
2.06496063	-96.36454817934384
2.066929134	-96.0061943427496
2.068897638	-98.76417710919365
2.070866142	-97.17102594386111
2.072834646	-94.67298236327073
2.07480315	-109.11625518270078
2.076771654	-112.81679991367575
2.078740157	-100.10246713522018
2.080708661	-78.45729373231114
2.082677165	-65.74625865093786
2.084645669	-77.55687296633357
2.086614173	-102.19692758155304
2.088582677	-113.16439554954572
2.090551181	-94.35691158787546
2.092519685	-73.71419919768512
2.094488189	-84.72015059524031
2.096456693	-122.6168347923493
2.098425197	-144.55168698946872
2.100393701	-144.78741172006795
2.102362205	-122.44209639235662
2.104330709	-110.19136411521345
2.106299213	-115.24041668011152
2.108267717	-120.04048608395824
2.11023622	-105.73085469461236
2.112204724	-91.16333348604388
2.114173228	-82.306121780319
2.116141732	-92.39993406559113
2.118110236	-111.42177774241782
2.12007874	-115.48532083718396
2.122047244	-116.38336157158619
2.124015748	-110.08856429791179
2.125984252	-105.40125428723107
2.127952756	-103.94718854230827
2.12992126	-111.3474696144974
2.131889764	-128.28458719892197
2.133858268	-135.32342127939026
2.135826772	-125.61441741213595
2.137795276	-102.0846083194323
2.13976378	-91.82836574969593
2.141732283	-105.35198981081851
2.143700787	-133.89164458501097
2.145669291	-143.89417361746695
2.147637795	-126.50692149052125
2.149606299	-99.44329799141013
2.151574803	-90.4872464874673
2.153543307	-105.04878359178983
2.155511811	-116.8776394064614
2.157480315	-105.98355327406563
2.159448819	-76.89871563480388
2.161417323	-54.8907993164185
2.163385827	-65.34940129401514
2.165354331	-99.16304359357092
2.167322835	-124.04837554273473
2.169291339	-123.74141832355535
2.171259843	-101.85530205755269
2.173228346	-89.14707472114596
2.17519685	-103.93936209645504
2.177165354	-132.25783946413526
2.179133858	-154.86781145139489
2.181102362	-146.88683610847022
2.183070866	-126.31143665782996
2.18503937	-116.95085237926125
2.187007874	-132.4002333779884
2.188976378	-141.86107877142473
2.190944882	-137.0910902228504
2.192913386	-102.88356815736762
2.19488189	-81.84448104712109
2.196850394	-80.79343542525257
2.198818898	-101.0455299125689
2.200787402	-113.35578991958137
2.202755906	-111.83494811627409
2.204724409	-103.19443013701726
2.206692913	-108.52079699116146
2.208661417	-133.31650987638724
2.210629921	-151.6164573149806
2.212598425	-157.0241667880371
2.214566929	-138.92416818071766
2.216535433	-122.28413366693727
2.218503937	-127.04963611894418
2.220472441	-143.22126219656073
2.222440945	-152.61612564832282
2.224409449	-145.7866799348656
2.226377953	-128.37426111666358
2.228346457	-123.35941318992323
2.230314961	-133.05184197104126
2.232283465	-139.47667112837206
2.234251969	-132.60127958970415
2.236220472	-117.93880045540566
2.238188976	-107.77630129794083
2.24015748	-113.26687511715201
2.242125984	-116.43333850348051
2.244094488	-122.8148522825361
2.246062992	-122.9199917548508
2.248031496	-128.03265348599618
2.25	-135.5875976770279
2.251968504	-137.00162451531085
2.253937008	-135.2208122417986
2.255905512	-128.31564372796387
2.257874016	-129.0335824351993
2.25984252	-133.27498297990397
2.261811024	-134.12318550473566
2.263779528	-141.17454552017276
2.265748031	-133.5141247065752
2.267716535	-131.47810133078244
2.269685039	-132.5449776185194
2.271653543	-138.8078910440115
2.273622047	-149.45185125596268
2.275590551	-162.0962548639636
2.277559055	-154.5469518346475
2.279527559	-129.7125094886381
2.281496063	-112.75296608242508
2.283464567	-118.11677362878314
2.285433071	-135.2240162120364
2.287401575	-148.3340787823002
2.289370079	-133.6275366803649
2.291338583	-112.25753000798795
2.293307087	-105.32976120875563
2.295275591	-124.37884502024501
2.297244094	-155.1273723158521
2.299212598	-165.95714088012946
2.301181102	-163.93947085355407
2.303149606	-149.5661287270941
2.30511811	-141.77959883374854
2.307086614	-144.37743567231496
2.309055118	-154.67214589450208
2.311023622	-152.66316887467818
2.312992126	-134.63778847563614
2.31496063	-112.03244903028553
2.316929134	-103.63549872001033
2.318897638	-113.94128147040756
2.320866142	-140.05918565182415
2.322834646	-148.8095254521915
2.32480315	-144.5382249998372
2.326771654	-146.76443626681478
2.328740157	-163.3328743057008
2.330708661	-174.4983275147511
2.332677165	-171.10441770760698
2.334645669	-148.32659018815872
2.336614173	-137.11908771218594
2.338582677	-156.9105892399029
2.340551181	-180.3117980398805
2.342519685	-173.67434233341535
2.344488189	-135.46112441545023
2.346456693	-112.3986381258313
2.348425197	-136.70817626801787
2.350393701	-184.02113337218273
2.352362205	-209.31410426080643
2.354330709	-183.60343577399485
2.356299213	-144.7286661378099
2.358267717	-136.91656763843315
2.36023622	-174.58912925890337
2.362204724	-211.783120748059
2.364173228	-215.78652267901364
2.366141732	-186.0921182583671
2.368110236	-161.9465840449339
2.37007874	-167.68077380336968
2.372047244	-189.37689649057415
2.374015748	-204.56874272735283
2.375984252	-213.5874685606586
2.377952756	-219.31670487631118
2.37992126	-219.16585797526702
2.381889764	-209.30759573687976
2.383858268	-193.2072596831654
2.385826772	-178.41328797799562
2.387795276	-184.19047389349183
2.38976378	-201.4711695302564
2.391732283	-204.99422895328573
2.393700787	-193.3355399082182
2.395669291	-179.34473854260276
2.397637795	-179.32296570474213
2.399606299	-188.23700713110452
2.401574803	-185.5565001865709
2.403543307	-164.1676258200547
2.405511811	-142.72244302104494
2.407480315	-135.9569699002501
2.409448819	-136.58120276049937
2.411417323	-137.1191254804641
2.413385827	-123.59402872413962
2.415354331	-104.71870660613675
2.417322835	-87.64614715194031
2.419291339	-98.18316606000215
2.421259843	-129.62722645537195
2.423228346	-156.99309799669567
2.42519685	-151.10658601205728
2.427165354	-117.65295117776947
2.429133858	-76.70385300979493
2.431102362	-74.62692690162355
2.433070866	-108.52746649792243
2.43503937	-134.23794033142389
2.437007874	-124.43721795711065
2.438976378	-87.25765083208428
2.440944882	-68.56466365623072
2.442913386	-92.01051910670394
2.44488189	-143.27607814574483
2.446850394	-172.8588631573511
2.448818898	-169.44977533405003
2.450787402	-143.2097426943769
2.452755906	-124.67848431764516
2.454724409	-127.31060750193602
2.456692913	-137.09116268897301
2.458661417	-141.96496489883202
2.460629921	-131.91336618150441
2.462598425	-109.57748432032777
2.464566929	-102.38881371502174
2.466535433	-119.80149741559885
2.468503937	-157.24221374102842
2.470472441	-191.23138515400802
2.472440945	-218.09626145710047
2.474409449	-251.54909601336897
2.476377953	-316.7958302900983
2.478346457	-403.6045117845836
2.480314961	-483.2764505148883
2.482283465	-523.8557489970256
2.484251969	-542.6203745470774
2.486220472	-578.3876033428201
2.488188976	-631.0460360576533
2.49015748	-674.5526954506306
2.492125984	-661.4504821452184
2.494094488	-608.4208285948263
2.496062992	-546.6155479548424
2.498031496	-506.5029964550379
2.5	-470.5206781704673
2.501968504	-402.6579280557535
2.503937008	-303.69468693869004
2.505905512	-207.0113152859168
2.507874016	-128.01475850204628
2.50984252	-78.76335763081553
2.511811024	-49.33182302005418
2.513779528	-26.240689120713466
2.515748031	-10.097051064068008
2.517716535	-12.922490938857248
2.519685039	-21.70230708068389
2.521653543	-39.02339771826831
2.523622047	-61.654855698685374
2.525590551	-72.6418777328065
2.527559055	-77.75384562673695
2.529527559	-63.11586789949771
2.531496063	-59.26598812999158
2.533464567	-62.830690546161456
2.535433071	-73.92707153240688
2.537401575	-60.9781945713795
2.539370079	-36.83666367171854
2.541338583	-21.713337184298982
2.543307087	-31.051478374872335
2.545275591	-55.795739079444346
2.547244094	-66.82360869782653
2.549212598	-50.57625136722383
2.551181102	-18.958294278608786
2.553149606	-14.695810531525227
2.55511811	-37.027873107423936
2.557086614	-58.50400873070054
2.559055118	-54.60436594899954
2.561023622	-27.926568218738662
2.562992126	-11.245294383968321
2.56496063	-20.252821481365174
2.566929134	-53.92065382165857
2.568897638	-76.63568976734602
2.570866142	-71.67885356043412
2.572834646	-58.05543987533167
2.57480315	-59.092190161155536
2.576771654	-74.59545201906424
2.578740157	-83.75464648492853
2.580708661	-72.23904617112794
2.582677165	-46.36787061844146
2.584645669	-32.59524467202804
2.586614173	-38.42870933035417
2.588582677	-56.01661311806684
2.590551181	-65.3540705437241
2.592519685	-62.09870375374607
2.594488189	-56.52290616989251
2.596456693	-58.550477060318144
2.598425197	-69.98050355754408
2.600393701	-81.86675305160217
2.602362205	-93.03644392892248
2.604330709	-101.12703064903533
2.606299213	-106.5285583908947
2.608267717	-102.14278999197921
2.61023622	-100.05301555058489
2.612204724	-105.41083859240379
2.614173228	-108.77450341406806
2.616141732	-101.29365267635768
2.618110236	-78.18141594885284
2.62007874	-70.63127532019274
2.622047244	-91.87767511018147
2.624015748	-129.2747263498469
2.625984252	-142.27702822854374
2.627952756	-117.30108950233073
2.62992126	-80.52075872458866
2.631889764	-73.81881351619597
2.633858268	-107.06361271970877
2.635826772	-154.1234255182456
2.637795276	-171.67328658887317
2.63976378	-152.47200760410993
2.641732283	-114.28232708790821
2.643700787	-100.49985192760494
2.645669291	-113.0179026713393
2.647637795	-145.83074370444382
2.649606299	-167.98472041232233
2.651574803	-174.33288844431792
2.653543307	-156.92506041129099
2.655511811	-130.13416906663525
2.657480315	-120.08386025921784
2.659448819	-129.2199002485058
2.661417323	-154.1077373256582
2.663385827	-169.00284024486612
2.665354331	-166.66725610803923
2.667322835	-156.4341849547251
2.669291339	-145.84590043555036
2.671259843	-149.77953818828917
2.673228346	-160.78530568975972
2.67519685	-167.81155591792913
2.677165354	-174.945838025395
2.679133858	-178.5862732919164
2.681102362	-187.62139516602133
2.683070866	-202.48039915760265
2.68503937	-218.80718451250968
2.687007874	-226.3115619989904
2.688976378	-216.8434817017461
2.690944882	-193.76161065358158
2.692913386	-179.94592510061136
2.69488189	-182.96669711344092
2.696850394	-201.95787653478456
2.698818898	-213.99041356279116
2.700787402	-198.80909187486375
2.702755906	-175.72289904454877
2.704724409	-170.5272298336121
2.706692913	-196.19298031989035
2.708661417	-238.13241390195154
2.710629921	-257.126662705722
2.712598425	-266.18802148078527
2.714566929	-264.5385056284141
2.716535433	-268.7904377258882
2.718503937	-266.7776390391265
2.720472441	-250.16448851066593
2.722440945	-231.1593349069404
2.724409449	-224.08717710186008
2.726377953	-231.5864373532248
2.728346457	-244.81750750262657
2.730314961	-243.0587520360112
2.732283465	-235.04932723708015
2.734251969	-223.38146935501274
2.736220472	-235.17146081573765
2.738188976	-255.46947415217508
2.74015748	-272.4828970101476
2.742125984	-277.40001463351325
2.744094488	-271.300808087116
2.746062992	-259.24222335120396
2.748031496	-253.01128328043413
2.75	-243.37826429700732
2.751968504	-240.67754042415186
2.753937008	-239.2635883325272
2.755905512	-243.18115412028433
2.757874016	-239.77609105107854
2.75984252	-234.48907517277104
2.761811024	-229.92149576530358
2.763779528	-230.79375475899337
2.765748031	-231.31150590542074
2.767716535	-229.9355142003971
2.769685039	-215.62196208539135
2.771653543	-201.74397966823426
2.773622047	-194.35776228921418
2.775590551	-195.79461800332336
2.777559055	-195.92730416558146
2.779527559	-180.71512998910197
2.781496063	-155.2073088911891
2.783464567	-137.30875154474327
2.785433071	-135.08912957288996
2.787401575	-150.52757713272825
2.789370079	-163.5333101330512
2.791338583	-145.47920013371552
2.793307087	-111.40700303618543
2.795275591	-82.80369783218015
2.797244094	-78.87586845931224
2.799212598	-96.40962688194267
2.801181102	-104.99871686390483
2.803149606	-88.33499907008034
2.80511811	-59.057386197249635
2.807086614	-52.208111799597575
2.809055118	-67.75453525103092
2.811023622	-82.3190579285379
2.812992126	-79.03432497285905
2.81496063	-56.95911859900874
2.816929134	-37.40082825018752
2.818897638	-54.350629238836156
2.820866142	-88.48715848056398
2.822834646	-109.53110667736684
2.82480315	-98.38151975904253
2.826771654	-75.2587330057325
2.828740157	-61.331136831512865
2.830708661	-74.96574784028466
2.832677165	-95.79713258887698
2.834645669	-105.14570003028057
2.836614173	-94.40724497994883
2.838582677	-71.65263877390868
2.840551181	-55.41961825002267
2.842519685	-61.09892700932944
2.844488189	-71.56711520507582
2.846456693	-87.45659652341726
2.848425197	-87.62058279223368
2.850393701	-83.93262586507687
2.852362205	-81.59055340209886
2.854330709	-83.2958522152426
2.856299213	-82.0058103890905
2.858267717	-76.94390036119357
2.86023622	-69.45484305204585
2.862204724	-72.86764536912706
2.864173228	-78.29726901960893
2.866141732	-82.2395332965934
2.868110236	-92.26739304058523
2.87007874	-95.29065149033728
2.872047244	-97.27115962001116
2.874015748	-98.02651843967826
2.875984252	-98.72845866339338
2.877952756	-112.22207222849995
2.87992126	-126.26870491258687
2.881889764	-135.9095652740914
2.883858268	-128.19556821157943
2.885826772	-105.98489816278149
2.887795276	-91.30984346715668
2.88976378	-88.7118125196127
2.891732283	-97.08431903311435
2.893700787	-105.24409149804146
2.895669291	-100.22944822114509
2.897637795	-97.81895512990839
2.899606299	-98.35411477180183
2.901574803	-109.85970154772707
2.903543307	-125.9250294012419
2.905511811	-138.3214191223505
2.907480315	-138.32486227257968
2.909448819	-130.3540435416011
2.911417323	-115.24473330747101
2.913385827	-110.5423705675684
2.915354331	-120.01509119782423
2.917322835	-135.40863394732432
2.919291339	-143.37104866927152
2.921259843	-127.98555819528016
2.923228346	-104.30218913451156
2.92519685	-97.37683480645404
2.927165354	-118.89634831843627
2.929133858	-135.95377947857466
2.931102362	-134.88478667776786
2.933070866	-108.52857609733525
2.93503937	-90.60776147674555
2.937007874	-89.61447337594906
2.938976378	-103.25046108434759
2.940944882	-105.61391130263831
2.942913386	-108.4693578718429
2.94488189	-116.81721567605337
2.946850394	-134.62678151756816
2.948818898	-134.51447442452033
2.950787402	-116.16951090043099
2.952755906	-95.7990735164672
2.954724409	-106.18354659868045
2.956692913	-138.21493524462764
2.958661417	-153.00200430273583
2.960629921	-137.73149779814364
2.962598425	-104.69179238507202
2.964566929	-92.77858730808514
2.966535433	-110.55023802614498
2.968503937	-124.75487186173942
2.970472441	-120.88299526615616
2.972440945	-114.59161713068487
2.974409449	-109.85458463943125
2.976377953	-111.09656722147821
2.978346457	-105.31607070001712
2.980314961	-87.9809723868173
2.982283465	-87.18980654835673
2.984251969	-118.60570984779467
2.986220472	-155.65840735255432
2.988188976	-161.08840288650816
2.99015748	-139.27638961325033
2.992125984	-114.2635901495291
2.994094488	-122.86232356848015
2.996062992	-147.3996926496389
2.998031496	-157.06793560787696
3.0	-136.78950884700976
3.001968504	-101.7840284002439
3.003937008	-87.1808781494696
3.005905512	-93.14450194383156
3.007874016	-111.77069904387623
3.00984252	-119.68634744972141
3.011811024	-118.0781602153998
3.013779528	-118.3587644663633
3.015748031	-117.42751448967655
3.017716535	-117.92226606650267
3.019685039	-116.89715248445357
3.021653543	-113.00820807550257
3.023622047	-116.539057507272
3.025590551	-119.991356231147
3.027559055	-124.92228258454718
3.029527559	-126.34130927368965
3.031496063	-120.01016267677448
3.033464567	-117.81078240554312
3.035433071	-119.37621361373914
3.037401575	-121.79023972662475
3.039370079	-124.58450684922093
3.041338583	-121.50613580348418
3.043307087	-116.02797908931953
3.045275591	-109.0375429384881
3.047244094	-106.58302196513237
3.049212598	-106.89661213618074
3.051181102	-109.45271237275436
3.053149606	-103.97214818647542
3.05511811	-105.35796406916991
3.057086614	-118.95164119507875
3.059055118	-133.8809301865675
3.061023622	-136.036954338211
3.062992126	-125.04513953442134
3.06496063	-113.14029897197169
3.066929134	-118.25194969699126
3.068897638	-135.18466309601035
3.070866142	-140.75645323194203
3.072834646	-126.85189505577439
3.07480315	-103.84384764656728
3.076771654	-106.97349428792683
3.078740157	-127.81239647029554
3.080708661	-151.9549476364723
3.082677165	-154.82779041365427
3.084645669	-145.44868851314172
3.086614173	-130.7445621832273
3.088582677	-123.76760384798055
3.090551181	-114.48779021362004
3.092519685	-107.43580126933767
3.094488189	-112.52682300485796
3.096456693	-128.50088906875422
3.098425197	-138.2713941435408
3.100393701	-125.88457875846034
3.102362205	-106.45339119583828
3.104330709	-105.37295148405586
3.106299213	-139.06701801191312
3.108267717	-175.25028759321404
3.11023622	-185.76280070210493
3.112204724	-159.6808834180335
3.114173228	-119.03864015458974
3.116141732	-107.91733177312874
3.118110236	-121.40547759311706
3.12007874	-135.75252563782368
3.122047244	-133.96670919994114
3.124015748	-127.14283514099671
3.125984252	-130.90460926222227
3.127952756	-151.052993395373
3.12992126	-173.84574675700193
3.131889764	-182.3891610269555
3.133858268	-184.096381066315
3.135826772	-187.56168138533465
3.137795276	-197.49989779739127
3.13976378	-203.14542250135887
3.141732283	-200.7850551209449
3.143700787	-179.93748895396035
3.145669291	-157.18448438795278
3.147637795	-153.26646162312724
3.149606299	-168.46822686254347
3.151574803	-190.7869184671375
3.153543307	-195.72736308203386
3.155511811	-176.88823496602126
3.157480315	-161.46485075310045
3.159448819	-158.94671906358562
3.161417323	-180.23421334377403
3.163385827	-189.64864078721504
3.165354331	-166.37709543591416
3.167322835	-132.9435661861722
3.169291339	-118.2442595276045
3.171259843	-131.43116316910047
3.173228346	-146.19261206131057
3.17519685	-135.35466581733425
3.177165354	-104.46606739311217
3.179133858	-82.26551550343116
3.181102362	-84.5760748435582
3.183070866	-98.76361453245332
3.18503937	-101.27695914308954
3.187007874	-90.4979523629663
3.188976378	-75.50450124508451
3.190944882	-73.62151349439836
3.192913386	-85.77839553292779
3.19488189	-96.5592495377754
3.196850394	-94.23056622120731
3.198818898	-92.81066764640389
3.200787402	-102.2388148730467
3.202755906	-119.62916158964217
3.204724409	-131.87246792241865
3.206692913	-120.82960358305387
3.208661417	-93.74261378852998
3.210629921	-83.67185929689798
3.212598425	-102.01794977524766
3.214566929	-128.16294585662718
3.216535433	-130.43068091851168
3.218503937	-109.55922467869411
3.220472441	-90.11248906715348
3.222440945	-101.60349606539815
3.224409449	-135.350903107457
3.226377953	-151.23534489339474
3.228346457	-143.0999265631384
3.230314961	-124.98090890852119
3.232283465	-134.54271803288924
3.234251969	-169.43391036261335
3.236220472	-214.91571465564374
3.238188976	-254.55359840964033
3.24015748	-296.84651158696903
3.242125984	-344.6850052925511
3.244094488	-408.1471268495068
3.246062992	-476.0461169701075
3.248031496	-537.3757862626844
3.25	-577.7624315482856
3.251968504	-594.5793545218033
3.253937008	-597.913237651381
3.255905512	-591.4415866309912
3.257874016	-568.5666263515109
3.25984252	-529.0927970305389
3.261811024	-460.2641919738423
3.263779528	-387.7487613358709
3.265748031	-309.6154076225895
3.267716535	-224.99595663291018
3.269685039	-157.42600722890347
3.271653543	-93.78937195007188
3.273622047	-43.495259329165776
3.275590551	-9.897744535954649
3.277559055	1.3319679465918357
3.279527559	-2.860244226014379
3.281496063	-9.834924081008769
3.283464567	-18.561333144042486
3.285433071	-38.122263540859386
3.287401575	-69.82634213115391
3.289370079	-93.13427528159288
3.291338583	-92.3587638228569
3.293307087	-73.19317900867165
3.295275591	-58.73082707871689
3.297244094	-70.67158723019276
3.299212598	-91.67428820265398
3.301181102	-86.47652664124716
3.303149606	-51.66098666607516
3.30511811	-18.723431391078197
3.307086614	-22.611124467937298
3.309055118	-49.93053188305365
3.311023622	-71.5158173636482
3.312992126	-69.1860147418547
3.31496063	-55.98446346669654
3.316929134	-56.77462481151761
3.318897638	-59.30442018331448
3.320866142	-59.68158598957068
3.322834646	-52.5349770742309
3.32480315	-58.90894456239783
3.326771654	-76.46078206492302
3.328740157	-98.56039467592704
3.330708661	-94.4421886238219
3.332677165	-77.43841991615241
3.334645669	-72.10239023180593
3.336614173	-91.45785263261996
3.338582677	-113.74180705493914
3.340551181	-116.79694076216431
3.342519685	-97.14000305984491
3.344488189	-72.42898204495648
3.346456693	-62.232277120098075
3.348425197	-71.36497835883819
3.350393701	-90.34598157704308
3.352362205	-106.34754478741505
3.354330709	-103.35074960048865
3.356299213	-92.00013664242235
3.358267717	-74.37793575868636
3.36023622	-81.83139236616326
3.362204724	-106.26788902371945
3.364173228	-134.64554677219982
3.366141732	-135.92053141431342
3.368110236	-111.86403978543812
3.37007874	-91.09417142956904
3.372047244	-97.56843005222326
3.374015748	-122.39472060995494
3.375984252	-139.6247405917367
3.377952756	-128.3283124162437
3.37992126	-105.97067296847081
3.381889764	-95.08776231680878
3.383858268	-113.862751529887
3.385826772	-140.07702256021173
3.387795276	-143.62201364396452
3.38976378	-134.22092913173984
3.391732283	-127.3239059375416
3.393700787	-125.30137322300554
3.395669291	-130.06014697974
3.397637795	-129.3652175329757
3.399606299	-134.52073762013507
3.401574803	-146.23540151284809
3.403543307	-154.35149879440425
3.405511811	-158.16618341116285
3.407480315	-156.26638848629767
3.409448819	-157.75465879387835
3.411417323	-165.88305594803822
3.413385827	-169.9857029093466
3.415354331	-161.19316106555806
3.417322835	-156.6034105851054
3.419291339	-164.7810404712606
3.421259843	-186.92342303080972
3.423228346	-189.04265689897983
3.42519685	-173.3055624762813
3.427165354	-155.02973326052418
3.429133858	-170.9498462607047
3.431102362	-207.9320711558368
3.433070866	-227.85732156196622
3.43503937	-213.09282784887822
3.437007874	-175.39917128866614
3.438976378	-162.98243315900223
3.440944882	-180.16389005455682
3.442913386	-209.86106217602952
3.44488189	-222.82029295358316
3.446850394	-213.77957261935325
3.448818898	-207.38290596915297
3.450787402	-207.6829236447743
3.452755906	-212.1851036999263
3.454724409	-210.00176493797045
3.456692913	-211.2912930924363
3.458661417	-224.95719960684386
3.460629921	-237.8423364290394
3.462598425	-244.08108493235227
3.464566929	-230.40507013361565
3.466535433	-221.5111132238191
3.468503937	-230.46413873538947
3.470472441	-247.43179223353212
3.472440945	-261.9545601767639
3.474409449	-253.9310170088588
3.476377953	-239.99190546829337
3.478346457	-234.51642536335785
3.480314961	-243.79917136378572
3.482283465	-253.02460565829023
3.484251969	-255.83640795949702
3.486220472	-246.79895563027608
3.488188976	-240.57899580643505
3.49015748	-248.90112772045833
3.492125984	-256.1990986077985
3.494094488	-259.50141535565444
3.496062992	-260.23191372692406
3.498031496	-253.64517905746592
3.5	-249.69487053426303
3.501968504	-253.7721853955191
3.503937008	-262.0165015831415
3.505905512	-267.99686863053097
3.507874016	-268.9907102599481
3.50984252	-261.9295945886307
3.511811024	-252.07787178057626
3.513779528	-239.20113385578952
3.515748031	-240.06466187904377
3.517716535	-246.19803523102158
3.519685039	-250.74543231645484
3.521653543	-242.09717740376763
3.523622047	-235.52994577717772
3.525590551	-222.2531864038464
3.527559055	-225.54382787315606
3.529527559	-229.4796086890209
3.531496063	-231.31143409474106
3.533464567	-222.36230838609458
3.535433071	-195.00239785121218
3.537401575	-180.44909098719353
3.539370079	-162.58047433668193
3.541338583	-161.57014529220694
3.543307087	-155.96450269674827
3.545275591	-141.72315300333244
3.547244094	-123.65776051774408
3.549212598	-112.3958032329362
3.551181102	-109.91169129609378
3.553149606	-114.30309426254757
3.55511811	-113.09881940048496
3.557086614	-104.97312723644828
3.559055118	-97.68221304521944
3.561023622	-101.39667814153306
3.562992126	-102.92868500868074
3.56496063	-94.48529764555923
3.566929134	-76.65476807555969
3.568897638	-64.38143921522058
3.570866142	-60.22165101830066
3.572834646	-60.238027330091356
3.57480315	-58.82592592373584
3.576771654	-54.963207419854655
3.578740157	-43.20053597427937
3.580708661	-37.72547147382874
3.582677165	-39.61827166522262
3.584645669	-49.37032501182297
3.586614173	-60.158778514740725
3.588582677	-58.5855365807792
3.590551181	-45.96425060212131
3.592519685	-29.803388460742063
3.594488189	-26.22557365451041
3.596456693	-45.59685741379521
3.598425197	-67.72726220055607
3.600393701	-77.48673998534721
3.602362205	-62.6617167464895
3.604330709	-49.625739459706885
3.606299213	-58.8869227021611
3.608267717	-82.0727486268738
3.61023622	-107.18614505239155
3.612204724	-109.49648763203587
3.614173228	-86.60340076867722
3.616141732	-66.29029020855106
3.618110236	-64.15185731048103
3.62007874	-73.63178112549494
3.622047244	-74.56275160608385
3.624015748	-59.738210442015216
3.625984252	-47.04075802986482
3.627952756	-45.1777384290068
3.62992126	-61.75486042422356
3.631889764	-82.85441763774926
3.633858268	-82.95911682182398
3.635826772	-79.02485805047787
3.637795276	-81.54339943722218
3.63976378	-103.6387204022093
3.641732283	-123.4749379439618
3.643700787	-123.77250225979303
3.645669291	-102.34216822988573
3.647637795	-81.32563703501205
3.649606299	-79.82614377359442
3.651574803	-93.84033759973737
3.653543307	-102.59995769453106
3.655511811	-91.96844030602573
3.657480315	-85.53136244124411
3.659448819	-91.6821804862451
3.661417323	-110.66473943676249
3.663385827	-127.96163710162227
3.665354331	-119.04167042338435
3.667322835	-99.86107315602705
3.669291339	-95.38372830714648
3.671259843	-113.3739700107299
3.673228346	-136.54293869999202
3.67519685	-133.20804422369426
3.677165354	-105.32138633448943
3.679133858	-79.01323653758303
3.681102362	-83.44465942310819
3.683070866	-116.55450182152705
3.68503937	-143.9228126091525
3.687007874	-143.60843116028815
3.688976378	-125.08688628698866
3.690944882	-114.17729930312855
3.692913386	-114.5177523795301
3.69488189	-117.82647149714703
3.696850394	-120.86443579512152
3.698818898	-125.23970169590349
3.700787402	-121.90540796574116
3.702755906	-117.83721932327919
3.704724409	-98.37851474861093
3.706692913	-90.47192209732582
3.708661417	-102.11489744492322
3.710629921	-129.5093998054722
3.712598425	-146.705408850823
3.714566929	-138.89194615969615
3.716535433	-113.4853643166118
3.718503937	-96.43822539565399
3.720472441	-107.61638760088262
3.722440945	-123.72907123914814
3.724409449	-131.67055327829235
3.726377953	-127.20409503352485
3.728346457	-122.26210194431046
3.730314961	-124.87436070617167
3.732283465	-130.6927795545998
3.734251969	-129.6875784505789
3.736220472	-128.60443809520655
3.738188976	-131.13691330862343
3.74015748	-139.38882284583124
3.742125984	-136.7437124154207
3.744094488	-116.71483188608921
3.746062992	-99.28263080887533
3.748031496	-100.49671110673913
3.75	-117.8965587332434
3.751968504	-127.9291475957638
3.753937008	-122.31726149780715
3.755905512	-109.66878228415229
3.757874016	-113.28512566639203
3.75984252	-128.9397619389991
3.761811024	-136.2209563127689
3.763779528	-128.51902987844184
3.765748031	-117.39202613133631
3.767716535	-113.62850085037914
3.769685039	-121.1797055491592
3.771653543	-124.24274576041581
3.773622047	-111.15721640282733
3.775590551	-95.68627683999252
3.777559055	-98.72025808496663
3.779527559	-105.17118938402143
3.781496063	-105.26707951286464
3.783464567	-97.10190720736348
3.785433071	-95.76251608371729
3.787401575	-111.04459453659214
3.789370079	-130.0068575313536
3.791338583	-131.90296170843507
3.793307087	-114.53476780484647
3.795275591	-98.32204833869639
3.797244094	-104.3281905137251
3.799212598	-123.04046681861752
3.801181102	-127.83625898679267
3.803149606	-116.28882824523366
3.80511811	-101.17439718112655
3.807086614	-97.07517336569346
3.809055118	-98.69042369092848
3.811023622	-105.55028383848865
3.812992126	-111.61973395786606
3.81496063	-110.89539782555111
3.816929134	-119.73061928781816
3.818897638	-124.46000442696962
3.820866142	-127.23048930633499
3.822834646	-127.15626029474397
3.82480315	-121.84866579608004
3.826771654	-124.66401709609706
3.828740157	-116.36178895102745
3.830708661	-120.6568694224426
3.832677165	-120.96584329484813
3.834645669	-124.61558312494944
3.836614173	-126.58038951473421
3.838582677	-132.50209478784384
3.840551181	-135.62244650562212
3.842519685	-139.3013351332901
3.844488189	-156.03637306414606
3.846456693	-178.95040152141615
3.848425197	-192.68966358383113
3.850393701	-185.83590055608684
3.852362205	-163.68484225536795
3.854330709	-139.67697424193966
3.856299213	-125.36411917411705
3.858267717	-128.5078648155556
3.86023622	-134.90175235313225
3.862204724	-139.4369984467068
3.864173228	-142.2994285924068
3.866141732	-139.160923938012
3.868110236	-139.38374420939712
3.87007874	-143.9587386903244
3.872047244	-158.65158439829335
3.874015748	-172.88655350034625
3.875984252	-184.16800422131126
3.877952756	-189.2382911518826
3.87992126	-193.9496503266332
3.881889764	-204.91953967182113
3.883858268	-205.63680422969617
3.885826772	-199.27747772103712
3.887795276	-186.77601077235653
3.88976378	-189.71355230602964
3.891732283	-203.7699140630132
3.893700787	-207.41026021363734
3.895669291	-188.3582907494838
3.897637795	-162.82257892831618
3.899606299	-154.7886058504505
3.901574803	-160.46624712631203
3.903543307	-172.42647976812916
3.905511811	-166.08509765705037
3.907480315	-145.14111546533402
3.909448819	-124.11622795822095
3.911417323	-115.13272836940214
3.913385827	-116.03508557370807
3.915354331	-116.40269278226472
3.917322835	-109.29658040817337
3.919291339	-98.89195586307667
3.921259843	-89.30819608890351
3.923228346	-88.30494582899713
3.92519685	-102.80240580458886
3.927165354	-117.60727511932865
3.929133858	-117.76589396431956
3.931102362	-105.37880730550575
3.933070866	-84.97686273950076
3.93503937	-94.46529653413326
