10.01	10.52460215739031
10.02	10.978243180187961
10.03	11.165910260900205
10.04	8.095501169071651
10.05	8.295128454278892
10.06	5.581809521980788
10.07	6.979746433610886
10.08	6.824698304648521
10.09	7.47744973882063
10.1	7.938005407713031
10.11	7.506433513884078
10.12	6.907899577664662
10.13	3.95124061840549
10.14	4.992676644280085
10.15	4.973351774030036
10.16	4.3340034013040745
10.17	3.2692027002073565
10.18	5.925403396355485
10.19	2.4717614520193374
10.2	4.036749067009529
10.21	1.802164136219969
10.22	3.0271010390437665
10.23	-0.03870235844016534
10.24	2.776376132128812
10.25	-0.8312519787946058
10.26	0.11256852398717809
10.27	2.0146258383318627
10.28	-0.7594463083265506
10.29	0.8688118657049781
10.3	1.3223541684129287
10.31	0.8157196937795783
10.32	2.5425853189653016
10.33	3.0955451284816804
10.34	1.4374768067833004
10.35	4.133455298934184
10.36	0.8670110297030855
10.37	3.4787027303255074
10.38	3.9390603732525244
10.39	4.311562468310418
10.4	6.702347517735589
10.41	2.6594856855349294
10.42	4.366874855739515
10.43	4.385583336015236
10.44	5.4996281997507745
10.45	3.0413999103883564
10.46	7.003978571760792
10.47	4.379323145160817
10.48	3.7289115365561387
10.49	6.3073683585463
10.5	5.955490960558033
10.51	6.737002737117416
10.52	8.997175421254624
10.53	6.311800417221349
10.54	9.621631199073615
10.55	11.54060793261388
10.56	8.623148314431608
10.57	10.091510526011444
10.58	9.401973945375598
10.59	11.640427732992986
10.6	10.613676604140286
10.61	11.721832249334204
10.62	9.121778068061388
10.63	15.053178262709588
10.64	9.31285136693186
10.65	10.18969363933473
10.66	11.938128758084238
10.67	11.410374892412808
10.68	11.747563366623906
10.69	9.02258293755714
10.7	11.940519505402571
10.71	11.971065102516897
10.72	12.038046762726873
10.73	10.58191595459213
10.74	12.732535971652569
10.75	12.88845400664618
10.76	10.33316456486242
10.77	8.114225822954747
10.78	9.93027566021477
10.79	9.988180001201435
10.8	11.335472929895243
10.81	11.143114438593622
10.82	10.764136776149735
10.83	7.844929110386483
10.84	11.128429858015508
10.85	6.927947035890363
10.86	8.751861626487502
10.87	7.714842298878764
10.88	3.9461666222535188
10.89	6.297348777225116
10.9	6.580528733955553
10.91	6.7108209681991084
10.92	7.756769185962791
10.93	8.877275064207081
10.94	5.108345241138557
10.95	5.781771500498302
10.96	2.3571767364698997
10.97	7.9180604230467075
10.98	6.08485667175656
10.99	3.9840374955765636
11.0	4.584144350299658
11.01	2.398081872284867
11.02	4.173055791940665
11.03	0.20206117045818628
11.04	2.5658854674599763
11.05	4.044520530411777
11.06	5.15208522715877
11.07	0.6939632893324736
11.08	2.1159824901833577
11.09	4.655214345968548
11.1	2.897644627768815
11.11	5.51752401192018
11.12	3.3535633518136896
11.13	4.194803520087148
11.14	3.3576807563322655
11.15	1.9338952977016646
11.16	3.0216204441449372
11.17	4.048351169578629
11.18	4.34541491251379
11.19	5.337897654258462
11.2	4.219913742925461
11.21	4.48257726986413
11.22	4.117159649687535
11.23	4.1130163573847
11.24	7.076463422010478
11.25	5.6891427838524855
11.26	8.594651595208965
11.27	6.088773057660959
11.28	9.717346144532284
11.29	6.222418032833551
11.3	6.87420095541551
11.31	10.404101316178977
11.32	6.618692447132594
11.33	8.873688533563179
11.34	11.948038791246434
11.35	9.126384332875642
11.36	9.8561243334625
11.37	8.139861545627978
11.38	11.079018331957036
11.39	12.44218185429889
11.4	11.523531392456702
11.41	13.45233182192717
11.42	11.585500811382651
11.43	12.546840551219118
11.44	12.179738870726464
11.45	11.954878122367601
11.46	13.397151663260999
11.47	9.935811400028097
11.48	11.829525434147037
11.49	14.321001004611077
11.5	11.028184546255897
11.51	8.535809448006317
11.52	13.195945767499968
11.53	8.714159486447976
11.54	12.688600693642677
11.55	8.685934365345972
11.56	11.500309540868253
11.57	7.501778543112919
11.58	10.405482354692984
11.59	7.658381883410597
11.6	13.652783044671855
11.61	8.90372233635108
11.62	7.3156297329639
11.63	4.473388484194528
11.64	8.361357926027356
11.65	9.000006553888992
11.66	4.274970701747112
11.67	7.570347472084133
11.68	7.604298599199188
11.69	5.9712713843883956
11.7	6.265376321379757
11.71	4.934177431318466
11.72	3.8390059060567716
11.73	3.0988127033455886
11.74	3.610859200497184
11.75	4.537874350693137
11.76	1.816349323486725
11.77	2.3571455860039996
11.78	1.4987679606341096
11.79	0.0745789677658728
11.8	1.3939531553543891
11.81	3.5613856555257146
11.82	-0.11842147159388783
11.83	1.6714125550177041
11.84	4.626039056514188
11.85	-0.8695387874382681
11.86	2.5151776220107664
11.87	-0.7592164818355671
11.88	0.6884139290928032
11.89	3.025256118549856
11.9	0.8096066077815222
11.91	1.6352591637827183
11.92	2.52307469236265
11.93	0.27926419808926184
11.94	3.5464017063330373
11.95	2.067534151264748
11.96	1.2932982222929599
11.97	3.136729638253065
11.98	4.679572909424768
11.99	2.29305766298705
12.0	3.207056738648048
12.01	4.316286121132246
12.02	4.022736762525803
12.03	6.112324608346224
12.04	6.0182768688294574
12.05	4.700844988677455
12.06	6.28625417697131
12.07	6.051510658204268
12.08	9.157438849440556
12.09	7.280379659419329
12.1	7.212833582691471
12.11	8.22283845613781
12.12	5.714484986860926
12.13	6.8965002713610515
12.14	10.647249580049571
12.15	7.787177966468874
12.16	7.360678399626432
12.17	9.412516019773436
12.18	9.961246676890891
12.19	10.605659753905796
12.2	7.992806155207543
12.21	11.181529636144838
12.22	10.208688456373165
12.23	9.213260378189126
12.24	13.459758225772939
12.25	9.346957020747885
12.26	9.887564370898547
12.27	11.152078405559141
12.28	9.313479307927452
12.29	9.606195317663587
12.3	6.300543484311435
12.31	11.272217199514294
12.32	7.839022069470186
12.33	7.342297450703992
12.34	8.70125195826724
12.35	8.61205324903537
12.36	7.637892843650496
12.37	8.805256415004452
12.38	5.132903383953955
12.39	6.104394349637932
12.4	9.26672518121955
12.41	6.305428943750141
12.42	5.680964446132652
12.43	3.9979794093903944
12.44	4.522950607904197
12.45	4.281709140533267
12.46	5.959294863902217
12.47	3.4433338069485595
12.48	1.9369206873144822
12.49	1.3163716048988647
12.5	3.145709404601673
12.51	1.8379589641777179
12.52	1.1151848463889076
12.53	3.5415470595151524
12.54	1.7905371248165147
12.55	1.135741080868325
12.56	0.9305030867703028
12.57	2.423198971397137
12.58	-1.1889979708934062
12.59	-1.2741041973288927
12.6	-2.205299531866495
12.61	0.7859322122123724
12.62	2.492601990110317
12.63	-0.4957123309306518
12.64	-1.8452952427273084
12.65	2.757223535987062
12.66	0.2767564838819767
12.67	2.2002208283419167
12.68	2.6097312758614493
12.69	3.613861022631645
12.7	0.8373419813736163
12.71	2.3508578136026643
12.72	2.738601092606368
12.73	3.5465443271122146
12.74	0.9431760004502548
12.75	3.1527803286888822
12.76	1.9980410872049266
12.77	2.134404309722379
12.78	3.878809672828324
12.79	5.986730995684065
12.8	5.381282215780369
12.81	6.652345753138817
12.82	4.829381297131839
12.83	5.398929352268294
12.84	5.814246746807921
12.85	8.687306894661045
12.86	4.752484097303297
12.87	7.656359405560862
12.88	8.281187535067318
12.89	6.711453712864926
12.9	8.01937540802705
12.91	7.861548483813593
12.92	6.310389112293879
12.93	10.50877505606677
12.94	7.382303934202039
12.95	9.800634328172306
12.96	9.466112461365167
12.97	10.980763992465231
12.98	7.975658313245525
12.99	11.337525797596205
13.0	12.229212551539135
13.01	13.312683366956286
13.02	11.24345117869152
13.03	8.747239085609024
13.04	6.642673541648698
13.05	7.996794724521109
13.06	11.720641084264644
13.07	9.960071393456337
13.08	11.756659591885906
13.09	10.62849090798566
13.1	9.272810085914987
13.11	8.10080249589998
13.12	9.542230616321834
13.13	8.302340676740846
13.14	9.32662746623091
13.15	8.31043323129992
13.16	6.4960678768057845
13.17	7.545548576818634
13.18	4.4344022749977
13.19	9.50199253210223
13.2	5.730715445015064
13.21	5.237503739368195
13.22	1.944472983799686
13.23	4.946845236156172
13.24	4.755099993250158
13.25	4.973160662441904
13.26	5.514634405244092
13.27	0.923552829990284
13.28	3.034636396733978
13.29	2.068853372000577
13.3	4.30349444780795
13.31	4.924155350901031
13.32	3.0911822257469894
13.33	4.237239580123851
13.34	2.457431538133122
13.35	1.2031756230428905
13.36	0.4373307651687173
13.37	0.9187335583429097
13.38	-1.0242504004181796
13.39	-0.11463575907747803
13.4	0.7662110836397996
13.41	-0.30812247192322406
13.42	4.93151574939655
13.43	-0.15246055422847982
13.44	2.4647516164023737
13.45	1.8831411657625687
13.46	-0.1553138636128535
13.47	2.863732874069182
13.48	3.9896277347428803
13.49	2.1518339024825766
13.5	5.073914378526836
13.51	3.8281282833726316
13.52	5.635680700897426
13.53	3.487940896863517
13.54	4.787447630446432
13.55	2.6059303594247583
13.56	7.352851059620886
13.57	5.710946724016798
13.58	3.771995555861415
13.59	8.67092133491101
13.6	8.542804041345782
13.61	8.437251952299194
13.62	8.78303087582638
13.63	6.490108752274176
13.64	7.681368365580024
13.65	10.42172713368099
13.66	9.205862397186376
13.67	8.490556552516095
13.68	8.866009963544734
13.69	8.054966417899383
13.7	9.02481587030352
13.71	10.155883464939306
13.72	10.998728527444316
13.73	8.213702320997719
13.74	7.714261983700046
13.75	9.755303866818577
13.76	8.069897426248168
13.77	12.86953291583136
13.78	10.21486783426961
13.79	9.118506586326898
13.8	12.072659647292681
13.81	8.140656748909144
13.82	9.538272111829983
13.83	9.240376976779187
13.84	3.7504780335070587
13.85	7.975623428629215
13.86	6.300520477394828
13.87	8.338934451609795
13.88	5.413092370140256
13.89	6.1997121143020975
13.9	4.405559251666809
13.91	7.070490276616372
13.92	5.942857173623519
13.93	3.7476609557554053
13.94	5.328613434159274
13.95	5.178836151967595
13.96	1.7881846546550473
13.97	4.822064037203569
13.98	2.15268818999221
13.99	0.9056573417254099
14.0	3.442573854169611
14.01	4.641745557722746
14.02	3.7387346944534543
14.03	2.5286372405668573
14.04	2.0433024329445413
14.05	3.294437579585967
14.06	3.18409463361869
14.07	3.1270141904675306
14.08	-0.47680274982313176
14.09	1.7066842830759927
14.1	-0.7262148394814831
14.11	0.2160924772441799
14.12	1.8909738564590954
14.13	1.628705686476916
14.14	1.6217444387485822
14.15	2.693314576792589
14.16	2.01778948515846
14.17	0.5531877624775987
14.18	2.8047814789818704
14.19	3.362964630232903
14.2	1.7318052077269708
14.21	3.7699255183475064
14.22	1.2629826094534435
14.23	4.2474590192514405
14.24	3.9937197815240992
14.25	0.7156604684681831
14.26	5.564308225951891
14.27	6.754736502015748
14.28	4.691095886058087
14.29	1.5447337913787065
14.3	4.559429682398043
14.31	5.1885068876382325
14.32	5.062251829825301
14.33	6.684839236995172
14.34	5.442743970283849
14.35	7.961246953182418
14.36	10.851212562110678
14.37	7.6831941511886015
14.38	9.868037059832012
14.39	8.739876757027783
14.4	8.429741244003223
14.41	8.552341898571331
14.42	11.232912185825963
14.43	11.032736920123817
14.44	9.551162504920379
14.45	10.671773776043713
14.46	11.535032398092289
14.47	10.205980256349026
14.48	10.862583710975183
14.49	10.024940941154593
14.5	8.22701460518066
14.51	7.346187256980109
14.52	10.28060263824068
14.53	7.17663423668281
14.54	9.49756255670515
14.55	8.35658837559522
14.56	9.719512054382085
14.57	6.571676118284878
14.58	10.21225644276907
14.59	6.82243274353011
14.6	6.570798104338703
14.61	6.880847689291032
14.62	6.703415345854454
14.63	6.524147227004285
14.64	8.412057079702763
14.65	5.8943165073563915
14.66	5.074523452104603
14.67	4.1947601114546345
14.68	4.52345194790157
14.69	2.1531851472092143
14.7	2.909506027245281
14.71	3.8530077171110677
14.72	4.7060497778246955
14.73	0.4956923256796517
14.74	0.8114436258923763
14.75	0.016827720814201363
14.76	2.5221606776020926
14.77	-0.7757009209628909
14.78	1.9154634788703142
14.79	2.9892803524430875
14.8	0.6189704667874438
14.81	2.3464278022338383
14.82	1.796516663783506
14.83	2.789949419323825
14.84	3.1140879597866316
14.85	2.694822495988328
14.86	1.2289709262795825
14.87	1.2564077425646611
14.88	2.4665849528491197
14.89	2.1958491197585603
14.9	1.2394695335203185
14.91	2.378691260869348
14.92	0.9433122559945804
14.93	4.623518534964121
14.94	3.788248564559994
14.95	4.53083147397186
14.96	3.4712385764879645
14.97	3.415081788097634
14.98	6.284056771210329
14.99	4.001797271030791
15.0	4.091452559683505
15.01	7.063414215392786
15.02	6.400795191554601
15.03	6.1074999089367425
15.04	7.893551277225353
15.05	8.499301870955312
15.06	9.217710186896202
15.07	7.42812831284332
15.08	9.017478174029783
15.09	9.549586909624713
15.1	8.54299079809537
15.11	10.060235701179142
15.12	11.87191203154845
15.13	7.430800977069003
15.14	9.95461533857325
15.15	9.790834000461118
15.16	11.540523918400462
15.17	10.165756546168245
15.18	10.422568790141762
15.19	8.989421358508144
15.2	9.245812010855115
15.21	10.106173423151427
15.22	12.043127958651946
15.23	11.033760647465163
15.24	8.678175860341604
15.25	13.389195057728877
15.26	11.33845813305296
15.27	12.706741287196444
15.28	11.869690309843737
15.29	10.226469787665701
15.3	9.77587621735598
15.31	10.478751459499458
15.32	9.846065972814458
15.33	11.316169458980408
15.34	8.79373169528804
15.35	8.7578630360002
15.36	11.516691252676212
15.37	10.964290223560774
15.38	7.298281594473513
15.39	8.501675736400182
15.4	10.07616626866011
15.41	8.153425615963897
15.42	10.348890419890694
15.43	5.983558233935414
15.44	7.200680878050296
15.45	6.824741476007523
15.46	1.8323741907784914
15.47	4.212182958793738
15.48	7.4214597718043365
15.49	4.952557487923049
15.5	5.042308927751767
15.51	4.32873355819214
15.52	2.5864203454274186
15.53	6.097346527700977
15.54	4.023582574516163
15.55	2.3612625265685407
15.56	3.791646923241371
15.57	0.33516701071170374
15.58	2.811463602773788
15.59	1.7293515262889556
15.6	0.9691499674425303
15.61	0.8606211090266898
15.62	1.146936855671452
15.63	-2.0800563261119978
15.64	0.2976011051903912
15.65	4.15952683294784
15.66	0.988772417923989
15.67	-1.0078020214202472
15.68	0.0015865368456118025
15.69	-0.5880388224830709
15.7	0.5601906949804286
15.71	-1.9820365676556273
15.72	0.6690345947898068
15.73	0.8587072638932987
15.74	-1.5053402562996883
15.75	0.5477275736512953
15.76	0.9718202180239993
15.77	0.23397135611122954
15.78	-0.9615374339863433
15.79	1.2826059574108417
15.8	2.050352996482009
15.81	2.5021021680049587
15.82	1.4759451362713472
15.83	2.9555973045264166
15.84	3.2375839886399076
15.85	1.6222634193103702
15.86	3.6567729881000632
15.87	0.9001201144795661
15.88	1.599417724829999
15.89	2.1651423898969835
15.9	3.9334642413827163
15.91	5.931275573995197
15.92	3.775483480009174
15.93	4.940127493052216
15.94	5.552266012832766
15.95	5.7445032403379415
15.96	5.999735989435155
15.97	7.369261011130493
15.98	8.066306593631705
15.99	7.0206818586196125
16.0	7.406540581363856
16.01	9.2276933598009
16.02	6.449112358570678
16.03	7.011318969290263
16.04	10.926183172248708
16.05	11.648960226778515
16.06	8.653785755921836
16.07	7.297214648800892
16.08	8.989862916822087
16.09	8.628279286741666
16.1	8.067965826828663
16.11	9.16025355577312
16.12	7.648458989729384
16.13	8.282433517722316
16.14	6.692805153972485
16.15	9.645954937052906
16.16	8.560594824194338
16.17	9.604219227738769
16.18	9.673189829194708
16.19	7.04966051900232
16.2	7.706328202720151
16.21	6.942747113475013
16.22	8.439794306334385
16.23	1.938114621011036
16.24	6.935066268027303
16.25	8.40388900263339
16.26	7.114451941165349
16.27	5.564010367407184
16.28	5.042698773790726
16.29	4.400957701638592
16.3	1.5053243389641424
16.31	1.9820303299469961
16.32	4.175363219166357
16.33	3.125877121334101
16.34	2.231004453371023
16.35	3.305390958465348
16.36	5.577960038101599
16.37	4.834697510458492
16.38	-1.7601052932078851
16.39	0.165598360802502
16.4	2.1502230329998904
16.41	-0.08472570753393249
16.42	-0.272093874331925
16.43	1.4490209372088694
16.44	-0.40662730975487416
16.45	-0.11892685233708955
16.46	2.775129231347633
16.47	1.0538934084068914
16.48	-2.632018386130332
16.49	2.0667263602026518
16.5	2.9291834582092147
16.51	2.3229047267097953
16.52	1.9354199132553536
16.53	2.365109377652912
16.54	4.047119245372118
16.55	0.8521862672355336
16.56	3.0153233021777184
16.57	3.1643047933235264
16.58	3.579311355313886
16.59	4.147014639037132
16.6	4.05426121970277
16.61	2.9300075962808148
16.62	6.528512394352642
16.63	5.091252754769819
16.64	7.162277958219029
16.65	4.392595011040311
16.66	4.532080119006334
16.67	5.490248601634097
16.68	5.1637999650735775
16.69	8.34599885494165
16.7	10.29227111959521
16.71	8.598319535338131
16.72	9.899589671354793
16.73	9.615300695590342
16.74	7.530261067839266
16.75	9.43083649113441
16.76	11.06273778236623
16.77	11.957506701224615
16.78	8.238151325802594
16.79	11.97500714505813
16.8	9.037802409556987
16.81	10.639660281008126
16.82	7.77387364332602
16.83	12.122882241450323
16.84	8.596444080022767
16.85	7.253613530305037
16.86	10.172473196455577
16.87	11.023376544681486
16.88	8.863475359463232
16.89	8.97489539244325
16.9	9.214391721902262
16.91	8.666646675536871
16.92	7.9643910534935
16.93	8.799252522585192
16.94	9.991427035723683
16.95	7.638039376417235
16.96	5.718664539684181
16.97	8.141710833366892
16.98	7.005347831449727
16.99	8.541693946585996
17.0	9.383195096958852
17.01	8.4301472369875
17.02	6.090138352366676
17.03	8.746431026299398
17.04	5.101125973583419
17.05	2.7952315226990905
17.06	2.419054820774286
17.07	4.201665589337489
17.08	1.9642637499380926
17.09	3.2508895183477398
17.1	3.0463136665587816
17.11	3.2380585509732622
17.12	3.912922491509752
17.13	3.5193827618244335
17.14	1.5642649079376316
17.15	2.164550505814812
17.16	-0.06356748335217954
17.17	0.6559636125519015
17.18	2.8626241457660155
17.19	2.3152922744439466
17.2	0.3602532718471618
17.21	2.242854140441084
17.22	4.658614116502362
17.23	1.9216946174634562
17.24	6.3096308245416886
17.25	1.6906820091693366
17.26	0.8179437467336144
17.27	3.5002501087747344
17.28	1.5670040130314418
17.29	2.5051171774933176
17.3	5.1508988408537935
17.31	6.702672490917837
17.32	5.945800309736147
17.33	5.494024661981604
17.34	5.3232038020779955
17.35	2.8019088604851103
17.36	6.697435760266552
17.37	6.384864280614611
17.38	7.18689644284006
17.39	8.560246916804916
17.4	8.574239391164555
17.41	6.898964129756799
17.42	4.0198610144096705
17.43	8.946292765485016
17.44	7.580729920135729
17.45	7.866143195203792
17.46	4.884567703763306
17.47	9.803699461853038
17.48	10.611491367227565
17.49	11.859433671903327
17.5	10.256799257198844
17.51	12.53286706039097
17.52	11.003946379209134
17.53	14.8308184067728
17.54	12.452963115985337
17.55	10.773612266965825
17.56	9.502750630187395
17.57	11.61006852705871
17.58	7.695956034979021
17.59	11.46975384546102
17.6	9.164218772505247
17.61	8.899619636345893
17.62	12.901371697968772
17.63	10.550185270353918
17.64	8.936783624487413
17.65	9.209666461960282
17.66	6.400086498389875
17.67	7.1854646721910544
17.68	6.798394428466147
17.69	5.625932435171829
17.7	5.545514754414469
17.71	5.419171719602318
17.72	5.569547668281584
17.73	4.770137859055053
17.74	4.981449826790257
17.75	3.1062927409263708
17.76	5.417241723204277
17.77	4.388660367179889
17.78	2.332608963191518
17.79	2.986336972942617
17.8	2.727689491580744
17.81	1.5860880188184034
17.82	3.5137429365291712
17.83	5.089448319315197
17.84	1.8968530903511365
17.85	1.3036259280823634
17.86	0.7306070809526638
17.87	0.00884355879926546
17.88	2.023445698169126
17.89	2.256491856037258
17.9	-0.15580988935661755
17.91	1.8793912727620246
17.92	-0.2102328816083579
17.93	-1.9991778865452212
17.94	-0.29846386976487715
17.95	0.18177930638288808
17.96	2.828096011908262
17.97	0.2523600229436682
17.98	2.0255540205055294
17.99	1.1455645646773776
18.0	3.0154519510230657
18.01	-1.1562742589826684
18.02	1.3282797122326755
18.03	5.096510145968004
18.04	-0.6760446384475638
18.05	2.474331319167787
18.06	4.429201225831434
18.07	4.2875641988794975
18.08	1.3776351189439264
18.09	3.9495960724017953
18.1	6.5845396385162065
18.11	7.352974741479432
18.12	6.384852684334343
18.13	6.087957315758615
18.14	9.246622595500947
18.15	5.241251959128853
18.16	6.605676632670414
18.17	7.1863108307733485
18.18	8.888543090144797
18.19	10.067373417019368
18.2	6.195844587759197
18.21	8.782704535200383
18.22	6.989366803727714
18.23	8.08551502670051
18.24	9.538894679665074
18.25	10.818911437958805
18.26	10.378143300797356
18.27	9.579824152997459
18.28	7.411298651238718
18.29	8.280335180977268
18.3	11.647874952786356
18.31	7.387338546203673
18.32	9.721198925605453
18.33	7.748005454280037
18.34	10.56744619130745
18.35	11.153960342490024
18.36	7.584184228013442
18.37	7.548482900435839
18.38	8.636242761821238
18.39	9.768229984479884
18.4	9.15889599606985
18.41	6.488372334028745
18.42	7.861453565502694
18.43	7.372663861907081
18.44	7.343018961674661
18.45	9.482165096444044
18.46	3.0057145391960276
18.47	8.394071823957827
18.48	2.0714208984784004
18.49	4.34593574126642
18.5	5.749316262776292
18.51	0.9320162568298316
18.52	4.7592509477428955
18.53	1.828176213993373
18.54	0.25237831124764876
18.55	0.2535828299486902
18.56	1.1259273302271007
18.57	1.4357519867683084
18.58	2.757628622025975
18.59	2.0099529260539244
18.6	2.042049403339192
18.61	-2.0074692722511456
18.62	1.9980274212071074
18.63	1.495885210636314
18.64	1.4665909755617574
18.65	-0.4370017090317354
18.66	0.3126996642383547
18.67	-0.05416257111821998
18.68	-0.26078391176947513
18.69	0.9432779800340805
18.7	2.006261584470697
18.71	-0.8413838598358083
18.72	2.7753553184323216
18.73	1.3418705100878916
18.74	1.6564765971444944
18.75	0.6972058664060735
18.76	1.5842819090590003
18.77	4.564443754172752
18.78	1.6118849851612311
18.79	3.915385256106658
18.8	5.488368429414807
18.81	5.100330733231899
18.82	5.360754918907418
18.83	4.637495052133742
18.84	6.704096111211943
18.85	7.441947103786374
18.86	3.099625976235606
18.87	6.030862892007876
18.88	6.726665907005433
18.89	4.520017043164674
18.9	6.864441253134396
18.91	8.939466705689727
18.92	5.222246879637861
18.93	6.813826923899141
18.94	8.207331306298709
18.95	8.419848955033283
18.96	8.45569846062912
18.97	8.018878012154154
18.98	9.174782159587888
18.99	8.276682156509748
19.0	8.067120493613599
19.01	13.364502783201544
19.02	7.723459418415607
19.03	11.069655345948956
19.04	9.782987738644577
19.05	11.88781876855467
19.06	12.11270119630925
19.07	10.232040715360403
19.08	8.857561284341063
19.09	9.57698805191485
19.1	7.04459304854252
19.11	10.616760237856486
19.12	11.20961445978733
19.13	12.117473605582394
19.14	8.852617120787622
19.15	9.143682522357121
19.16	8.593292130040947
19.17	8.855898967408846
19.18	7.226344084405411
19.19	10.270656306001882
19.2	6.461540181277291
19.21	7.000103380374237
19.22	6.303526336830246
19.23	7.41950179271539
19.24	6.451405163240813
19.25	2.8146580010235844
19.26	7.042766500382868
19.27	6.397155231106781
19.28	7.34041975818141
19.29	7.088340498736242
19.3	5.575703952814438
19.31	5.249619042734088
19.32	3.8189775158497756
19.33	1.3434887943319
19.34	3.6378168015322
19.35	1.9781689513884224
19.36	3.480004034219335
19.37	4.268083517402309
19.38	0.7899401131308508
19.39	1.6168806442765375
19.4	3.7053243997218024
19.41	3.5383786284513246
19.42	2.22513029274314
19.43	2.207635060384605
19.44	3.4027005794611913
19.45	0.43462096391037797
19.46	0.9897547951214016
19.47	4.221456162247139
19.48	3.6887541067225857
19.49	5.733064268295831
19.5	6.021428725545928
19.51	3.5223407902211035
19.52	2.953708972675604
19.53	1.2716266871771489
19.54	3.4175433701798643
19.55	3.2893479907899508
19.56	4.522053435421272
19.57	7.146436876252761
19.58	4.963685342988773
19.59	6.693498744579899
19.6	8.39210679023971
19.61	6.332800163100425
19.62	8.07108203425811
19.63	5.725539769530213
19.64	8.621053858290535
19.65	8.659814756253393
19.66	8.291996023293288
19.67	9.029792312245181
19.68	9.896976609873253
19.69	8.617365483246122
19.7	10.98604671711423
19.71	9.123080898851995
19.72	10.453188417053306
19.73	11.244253209194236
19.74	11.613559715212855
19.75	11.628113843309631
19.76	9.967399912653773
19.77	9.357028558741971
19.78	16.275376449976697
19.79	12.244202546866125
19.8	13.946024203248536
19.81	10.265563544351874
19.82	11.973394101912717
19.83	13.080331811498983
19.84	11.160948982715428
19.85	13.691397491203917
19.86	10.409132706322533
19.87	12.576869682628024
19.88	11.24637505719778
19.89	12.42468434178486
19.9	10.554634566030272
19.91	9.845541697025983
19.92	12.521184628743246
19.93	9.967857817572774
19.94	9.59497279897652
19.95	10.97987393662305
19.96	11.871391781805315
19.97	10.887874831229707
19.98	9.867585237240927
19.99	9.686245744340873
20.0	8.133196712273918
