10.01	-0.8270879286448242
10.02	2.463191739079818
10.03	1.0306663073135103
10.04	1.8550581747742783
10.05	2.1562023895323303
10.06	-1.0504532492720666
10.07	1.8907625188739616
10.08	3.0295134202168663
10.09	1.1348930304009133
10.1	1.897656659883992
10.11	3.2373921044248
10.12	1.079686496502545
10.13	1.8788090880578672
10.14	0.45663814510341416
10.15	-0.06595341186761328
10.16	1.825675790626208
10.17	1.7185447636134232
10.18	0.3765740017466344
10.19	1.781301704412305
10.2	-0.8335759559905928
10.21	-1.515897175031446
10.22	0.018847867978678434
10.23	-2.12414973123411
10.24	-3.1067163735582715
10.25	2.062104679782422
10.26	-0.6552049841581035
10.27	1.1915466366841874
10.28	-1.8751863249144756
10.29	1.0316608267661866
10.3	0.919388044298261
10.31	-0.9777268146014871
10.32	1.3187888931001863
10.33	0.9725121386835827
10.34	-1.0606518223493677
10.35	1.558668238396516
10.36	2.86710604998656
10.37	1.4988460304144962
10.38	-3.3197550175456203
10.39	1.1544698389627273
10.4	0.7126395150262717
10.41	-1.7553914919336546
10.42	1.18489694444538
10.43	0.5998714705619123
10.44	0.6985574521447678
10.45	1.6478686528778326
10.46	0.36820626274268003
10.47	-0.15541741492917938
10.48	0.43600398792962425
10.49	0.46752704246932986
10.5	-2.03008769942947
10.51	-0.7936989299143146
10.52	3.8942905949280466
10.53	-1.225558780819974
10.54	1.4933467602209904
10.55	-1.405743645358446
10.56	1.4715423061994493
10.57	-0.5531939079131521
10.58	1.3395767883446412
10.59	-0.25002206414066874
10.6	1.0170662242741135
10.61	-0.7045399176853359
10.62	-0.10310236276750834
10.63	1.5571755033446457
10.64	0.7422664867970651
10.65	1.4269602302974524
10.66	-1.1430225247128338
10.67	1.6993240058784664
10.68	0.45173679479006845
10.69	1.2874996515248371
10.7	-0.18613487698800013
10.71	-2.4150668094275
10.72	0.7991566578182753
10.73	-1.8717380012200513
10.74	-1.9392384480895122
10.75	0.1774480838983148
10.76	-0.8714048035281725
10.77	1.9034217981400063
10.78	0.29030628240594575
10.79	2.7486917234413424
10.8	-3.4604078097267297
10.81	1.3739128135641616
10.82	3.8988927364748944
10.83	2.014984640093749
10.84	-0.5039198271214623
10.85	-0.49501569971474346
10.86	0.9173858907603828
10.87	0.6455604602003502
10.88	-1.4621693747917197
10.89	1.456789433030748
10.9	0.6568339522806939
10.91	-0.5906359614518722
10.92	-2.3234854786657655
10.93	3.554541351289293
10.94	0.6024851175518738
10.95	-0.2002681624950614
10.96	-0.9589700133501755
10.97	1.2322163954523957
10.98	-1.1230128307154974
10.99	0.3915240987380619
11.0	1.3072065911482196
11.01	0.19519269054245136
11.02	1.1265796119731037
11.03	-0.7754103583645254
11.04	-0.2282129874489598
11.05	-0.8770586311653563
11.06	1.106358254557562
11.07	-1.1236894349009519
11.08	0.06743403649724261
11.09	-0.14132598467658697
11.1	2.2671945682678945
11.11	1.378027430420742
11.12	0.9451220562964991
11.13	-0.17608165407448506
11.14	-1.532184599341086
11.15	0.4165960237374568
11.16	0.15865026390903908
11.17	-3.6973066520753806
11.18	0.32375645770931494
11.19	-1.2724614248778132
11.2	-0.3099166171922769
11.21	1.3540603493679393
11.22	-0.547164031366771
11.23	-0.6527167515907194
11.24	2.657141591946051
11.25	-1.2321701144242752
11.26	0.6414602472160601
11.27	-0.7191093398008431
11.28	0.871565082850254
11.29	0.757069592013205
11.3	-2.4745014806516843
11.31	0.23177397580696452
11.32	1.3211632853460107
11.33	0.6173144222809852
11.34	-0.07902647326850087
11.35	1.1288197872784411
11.36	2.6462832313672724
11.37	-0.6443006608800113
11.38	0.6433053782541946
11.39	1.5719194300464678
11.4	2.357838262100426
11.41	1.0685920551485004
11.42	-0.04231281766231415
11.43	-2.3284693099162634
11.44	-0.09573506055357472
11.45	1.0518054441348548
11.46	3.313343463809761
11.47	1.1120101897566554
11.48	2.0579549215306923
11.49	0.6264084964031025
11.5	1.2093112909316144
11.51	-1.703476631894064
11.52	0.13812865569198776
11.53	3.041758492241846
11.54	-0.6147713501295895
11.55	2.066648491827619
11.56	0.3735598872187422
11.57	-0.6089578260194187
11.58	-2.210627518665173
11.59	0.15882516301087202
11.6	0.19923794005722928
11.61	-1.3579577185497094
11.62	0.43462779039390576
11.63	-1.2910155413373596
11.64	-0.006958147147234306
11.65	2.9125108478106316
11.66	-0.5945438369187461
11.67	2.6093624199447945
11.68	0.33658817646805933
11.69	-1.7194386322648976
11.7	0.17377415127160278
11.71	-1.370002050516674
11.72	1.2845863864827702
11.73	0.06201031653594602
11.74	1.2522549269186583
11.75	1.7766819842773365
11.76	2.0784466896440783
11.77	-0.526137726723464
11.78	0.5850739000778991
11.79	0.8059370858386576
11.8	0.9576345267055619
11.81	0.7495079058934436
11.82	0.8428214259719629
11.83	1.7697943184148728
11.84	-0.6625956412692406
11.85	-1.489625197313086
11.86	0.353631721742184
11.87	0.7265436210253806
11.88	-2.808556264603688
11.89	1.38360357746913
11.9	1.8148722312514274
11.91	-0.7520757794305613
11.92	-0.48093875381647866
11.93	1.1260896646035594
11.94	0.7571065876496008
11.95	0.09078184074158563
11.96	3.8192486162239985
11.97	0.5273705237803062
11.98	-1.921254367863579
11.99	0.5843639320316784
12.0	2.571159439714664
12.01	-1.2032953756484037
12.02	-1.666518320302176
12.03	5.166306363222899
12.04	0.5331665525376287
12.05	-0.6671639539840815
12.06	0.7167823891470408
12.07	-0.4969564884968764
12.08	-0.5821934404076918
12.09	2.2202241853943985
12.1	1.4046498302086032
12.11	-0.5269876806648067
12.12	1.4434657459187856
12.13	0.7635851689987945
12.14	1.36352436786814
12.15	-1.3241750769469163
12.16	0.5499910697514963
12.17	0.6310980189104896
12.18	0.7481736448162026
12.19	-0.8189579652150427
12.2	1.5374866649677235
12.21	-0.1162196690819377
12.22	-0.01576395150397017
12.23	1.0242334237695843
12.24	1.9920204424505912
12.25	-1.2493844903805615
12.26	-0.8735123968367973
12.27	-1.7267801245407826
12.28	0.3517378986330226
12.29	-0.11336591183163655
12.3	1.7933276984238
12.31	-0.7465432938497518
12.32	-1.30089051023554
12.33	0.05021671540482381
12.34	-3.4160568210610207
12.35	0.7095813727409048
12.36	-0.7002599796971276
12.37	-1.8954374738380215
12.38	-2.6885159975697794
12.39	-0.08268692312182793
12.4	0.8898187970479727
12.41	1.6508218961840468
12.42	1.0277070388492189
12.43	2.2635195239863255
12.44	-2.3926637628321044
12.45	-0.35385473538163914
12.46	-0.6011130044538333
12.47	-1.7575237159228974
12.48	-0.40454610055449697
12.49	0.5374566264890257
12.5	0.34801554936037804
12.51	-1.3896846207053317
12.52	-2.6284396211154855
12.53	-0.7806985125711134
12.54	0.23896475236745213
12.55	-0.6528623913427725
12.56	0.1249082078103035
12.57	-0.9550086978914272
12.58	1.7988365102078276
12.59	-2.0632949131160956
12.6	-0.177325000455972
12.61	-0.4876273386643685
12.62	1.1055953605463311
12.63	-1.4846574260424572
12.64	2.276739643124867
12.65	-0.013538708662033577
12.66	-0.12833323469393332
12.67	-0.14405208695328542
12.68	-1.8715232704223592
12.69	-1.0574947583164653
12.7	-1.2801230884123387
12.71	1.5468262036331035
12.72	1.084974308742669
12.73	-1.4884006408068982
12.74	0.3479131537985925
12.75	2.2293907642856037
12.76	0.5921946545438672
12.77	-0.05626527306619608
12.78	0.5678362851032575
12.79	0.5777919435503699
12.8	0.8802844451747105
12.81	1.0949064428403972
12.82	0.4323708523430349
12.83	-0.3036402552973833
12.84	-2.1406919213150992
12.85	0.3646479617623497
12.86	-3.1855423155043527
12.87	-0.09364562966404721
12.88	-0.044556078384676484
12.89	-0.9542747729588976
12.9	0.6495393828156353
12.91	-1.0788017280911182
12.92	2.8763515593862055
12.93	0.3841477499854444
12.94	0.7580097948436968
12.95	0.8453844270343776
12.96	2.626013295817917
12.97	-0.4789666055972979
12.98	0.18381389239729384
12.99	0.30830506409190267
13.0	-1.2973864457841664
13.01	0.6519452459358865
13.02	0.6685832515533234
13.03	3.5356125518665
13.04	2.470249599695228
13.05	-0.6466199120600209
13.06	-0.39937674079861
13.07	0.4840178476112339
13.08	0.5466284408335922
13.09	2.2479222506580676
13.1	1.895247478041359
13.11	0.11741830227931517
13.12	1.4151422016700694
13.13	1.342652423169048
13.14	1.408661118746434
13.15	0.8970261068077477
13.16	1.2335103172032913
13.17	0.7037312436490646
13.18	-2.4289072553777085
13.19	-1.2664572183850564
13.2	-1.653326049655322
13.21	1.2973469020042965
13.22	0.41258206715368617
13.23	-0.202500875498979
13.24	0.35404501247015907
13.25	-2.686651863637462
13.26	0.12550112112107806
13.27	-0.02714494351179969
13.28	0.7017709528713283
13.29	1.9637271940398027
13.3	1.159893806514524
13.31	-1.4168635020393825
13.32	0.5081291939255707
13.33	-0.6401160626103006
13.34	0.532100281012263
13.35	-0.5568106279408052
13.36	1.5861514518632298
13.37	-1.6771864026014534
13.38	-0.644046373224253
13.39	2.6352721294366015
13.4	0.958564343840431
13.41	2.5137682773298273
13.42	-0.6451733941799245
13.43	0.5518351283945909
13.44	-0.22680064435668945
13.45	-0.5886857752950008
13.46	-2.6444024208490844
13.47	1.159319276982118
13.48	0.22648085159472303
13.49	-0.02716180555509068
13.5	0.7230646422711027
13.51	0.34859972194521177
13.52	-0.5031934188788243
13.53	0.7727550365511093
13.54	-1.0444321648925912
13.55	-0.42976194264284007
13.56	3.1021270332804645
13.57	-0.07027209529977796
13.58	-1.7625979438403587
13.59	1.1818358379630653
13.6	0.891298167599847
13.61	1.068276324913194
13.62	-1.7644271769480113
13.63	0.7250253075151631
13.64	1.4225483752053132
13.65	2.606786782490774
13.66	0.32555817738891907
13.67	-0.7001370841003505
13.68	-0.004749180159676902
13.69	0.13016010031830386
13.7	0.7053034717915172
13.71	-1.2768227329450117
13.72	-0.6945205418082221
13.73	-3.0617368343602354
13.74	-1.7906898129147149
13.75	-1.0088169244829224
13.76	-1.8500767118020016
13.77	-0.30735007897409583
13.78	1.0690658290535557
13.79	1.5097097014311371
13.8	0.7163515202255639
13.81	-1.3648644943486963
13.82	-1.4943173434459511
13.83	0.1908888191715563
13.84	-0.2735374652344562
13.85	-0.45651785547621954
13.86	2.294024314182001
13.87	2.990117849146297
13.88	-1.0942976529858441
13.89	0.9570447637182524
13.9	-1.123030981410121
13.91	-1.3705520680033572
13.92	2.54403982459973
13.93	-0.6837419761555859
13.94	2.608372146343012
13.95	-0.9282684681350923
13.96	2.0011036974215606
13.97	-0.5805795410759265
13.98	-0.9771470429473539
13.99	-0.4606510370811368
14.0	0.5784566454083346
14.01	-0.6479685217477862
14.02	-2.180752063017854
14.03	0.6516394180063996
14.04	0.8576935714896903
14.05	1.1203455806139797
14.06	-0.393233910260751
14.07	0.992272569247709
14.08	-1.2362617174783308
14.09	-0.8466558583248802
14.1	-2.2046984617002385
14.11	0.26025582393231095
14.12	3.5024486275708275
14.13	-0.6205625391956211
14.14	2.3255120266376657
14.15	-0.06722748606728007
14.16	0.4623335195545834
14.17	-1.697050471318334
14.18	0.7220723628139392
14.19	-0.19882664207612755
14.2	-1.8823973994941423
14.21	-0.22421636510098542
14.22	0.879896225185598
14.23	1.7217881131268813
14.24	1.1205103341703895
14.25	-0.5067615009256252
14.26	-1.2385082712363806
14.27	-0.2293686824951251
14.28	0.9035619037462601
14.29	0.011971952523582019
14.3	-1.8655949141758106
14.31	-2.257930786190708
14.32	-0.4290774437241935
14.33	-0.5768497969388713
14.34	-0.31122992311984377
14.35	-0.656682454097224
14.36	0.9272694171025868
14.37	-0.7806005846210484
14.38	-0.7933046971932887
14.39	0.24038025134165678
14.4	-1.5604286160861667
14.41	0.3203649625003541
14.42	-0.4291985514561157
14.43	0.21199990523649478
14.44	-0.9936609988018286
14.45	-0.2083338135402376
14.46	0.0836912001283343
14.47	-2.1760450587627673
14.48	3.335160874569025
14.49	-1.1707198944060575
14.5	1.2398527001073478
14.51	0.9588380181839853
14.52	1.4317874039777512
14.53	0.27427786409480814
14.54	0.8686400645393455
14.55	1.674468737878591
14.56	-1.2253939087347512
14.57	0.33779998759494456
14.58	-0.8475239595229012
14.59	-0.30745981551886353
14.6	-1.1274119074754891
14.61	-1.2840830322985963
14.62	3.9180965897428437
14.63	-0.7669758305360499
14.64	0.18258788802320158
14.65	-0.9278708715220185
14.66	0.17857903888930246
14.67	1.882264762935772
14.68	-0.35978463159098334
14.69	-2.879083711677754
14.7	-1.3704785708744749
14.71	-0.28923971671481913
14.72	1.4256197310305274
14.73	-2.87729977404725
14.74	-0.18972422122141686
14.75	0.1521907464248251
14.76	-0.7208128229872834
14.77	1.3753854339495375
14.78	2.7357118299658922
14.79	2.7303366651219307
14.8	0.48235689288267225
14.81	-0.35755190472785014
14.82	3.290418487520754
14.83	-0.17754218732662574
14.84	1.0860190820746403
14.85	-1.352461947630422
14.86	1.35446068534231
14.87	0.702423926258342
14.88	1.7193014929941965
14.89	1.5369899030959755
14.9	1.5116472559712961
14.91	-0.4529335381478486
14.92	0.2312629123038366
14.93	-1.5179632860331604
14.94	0.4724289074760888
14.95	-0.2150761289418343
14.96	-1.9866839379247003
14.97	1.8758486548671978
14.98	-0.8559758407480254
14.99	0.6722780412519342
15.0	-0.4060642759265209
15.01	0.17799230922281623
15.02	-0.18695609383632023
15.03	3.512983656765449
15.04	2.478765498132795
15.05	-1.3756877417611175
15.06	1.863005574222732
15.07	3.4316604080966915
15.08	1.0827354349872007
15.09	-0.2441135935225618
15.1	-2.065693038646996
15.11	2.7737277913821394
15.12	-1.6422704025059862
15.13	-1.3455343724859277
15.14	-0.5942548907524241
15.15	-0.4038791561831378
15.16	-2.8364491298620567
15.17	-1.0419037985891502
15.18	0.12265627245361947
15.19	0.9689017384410759
15.2	0.13554966842694227
15.21	2.072897986276357
15.22	0.20598452248723453
15.23	1.2514681883229655
15.24	1.5939558567993728
15.25	0.8301551547148496
15.26	-0.4990550066340958
15.27	0.6072455671402162
15.28	-0.7718631233801476
15.29	2.858352278014774
15.3	-0.013736724264524408
15.31	0.7993756928028761
15.32	-0.20798469392852703
15.33	0.149080237062414
15.34	0.2508844279176742
15.35	-1.614016925487006
15.36	0.5616228377618995
15.37	-0.10212890878967484
15.38	1.4579727216551128
15.39	0.42562177662695067
15.4	2.4688201100035854
15.41	-2.779940991894067
15.42	-3.1954709764467353
15.43	0.9405892229632582
15.44	0.4702344557614468
15.45	-1.4148281151538402
15.46	1.2293508279615941
15.47	-1.0377658548664364
15.48	-0.9850941531592627
15.49	1.8024230970246253
15.5	0.3410447527175129
15.51	-1.5928989581396755
15.52	0.14728577192435421
15.53	1.3379970290397558
15.54	0.4954906095044672
15.55	-0.13507741555840092
15.56	3.793264965439042
15.57	-0.8439407273329975
15.58	-1.2737069243407608
15.59	-1.1494831543667448
15.6	0.7167260306816434
15.61	0.7184977633240632
15.62	-0.36946991777374805
15.63	-1.4410060060368997
15.64	1.8035429009707924
15.65	-0.22091416166446842
15.66	0.6435088410213361
15.67	0.9247406496697783
15.68	1.9587026435016899
15.69	0.9546854885570244
15.7	-0.29471763606032547
15.71	-0.013818135163504497
15.72	1.1526720509926176
15.73	1.2244457822932997
15.74	2.6646440055488565
15.75	-1.1113080648095846
15.76	1.2824512249351752
15.77	-0.24754733581173338
15.78	0.7407619663436964
15.79	-0.09544822353925761
15.8	-0.15846672354169483
15.81	-0.26829611999624975
15.82	1.2740965483150157
15.83	-0.45792532257442503
15.84	1.840181952841133
15.85	0.17990807215357563
15.86	0.7303049712656573
15.87	0.7647318367985072
15.88	-1.0702324105140872
15.89	2.016106299741763
15.9	0.9202681830372166
15.91	-1.1628840966198237
15.92	-1.1042566307188801
15.93	-1.796945252960156
15.94	-3.595805460422179
15.95	-1.8416404968074933
15.96	0.24419583839562498
15.97	0.11900342778496314
15.98	-0.2969852356668859
15.99	0.9523119535528404
16.0	-1.11868234171633
16.01	0.2921272013830595
16.02	2.9849636273487445
16.03	3.008695180744944
16.04	0.00018161669420810322
16.05	0.6528268293822728
16.06	-0.1072906155031812
16.07	-2.0833815000367575
16.08	-0.5174129402920415
16.09	1.0381891045945908
16.1	-2.133266660910092
16.11	-3.6023868667533043
16.12	-0.8071950479364254
16.13	-0.7023872714318213
16.14	0.0499200658465576
16.15	0.1651596487586329
16.16	1.5286761673611386
16.17	1.2555391271295404
16.18	-3.031999132202678
16.19	-0.5597740551425385
16.2	-0.7149667250793893
16.21	-1.7321930469576532
16.22	-1.1237491629789969
16.23	-0.9905763082463113
16.24	-1.3395769745991997
16.25	-1.7578887933396092
16.26	-3.0465195454133127
16.27	0.09658753604174118
16.28	-3.0305105079662082
16.29	-2.9579558391339935
16.3	2.4373397982211484
16.31	-0.550303017624284
16.32	1.439236340013183
16.33	-2.48759551162949
16.34	1.6813784278285608
16.35	0.28985138753448764
16.36	-0.47376599723630536
16.37	0.9779218247062262
16.38	-1.5102711013908363
16.39	-0.5507527735393225
16.4	-0.48472128511132173
16.41	-1.0463584140440667
16.42	-0.8045278163770422
16.43	-3.67676832601058
16.44	-1.2389498912097017
16.45	-0.3314142425589066
16.46	1.8487408094580504
16.47	1.0438618443056686
16.48	4.030146697739373
16.49	-0.5532851539885821
16.5	-0.47820923460625137
16.51	0.7332476469148054
16.52	0.968807580912213
16.53	-0.662019702301369
16.54	0.28818853767294755
16.55	-0.4780127630820499
16.56	0.011183417753209177
16.57	0.5708904825299892
16.58	4.142270375138569
16.59	-2.9325967553782726
16.6	-0.06347714951156853
16.61	2.3549013489555275
16.62	0.5691725980111116
16.63	-0.715724022209035
16.64	2.2771131842595382
16.65	-2.2972575974735734
16.66	3.169402085734241e-05
16.67	-1.939323242761543
16.68	-0.2481152371195374
16.69	0.7696813608360124
16.7	2.29364771320189
16.71	1.0112416890917417
16.72	0.14358379703644975
16.73	2.0274673765281315
16.74	0.6756388699997723
16.75	1.4375235129252373
16.76	1.4435653475361274
16.77	-3.5216249876432713
16.78	0.9539703034421589
16.79	-1.3417330843645554
16.8	-0.24222830715196098
16.81	0.13445224260420507
16.82	0.3982312757920828
16.83	3.267230500426378
16.84	-1.688801977294559
16.85	-0.1419372623619304
16.86	0.4294588303638094
16.87	-0.3257166127074486
16.88	0.836649825425413
16.89	-0.20969428872706772
16.9	-0.305324902705207
16.91	0.00875071565446836
16.92	2.7035067509533715
16.93	-1.888819999198275
16.94	1.319012707850474
16.95	2.567768806090021
16.96	-1.8822055619444873
16.97	-0.3566983434611528
16.98	7.375787709695547e-05
16.99	0.8946395381912312
17.0	3.520957461112866
17.01	0.21628522757401067
17.02	-0.3630470091742249
17.03	-0.9742208446870418
17.04	0.5825233639976426
17.05	2.54448244268817
17.06	-1.60480235846661
17.07	0.9591399775617303
17.08	1.6900161606479058
17.09	-2.424548822084313
17.1	2.1239333814298806
17.11	0.2089253198855949
17.12	0.38158610473393556
17.13	-0.9765884734890962
17.14	-0.4405819359796559
17.15	2.120542474365947
17.16	-1.2728624845993903
17.17	-0.33633344923929503
17.18	-0.04746965447164833
17.19	0.9498948928195137
17.2	-0.970911593704826
17.21	-1.2449185618422667
17.22	0.4159884481876694
17.23	-0.12055201771733186
17.24	1.6322957608233757
17.25	-3.198014205727066
17.26	-1.7152076218363692
17.27	-0.6374685598681855
17.28	1.0829367590988077
17.29	2.913907397493635
17.3	-0.6231562825343425
17.31	-0.731763961057466
17.32	-0.1942298451290746
17.33	-0.4004319146621
17.34	1.0327592365090743
17.35	-1.5213588352333725
17.36	-1.1038694274493879
17.37	-1.121083703815938
17.38	-3.1981917482189712
17.39	0.041601557819866165
17.4	-0.6947394091579648
17.41	-0.09434138104609663
17.42	-3.717491654295245
17.43	1.5305974676525402
17.44	1.3421115492694626
17.45	0.4027365139772658
17.46	2.9704836738039293
17.47	3.082335106565079
17.48	1.1898875058201015
17.49	-1.231295582434871
17.5	1.4353337273888502
17.51	-0.2793745192739233
17.52	1.612724078280983
17.53	-1.0953898634457055
17.54	-1.1311800551092122
17.55	1.1251110327480047
17.56	-2.2218750125332214
17.57	1.7075889566357456
17.58	2.0656525440990445
17.59	0.6238486492286482
17.6	1.0998069190648518
17.61	1.2116756153399488
17.62	2.184215944892096
17.63	-2.054952561179623
17.64	-0.1257232598153194
17.65	-0.6598052041407664
17.66	0.026094111919618947
17.67	0.25875179371121526
17.68	0.6605258054726375
17.69	0.08419232109497927
17.7	1.157255293008413
17.71	0.04211563120469765
17.72	-2.490178359558919
17.73	1.6755123323467052
17.74	-0.8925629337188581
17.75	-1.693009795614025
17.76	-0.24178608402053758
17.77	-0.0891627954598821
17.78	0.7255497640647172
17.79	1.5468090775599683
17.8	-0.9160770725979137
17.81	0.433937552661442
17.82	-1.9097333709198483
17.83	-0.9881511180903373
17.84	-2.2507908423580574
17.85	1.716560992388875
17.86	2.063043188032763
17.87	1.9368185502532431
17.88	3.024747538782914
17.89	2.1054724948186445
17.9	-1.9788555583431253
17.91	-2.109279272820609
17.92	-0.4003473786749191
17.93	1.9653132314706376
17.94	-0.9869395217366046
17.95	1.5350215815752977
17.96	1.2436471850705897
17.97	0.33775238905726057
17.98	1.7132838487098434
17.99	-2.1737945287773144
18.0	0.9754756618276975
18.01	-1.0120425344723807
18.02	1.860591375508606
18.03	-1.7725667761968529
18.04	-2.55967197872227
18.05	1.4077125638912593
18.06	0.7778781443788059
18.07	0.7590381499729946
18.08	0.5165350274019506
18.09	-1.9668245151530255
18.1	0.4804015253835434
18.11	2.24087199781753
18.12	0.04230403499195484
18.13	-1.4281174602983409
18.14	0.6228637580878802
18.15	1.0607783589860804
18.16	2.0674103179432954
18.17	-0.8584127562160443
18.18	0.7055819622788024
18.19	1.0341366850497429
18.2	-0.09435823383875697
18.21	0.32969322659077
18.22	0.216525219047692
18.23	1.5259434548016468
18.24	0.13660103547466074
18.25	3.7699050498319218
18.26	-0.07598558329731331
18.27	-0.39017125811815223
18.28	1.7127877856622118
18.29	0.6306730601797575
18.3	-0.8086289898125644
18.31	-1.23764792149661
18.32	2.5932524649117186
18.33	-0.1433403349955752
18.34	1.9318168323557559
18.35	0.024719613915670013
18.36	-0.390458096964722
18.37	-0.4262866108638803
18.38	-0.8228177066278707
18.39	-0.904851099516535
18.4	-0.6779781060179205
18.41	-0.6578240295495769
18.42	0.7160243240940855
18.43	0.16576577034107637
18.44	-0.5352918119652216
18.45	1.4738396304552912
18.46	2.6504240730969797
18.47	0.6716164032776486
18.48	-0.1238246823664757
18.49	0.6833669170127492
18.5	2.3435248697347077
18.51	1.759785825922704
18.52	-0.7324210471017908
18.53	2.276980118337363
18.54	0.6735867226312378
18.55	1.852516722631242
18.56	0.07834983919055116
18.57	0.7640800004779658
18.58	-0.9248421003573807
18.59	3.3414040467490254
18.6	1.702752103920338
18.61	0.028516009711861467
18.62	0.9184212104242978
18.63	3.1868111644793724
18.64	3.898087656128458
18.65	1.256299056098797
18.66	-0.7041600466115462
18.67	3.740166209704528
18.68	-1.209323320674042
18.69	0.5714951415789328
18.7	1.2978649721568067
18.71	-2.007003474902226
18.72	0.5616091719319262
18.73	2.0491918588035225
18.74	-0.5308048963332458
18.75	0.6291578982173838
18.76	-0.7889792372691927
18.77	1.6162444807462144
18.78	-0.01266408838923927
18.79	1.385386325862287
18.8	1.107936146824564
18.81	1.4281619019338108
18.82	1.4763996091578133
18.83	2.0045788082252582
18.84	-0.5283774890003813
18.85	-0.5177355639089319
18.86	0.8278267835068085
18.87	0.4370375674975396
18.88	0.6241212410413842
18.89	-0.7005423050134126
18.9	3.5086210206682664
18.91	-0.9941405000806279
18.92	-0.3451875380057723
18.93	0.36893882551500196
18.94	1.7872024111213993
18.95	0.8904399374298273
18.96	0.6125958332259505
18.97	-0.9195044541938203
18.98	0.5438468375894654
18.99	2.043320323717318
19.0	1.5471553757403504
19.01	0.27515590359667974
19.02	3.6001633273479947
19.03	-1.8026578758619203
19.04	-0.6527884259608269
19.05	0.9669306426295827
19.06	-2.382489985473375
19.07	1.8866770835359974
19.08	0.955203788795083
19.09	1.5969870546954157
19.1	1.3838905258560634
19.11	0.8342957776843556
19.12	2.282999624485539
19.13	0.7511759515933847
19.14	1.1322033031986816
19.15	2.1222348328690734
19.16	0.3736919622095305
19.17	0.365966366129144
19.18	0.4424303571004154
19.19	1.0586343597724206
19.2	-0.39014023143895515
19.21	-1.41161917568337
19.22	0.2277378019639001
19.23	0.8279093102731376
19.24	-1.068665845798876
19.25	1.644364934547586
19.26	-0.7262017792138692
19.27	0.5692729937502612
19.28	0.9067867561947704
19.29	0.6219807041875519
19.3	0.4164040519638075
19.31	0.3235726749624806
19.32	2.038526326367243
19.33	2.391994471274901
19.34	-1.078881220849261
19.35	-1.2295424392865266
19.36	-0.09691110202615671
19.37	-0.8595642067103525
19.38	-0.4833416286401121
19.39	0.04997270911133461
19.4	2.7091680626343373
19.41	-0.9278874121915809
19.42	-0.14140896105319367
19.43	-0.9950280040943978
19.44	1.0651359281773962
19.45	-0.5112512769130956
19.46	-1.4158863073663839
19.47	0.296696856283338
19.48	1.0700798835937142
19.49	2.6066259698388485
19.5	0.7656652539400415
19.51	1.4546917323153887
19.52	-0.7466850895378657
19.53	0.535446483600462
19.54	-0.3108176881028256
19.55	0.27167580377943706
19.56	-1.3867122285281668
19.57	-0.6003342861649924
19.58	-0.8889053917378021
19.59	1.0983449797603888
19.6	0.2540822417606113
19.61	-0.03104394875779204
19.62	-0.43705228683326447
19.63	-2.8803736421224495
19.64	0.7098247818429931
19.65	-0.1873602017196052
19.66	1.9435263720774034
19.67	0.1028126260929153
19.68	-0.5427334506503706
19.69	-1.3586401389299616
19.7	0.9843206614176732
19.71	-1.5165309040582162
19.72	-0.7767996235267945
19.73	2.740124940348076
19.74	0.5404181266602034
19.75	2.3395984419775884
19.76	3.130018557512836
19.77	-0.27921408508665657
19.78	3.104271607652884
19.79	2.4261154140488377
19.8	-0.1640665305446607
19.81	1.172783058297103
19.82	2.447324697427897
19.83	2.479135630656749
19.84	1.3487099195057168
19.85	-0.09227908717224076
19.86	3.0829541520581865
19.87	-0.33999942559768837
19.88	3.6145608625235144
19.89	0.38430053213551657
19.9	3.1578167183337036
19.91	1.111210250277301
19.92	-0.1980514258237166
19.93	-0.0013425117063258218
19.94	-0.4985162582458806
19.95	-1.2581256661768547
19.96	3.700686105578959
19.97	1.3018746373043444
19.98	0.7435715439062247
19.99	1.0364963341648643
20.0	1.2226017676433947
