10.01	0.7112331724787241
10.02	0.006334426261416282
10.03	0.5267170649629005
10.04	0.6822474384144356
10.05	0.8593598259178009
10.06	0.6067364098991047
10.07	0.6160201903388811
10.08	0.17047353399957388
10.09	-0.08204382403389565
10.1	0.25222069174068024
10.11	-0.12971684380296078
10.12	0.9064750013822989
10.13	-0.201840989040736
10.14	0.49465553395572576
10.15	0.5213128569480473
10.16	0.6344344915490376
10.17	0.5790903325021959
10.18	0.2018554163750833
10.19	-0.06878667734011112
10.2	0.30732602615771754
10.21	0.5447131465693447
10.22	0.4896379708089167
10.23	0.19125606771311301
10.24	0.9160754157341227
10.25	0.5775173006468044
10.26	0.31961115480059965
10.27	-0.005058165885269861
10.28	1.8200612903805102
10.29	1.0783411518423824
10.3	0.6359625433584981
10.31	0.03811831638584606
10.32	-0.06248236772482585
10.33	0.9405127188380812
10.34	0.6200125520454766
10.35	0.5938788817223876
10.36	1.05805771638303
10.37	1.7370520415582824
10.38	0.18758887599611057
10.39	0.5800654243932402
10.4	0.3230049733101876
10.41	0.9515659852498413
10.42	0.4368114732426023
10.43	0.5479957176333351
10.44	-0.4483555087194765
10.45	0.4837610970356272
10.46	1.636320281091201
10.47	0.894489417713983
10.48	0.20161752578233638
10.49	0.43785792090619935
10.5	0.5965259614308561
10.51	0.7212260114864004
10.52	0.6592857605756647
10.53	-0.062007542580755914
10.54	0.3562304062951882
10.55	0.895241703366751
10.56	1.1227712044213416
10.57	0.4654881569724145
10.58	0.7638013278689866
10.59	1.135298458872789
10.6	0.70574289009775
10.61	0.1416093389709958
10.62	0.5023736627766529
10.63	1.2278509074971757
10.64	0.5213418359956256
10.65	-0.2878587169284931
10.66	1.057773348480005
10.67	0.8497851616443038
10.68	0.6287600384476912
10.69	0.16883267360024712
10.7	0.2754124002570235
10.71	0.1582804897424938
10.72	0.8718830056243214
10.73	-0.24922425394115932
10.74	0.4859150938325666
10.75	2.201050576928296
10.76	0.6269928187011746
10.77	0.21095597165821328
10.78	0.8058539765001564
10.79	-0.18338753985338285
10.8	-0.11676075353971582
10.81	0.7273375078803689
10.82	1.0347613439446235
10.83	-0.042712380804699523
10.84	0.8112852295624794
10.85	1.337666902801916
10.86	0.39710217556536825
10.87	-0.32135770090541804
10.88	1.0970788166548624
10.89	0.5110407571597859
10.9	-0.48971649725785904
10.91	0.0680740865732431
10.92	1.0712704229201933
10.93	0.06879965428928198
10.94	0.9391901238332732
10.95	0.6142269118955721
10.96	-0.2923113466006649
10.97	0.9333682973963727
10.98	0.5839129019854432
10.99	1.2361211971945014
11.0	0.40381209271439045
11.01	1.5733923656008768
11.02	1.11175562120284
11.03	0.17822953648772194
11.04	0.6991724764056364
11.05	0.17951395407236298
11.06	-0.5090417437644907
11.07	0.11040843647790563
11.08	0.5196064606857874
11.09	0.6620098185182401
11.1	0.7712856714105598
11.11	0.13791211031555695
11.12	1.0654831241121863
11.13	1.0446271345635099
11.14	1.2657627478490812
11.15	0.13965241678160584
11.16	-0.20678760771697535
11.17	0.3902681280728106
11.18	1.0895191009428902
11.19	2.110946597101931
11.2	1.3973516536032151
11.21	1.1441552115755294
11.22	0.9622725235408475
11.23	0.3101259698676748
11.24	1.0194523098262893
11.25	-0.889695900828257
11.26	0.7675311935917475
11.27	0.6979772115580294
11.28	0.6175843385565738
11.29	-0.5860519192539181
11.3	0.9983066399720889
11.31	0.04929942833404538
11.32	0.10215645509427751
11.33	0.5426891652702541
11.34	0.3435234006169745
11.35	1.3773972143740343
11.36	0.5367558525291334
11.37	0.27691125936342587
11.38	-0.15812444917647395
11.39	0.22190686191477757
11.4	0.7749903892598586
11.41	-0.03187678971391164
11.42	0.6026522168655217
11.43	2.0687815498964572
11.44	0.008310527413043778
11.45	0.5317193534007815
11.46	0.35734576732533385
11.47	-0.9869741264704983
11.48	1.1708289952416249
11.49	1.228329823399002
11.5	0.42290371951501393
11.51	0.8068414577995875
11.52	0.8832156555410517
11.53	-0.5950304306867786
11.54	0.16184423862418099
11.55	1.454770788447398
11.56	0.16280096239908406
11.57	0.32427373021998906
11.58	0.04554403316973421
11.59	0.35699119741002305
11.6	-0.3352801225400876
11.61	0.5625694545658566
11.62	0.8970978619160285
11.63	1.3291727855343365
11.64	-0.4218633169161589
11.65	0.6162866277182155
11.66	-0.22557058332897295
11.67	-0.22691787003287156
11.68	-0.7730631274437628
11.69	0.7257075959160421
11.7	-0.13414000500662404
11.71	1.4425269960136244
11.72	0.7228811261038025
11.73	0.7077320046157599
11.74	0.5793926511429284
11.75	0.2762703138594868
11.76	0.6421918293219622
11.77	0.6020893549545525
11.78	-0.2313873218210864
11.79	-0.15381776198806324
11.8	0.5623761080340757
11.81	0.40829608031746756
11.82	0.18243845815831267
11.83	-0.6102179330494554
11.84	0.540409630039667
11.85	0.618264182814132
11.86	0.9801687343481058
11.87	0.1696403653852904
11.88	0.5242446241612777
11.89	1.0554928241293284
11.9	0.7827706001963921
11.91	1.307955561445554
11.92	0.4386102652749255
11.93	0.36450710717660695
11.94	1.2266818600541047
11.95	-0.013661446237066666
11.96	0.15043522213043325
11.97	-0.040251484515357316
11.98	0.33238366168941186
11.99	1.0233315316650615
12.0	1.2578399118523271
12.01	-0.09546771175936036
12.02	0.18128707025299456
12.03	1.2798291280666012
12.04	0.09894954384940702
12.05	-0.40066670999943205
12.06	-0.46599822225820847
12.07	-0.15897489736552423
12.08	0.26399081179425943
12.09	-0.47522555733891864
12.1	-0.5010057885189894
12.11	0.7314461417615719
12.12	-0.4996688658524869
12.13	-0.24786800340835752
12.14	-0.21706652425089334
12.15	0.09468237328475643
12.16	0.8263107701954634
12.17	-0.47323570422288336
12.18	0.23217944615967978
12.19	0.902671277335187
12.2	0.8026751735020099
12.21	0.12987075597327874
12.22	0.7411280007072225
12.23	0.21300467863620576
12.24	-0.2812504235493222
12.25	-0.5433554250813466
12.26	0.5974483621403052
12.27	0.06158574538121053
12.28	0.7328923088283907
12.29	0.7131566218648555
12.3	-0.08715970289192504
12.31	0.7454899380118252
12.32	0.0674881965432911
12.33	0.26797973792291924
12.34	0.04986857699495717
12.35	0.5067224809002346
12.36	-0.4371229020787483
12.37	0.3517204080438552
12.38	-0.2738062463260954
12.39	0.22693196682689448
12.4	0.23254879061579825
12.41	0.11991160665077924
12.42	-0.436884398698637
12.43	-0.42236445211702917
12.44	-0.8292084907948046
12.45	0.6277854005600549
12.46	-0.4704661725826516
12.47	0.2624287110422505
12.48	0.14106465463206136
12.49	0.5343109309898592
12.5	0.6653936297287839
12.51	1.1052508735653321
12.52	0.2926575148202354
12.53	0.6711684448319011
12.54	-0.13845526950153325
12.55	-0.5787360851370134
12.56	-0.05120887293185783
12.57	-0.5919493058387371
12.58	-0.043912014002886884
12.59	0.9310137116671896
12.6	0.5798921090264006
12.61	0.37366610125330846
12.62	-0.3226710284929366
12.63	0.7071639028662626
12.64	0.2554564204919937
12.65	-0.21940902360576908
12.66	0.023474034698436008
12.67	0.5180181929623877
12.68	0.20128823242042126
12.69	-0.1486263794403847
12.7	-0.5481583504902179
12.71	0.3681874349735083
12.72	-0.31904039948111185
12.73	0.9891976382668705
12.74	0.32166193177264457
12.75	-0.36198047314250703
12.76	-0.5436378475312444
12.77	-0.1898910593307992
12.78	0.4589077830623929
12.79	0.40752562530547676
12.8	0.10906740219787076
12.81	0.2505169650801228
12.82	0.3747211290357496
12.83	0.21286588763637468
12.84	-0.24668734799540015
12.85	-0.5412668430552801
12.86	0.4275937421222648
12.87	0.5893102110341282
12.88	-0.07783068760418663
12.89	0.13142578789036582
12.9	0.08168780203445866
12.91	0.510981858885304
12.92	-0.06511137794285116
12.93	0.7568378071740365
12.94	-1.1191182099034602
12.95	-0.3495705998747531
12.96	-0.15590140277075737
12.97	0.9125052145480976
12.98	-0.23703282472917336
12.99	1.2022391263453596
13.0	0.12167106283096259
13.01	0.3794947728672255
13.02	0.6215271342438141
13.03	-0.11479384630342443
13.04	0.29496647247269336
13.05	-0.012299960854982278
13.06	-0.5664644891780797
13.07	-0.10932831132658166
13.08	-0.007387328678115229
13.09	0.8877368644316159
13.1	-0.8169838575713877
13.11	0.5619205361503541
13.12	0.669883401204024
13.13	-0.30865191892290544
13.14	-0.07830982053187652
13.15	0.520232861940744
13.16	0.23490593018393705
13.17	-0.7906613462049608
13.18	0.47720829870236076
13.19	0.9425811698957993
13.2	0.6514223205188765
13.21	-1.0939600456302585
13.22	0.9032413307909324
13.23	0.592744893392588
13.24	1.0733398548822866
13.25	0.13686388819163547
13.26	-0.6185398590547997
13.27	-0.1816490605930438
13.28	0.721073050099287
13.29	-0.28414140132185567
13.3	0.7564140446308123
13.31	0.4264634844506286
13.32	-0.7519709316455672
13.33	0.18000469209375455
13.34	0.7879056627975136
13.35	-1.0447481016768052
13.36	0.0440888627238509
13.37	-0.3045067419362659
13.38	0.1722652953327914
13.39	0.6151576454831085
13.4	0.81894164713023
13.41	0.44313314777463625
13.42	0.4948274987983852
13.43	-0.22068093174162023
13.44	0.18164733583370746
13.45	0.17942712935467847
13.46	0.6745073591731006
13.47	-0.13021233323162185
13.48	-0.26166071788277784
13.49	-0.7547894039291265
13.5	0.5389595759102687
13.51	0.532516834559237
13.52	-0.6691147162787301
13.53	0.41436844324940275
13.54	1.031698190281323
13.55	-0.28690671310133986
13.56	0.1257740172756837
13.57	0.39195111073218175
13.58	0.17132421893815927
13.59	0.3945758527695248
13.6	1.1802479759749147
13.61	0.05643423164090036
13.62	-0.07141279643633491
13.63	0.2337629371822825
13.64	0.05603168005463703
13.65	0.4038805045588934
13.66	-0.26641059775215625
13.67	-0.49949605806545744
13.68	0.39464341841266126
13.69	0.1808782323790606
13.7	0.6217786727290755
13.71	-0.08938095916995317
13.72	1.0433087821782707
13.73	0.26546060016443496
13.74	0.4844040054565014
13.75	0.4349106734615242
13.76	0.81369676263923
13.77	1.3259406937921452
13.78	0.3679379686855212
13.79	-0.16061508563207216
13.8	-0.5984121542398262
13.81	-1.1253616457863342
13.82	0.03671008055251103
13.83	0.2661449089348601
13.84	1.4510225350852912
13.85	0.6528361483210523
13.86	0.6157255827674849
13.87	0.12121674825749076
13.88	0.25539800631502935
13.89	0.8696895539972038
13.9	-0.8793522321204519
13.91	0.05789447936556595
13.92	-0.9133962182928927
13.93	0.417848875909055
13.94	-0.07781205916815015
13.95	0.4543338636944194
13.96	0.4263947312522308
13.97	0.18598924769107783
13.98	-0.39470317064318033
13.99	1.0301953895217235
14.0	0.3342057568236385
14.01	0.5073417183216307
14.02	0.15215211941328427
14.03	-0.1827949444715724
14.04	0.2816899554917101
14.05	-0.5866524631986187
14.06	0.2039674928687193
14.07	0.4671993704537495
14.08	0.6895887405981391
14.09	0.26407133323954474
14.1	-0.22406113247936948
14.11	0.17371716631438988
14.12	0.14130143578107363
14.13	0.9235176987362008
14.14	0.4859184348927304
14.15	0.056090638479443705
14.16	0.009263553138638247
14.17	0.3749668989854861
14.18	0.4241917909887188
14.19	0.3595902295158414
14.2	0.5126855989294916
14.21	0.18051329636536917
14.22	0.34946464833391844
14.23	0.025177153887657927
14.24	0.8173831855195706
14.25	-0.12468470936670076
14.26	-0.12955307634402663
14.27	-0.6202876231096068
14.28	-0.6395140336768659
14.29	0.250901506686373
14.3	0.564305257936508
14.31	-1.0531052667858027
14.32	-0.41060882128785964
14.33	0.9259230397532905
14.34	0.028892134113103554
14.35	-0.1256079041239887
14.36	0.2311867307836511
14.37	0.7570125224996147
14.38	0.42138053434374156
14.39	0.014286245373078153
14.4	0.49675432536185055
14.41	0.5750254336375599
14.42	0.36344184574624827
14.43	0.2922684406791555
14.44	0.434260282086049
14.45	0.6564269210905842
14.46	-0.5312622315299234
14.47	-0.5341966900135395
14.48	-0.19004750489995864
14.49	-0.39045197525871284
14.5	0.6814992968870917
14.51	0.3087541844469735
14.52	0.5951832401832966
14.53	-0.2019813086093457
14.54	0.07017153454171213
14.55	0.007700092569133218
14.56	0.031663924478999114
14.57	0.022365083321471357
14.58	0.14039241783255219
14.59	0.7336718000667473
14.6	-0.038438953540952114
14.61	1.0524128270136603
14.62	0.49349189817238204
14.63	-0.12435440933061698
14.64	-0.39887444298291624
14.65	-0.28624670951483916
14.66	0.48390330981489754
14.67	-0.12414127482401979
14.68	-0.5175357409505783
14.69	0.05281254506810874
14.7	0.015570938147706992
14.71	0.8260424158112956
14.72	0.676973114930512
14.73	0.5435639629097259
14.74	-0.997327728966223
14.75	1.219703769785724
14.76	0.11121719357509538
14.77	0.016234157675655725
14.78	-0.048513669902394196
14.79	0.34429110270434615
14.8	0.35419708528799254
14.81	-0.18130454518179634
14.82	-0.4742490480827492
14.83	-0.0021031015141083076
14.84	-0.46373644038824896
14.85	-0.0683452530812117
14.86	0.61023458786447
14.87	0.2831450060495226
14.88	-0.10683522537729125
14.89	0.4522882019882303
14.9	0.36287008940311827
14.91	-0.39351536776016444
14.92	0.04545625915826185
14.93	1.0721375545888214
14.94	0.6270584417453411
14.95	0.1931468995993249
14.96	0.628294246923532
14.97	-1.0320251173485944
14.98	-0.2554697837815336
14.99	0.5533947225567877
15.0	0.5105620833028539
15.01	-0.08605797222468281
15.02	0.00917691493984002
15.03	0.26607217056556365
15.04	0.263316812529655
15.05	1.2382471469956922
15.06	0.5433438866229929
15.07	-1.2351755389796961
15.08	0.8312019858210762
15.09	-0.39592012392563175
15.1	0.6586387216330452
15.11	-0.15764725259090262
15.12	0.22909924609850216
15.13	-0.39719797173456833
15.14	0.3038448209521851
15.15	-0.13598023654700414
15.16	-0.22692290143770188
15.17	-0.6707982291897026
15.18	-0.47284755876551604
15.19	-0.6073903257230218
15.2	1.796051182819432
15.21	-0.31059311507319076
15.22	-0.7039026308684893
15.23	0.0859060280861367
15.24	-0.1581170884104503
15.25	-0.4917133249917896
15.26	0.09043377098967109
15.27	1.2147614632657857
15.28	-0.49513099416549805
15.29	-0.6311923204075895
15.3	-0.7265783808745456
15.31	0.22954094159712007
15.32	-0.33568336413826766
15.33	0.3948427925591621
15.34	-0.23374022470139794
15.35	0.10646788682886611
15.36	1.0223823487418036
15.37	-0.6838547783296078
15.38	-0.01777336765514767
15.39	-0.4383665001043044
15.4	0.18089702846454114
15.41	0.17819127911903782
15.42	-0.31205378041554144
15.43	0.27886735224602494
15.44	-0.7702857442749775
15.45	0.7664905358022127
15.46	1.0314721710988586
15.47	0.4823409551095598
15.48	1.2059137721170488
15.49	1.1027145517727426
15.5	0.23514172633679273
15.51	-0.4536451783254886
15.52	-0.5627215217074896
15.53	-0.7484253195933135
15.54	0.5660300500035991
15.55	-0.48184728071073796
15.56	0.3751922915774472
15.57	0.3269502877987075
15.58	0.40863838565562366
15.59	0.8165206814402446
15.6	0.2844335563960381
15.61	0.24483090335228197
15.62	1.0481167303063483
15.63	-0.10418833244420347
15.64	0.20472240075959436
15.65	-0.008442240816661645
15.66	0.47616467471919605
15.67	0.17911274717055428
15.68	0.5082625111882413
15.69	-0.8654275024364058
15.7	-0.5356773772980121
15.71	0.21773512304349146
15.72	0.2934159675894631
15.73	0.23081667087511437
15.74	-0.026356312823124617
15.75	0.28478540669766617
15.76	0.4867099531622892
15.77	0.4422781857526442
15.78	1.3648222979894573
15.79	0.1605891411623085
15.8	-0.651151859583259
15.81	0.037531098315606956
15.82	0.5832452856021179
15.83	-0.8017877639913962
15.84	0.27181061442650667
15.85	1.036595665444475
15.86	-0.1847142013102867
15.87	0.35460795559491176
15.88	0.3918631881066515
15.89	0.45376420317337757
15.9	1.3570974612156428
15.91	0.5975373902697244
15.92	-0.09167785209659451
15.93	0.9670090538768459
15.94	-0.3521486699066004
15.95	0.1720640735887956
15.96	0.1821465160573036
15.97	-0.6841828683201808
15.98	0.5942992066046755
15.99	0.11183441553551077
16.0	-0.215537424125337
16.01	1.3047572947927975
16.02	-0.24602287126466515
16.03	0.790190995911457
16.04	0.8645440194624698
16.05	0.3188322422542145
16.06	-0.3548679089935848
16.07	1.1753171276779943
16.08	-0.4826352862020144
16.09	-0.06520613687550325
16.1	1.1790264735354785
16.11	0.6394274429532042
16.12	0.3033544419849634
16.13	0.8686005058216393
16.14	0.014351444749956158
16.15	-0.46876674601742224
16.16	-0.7160796171705572
16.17	0.06679886866264773
16.18	0.26773117145495184
16.19	-0.3883757009333311
16.2	-0.8207760521700606
16.21	0.7921684248905938
16.22	0.5073382880862682
16.23	0.16089046040962174
16.24	0.3149321041776617
16.25	0.19048878731623606
16.26	-0.5320402925295219
16.27	0.7635127998372193
16.28	0.07361956766393533
16.29	-0.038533102248942894
16.3	1.1002017373126083
16.31	0.5177656406475935
16.32	1.1783856595405773
16.33	0.6439573132893337
16.34	0.5629891241440053
16.35	-0.386171383562581
16.36	1.0361292290897992
16.37	0.4648713027745626
16.38	-0.49730064833741067
16.39	0.27235064276119525
16.4	-0.499198017458381
16.41	0.0383939026414636
16.42	-0.215217141577317
16.43	-0.45843482225127824
16.44	0.08091071592089034
16.45	-0.0962394343000907
16.46	0.5970827997584044
16.47	0.4787860978590511
16.48	-0.31248094599035237
16.49	-0.08904835979228645
16.5	0.2168109198508231
16.51	-0.16620140204207348
16.52	-0.37968194788368304
16.53	0.11247452683215041
16.54	0.554860454325682
16.55	0.18212813124499852
16.56	0.5077568111236759
16.57	0.7479856765848331
16.58	-0.8280169089622218
16.59	0.10093183322780395
16.6	-0.6325465830944699
16.61	-0.6994295839778406
16.62	-0.8111789435245267
16.63	-0.5786534098432908
16.64	0.7035305493149329
16.65	-0.25376690750223857
16.66	-0.15646404933945435
16.67	-0.1429551164259052
16.68	-0.19279418296899004
16.69	0.49054285261966524
16.7	0.04985929198080208
16.71	0.12067986469489307
16.72	0.6451032239130577
16.73	0.06375355670691453
16.74	-0.16622564871632803
16.75	0.1304249516593738
16.76	-0.05574815445032736
16.77	0.2942405964142807
16.78	-0.5328598157141282
16.79	0.1520880831702168
16.8	0.7858464758731079
16.81	0.6992289587483036
16.82	0.5746319972022109
16.83	0.02355890517596008
16.84	0.07965327678058308
16.85	-0.25487622671527016
16.86	0.05388249891815928
16.87	0.08542602663070338
16.88	0.6398467267136584
16.89	0.3811439010421329
16.9	-0.6703008452295716
16.91	-0.024600396974083116
16.92	-0.18890795557064094
16.93	-0.24029287000813307
16.94	0.58651977624855
16.95	-0.5007823769685672
16.96	-0.24113657504032915
16.97	-0.018220555090874536
16.98	0.39094493528321567
16.99	-0.08171078696102937
17.0	0.5355164633340282
17.01	0.5255508959364162
17.02	-0.26489525087845806
17.03	-1.0284727050360285
17.04	0.17901765810759485
17.05	-0.23208691913312418
17.06	0.23959600750048377
17.07	-0.2726209250660955
17.08	1.294713572381071
17.09	0.19476579195145263
17.1	0.520712195378966
17.11	-0.022690796606900408
17.12	0.8630333608246166
17.13	0.2600513221825395
17.14	1.0012762389209904
17.15	0.48567658778021117
17.16	0.6839169525486415
17.17	-0.41065496231069226
17.18	0.5583381808807206
17.19	0.3685935183234808
17.2	0.3681826095330803
17.21	0.14026558055240868
17.22	0.32266172583297803
17.23	0.013094883721854923
17.24	0.9669618663811586
17.25	0.442253937709809
17.26	-0.21588581380548966
17.27	-0.07461692541165296
17.28	0.43344743224928867
17.29	-0.17799927300280916
17.3	-0.3465189006571066
17.31	-0.1636577790045648
17.32	-0.8176634703354131
17.33	0.7450342085261097
17.34	0.07816574336215584
17.35	-0.4917173279582879
17.36	0.6040627659396225
17.37	-0.31776725549266716
17.38	-0.5854129132941522
17.39	0.08571186481491883
17.4	-0.5904756459894527
17.41	-0.031510668625620936
17.42	0.28966520171127075
17.43	0.511359179968651
17.44	-0.4157102604330973
17.45	0.7006497663670022
17.46	0.8306267172183865
17.47	0.6743615919668566
17.48	-0.11507888627938147
17.49	-0.5728745167024398
17.5	0.4211008498023385
17.51	0.39608265376174984
17.52	0.1888316403873842
17.53	0.26870219612738633
17.54	-0.5785588962781703
17.55	0.8490233613812161
17.56	0.6729079131670517
17.57	0.0044956196794162856
17.58	0.010289995796166476
17.59	-0.2836582747458174
17.6	0.2179564241990839
17.61	0.22674617775691497
17.62	-0.2362384861559851
17.63	0.39370334913476823
17.64	-0.5739616835814321
17.65	0.06957587085683625
17.66	0.2671447438095497
17.67	-0.30924709631898223
17.68	-0.3567804404615198
17.69	0.07854061767640041
17.7	-0.7490371133538611
17.71	0.09848462029347889
17.72	-0.3136656482711926
17.73	-0.04952007666640426
17.74	0.6864165857644053
17.75	0.5600957915147198
17.76	0.4871982525961054
17.77	-0.352878400019076
17.78	0.11522717261596582
17.79	0.8488706961255754
17.8	0.021517106042875864
17.81	0.006169705615606688
17.82	-0.17937640507817965
17.83	1.0206712241568774
17.84	0.3202741465426967
17.85	0.7973779086889464
17.86	0.5781451909676192
17.87	1.0444574220991072
17.88	1.1197665334409974
17.89	-0.01050349598922895
17.9	-0.07665851577679939
17.91	-0.4377189810103937
17.92	0.5584978768212294
17.93	-0.1146235925120242
17.94	1.0450339047536457
17.95	0.7323625841945967
17.96	0.8896948990816362
17.97	0.7316378914889388
17.98	0.3387655089679472
17.99	0.48068891657524676
18.0	0.19062531259629883
18.01	0.319070634136974
18.02	0.8640777902234631
18.03	0.10584326997874655
18.04	0.9391516453035171
18.05	0.5619198809176428
18.06	0.45704182406145005
18.07	0.5038109229535703
18.08	-0.4747653410992331
18.09	0.5038747538038632
18.1	0.28666719100439836
18.11	0.37107468386630416
18.12	0.5694119386073485
18.13	0.12610171077915874
18.14	1.1926306515240266
18.15	-0.5577844803535231
18.16	1.410522414320911
18.17	0.48533413539690495
18.18	0.7533731473326946
18.19	1.1569167096534123
18.2	0.15919684958591246
18.21	1.1042428658447285
18.22	-0.11165645875534302
18.23	-0.5710685341841933
18.24	0.5362560572804246
18.25	1.388547942582861
18.26	0.9439914475807252
18.27	0.4803116500790908
18.28	0.5256959412266988
18.29	0.8688986245006662
18.3	0.5479939615026352
18.31	0.6673757024611803
18.32	0.36819610533493147
18.33	0.1913592297610126
18.34	0.8270608221412619
18.35	0.3843451287775714
18.36	0.6753361546316031
18.37	1.0820375452074913
18.38	0.19677313332020524
18.39	0.7104962378007398
18.4	-0.21518432553518563
18.41	0.11281575169464508
18.42	0.03351461574476433
18.43	0.7288463709323951
18.44	0.41275788802231483
18.45	-0.5646495507636058
18.46	0.8720890944059735
18.47	0.8949249124897296
18.48	1.7335299503889399
18.49	0.959775894532172
18.5	1.1894692121935848
18.51	-0.34112469430355363
18.52	-0.02215970915719634
18.53	0.42137574562450486
18.54	0.6120035710828549
18.55	1.246425318838077
18.56	-0.27911524034803614
18.57	0.3936615693327202
18.58	0.6803183660349418
18.59	0.8022806698212736
18.6	0.6300978989766456
18.61	1.6568043606069494
18.62	0.597386403349255
18.63	1.3368724911307857
18.64	0.4216432276832438
18.65	1.198521509906333
18.66	0.3383955376722382
18.67	1.0876588566138792
18.68	0.4917158603748851
18.69	0.771046065398158
18.7	0.7589466504731056
18.71	1.526726736931809
18.72	1.1339068133155283
18.73	0.34462018543995465
18.74	1.1464624860218073
18.75	0.3692726178836915
18.76	0.36411273061058125
18.77	-0.1978815735901872
18.78	-0.029426994119424177
18.79	0.1569428468013368
18.8	0.9069786132389199
18.81	0.7337900471355172
18.82	1.5395488405995308
18.83	1.7699703699592977
18.84	0.49075140226799374
18.85	0.6398817163028447
18.86	0.06440461528574665
18.87	-0.8375761467823085
18.88	1.2481560488045829
18.89	0.4111023406106103
18.9	-0.010506824456277819
18.91	0.7782212476270692
18.92	0.7612916813092295
18.93	1.2237578365849773
18.94	0.8735160723131096
18.95	0.6914532558810375
18.96	0.3460502217162925
18.97	1.0125019993962032
18.98	0.6968998936557211
18.99	1.2432101976449232
19.0	1.0248494433545678
19.01	1.0453055630012393
19.02	1.0816232320582342
19.03	0.012815299827488136
19.04	1.6796593647361844
19.05	0.33209012485576955
19.06	0.43464656191216017
19.07	0.19791883076600886
19.08	0.29506807945673363
19.09	1.1334352136560746
19.1	-0.13163671457293746
19.11	0.5332866352263436
19.12	0.561353708548383
19.13	0.39295508468340307
19.14	-0.008645890900974562
19.15	0.6729858105831348
19.16	0.6936271139109687
19.17	0.6224931513466592
19.18	1.4738248410910453
19.19	0.4850235772210686
19.2	-0.06985317540626657
19.21	0.7130911590030788
19.22	0.26061515926669776
19.23	0.5965449662677701
19.24	-0.0383392977733199
19.25	1.2899044597005584
19.26	0.006233142495644439
19.27	0.8911588444137657
19.28	0.38261889913809166
19.29	0.7224839876046585
19.3	1.6216197019879866
19.31	-0.1569249060378679
19.32	-0.07721753694579281
19.33	0.1762675538734791
19.34	1.1779419892275391
19.35	0.6523507500171849
19.36	0.7069782111374472
19.37	0.13230152539602757
19.38	0.6414121801325188
19.39	0.8432452998427051
19.4	1.0209911530529163
19.41	0.1837194543406504
19.42	0.4657624072407387
19.43	0.10078047142659169
19.44	0.6852108813079022
19.45	0.6049837541589139
19.46	0.48360392980505384
19.47	0.8998277347038812
19.48	0.7603236728148767
19.49	0.3793698203521772
19.5	0.40442598687135994
19.51	0.8963612409647568
19.52	0.7805150319364271
19.53	1.167624763928944
19.54	0.4572603195028388
19.55	0.9114359644409968
19.56	0.1654711235811644
19.57	-0.1408701602823037
19.58	-0.07289506287384584
19.59	1.5851309233205582
19.6	-0.2176195609376077
19.61	0.8720755416640275
19.62	0.7139265949031599
19.63	0.09611300229171854
19.64	0.32344624104591646
19.65	0.6670422202030208
19.66	0.30945607670375436
19.67	1.163065306586375
19.68	1.2184889895298259
19.69	0.9182878136301897
19.7	0.8543390031996365
19.71	-0.16194758049369096
19.72	0.428561450726683
19.73	0.5656578027908875
19.74	0.19225386062366512
19.75	0.850418707382316
19.76	0.7706174776521673
19.77	0.21332156822969128
19.78	1.3241838162841022
19.79	0.6072253446571493
19.8	0.0369555431796032
19.81	0.16282174676592942
19.82	2.0803743586995855
19.83	1.2456636909699652
19.84	1.1917968122279157
19.85	1.0463612027929752
19.86	0.09777486406429814
19.87	0.7953953743847195
19.88	1.239485449934406
19.89	0.549432765863777
19.9	0.3798955702532008
19.91	0.10990063198682853
19.92	1.0339685266719263
19.93	0.6052235111568675
19.94	0.519652576263685
19.95	1.029755300619367
19.96	0.2580709832573974
19.97	1.2871536832677055
19.98	0.5391698956994496
19.99	-0.46568565315616905
20.0	0.059671022107255056
