10.01	-0.1731257363287949
10.02	0.7873781180541053
10.03	0.29897665865954476
10.04	1.4472483417823527
10.05	0.9344880769004953
10.06	1.0255047775992114
10.07	1.0231262568029083
10.08	0.014775046991390428
10.09	0.3957226705931088
10.1	0.7824023404063218
10.11	-0.289344340057608
10.12	0.6812039209752183
10.13	1.0647097143469773
10.14	0.6529643843383921
10.15	0.4733629978177416
10.16	1.2259658300919025
10.17	0.05765972949069459
10.18	-0.14505148004230184
10.19	0.49048450074450234
10.2	-0.865418820588297
10.21	0.9060166098723176
10.22	1.2190737819953619
10.23	0.3777842359999106
10.24	1.5360523788791953
10.25	0.5507124609106697
10.26	0.16843238784433412
10.27	0.2996595013698109
10.28	-0.4830197192135245
10.29	0.38836585505477084
10.3	1.658193704518626
10.31	1.2174549681193114
10.32	0.4599244378304957
10.33	0.6964909410241085
10.34	0.032973357341561926
10.35	1.296671907218381
10.36	0.5875566477884195
10.37	0.7620400837054806
10.38	1.103539830873003
10.39	0.9489595198677125
10.4	-0.02541159670483606
10.41	1.2369205572893944
10.42	0.050605245505105645
10.43	0.7573557636276489
10.44	2.0625629696764474
10.45	1.147892946553299
10.46	1.3023392347668117
10.47	0.2043319753790631
10.48	0.40960216854619
10.49	-0.35211824995357044
10.5	0.023044050730839663
10.51	0.5138292815089529
10.52	0.05646052394965395
10.53	0.6298384079047861
10.54	1.2163788751408025
10.55	0.5132367276322854
10.56	0.7042154956132288
10.57	0.6620375553204428
10.58	1.3126179142470962
10.59	-0.7745831178976691
10.6	0.42435301743104853
10.61	0.7576937796912251
10.62	0.5786648136609185
10.63	0.5756110013797002
10.64	-0.29787205732612676
10.65	0.5189646664080425
10.66	0.7727674069431111
10.67	0.7430604638661866
10.68	-0.21707966748465357
10.69	-0.3143644915416771
10.7	-0.22770665626025677
10.71	0.6198384735191529
10.72	0.2021478989142424
10.73	0.9750081715128326
10.74	0.7640464221771234
10.75	-0.09250561605597662
10.76	0.5210929607709229
10.77	0.22601693161664232
10.78	0.534062854435487
10.79	-0.1797057932049585
10.8	1.0413632702422604
10.81	0.7548513811740678
10.82	0.35101236071799585
10.83	0.1850254384536883
10.84	0.4969214021583042
10.85	-0.11561332605005681
10.86	0.04885423361628005
10.87	0.262020832410956
10.88	0.21225863939445588
10.89	0.07894805333188681
10.9	0.1783305678829198
10.91	0.7339398026197053
10.92	0.26644243491026304
10.93	0.9337175828767343
10.94	1.2231981051668577
10.95	0.5915492056193066
10.96	-0.6645871238667223
10.97	0.6321228064087524
10.98	0.993763836961833
10.99	0.5306050899499392
11.0	0.4272433464669593
11.01	0.837508793257679
11.02	0.23133723180141608
11.03	0.5709515141077954
11.04	0.797824323548151
11.05	-0.2216658032966069
11.06	0.8096042345644994
11.07	-0.4657766614977736
11.08	-0.08287312110292977
11.09	0.41657611474978906
11.1	0.14193632881449753
11.11	0.7794098914326667
11.12	0.6910773280985079
11.13	-0.026461415110352604
11.14	-0.242030994580252
11.15	0.17749685705208862
11.16	0.1649305151238165
11.17	-0.09080076000141368
11.18	0.8481577981892912
11.19	-0.78035874705541
11.2	0.41196198579558485
11.21	1.6076334934136263
11.22	0.695224594300348
11.23	0.4018674644691424
11.24	0.6129883530491356
11.25	0.12907262974041725
11.26	-0.5278138016069774
11.27	-0.20430667064891372
11.28	0.4076033881735296
11.29	0.275193037851195
11.3	0.132464657854731
11.31	0.4507486905465742
11.32	1.2536706619789326
11.33	0.7678626218914809
11.34	1.279420015879778
11.35	0.40132833137465673
11.36	0.8651638103046284
11.37	-0.23130596612389553
11.38	0.9493401188499464
11.39	0.12212184966976464
11.4	0.12859186788526816
11.41	0.4454684297701112
11.42	0.7995929738823635
11.43	0.8999303991492007
11.44	0.6445822885327288
11.45	-0.10664895164065247
11.46	1.0433231888858208
11.47	0.20676152080997312
11.48	0.9720797315202397
11.49	1.352354843680423
11.5	0.6849199468844127
11.51	0.08352295393905043
11.52	-0.40241219973642167
11.53	-0.3917271921083331
11.54	0.5356140265209892
11.55	0.3904959218382415
11.56	0.8174192149739445
11.57	-0.3221187342388051
11.58	1.278170259267959
11.59	1.0044114245620757
11.6	-0.5106345764525
11.61	-0.6280388941596705
11.62	0.48930883717728296
11.63	0.8609390078357821
11.64	-0.22572678470415197
11.65	0.8977777008731104
11.66	-0.10636475508956034
11.67	0.5580803829248371
11.68	0.22650338898020883
11.69	1.0195688830603122
11.7	0.31550431719964916
11.71	1.2534322770102846
11.72	1.2125796958231612
11.73	0.5921879105454105
11.74	0.7929851768160154
11.75	0.561328462827751
11.76	0.43207389767584614
11.77	0.6799063063032751
11.78	0.8184308412378418
11.79	0.5288610231164104
11.8	0.46516335107020973
11.81	-0.2570214005958801
11.82	0.38192381254269636
11.83	0.7632916647733623
11.84	0.7842429791673833
11.85	-0.1369811719088847
11.86	0.4998960202109526
11.87	0.09806745809412487
11.88	0.7996791814736506
11.89	1.4665733925226796
11.9	-0.15351901648569
11.91	0.38846311081714324
11.92	0.7109505451890361
11.93	-0.5850774264847769
11.94	0.23890721427609
11.95	0.267475596451537
11.96	0.9182776145397954
11.97	0.9001933747124674
11.98	0.026032037199308244
11.99	0.5532485071807044
12.0	0.2388100263845438
12.01	-0.11064254509713606
12.02	0.1245679569214008
12.03	0.9273093250738045
12.04	0.14566176664186806
12.05	-1.1348549465893913
12.06	-0.5910900173497113
12.07	0.15469778772506187
12.08	-0.03490659380257441
12.09	0.5430800542648975
12.1	-0.6814962224241321
12.11	0.11619782994682992
12.12	-0.021457889960128596
12.13	0.01598213761140406
12.14	0.5328492144865484
12.15	0.27259591658098997
12.16	-0.17067537304316838
12.17	0.8724822085176012
12.18	-0.256995190240344
12.19	0.7851931887558665
12.2	0.8067004872348863
12.21	-0.1468457009949441
12.22	-0.24177458480385228
12.23	-0.38556360450890886
12.24	0.29225319618355783
12.25	0.6040810396418056
12.26	-0.0892109715132989
12.27	0.21662432310930668
12.28	0.3507554406330336
12.29	0.5791034542707645
12.3	-0.9594717017001415
12.31	0.31285477902848446
12.32	0.05521144009428321
12.33	-0.08334144135968113
12.34	0.022417301470446682
12.35	-0.664209650518331
12.36	1.010791194553522
12.37	0.35739469817662134
12.38	0.34576698662254973
12.39	-0.7903871477064177
12.4	0.8632097200994007
12.41	-0.11054295462456029
12.42	-0.5932173359117283
12.43	-0.5596621841583826
12.44	0.3757078303866588
12.45	0.2541518929314954
12.46	0.4734576244739611
12.47	-0.357027583320964
12.48	-0.2374402709605351
12.49	0.18092767004021088
12.5	0.21996283202422762
12.51	-0.017562609858647188
12.52	0.30445282470464785
12.53	-0.25826758221751367
12.54	0.43431834151436216
12.55	0.6600579072597783
12.56	-0.21349182495636765
12.57	0.9654536960540134
12.58	0.3959389960470726
12.59	0.10568234746083965
12.6	0.014247844152659117
12.61	-0.60898059649932
12.62	-0.016108905990827038
12.63	-0.3535902505542484
12.64	-0.31799611057111304
12.65	0.11244265639005971
12.66	0.35377504940349047
12.67	0.3871802095705124
12.68	1.6026531607375611
12.69	0.03007663290427194
12.7	-0.8485560265195007
12.71	0.4237011896734651
12.72	1.1587401943857094
12.73	1.324949676649481
12.74	-0.44489563097014545
12.75	0.6709694925710061
12.76	-0.4618470459871848
12.77	-0.7877790148557673
12.78	0.009031164931959434
12.79	-0.06540074608904864
12.8	0.0914296210697753
12.81	0.3975548852442455
12.82	-0.46237838728943864
12.83	0.4435001209283014
12.84	-0.5094987779332747
12.85	-0.07940209100118667
12.86	-0.693084524058351
12.87	-0.05222625378499979
12.88	0.14777945823695046
12.89	-0.29687219810587384
12.9	-0.1274701763443396
12.91	-0.8216857224848146
12.92	0.15191109775615375
12.93	-0.6486069642605994
12.94	-0.07155737234685713
12.95	0.25018458064297133
12.96	0.7875564488981579
12.97	-0.28263752371820405
12.98	0.026371398432591606
12.99	-0.6053177527752851
13.0	-0.31750906066359047
13.01	0.43716567068841
13.02	0.5797931422624639
13.03	-0.6770984696347593
13.04	0.7124702214443162
13.05	-0.5112914822406589
13.06	0.023113361554990455
13.07	-0.8377767655942567
13.08	0.40728348772957024
13.09	1.3474993451440742
13.1	0.7273146352002064
13.11	0.026775394558256185
13.12	0.468898597804942
13.13	1.3579444027671905
13.14	0.6289711310925634
13.15	0.49995101585697294
13.16	-0.5086258712095257
13.17	-0.8490522881579503
13.18	0.05161727154630617
13.19	0.13640741330898612
13.2	0.24125293046159313
13.21	0.15688303269436846
13.22	-0.7768568602277321
13.23	0.08449832759738743
13.24	0.899107588863521
13.25	-0.4697576914196691
13.26	0.40501587232191927
13.27	-0.098801287188059
13.28	-0.024004571343544945
13.29	-0.04981911539975928
13.3	0.20509239598824455
13.31	-0.16657446390483016
13.32	-0.5450822448003112
13.33	0.030413273105187835
13.34	-0.6122233328412026
13.35	-0.4678103619105792
13.36	0.5170679205661228
13.37	1.5180545204353544
13.38	1.151886479968419
13.39	-0.42818613937881783
13.4	0.10943413184533342
13.41	0.10962460263240904
13.42	-0.7628284643108869
13.43	0.21974579870404176
13.44	0.22493447407338305
13.45	0.2603783190279825
13.46	0.4624214867454387
13.47	-0.6094799829047093
13.48	0.3855952987546085
13.49	-0.6301698808229241
13.5	0.2858153012267276
13.51	1.0475046637740706
13.52	0.9837450128350016
13.53	-0.32444487399066174
13.54	1.136908889862284
13.55	0.8416575599548421
13.56	0.34129643547657496
13.57	-0.48461792209189974
13.58	-0.5099223852794752
13.59	0.3549244946462572
13.6	0.8650616144447807
13.61	0.21790554416877264
13.62	-0.26570510849821116
13.63	-0.14817372226624892
13.64	0.027538925141285545
13.65	0.4554527549411736
13.66	-0.08348367570876641
13.67	-0.016564890477938354
13.68	0.17597440663200656
13.69	0.43798952804406666
13.7	0.6161066850382642
13.71	-0.11555002276247917
13.72	0.16845478883150855
13.73	0.40953303404408914
13.74	-0.7651678134288686
13.75	0.40483152162401953
13.76	-0.3228144081417584
13.77	-0.09586859523674313
13.78	0.679683443826899
13.79	0.30255767922729715
13.8	-0.03970354023641881
13.81	0.5101085353125401
13.82	-0.3390190837189547
13.83	0.07614093229543868
13.84	-0.08603315826557417
13.85	-0.29349351864147166
13.86	0.09474081457525213
13.87	0.38100212341790435
13.88	1.3809452381697647
13.89	0.010078093031442192
13.9	-0.0020489565529994425
13.91	-0.2832993523121593
13.92	0.535443711894694
13.93	0.6789569962875679
13.94	0.4302683362052006
13.95	-0.47500821365932583
13.96	0.14585122477091833
13.97	-0.3317703985599156
13.98	-0.7796037650925232
13.99	-0.1509768041154299
14.0	-0.11804758374200461
14.01	0.7415702765554062
14.02	-0.2995275521394956
14.03	-0.30175708061906503
14.04	-0.23252283384173456
14.05	0.10234161762145212
14.06	0.5286310122499562
14.07	0.27438041022637005
14.08	0.5303324215756098
14.09	-0.17954102804745709
14.1	-0.7308934734234989
14.11	-0.246395574966915
14.12	0.10344733785495278
14.13	-0.4360911512906153
14.14	-0.03289846357912915
14.15	0.14102796097746134
14.16	0.5829460080086496
14.17	0.8026344009678399
14.18	-0.1670358542662645
14.19	0.2336180841060414
14.2	-0.22178860192973382
14.21	0.49328679502290823
14.22	-0.3617864231569758
14.23	-0.09655446878167132
14.24	-0.021436933684108317
14.25	0.7922120718058971
14.26	-0.12095461009952582
14.27	-0.34320400135272855
14.28	0.42016562771621463
14.29	0.8035795445106523
14.3	-0.18202019331538755
14.31	0.35100486660969676
14.32	-0.36876639046703313
14.33	0.9915295484035787
14.34	0.28605937057497655
14.35	0.011825400313525247
14.36	0.012834128805627343
14.37	0.03248763173975508
14.38	-0.182971193159447
14.39	-0.08308545169792086
14.4	-0.31400101327107655
14.41	-0.0955324692917518
14.42	-0.1376744824464768
14.43	0.24015481192979043
14.44	0.6455881271971395
14.45	-0.432567838755813
14.46	0.8172530231246558
14.47	0.8439750603841929
14.48	-0.013993511455299812
14.49	0.3646973270435797
14.5	-0.440031254692783
14.51	0.2660880602696355
14.52	0.8230934998549333
14.53	0.8928432422503478
14.54	0.35549716437730383
14.55	-0.11635758810451607
14.56	0.5055892813526499
14.57	-0.3169998376325286
14.58	-0.6100726223514283
14.59	0.03390691231367629
14.6	0.46210963029423247
14.61	0.4422173170900076
14.62	1.2235524135595384
14.63	-0.4529340655832677
14.64	0.15804441379765138
14.65	0.18613111126819004
14.66	-0.9132758427059431
14.67	-0.7491580346310107
14.68	0.7257023817628776
14.69	0.4413873540934787
14.7	0.7732104448392894
14.71	1.207089372750267
14.72	0.3060734066815539
14.73	0.3052143820182073
14.74	-0.16510488999953438
14.75	0.95549635129487
14.76	1.4918707936295665
14.77	1.0544282694364449
14.78	0.587120658787565
14.79	0.2483966234453016
14.8	0.27201956185341064
14.81	0.06403431282893257
14.82	-0.07848746227119588
14.83	-0.09764412812660841
14.84	-0.3416305734056296
14.85	-0.44940516742506026
14.86	0.1540280573747919
14.87	0.19320310914308048
14.88	0.9940304009311512
14.89	0.5735409960712459
14.9	-0.19240248966342616
14.91	-0.03960128355735476
14.92	-0.3593219186371234
14.93	-0.2436478609131728
14.94	0.2682467180354136
14.95	0.18662882997583802
14.96	-0.07578969600505833
14.97	0.718573069152975
14.98	0.43556375066719094
14.99	1.4959812223049096
15.0	-0.36006414026243144
15.01	-0.10089633919640512
15.02	0.5699674455918837
15.03	-0.6544078717016588
15.04	-0.2156544533978253
15.05	0.434720002232361
15.06	0.28996911281687954
15.07	0.5052047627519887
15.08	0.2997941880311787
15.09	0.02879631101643282
15.1	0.8601436945848078
15.11	-0.7258872783924406
15.12	0.5529394828289722
15.13	0.8639078899271195
15.14	0.3507678177175809
15.15	-0.33714660313651995
15.16	1.144855507472856
15.17	0.9949471350555854
15.18	-0.12731242867026665
15.19	-0.32607547706216267
15.2	0.019167466003829528
15.21	0.15238571580053967
15.22	0.38233938136725953
15.23	-0.01145299735182756
15.24	-0.48971286630844507
15.25	-0.5848820117950195
15.26	0.993833286678591
15.27	-0.7118011211499387
15.28	-0.03174887445846852
15.29	0.3182739683405354
15.3	-0.336599073485486
15.31	-0.15177032167266102
15.32	-0.26379255633716553
15.33	0.8820065811659055
15.34	0.2168372237658034
15.35	0.6587200978173
15.36	0.18035196999955122
15.37	0.7183880449663804
15.38	-0.27133902425789647
15.39	0.2564521056451165
15.4	0.16350352172669508
15.41	0.19483037857217456
15.42	0.28951321969615307
15.43	0.29232879481932095
15.44	0.1559509761756725
15.45	0.5543605336041788
15.46	-0.007173827032844415
15.47	0.12037199462308273
15.48	1.2972652699018603
15.49	0.2974127942154823
15.5	0.6378252568889529
15.51	0.13912156400725115
15.52	0.8969073952503723
15.53	0.6023572439428784
15.54	-0.4972962485069216
15.55	0.8255190170227904
15.56	0.44336906961427736
15.57	-0.019458450805568517
15.58	-0.8493867586368431
15.59	-0.2598289608726859
15.6	-0.1914477381831185
15.61	-0.0018781512859362137
15.62	0.17934363248801594
15.63	0.5664809652159821
15.64	0.5488739216520744
15.65	-0.5966493764978653
15.66	-0.1278595993293335
15.67	0.508902214920252
15.68	1.1617869885268042
15.69	0.18270003215693076
15.7	0.10445792539708676
15.71	-1.0391078556274242
15.72	0.5135260320358519
15.73	-0.10014249978242806
15.74	-0.3606608167717288
15.75	0.4813270215709379
15.76	0.7736419713932281
15.77	-0.26052022517322837
15.78	0.6993393481671207
15.79	0.41225854670242607
15.8	0.515214384847857
15.81	0.06073103109542222
15.82	-0.4704084651604549
15.83	-0.6798751300974344
15.84	-0.31290750203837175
15.85	0.2113338464669217
15.86	-0.16331750491675584
15.87	-0.1229216954611109
15.88	-0.26085761570638577
15.89	-0.12042657642723811
15.9	0.8930129197582761
15.91	0.5372187426925388
15.92	0.7206364737585513
15.93	0.6951334127779991
15.94	0.23895770440806482
15.95	-0.933607406034326
15.96	-0.3763102173409762
15.97	-0.5946063925181632
15.98	-0.2302494771893837
15.99	-0.4889192584405439
16.0	-0.3068855939480068
16.01	0.17423341570120537
16.02	-0.5934356233435829
16.03	-0.6544275610511199
16.04	0.26955462406999664
16.05	0.08122820784519516
16.06	-0.22644716099418893
16.07	-0.934877053902241
16.08	-0.04766785903912206
16.09	0.020744066961909776
16.1	-0.7821931296276496
16.11	-0.4386593750166153
16.12	0.48978011995431936
16.13	0.8210242186646555
16.14	-0.5576981765570668
16.15	-0.3157488057528698
16.16	0.06668537335287145
16.17	-0.5340846820061707
16.18	-0.22015854037044963
16.19	1.1128904248041105
16.2	-0.14976752914252747
16.21	0.08167785251502321
16.22	0.9819695864517719
16.23	0.08075212091144152
16.24	-0.1521749586811828
16.25	0.6319075201083221
16.26	0.36777627147414177
16.27	0.5268202317780166
16.28	0.030577127381388652
16.29	0.29579317872786604
16.3	0.5498459754285787
16.31	0.3391542396716525
16.32	-0.3583821311673856
16.33	-0.12404549813662982
16.34	0.7506384816656353
16.35	-0.2790967510608673
16.36	1.1245467617546119
16.37	-0.5662111941113189
16.38	0.15846944558078185
16.39	-0.5188267716650425
16.4	0.17715594456944986
16.41	-0.8719173781863618
16.42	1.0932367186076803
16.43	-0.3345578970990463
16.44	0.38401851069284704
16.45	-0.7508496201593235
16.46	-0.07847779399806083
16.47	-0.298049479223573
16.48	-0.3597312220898962
16.49	0.02696479550887297
16.5	0.5626006898710194
16.51	0.21761514963088036
16.52	-0.9166842968541056
16.53	-0.06300373094984926
16.54	0.2910378503124864
16.55	0.3853694534491262
16.56	0.06923378147785489
16.57	-0.3120997328650874
16.58	0.4934695551214838
16.59	0.07681586452166235
16.6	-0.23334595438402572
16.61	-1.7283601207472472
16.62	-0.38840108057725425
16.63	-0.05149592732660201
16.64	-0.3208533455825473
16.65	0.9247404335430454
16.66	0.9964775051802099
16.67	0.3094222794658561
16.68	-0.03995776162409147
16.69	-0.5978275834052782
16.7	-0.09901011126312387
16.71	0.15412928881271987
16.72	0.6547051382063112
16.73	0.14165035578816454
16.74	0.20278934421173228
16.75	-0.4646908156141853
16.76	-0.1474498000836367
16.77	0.7667927087790307
16.78	1.0650341685398321
16.79	0.2153054555862773
16.8	0.1336438027593718
16.81	0.24668018362606628
16.82	-0.10463708881124636
16.83	0.05334890078323832
16.84	0.026233654232605486
16.85	0.6170978908056428
16.86	-0.5044617237213848
16.87	-0.09711725441243789
16.88	1.187632533521928
16.89	-0.25910515120865457
16.9	0.379174177972273
16.91	0.7050409266158895
16.92	-0.8424630433599072
16.93	0.5102859274100762
16.94	-0.2101234620009059
16.95	-0.5311592446123032
16.96	-0.36615680215526347
16.97	-1.1051741176259005
16.98	0.4830123329518892
16.99	0.09308897245648001
17.0	-0.3748081206877236
17.01	-0.11311278757788362
17.02	0.3266663800846352
17.03	-0.19342577330757602
17.04	-0.006383776512425721
17.05	-0.2993162182037305
17.06	0.5268822991968343
17.07	0.5353499936621549
17.08	0.05540263640592867
17.09	0.16925993742159326
17.1	-0.6010339009107153
17.11	-0.41098079075861566
17.12	0.05767847808425629
17.13	0.24389518075983574
17.14	-0.3103902004280893
17.15	-0.8393128583541409
17.16	0.5396844561300895
17.17	0.28281640053981844
17.18	1.0138521842012236
17.19	-0.11638782371822734
17.2	0.5229574347197268
17.21	-0.4170017282826785
17.22	0.05621108597682983
17.23	0.24410373959775528
17.24	-0.08745805024158051
17.25	-0.0682953099358992
17.26	0.2564272902465079
17.27	-0.3586136913700271
17.28	0.2335003849303397
17.29	0.10835309553247682
17.3	0.5432999427487539
17.31	-0.05321334734288746
17.32	0.0998674111072081
17.33	0.07856554330341478
17.34	1.4499356155539465
17.35	0.2679633434319695
17.36	-0.1087529157640317
17.37	-0.5211841275398457
17.38	0.7156808398742713
17.39	1.1261642021994882
17.4	0.09582557042517639
17.41	0.0055811572010478205
17.42	0.27342289505875617
17.43	-1.0151599122846564
17.44	-0.6923681961939305
17.45	-0.7535207456369701
17.46	-0.4244875796870419
17.47	0.23591772248895854
17.48	0.2271622472668739
17.49	-0.18099747436056
17.5	-0.8557182000783592
17.51	0.8132677770541138
17.52	0.30665495557075534
17.53	0.10252176711151531
17.54	0.3041821683887975
17.55	0.35169219870205687
17.56	-0.12459401231175374
17.57	-0.059776852687113656
17.58	0.2960210762130581
17.59	0.3958448309756383
17.6	0.3622609361939002
17.61	0.23250692319373745
17.62	0.7473215438139131
17.63	-0.7819009670998345
17.64	0.04585435420197856
17.65	0.26208626052871475
17.66	-0.14856418264364954
17.67	0.3692105399435189
17.68	1.0563294248661486
17.69	-0.08857857529604496
17.7	-0.6241606458263602
17.71	-0.25049870033828836
17.72	0.01937729742101263
17.73	1.5620184979278355
17.74	0.5642042987502272
17.75	0.21887144915582857
17.76	0.30952786352543693
17.77	0.49108085360444986
17.78	-0.5234840082142022
17.79	-0.20921568690863723
17.8	0.3921547567590566
17.81	0.31032031638168467
17.82	1.081923437598666
17.83	0.13785432962545627
17.84	1.3919149548681073
17.85	-0.20307942268386037
17.86	0.35347264168044723
17.87	0.6320977566511317
17.88	0.9872630940149976
17.89	0.8905513944674286
17.9	-0.17403211736470525
17.91	0.06721944546945446
17.92	-0.5913085703093092
17.93	0.7385289947752518
17.94	0.2073421857210403
17.95	0.6738609681103941
17.96	-0.0997157205693242
17.97	-0.12278633128481906
17.98	0.29038606973429826
17.99	1.2460435553580749
18.0	0.25490325001634806
18.01	0.3228548496908973
18.02	0.7811027751831954
18.03	0.9104151781333487
18.04	0.20138074278007384
18.05	0.17587574991702137
18.06	-0.03705452634546014
18.07	1.1390141689448254
18.08	0.16746114232881004
18.09	0.10662558003761341
18.1	0.44016103409850027
18.11	0.35150052014929956
18.12	1.0492301999843208
18.13	-0.12842374195995832
18.14	0.17253675617464853
18.15	1.1951251644678567
18.16	-1.1204169665604047
18.17	1.160808506083172
18.18	-0.035486501794520314
18.19	0.997373797565001
18.2	0.1418629349531954
18.21	1.2324261734660733
18.22	1.114478761651342
18.23	-0.3128636117027389
18.24	0.1466611365702356
18.25	0.6153097984260836
18.26	1.707998800637962
18.27	0.5031124204313926
18.28	0.4334963946407467
18.29	-0.9072431764515007
18.3	0.42592244024564885
18.31	0.6456183141993281
18.32	-0.039963650136110807
18.33	1.2210979663825006
18.34	0.7191978321428898
18.35	0.43120847011216806
18.36	-0.2570042455028472
18.37	-0.19882939515806353
18.38	0.8924805074988577
18.39	1.3441390460368883
18.4	0.23115720913240367
18.41	0.3914934887563597
18.42	0.39263589061888154
18.43	0.8766354902641361
18.44	0.36122648037400984
18.45	0.2880348104912969
18.46	-0.2504836426793343
18.47	0.9162040334213102
18.48	0.9168665136068651
18.49	1.054677422489025
18.5	0.8098876879975181
18.51	0.586399642920826
18.52	1.2866034642175315
18.53	0.260628996804502
18.54	0.9122883425997276
18.55	0.7847399621594757
18.56	0.17888004922479844
18.57	0.5624064702996844
18.58	0.22794740991723983
18.59	1.4647748735700095
18.6	0.4763072046615517
18.61	0.33842995456657005
18.62	0.43697079658952026
18.63	0.3670065872525242
18.64	0.705942873747836
18.65	0.09991780504855996
18.66	0.7179474317239845
18.67	0.39107164517413917
18.68	0.8933105243597648
18.69	-0.46983300311928766
18.7	-0.026297499773116906
18.71	-0.18380235772461018
18.72	0.6173182574263658
18.73	0.43044176218408686
18.74	0.6381546251921036
18.75	0.9584338171055121
18.76	-0.4945347643725614
18.77	0.11487878886727793
18.78	0.010514034174021802
18.79	-0.5372871553294875
18.8	1.2162676964226748
18.81	1.8116311855398508
18.82	0.5361537583611022
18.83	0.31682972504254636
18.84	-0.3199633279824977
18.85	-0.23666336077000016
18.86	0.3489014301795079
18.87	0.7255347877547147
18.88	0.45629613147062675
18.89	-0.0039221227103805045
18.9	-0.14157666643630162
18.91	0.299053239717063
18.92	1.0992946651558242
18.93	1.0956774413286454
18.94	1.8107221959485096
18.95	0.7034464103495708
18.96	-0.043464084872182895
18.97	1.2017911593221358
18.98	0.566020552608318
18.99	0.847038403407627
19.0	0.5056600333713184
19.01	0.0003993256497405451
19.02	-0.06903344030683145
19.03	0.5650608248959208
19.04	0.242443121100482
19.05	1.3019893648127705
19.06	0.8663441038026951
19.07	0.8833573360873606
19.08	0.3860852056608569
19.09	0.18354638307912813
19.1	1.0126784600887322
19.11	1.1613667368636247
19.12	0.4615372092544711
19.13	0.8818271602539116
19.14	0.07333532826190087
19.15	1.1992901232394193
19.16	0.5458593885029855
19.17	0.08455119802722921
19.18	0.6949047381684506
19.19	0.6925077299421234
19.2	1.7272198650336472
19.21	-0.1940288329587595
19.22	0.6435994831180433
19.23	-0.045932277467786164
19.24	0.9146738555077157
19.25	0.8104548701977927
19.26	0.7265995539151058
19.27	0.38461914077817805
19.28	0.39838839873933063
19.29	0.5779561872980044
19.3	0.5223850734127131
19.31	0.271670674941109
19.32	-0.046638526488353094
19.33	1.2771074090569807
19.34	1.1919091420418915
19.35	1.1292249683116196
19.36	0.5298386087608544
19.37	0.6774821871233803
19.38	-0.47274570888854517
19.39	0.56667893945016
19.4	0.23479151917550078
19.41	0.7408332732193582
19.42	1.217058428273663
19.43	1.8506549944363146
19.44	-0.6009748522901398
19.45	0.6435784582165602
19.46	0.34122820302273194
19.47	-0.596191351925435
19.48	0.6441717950926087
19.49	0.8004948626850393
19.5	0.8920925992873475
19.51	0.017936344404401172
19.52	1.0511025668587277
19.53	1.412589437978631
19.54	1.1498905686401368
19.55	0.6043767482792994
19.56	0.9849419766869735
19.57	0.7719460869116814
19.58	0.5759615000257978
19.59	0.7875055712908415
19.6	0.6839331553098448
19.61	0.6585043095245245
19.62	0.6879079783225832
19.63	0.34997357903086046
19.64	1.235061092192486
19.65	1.4425651941706394
19.66	0.40171065382419036
19.67	0.724527052696071
19.68	0.5343723484408459
19.69	1.2896573099564912
19.7	0.20221878876977195
19.71	0.3361561667867364
19.72	-0.05259971511872308
19.73	0.850130188711068
19.74	0.6398966586433535
19.75	0.038104204394243335
19.76	-0.02825202147688255
19.77	0.23217650356980124
19.78	0.7134699022928451
19.79	-0.06493949357247153
19.8	0.37122882722899037
19.81	-0.5925202524405752
19.82	-0.09607966679297164
19.83	0.7952435387084166
19.84	-0.0519164211736769
19.85	0.7294077047511403
19.86	0.5612770899123479
19.87	-0.18199238122997585
19.88	0.351132606268741
19.89	0.8176151165890635
19.9	1.5757265759291292
19.91	0.13222646292316886
19.92	-0.6759140854032498
19.93	0.8894535704534581
19.94	0.2581915555579643
19.95	0.7393604726807328
19.96	-0.8065444755886632
19.97	0.18409171982925887
19.98	0.5592782291708887
19.99	0.3944372798380745
20.0	1.1002597533732619
