10.01	6.406204859460338
10.02	4.2274050809948065
10.03	4.875412664581564
10.04	2.584315578236534
10.05	1.9955065025751402
10.06	4.183656839083723
10.07	4.311217266510838
10.08	5.130007062033282
10.09	3.39172151445831
10.1	4.281562403293881
10.11	3.1723120038985577
10.12	2.811846939837861
10.13	2.7454868567375343
10.14	0.7654247973659327
10.15	2.9335664252300333
10.16	2.6959310592110355
10.17	1.231519701200659
10.18	1.6845188724117781
10.19	4.194772353976759
10.2	0.19529294150658205
10.21	2.4277638891428017
10.22	0.667550462523092
10.23	2.5246668724749743
10.24	1.7564986657726662
10.25	1.599774588378024
10.26	-0.4707453093170417
10.27	5.348235517677258
10.28	2.2764962968361795
10.29	0.9914127162169335
10.3	0.13361862705130362
10.31	0.8092192581442289
10.32	0.7672273749347366
10.33	0.867590860346173
10.34	-2.2104902032943516
10.35	0.744407183483841
10.36	-0.8356543125297877
10.37	0.2940094412946104
10.38	1.5425094171378007
10.39	2.818115068804641
10.4	1.7487629359405497
10.41	-0.1387566675018297
10.42	3.275269208951755
10.43	4.132111364900533
10.44	5.601481783956572
10.45	4.6866592416005135
10.46	5.1532414494658525
10.47	4.071457392592574
10.48	2.3127132500255634
10.49	3.203479796848482
10.5	5.613960199264017
10.51	7.889275909441009
10.52	6.165155463851615
10.53	4.751508072833523
10.54	5.4884962642166695
10.55	7.5672804426471565
10.56	10.217244873710122
10.57	7.643238711279059
10.58	8.296901932657345
10.59	9.568610386590517
10.6	10.863317709440317
10.61	12.676203711022799
10.62	14.173621564492723
10.63	10.314553403594775
10.64	12.065833499958748
10.65	10.988838943320193
10.66	11.234689299001573
10.67	10.514511288285254
10.68	13.425847344267716
10.69	15.366327971992922
10.7	16.162452001717106
10.71	14.11184547902093
10.72	15.371511471258462
10.73	14.779448655364174
10.74	15.019974914400152
10.75	17.60093313909936
10.76	16.215000048497284
10.77	16.801348070975884
10.78	16.830198892464406
10.79	16.8323238177961
10.8	18.762387126484462
10.81	18.979978144124182
10.82	18.64810608432017
10.83	17.455800763338466
10.84	21.460292153169195
10.85	18.631893623758526
10.86	18.443855428895144
10.87	20.246719408861836
10.88	21.373970429311306
10.89	20.968035572495634
10.9	16.898794077309855
10.91	22.124749660187618
10.92	23.236437724948587
10.93	21.70272689931067
10.94	19.263606598989245
10.95	20.444649460422568
10.96	21.27212503692908
10.97	20.758978342929986
10.98	19.71318337695616
10.99	19.589740257467884
11.0	23.31374429302121
11.01	19.463283765021874
11.02	19.40591979142965
11.03	18.111921503284137
11.04	22.674547711540175
11.05	19.95328431365959
11.06	19.50832132648118
11.07	19.76024283847635
11.08	20.362803888169196
11.09	19.15936757013395
11.1	18.928598458340097
11.11	18.80061742922613
11.12	21.37297838842686
11.13	18.28256951381303
11.14	21.03985936114635
11.15	17.00168007734443
11.16	18.51918334942657
11.17	16.896933169096272
11.18	17.347680949613476
11.19	19.20830463627245
11.2	17.967092571821127
11.21	17.154428544834694
11.22	16.892153179557837
11.23	15.707562870412861
11.24	15.269470792110946
11.25	17.576793415288446
11.26	17.032352165293087
11.27	14.78924294925679
11.28	13.184191041566583
11.29	12.398483793125404
11.3	11.603292180903065
11.31	11.346290461286259
11.32	11.372517201918575
11.33	12.310489422875044
11.34	11.593405765266988
11.35	9.159863491004467
11.36	8.918282566267159
11.37	7.996598645796464
11.38	7.57829591683025
11.39	8.964758708464615
11.4	10.177285368917929
11.41	7.608875635415878
11.42	8.354738021154365
11.43	5.770014521409443
11.44	7.071091957101407
11.45	6.888177903679001
11.46	7.628886730706482
11.47	7.4218387890175155
11.48	3.5500962467228105
11.49	5.113110665076174
11.5	2.8408990371342866
11.51	3.967466954114435
11.52	3.6897353693010695
11.53	4.513598217057325
11.54	4.101879382761138
11.55	1.5533055429394769
11.56	4.352395254850912
11.57	3.5073240091011493
11.58	2.547257621265657
11.59	4.328986805037044
11.6	4.09770244938969
11.61	1.759829689245766
11.62	3.109879074040567
11.63	0.6490438549267874
11.64	2.9164374095712398
11.65	1.7449702331413364
11.66	2.318851023866621
11.67	2.888496506295917
11.68	1.2044900772023523
11.69	0.18293274540678484
11.7	0.8387310930510562
11.71	3.0095811313924714
11.72	1.4090367100858345
11.73	2.1455863193857545
11.74	1.8446991213826827
11.75	1.0535208180085571
11.76	3.038689233451583
11.77	1.1978259368921824
11.78	0.09118991332963788
11.79	-0.71159106622856
11.8	3.8353316244226785
11.81	2.674531759623889
11.82	2.862673424221361
11.83	1.8998306181222957
11.84	2.3094058367839683
11.85	2.594094244214217
11.86	5.750239534402035
11.87	1.9576154201953169
11.88	4.895236759353454
11.89	1.7853750572546923
11.9	6.014960753904752
11.91	4.398911383695296
11.92	4.210362983191515
11.93	5.543616638012389
11.94	3.882428789387072
11.95	5.80416597294481
11.96	7.3330719690806
11.97	5.157382184985711
11.98	5.786428690667123
11.99	5.100375987876053
12.0	5.671698776473955
12.01	7.103714473215741
12.02	8.072272722582621
12.03	8.880907845841989
12.04	9.64359800584631
12.05	10.087209730241577
12.06	8.543546173982108
12.07	11.480329268978096
12.08	9.265512367482389
12.09	10.995449157856394
12.1	12.356773727129383
12.11	9.80204927471492
12.12	9.520838849715565
12.13	13.68199112168638
12.14	10.653005414461273
12.15	11.369768949495134
12.16	13.59077352121318
12.17	11.899155090795375
12.18	13.282071063980199
12.19	10.757225297197433
12.2	13.618916731870067
12.21	15.753593102169502
12.22	14.086065588655458
12.23	16.076656857649727
12.24	11.518228041672831
12.25	13.546618205735422
12.26	15.896307417511391
12.27	16.12111391675019
12.28	14.08636635076468
12.29	17.338772238236036
12.3	14.07702748263783
12.31	18.860098398914445
12.32	16.848872234464448
12.33	16.23642985774185
12.34	15.675390094930762
12.35	14.8978771168419
12.36	15.846503130947454
12.37	17.657521177972875
12.38	19.516776663724674
12.39	13.266719269543536
12.4	17.376929656573928
12.41	18.779304416937947
12.42	17.655175262889642
12.43	16.259620903882883
12.44	16.867348765523626
12.45	15.46559355883494
12.46	18.917661858466257
12.47	16.23084752128557
12.48	17.27380441233253
12.49	14.949044025424781
12.5	18.28426013164231
12.51	17.782974576722697
12.52	15.417356266990002
12.53	16.454496362663562
12.54	17.082803091795988
12.55	16.837129285106787
12.56	15.365093100640825
12.57	17.391810622709116
12.58	21.416989630144087
12.59	14.003019415822587
12.6	16.13005160451695
12.61	13.875294259839755
12.62	17.0720724161813
12.63	13.488443096452427
12.64	11.203612901677118
12.65	11.877536946151595
12.66	12.69347080851816
12.67	10.408748634475485
12.68	15.230795233663812
12.69	11.140953186418656
12.7	11.932314527491238
12.71	9.885208879771135
12.72	11.876475380716217
12.73	11.690921417728443
12.74	9.22231848475711
12.75	8.526330609756306
12.76	6.14928770565197
12.77	12.41994567166145
12.78	6.703642276161773
12.79	6.423591314569382
12.8	5.952463811447487
12.81	9.58355604958285
12.82	8.006605738283504
12.83	3.027124897716966
12.84	5.980082425060811
12.85	9.167946862649947
12.86	3.7716373730945847
12.87	4.100014297177946
12.88	6.323081660498289
12.89	3.5909742353799206
12.9	1.8470989956879873
12.91	3.4590670373417725
12.92	4.455794491040551
12.93	2.055516674765033
12.94	2.7532744495046
12.95	2.6492911973437177
12.96	3.409042635747684
12.97	2.106579500169392
12.98	5.675729463620189
12.99	1.7510880124809174
13.0	1.8072491217154862
13.01	0.6527958076870255
13.02	2.9849382968184663
13.03	0.32994901399782717
13.04	0.771210918182956
13.05	-0.6007612130137052
13.06	0.9155171974536199
13.07	2.923706112711211
13.08	1.2408850475730893
13.09	2.9728760116135766
13.1	4.321343038351429
13.11	-0.3035597693404004
13.12	0.8412431112560074
13.13	2.624943861058293
13.14	1.1758169060815287
13.15	2.6379849114556873
13.16	1.3749579339814444
13.17	0.10097870365087669
13.18	4.217820751246415
13.19	1.8384706984856143
13.2	0.5906374220681139
13.21	3.4416506398951956
13.22	3.4170558038031826
13.23	0.22755114497413143
13.24	4.396664681325892
13.25	1.7821830752323025
13.26	5.732036050043311
13.27	3.2785683981238147
13.28	2.1093371949825053
13.29	4.488667403332031
13.3	0.43992095520272967
13.31	4.755937614464865
13.32	4.3198321736667324
13.33	5.822601291183771
13.34	5.792220470832742
13.35	4.137060132577494
13.36	4.462313344022093
13.37	4.735531758350959
13.38	8.329374376841827
13.39	7.3475039178046195
13.4	5.969869787379183
13.41	4.176798346581444
13.42	6.040261472140039
13.43	8.449355746457865
13.44	7.894247671098023
13.45	6.644698098310844
13.46	10.429397097056965
13.47	9.538441285940484
13.48	9.948977644577157
13.49	12.542955375580139
13.5	12.337879613857968
13.51	10.76531364807807
13.52	11.942840223286357
13.53	12.359794571121345
13.54	12.62341626489464
13.55	14.119597236030703
13.56	12.612525694374423
13.57	16.143394074601535
13.58	19.477238554737575
13.59	17.435089733719145
13.6	14.075920368089417
13.61	16.54525887916391
13.62	19.615015981267195
13.63	20.88320756380342
13.64	17.491209343333644
13.65	20.039302000565407
13.66	18.921584904931965
13.67	22.307046430131894
13.68	19.747823341795183
13.69	20.19525106680922
13.7	19.757890491850112
13.71	19.19297304188118
13.72	18.282642661980603
13.73	20.941586161857767
13.74	23.001969099604633
13.75	22.390494290150723
13.76	20.222048883902904
13.77	17.17502593303721
13.78	22.50946525285675
13.79	23.695723917793583
13.8	23.2362228812149
13.81	19.271730380629688
13.82	21.81879289332381
13.83	18.0855148734385
13.84	23.76904173021011
13.85	20.94712424235304
13.86	21.78939542189476
13.87	19.807163397335387
13.88	18.923153753248474
13.89	20.920596527614546
13.9	21.75752461011036
13.91	20.04883963591727
13.92	20.70014047557055
13.93	18.18668492566225
13.94	19.407958879823568
13.95	17.441931820109293
13.96	18.912709478743814
13.97	15.457947693560822
13.98	13.5202086188739
13.99	15.25568657139521
14.0	15.248114930018637
14.01	12.602820531131956
14.02	13.103409157082055
14.03	11.225207631590365
14.04	13.827823211673142
14.05	11.899655970665302
14.06	13.776065619153323
14.07	9.520074339538208
14.08	7.400896625942098
14.09	11.368518718621056
14.1	7.858441099852711
14.11	8.841610193963122
14.12	7.161840280496827
14.13	8.317924146776468
14.14	7.4584062462104965
14.15	8.033482195082124
14.16	9.79304894736197
14.17	5.623182407852185
14.18	6.592793091375489
14.19	5.4665705708016645
14.2	7.3396018103033205
14.21	4.837346208833453
14.22	4.094848483107496
14.23	3.8699050204401915
14.24	6.688519742787402
14.25	3.680720009361641
14.26	2.764018623076272
14.27	1.9733380873051742
14.28	3.413692225060273
14.29	2.3868657545740577
14.3	2.5690188011764112
14.31	2.9787202340173753
14.32	1.5135375928710648
14.33	-0.7264041070625451
14.34	3.728038571200237
14.35	1.349327559088481
14.36	4.189797451356391
14.37	4.468604052108737
14.38	1.5988139154624368
14.39	-1.5573494858959447
14.4	-2.3235739987238526
14.41	0.45971063899801057
14.42	2.6222263110099973
14.43	-0.5361864129084413
14.44	2.131847743196732
14.45	2.089553843481479
14.46	2.82108635534392
14.47	2.5691532099784995
14.48	3.2219333660141594
14.49	1.5540886643274896
14.5	0.5881249768578838
14.51	2.6255624708001606
14.52	0.9345681323146791
14.53	2.6153021220633965
14.54	3.5832481433086705
14.55	4.180353196800235
14.56	4.81403276264865
14.57	3.414462702506542
14.58	0.9834289804247947
14.59	4.141956494753558
14.6	2.427240361043957
14.61	2.7697487856116463
14.62	3.591949042007098
14.63	3.306080494006287
14.64	4.342762951492021
14.65	7.297796740871311
14.66	4.695861012129069
14.67	5.691313105722692
14.68	8.698691115950155
14.69	6.910997098853491
14.7	8.241800368972664
14.71	4.9134697175886926
14.72	7.883296734497143
14.73	8.652785490893809
14.74	10.117459135393393
14.75	7.0227162691195515
14.76	7.538527295723293
14.77	8.545350984925879
14.78	9.08812357114458
14.79	8.677125512053385
14.8	12.549839976096347
14.81	7.1255056016118825
14.82	11.175258796754576
14.83	10.479836095392319
14.84	14.011455147600927
14.85	12.014330558001744
14.86	14.350640223326549
14.87	11.244213591818434
14.88	10.626563584740097
14.89	12.064808059879864
14.9	14.612336949246204
14.91	12.727576641697407
14.92	12.057471576675178
14.93	13.750076098028465
14.94	14.935374556841785
14.95	14.558096688123278
14.96	14.848032172833781
14.97	15.822673588620757
14.98	16.05233244697549
14.99	17.34489826764083
15.0	18.381840114527336
15.01	20.494165418545773
15.02	18.20238134939943
15.03	18.602937671831924
15.04	15.362458130137734
15.05	17.550465103464724
15.06	20.870173177100014
15.07	18.61482181226195
15.08	17.736932104845042
15.09	19.303371595163448
15.1	19.60842469463809
15.11	18.052039014788022
15.12	20.103446672332776
15.13	20.435704332754884
15.14	19.327414747095407
15.15	19.30248652226627
15.16	19.25400344690209
15.17	21.746791685377993
15.18	21.3774655077472
15.19	19.85298898299265
15.2	21.056905623560603
15.21	20.14086967174654
15.22	16.52692579877137
15.23	20.463377467191155
15.24	15.718724590004237
15.25	18.023709316607988
15.26	19.34201373822854
15.27	15.010466666116029
15.28	18.511539774320624
15.29	15.47034036914756
15.3	16.832987671579147
15.31	15.202282081047231
15.32	15.283513951129294
15.33	14.140973329699037
15.34	16.955821841985316
15.35	12.544966747398124
15.36	13.99070874580914
15.37	12.437979649551684
15.38	13.861773904141465
15.39	12.356381665528016
15.4	13.549937370331023
15.41	11.457819818391197
15.42	11.887329591452879
15.43	9.658261244942691
15.44	5.239163164972322
15.45	9.935416197808639
15.46	7.8380287564664055
15.47	7.657419221103795
15.48	10.628256306692823
15.49	6.4214169091945505
15.5	4.44704081528875
15.51	6.1525063366867085
15.52	3.8181189940086404
15.53	5.907199119027157
15.54	3.4305316817748848
15.55	5.34492581982206
15.56	4.032711859504695
15.57	3.8346302563360783
15.58	6.1638668419633476
15.59	3.1765618889470515
15.6	2.9499922297874885
15.61	3.084076784887539
15.62	2.872321927262666
15.63	1.8477351787297405
15.64	0.052161490316937176
15.65	1.7192915633999148
15.66	3.46154703767795
15.67	1.6271141850459463
15.68	1.3302036329110059
15.69	0.32784491558138085
15.7	-0.3860338876102345
15.71	-1.7765574967877948
15.72	0.39474768293157203
15.73	0.36831249360558493
15.74	1.2291137205924265
15.75	-0.4048406737314265
15.76	-0.8781104095542732
15.77	0.23496381684141524
15.78	-2.060751871301212
15.79	0.42559442769530936
15.8	-0.4982110527416576
15.81	1.1591030227652537
15.82	2.1016254604432705
15.83	0.9980367881022438
15.84	-0.4217744310154836
15.85	0.8258143753191894
15.86	-0.7260061586778983
15.87	0.9102226189390819
15.88	-0.47182649000772603
15.89	4.407315990486531
15.9	3.003169672904362
15.91	3.826973912227657
15.92	4.89124089953331
15.93	1.5377670913598798
15.94	1.7961915218623568
15.95	2.3416601785862556
15.96	3.2776836220049446
15.97	3.837292045873263
15.98	3.9713800298690396
15.99	4.061771644107737
16.0	4.761325392013376
16.01	1.6150146106047876
16.02	2.1479887093694408
16.03	5.9927119437146965
16.04	6.256109733073994
16.05	7.984932591822552
16.06	4.9677497662620915
16.07	7.2291179260277305
16.08	6.792360346937448
16.09	8.405639670984113
16.1	7.750582757857308
16.11	7.057122846297761
16.12	5.479883877020704
16.13	8.789718914589228
16.14	11.26720590955772
16.15	9.940365654770995
16.16	9.6826649179201
16.17	9.947049313991826
16.18	11.727782032057757
16.19	11.894013898614903
16.2	13.717054519281547
16.21	10.854768836870601
16.22	9.137963045546869
16.23	13.430783266012966
16.24	12.312090417127434
16.25	15.848878173283037
16.26	14.651046044583987
16.27	14.299150709312306
16.28	14.886938330615429
16.29	14.329061000699092
16.3	14.984135840161258
16.31	15.412609299706688
16.32	16.82085337315614
16.33	17.600845493932916
16.34	15.186196509685951
16.35	16.691914773559283
16.36	17.37066617462968
16.37	17.612906524900247
16.38	16.347945656245408
16.39	19.600936752822243
16.4	18.665078625155317
16.41	15.73810788447438
16.42	17.679940484495102
16.43	16.82065549394159
16.44	19.22867416675295
16.45	16.99010704472935
16.46	17.82359617139577
16.47	17.860905111766343
16.48	18.995478040346867
16.49	16.57234390759744
16.5	17.182923748528268
16.51	19.344534447027687
16.52	18.098284869630834
16.53	18.404549085622254
16.54	15.589392167126643
16.55	19.652897737821252
16.56	16.06442407209617
16.57	20.041668680726225
16.58	16.01271377029159
16.59	19.369464224613004
16.6	16.184595293079223
16.61	19.814513175039426
16.62	16.43013392639217
16.63	15.026318291841207
16.64	15.934440192141226
16.65	17.38919523237493
16.66	15.050480041682647
16.67	14.89214983470823
16.68	15.04935789130682
16.69	14.284685875646291
16.7	12.020938986125131
16.71	13.057837974207557
16.72	11.99472617730131
16.73	12.46080572383345
16.74	12.290051629818592
16.75	10.901015778007535
16.76	12.566500625429631
16.77	10.218541679633766
16.78	9.612741616418703
16.79	8.525694568611879
16.8	8.597285369024718
16.81	10.279389572212214
16.82	11.573500464679858
16.83	8.085998267899747
16.84	7.318315851062754
16.85	5.018159930471941
16.86	8.279005434111442
16.87	6.007437355248369
16.88	5.053394870353581
16.89	4.026892788844723
16.9	4.435878067431732
16.91	7.952797814529632
16.92	6.268124388736612
16.93	2.3158499570881292
16.94	3.4939358500599513
16.95	4.739034266561926
16.96	3.49955496103734
16.97	4.4556262127985224
16.98	1.1865668828498852
16.99	1.9756450107040227
17.0	3.3539206958553
17.01	0.41510420663913594
17.02	-0.16481730528115834
17.03	2.117898239626595
17.04	0.49597424098660925
17.05	0.05187963189876443
17.06	1.1901273294901058
17.07	-0.9629558599931665
17.08	-0.21799372295943598
17.09	-0.1645840637615802
17.1	-0.054207051356575775
17.11	0.09856040610224992
17.12	2.4784917937860147
17.13	3.991979865159324
17.14	0.5137827780136754
17.15	-2.254239483145966
17.16	2.0843964732758042
17.17	1.0295824322579
17.18	-1.4545449659537697
17.19	-0.28614654404034673
17.2	-0.3954441808051804
17.21	-2.08393609582671
17.22	0.8823391386479728
17.23	0.5600342798126517
17.24	1.263767085759258
17.25	0.4317250787730289
17.26	0.31830128911027955
17.27	1.2266862556113154
17.28	1.5654561634481494
17.29	1.67172699032918
17.3	1.5192261577049337
17.31	2.0425172647593577
17.32	0.8327587453482059
17.33	3.4190210932116383
17.34	2.6200090697304534
17.35	3.9308141959249
17.36	6.2442421125024765
17.37	1.5166044268394456
17.38	4.103691148372504
17.39	3.7121515779516407
17.4	6.438866409691431
17.41	3.968580121426788
17.42	5.916930689434923
17.43	7.117233700452859
17.44	5.098693291648438
17.45	5.827507802694104
17.46	8.040577049360996
17.47	6.070158624170267
17.48	6.868155044821751
17.49	10.529585147216102
17.5	9.861694760925896
17.51	11.303063488624936
17.52	11.698941874081314
17.53	11.040084359597257
17.54	7.821066618586636
17.55	11.569780697611888
17.56	9.611811345028867
17.57	12.300761160845166
17.58	12.868556134011984
17.59	10.971855649041723
17.6	14.779869956609321
17.61	13.801818180034688
17.62	11.054085931087876
17.63	16.311900852912174
17.64	15.066819032331349
17.65	14.887323030419259
17.66	14.663640959317313
17.67	15.569467700100423
17.68	16.95790347455909
17.69	15.528195500052503
17.7	15.627698893610836
17.71	17.5492020867388
17.72	14.912755276431334
17.73	15.38806614261066
17.74	16.746688238479884
17.75	18.775184212755796
17.76	18.071568938478475
17.77	16.01599319082224
17.78	16.31925598472525
17.79	17.902162164726942
17.8	16.145267067194897
17.81	17.704021742235774
17.82	18.385089034556678
17.83	15.627012627052938
17.84	14.646202376129644
17.85	14.213562917119278
17.86	17.85826088165637
17.87	18.012817666307306
17.88	15.696806137729352
17.89	17.460825598440117
17.9	15.273125800728865
17.91	16.077002703172475
17.92	16.54527062314401
17.93	15.972781803433454
17.94	15.408106280496645
17.95	15.135972381457009
17.96	13.444169044215528
17.97	12.025600210739256
17.98	13.10291161661357
17.99	10.265919877440448
18.0	10.98070794204016
18.01	13.088997254767484
18.02	10.242246628536044
18.03	9.54897961682857
18.04	10.005641829973053
18.05	11.572699860888255
18.06	11.14334088281692
18.07	8.731806524749896
18.08	9.640966886775363
18.09	11.460426862224889
18.1	7.470033445022439
18.11	6.349612165832205
18.12	8.526244086460077
18.13	6.870069563950112
18.14	7.218121878025504
18.15	5.724601546018828
18.16	7.879451849002432
18.17	6.968765224917143
18.18	3.8922544432293673
18.19	5.982244341337838
18.2	4.6860784103644395
18.21	3.505150513627373
18.22	4.12788727175465
18.23	6.321315468414819
18.24	6.106975574959257
18.25	4.948941744699748
18.26	4.446994638087725
18.27	3.591695295345737
18.28	3.9328513437789803
18.29	0.9637789168225204
18.3	2.3186955158819247
18.31	5.628677386242975
18.32	1.2362591459379835
18.33	3.7006212085943995
18.34	0.47623240875887674
18.35	1.6298925945731066
18.36	1.3001772922455932
18.37	1.7232630380191092
18.38	2.746994501527179
18.39	3.2027275401626083
18.4	0.805338912864586
18.41	0.768491554342379
18.42	2.3507219819107137
18.43	3.8707266724246376
18.44	2.197740501176835
18.45	3.4857879550081545
18.46	3.693172496110231
18.47	3.2459555383156617
18.48	1.7259300584065522
18.49	5.141811883371995
18.5	2.237792530099883
18.51	3.701819091724107
18.52	2.5713349127107232
18.53	3.394617620328145
18.54	5.261143063697301
18.55	3.4812533282155567
18.56	6.001276725329794
18.57	1.7851963108217186
18.58	5.025014908740584
18.59	4.955266889901903
18.6	6.467354005468154
18.61	8.149588629945807
18.62	6.481246936495079
18.63	6.811806910412495
18.64	8.42592519755696
18.65	5.483625965657797
18.66	6.888386868846103
18.67	8.409862482311933
18.68	6.302907657042143
18.69	9.45216804038401
18.7	7.127217651802759
18.71	10.015411602442919
18.72	7.588723800483455
18.73	9.305175017282957
18.74	9.035308332757955
18.75	10.740027341802096
18.76	9.191705748710696
18.77	11.309984621520819
18.78	9.365355110615788
18.79	12.454798258606804
18.8	10.821753641302239
18.81	12.243574547807437
18.82	15.860504352559907
18.83	15.9730196788223
18.84	12.80851379520104
18.85	12.912815582912767
18.86	10.975462567986215
18.87	13.698194562423307
18.88	13.784264135055576
18.89	19.153446367572258
18.9	13.544299173228296
18.91	15.432801253574668
18.92	14.71699333606547
18.93	17.20703491259859
18.94	15.51852680788192
18.95	16.455636715263914
18.96	21.01387408835504
18.97	17.04340001695574
18.98	15.474806250957817
18.99	15.083966339269894
19.0	12.553888071476237
19.01	15.620012656185157
19.02	14.815411140016925
19.03	12.825298659945688
19.04	13.3417988951537
19.05	15.126116094609907
19.06	13.25277713971396
19.07	11.875345102262532
19.08	11.443807274463149
19.09	10.932977738371916
19.1	11.401480756814847
19.11	9.200540969558649
19.12	11.65039177991902
19.13	12.985546602243755
19.14	8.335169634539175
19.15	11.35428862000186
19.16	12.323393019537505
19.17	9.817563396359397
19.18	8.588392664310383
19.19	10.328951000781947
19.2	9.568731740564836
19.21	8.562178847091657
19.22	7.7034988734309495
19.23	7.340595012802993
19.24	6.792394974327029
19.25	6.223101704136831
19.26	7.094836423116791
19.27	2.4523629190453957
19.28	6.697454323751149
19.29	5.630030842928781
19.3	2.7384310998691603
19.31	4.069714253735518
19.32	2.342510826796533
19.33	3.7205309199073144
19.34	4.3766730516671
19.35	3.9901293033663836
19.36	3.357690692815648
19.37	2.717154036478322
19.38	4.3289288706759255
19.39	2.658604704521772
19.4	6.163211378390198
19.41	0.7386604502685123
19.42	1.962965269547153
19.43	0.29961169441999025
19.44	1.3907962036478674
19.45	0.06641822528356778
19.46	0.7111622143234719
19.47	2.4654408331704842
19.48	1.7603267246108736
19.49	2.0336784862777675
19.5	1.4384077638765014
19.51	-0.06499655964850481
19.52	4.591937736310211
19.53	3.559928095858047
19.54	1.0346705822285855
19.55	2.905176040667004
19.56	1.820458202536477
19.57	-0.11289230678317819
19.58	0.7118512581510585
19.59	0.8903140130704333
19.6	2.745340589973563
19.61	2.2315997800079925
19.62	4.701123952995948
19.63	2.8103597396648725
19.64	4.60241885732309
19.65	0.5299499409763002
19.66	1.7128797437302734
19.67	5.847888494481342
19.68	3.6136189336769
19.69	5.491904018485152
19.7	3.8563287544817686
19.71	7.138456207056606
19.72	5.056347609340847
19.73	7.763667874707564
19.74	5.4957596939762325
19.75	8.567025693565183
19.76	6.000807591337715
19.77	8.742400423789427
19.78	8.33826814000541
19.79	8.222642770795387
19.8	7.667548513837441
19.81	9.888869528359924
19.82	8.88820760160307
19.83	7.359504250288548
19.84	11.927169611872733
19.85	9.058945675947893
19.86	10.011263900496235
19.87	10.204346419242226
19.88	11.795854691081948
19.89	11.365211769977492
19.9	14.431476453703846
19.91	12.419680177237623
19.92	12.864718098698042
19.93	13.592718455151044
19.94	13.257420592443685
19.95	15.771045231967108
19.96	14.076532884471332
19.97	15.141319742983672
19.98	16.28447741987959
19.99	13.5179269903632
20.0	15.385598939234843
