10.01	3.961209520431948
10.02	1.5826011964800273
10.03	0.7686157782692106
10.04	-1.977104919580745
10.05	1.0702137237551135
10.06	-0.7113841522197281
10.07	1.4333735247080943
10.08	1.2331536629755009
10.09	-0.18563479348313883
10.1	0.3753634446270865
10.11	-0.06485824107825167
10.12	2.146921062828712
10.13	-0.33919653351842316
10.14	1.6728942783037586
10.15	-0.36438882579611953
10.16	0.1604650400962827
10.17	-0.4200794716565025
10.18	2.108308518751084
10.19	2.1698763697653707
10.2	2.3494617272692446
10.21	2.52099494579669
10.22	2.836857215286644
10.23	-0.10427695298075576
10.24	0.9995100670682522
10.25	0.4660127579153232
10.26	1.3255448677507076
10.27	0.8104651845665686
10.28	0.3842091226736574
10.29	1.166900747313376
10.3	0.5376093430277228
10.31	1.2232012979369604
10.32	1.6397389425647177
10.33	1.474471481284335
10.34	-2.5706773825513944
10.35	0.23780459587308073
10.36	-0.8503413677652897
10.37	2.024968021630393
10.38	-0.4429789906477314
10.39	2.459620022707855
10.4	-1.1888779308617552
10.41	2.1127544909088236
10.42	0.1529346166324656
10.43	-0.45165495846020265
10.44	4.1238953984294
10.45	1.6537701770117357
10.46	0.3423651889612701
10.47	0.369666457769819
10.48	-1.8560758182468864
10.49	2.066974191957078
10.5	-1.3470656391897116
10.51	-1.200075364615142
10.52	0.8898359101908107
10.53	2.4920006252416633
10.54	0.20983904832137434
10.55	-0.3150943073065321
10.56	1.9233243915318035
10.57	1.6784901896818483
10.58	-0.5574927611267692
10.59	1.628261507773606
10.6	-1.9156489867293298
10.61	1.3158448820058455
10.62	1.035311518079513
10.63	1.354381308999248
10.64	0.14190041377574608
10.65	1.3626045649017398
10.66	0.12744196261584728
10.67	0.5093927849159824
10.68	1.2245170410108552
10.69	-0.2971692920027533
10.7	-0.035210842100358575
10.71	0.29853266372170373
10.72	0.5728574089499708
10.73	-1.145916702367614
10.74	-0.31165313876585765
10.75	0.3147080659834146
10.76	2.0762586387719044
10.77	0.8723183525406597
10.78	2.0424786531250128
10.79	1.051897204989504
10.8	0.937385599634873
10.81	0.3647871639581235
10.82	-0.93809486638503
10.83	2.1443451614326845
10.84	0.6864357191940412
10.85	2.279981779955836
10.86	-1.4835880222723046
10.87	-0.546417102347394
10.88	0.3291188571128464
10.89	0.920901524089883
10.9	3.230664265504432
10.91	-1.4626749405218518
10.92	0.37111620961486963
10.93	-0.7688175109759655
10.94	-0.36452018782975104
10.95	0.5574452581583972
10.96	-1.558326677708429
10.97	1.6795753547158148
10.98	2.830848055976843
10.99	1.9942477644992502
11.0	1.5483065248917076
11.01	3.8217889895976023
11.02	-0.20092298600379965
11.03	-0.9465392094067401
11.04	-1.0917332397975477
11.05	-1.8613832169224023
11.06	-0.15585927998170662
11.07	1.0440665004460692
11.08	-1.7435918706054916
11.09	-1.7340500543120787
11.1	2.204359078807297
11.11	1.1508209343904248
11.12	1.224643434064927
11.13	0.6252625884794885
11.14	0.092966929485159
11.15	2.450932022253396
11.16	-0.738017844524043
11.17	1.7804123608253022
11.18	-0.32116842373323895
11.19	0.550524549852506
11.2	3.612704343099728
11.21	0.4055361954095639
11.22	1.692432799874593
11.23	-0.9749570399967565
11.24	-0.6557875974863984
11.25	1.7214752356164171
11.26	3.829183680772379
11.27	-0.5620963904503354
11.28	0.10888203994392232
11.29	2.4186904486732446
11.3	-2.7629767463794406
11.31	0.25945649527252324
11.32	0.7709341465971824
11.33	-0.5013040189880197
11.34	1.0641484310879827
11.35	1.905788207296124
11.36	-1.346095926972814
11.37	-2.9171160547305073
11.38	-0.4607982503475907
11.39	0.5931514928053641
11.4	0.8079198405959473
11.41	3.7807944236747217
11.42	-1.2981226037993308
11.43	-2.0725283567657367
11.44	0.8341119628320879
11.45	1.951978317135977
11.46	0.5333695958554299
11.47	0.6808628320952994
11.48	-0.3037530122646587
11.49	0.6502257903586561
11.5	-1.0412248233420067
11.51	-1.1138276313685245
11.52	0.6484577693257103
11.53	0.24715289524817047
11.54	0.3613888970360686
11.55	0.37094506400644733
11.56	-1.2683106232454175
11.57	0.09553107381631465
11.58	1.116075662526545
11.59	0.0018368737708072125
11.6	0.9739181032374244
11.61	2.464348286446503
11.62	-0.06977056777169954
11.63	2.2160572047068374
11.64	0.7710125238441634
11.65	1.5633337773665663
11.66	-1.1336826476454214
11.67	0.3053409671224036
11.68	-1.1021129853152782
11.69	-0.1937999946446406
11.7	-1.3410299354511814
11.71	-2.4571595921477782
11.72	-1.34778873020554
11.73	-0.8572837174368181
11.74	1.65580524161729
11.75	1.1049653466846592
11.76	-2.444024424060343
11.77	-0.4601988978594208
11.78	0.5583702399919575
11.79	1.7728616334626788
11.8	0.060898053647889555
11.81	1.550234795773701
11.82	1.0497421319752878
11.83	1.0084325620461412
11.84	0.8924534798717445
11.85	0.9441409516887046
11.86	1.05224138780848
11.87	-1.4621270226386067
11.88	1.7302998361759656
11.89	0.43665538320348357
11.9	-1.0772393166686927
11.91	1.4444878488097292
11.92	-2.513937448618994
11.93	3.3125941512979136
11.94	0.23348079636771865
11.95	1.026958161888461
11.96	1.9347555248840562
11.97	-1.5840059562740776
11.98	-0.1337336745210026
11.99	2.5181125847392014
12.0	1.2555427643331978
12.01	-0.29721184458145855
12.02	-0.694769789397716
12.03	0.7149287019425151
12.04	-0.10248951062506317
12.05	1.396787370768777
12.06	1.3255501366876195
12.07	3.0291137358959737
12.08	-3.061269166979537
12.09	-1.931456881255921
12.1	-1.2385623424757222
12.11	2.358990196244496
12.12	4.418812721909961
12.13	-1.1796355212807823
12.14	-0.2581339781331422
12.15	-0.7596668175390506
12.16	-0.12364820003047261
12.17	-1.686519057944888
12.18	0.7771699078800084
12.19	-1.5314259154623049
12.2	-0.3285651491652012
12.21	-1.784913542625055
12.22	1.4523674095766987
12.23	-0.8508458202913993
12.24	1.9569553173467729
12.25	-2.0620061957000027
12.26	1.1000208856131564
12.27	2.957278618239232
12.28	-1.6015545648806209
12.29	0.45238023946166367
12.3	-1.7019901745122772
12.31	1.9294306876847036
12.32	-2.3531318721463705
12.33	0.6106159258416402
12.34	2.2226291107265648
12.35	2.268085919413796
12.36	-0.4264571957240499
12.37	2.0152368111757486
12.38	2.043970481072103
12.39	3.427816964389839
12.4	2.0130405147709696
12.41	-0.6235220018375864
12.42	1.9350279693577364
12.43	0.9578611766790961
12.44	-0.3071931226783977
12.45	-0.4210410854296284
12.46	-1.4600427356527128
12.47	-0.9875804104474089
12.48	-0.35829407228711574
12.49	-2.4596433919190557
12.5	1.3247349126027133
12.51	-0.421312959448026
12.52	0.7061341158388517
12.53	0.2595198039648057
12.54	0.5377396154950507
12.55	0.6089796766129809
12.56	-1.047588569311413
12.57	-0.05844506447007505
12.58	-0.07573354015099779
12.59	1.7049927084804826
12.6	0.3151136504591704
12.61	-1.9725330175204316
12.62	-0.8735714249686513
12.63	0.7980537414249999
12.64	-0.16567978181859627
12.65	1.0690182963154273
12.66	-0.6033031458374476
12.67	-1.288419925012936
12.68	1.3845982030748947
12.69	0.5896450362463548
12.7	0.2709384114262031
12.71	3.6202990229121004
12.72	0.36015092035960905
12.73	-0.10216098454873712
12.74	2.1097820467674335
12.75	1.5746952336261744
12.76	1.0004292685509435
12.77	2.5764064441827865
12.78	-0.735017394384775
12.79	1.3210298451611513
12.8	0.6955105336784875
12.81	-1.0975745440103573
12.82	1.749893162541429
12.83	1.6937664139775304
12.84	3.903686144349638
12.85	-0.5224034287890782
12.86	-1.7119574552224348
12.87	0.5273593134130902
12.88	2.292784943879733
12.89	-0.24908449070009936
12.9	0.32687526351722856
12.91	-1.0133685483648986
12.92	0.3914839379799324
12.93	1.4703282185128748
12.94	-1.39276642554155
12.95	0.33581491230685245
12.96	-0.00674396299148311
12.97	0.686997391627999
12.98	1.008546284401525
12.99	1.2632503038085718
13.0	0.895989799733484
13.01	-0.7238946506257518
13.02	0.3655340562430623
13.03	-1.9460138785550738
13.04	1.9184459445177244
13.05	1.1438681489210965
13.06	0.23100728466272813
13.07	-0.017864909042029475
13.08	1.458375710465897
13.09	0.6506466454992752
13.1	-2.115219894625156
13.11	1.7008142228172776
13.12	-0.10973713362578294
13.13	1.0658821747662004
13.14	3.0784205146924233
13.15	1.8028408905124786
13.16	0.5331810800998846
13.17	0.17815717450112076
13.18	1.6836699893249554
13.19	-0.7956129477710914
13.2	0.9186458418003769
13.21	-0.5615213635034455
13.22	1.2263401261667568
13.23	-0.00429225195995836
13.24	-0.03571912224264179
13.25	-1.4181367360473471
13.26	0.1327695416957686
13.27	-1.8799173741875146
13.28	2.604498505138062
13.29	-1.0843580900258403
13.3	1.3989605549730313
13.31	0.3966955187987898
13.32	-0.8691353773436563
13.33	-1.813808989754405
13.34	0.37868142934721
13.35	-1.7253904447944002
13.36	-2.517126455558659
13.37	0.8674105540750368
13.38	0.38502406203106765
13.39	-0.13464023650233525
13.4	1.5494656723462874
13.41	0.025635353655313053
13.42	1.087369262488671
13.43	0.03197322858374814
13.44	-1.7764687102769814
13.45	0.6057117702657508
13.46	1.0782227477632236
13.47	-1.4710882782073722
13.48	1.2662053499257568
13.49	0.030952450584101093
13.5	-2.3407138607996263
13.51	-0.0655821920976715
13.52	-1.5030014775499687
13.53	0.8368802119533982
13.54	0.1835489388103364
13.55	1.7005716638476436
13.56	0.6095540288449162
13.57	-2.7214924788123285
13.58	1.812123935562322
13.59	1.7173354699637176
13.6	0.6497857233833775
13.61	1.4679292992816082
13.62	0.9085563444443396
13.63	-1.2770980543557344
13.64	2.021299230943373
13.65	0.9808699749498742
13.66	-0.41951022307276914
13.67	-1.4364653064560162
13.68	2.331345890978358
13.69	0.16289481234092318
13.7	0.93542384234875
13.71	1.1962112525874207
13.72	-0.9380198730353249
13.73	1.394127023129415
13.74	-2.184485116463525
13.75	-1.7748285452383323
13.76	-1.0487426686987154
13.77	0.8914883906897033
13.78	3.2972704034273583
13.79	1.3567121496300387
13.8	1.2834450420356354
13.81	-1.2350473926524015
13.82	-0.3815473210445786
13.83	-1.4200746461435205
13.84	1.658971610142483
13.85	-0.571563547868229
13.86	1.1197349188560792
13.87	-0.7943332409053496
13.88	-1.6008430812153838
13.89	1.982008111003079
13.9	-1.897385622363791
13.91	2.7920012849378892
13.92	1.6299953187588712
13.93	0.5694037114620514
13.94	-0.20137913415070147
13.95	3.916521915914598
13.96	-0.6553326354489628
13.97	1.3948998410834863
13.98	0.6330962992655969
13.99	1.0110496476449735
14.0	-0.7528524391048572
14.01	-0.8007884016597069
14.02	0.36015609841143803
14.03	0.9093744035627545
14.04	0.37218044183787236
14.05	0.3312666921948867
14.06	1.6370152875648862
14.07	1.218202142853383
14.08	-0.5512035524323403
14.09	-0.4545576972019287
14.1	1.267902070498805
14.11	-4.376083243279708
14.12	2.2348119858483795
14.13	1.6173009177946007
14.14	0.5923598746532985
14.15	-1.984700022421781
14.16	-0.7165413144422232
14.17	-0.8260185216999751
14.18	-0.24262506663233419
14.19	-0.03876355902397577
14.2	-1.6868019801613579
14.21	0.10266155989838528
14.22	-0.4706813256647238
14.23	-0.37833832709346066
14.24	1.5142859865359457
14.25	0.0055669272079904575
14.26	-2.6710499009771067
14.27	0.42520726521365027
14.28	1.2204308731633589
14.29	2.707877310865896
14.3	-2.337982221727899
14.31	-0.5259605455354164
14.32	-1.5072560461557558
14.33	-2.1521101760015364
14.34	3.724352038390583
14.35	-1.4819309778088674
14.36	1.0446352194419957
14.37	-0.9714809477901736
14.38	0.7575160326677493
14.39	0.4201572649670346
14.4	-0.9528226212067394
14.41	-0.9116906504337532
14.42	-0.14278473527919888
14.43	2.3975872801594114
14.44	-0.2575798115048877
14.45	-1.337214056211062
14.46	0.6493655912071079
14.47	-0.8521726029540921
14.48	0.18141341102478806
14.49	-2.2708256659968913
14.5	1.8658695050393834
14.51	0.7098560241038789
14.52	0.5689399451171688
14.53	-2.4904541666839384
14.54	1.455859704331517
14.55	-1.2579127750012822
14.56	1.0006023061395612
14.57	2.235658005572696
14.58	0.8742833843980626
14.59	-1.4715050828048963
14.6	-0.3226099384118143
14.61	-1.956936589811618
14.62	2.264473375824481
14.63	1.7587443335507535
14.64	1.7818344758703357
14.65	-1.620070170253021
14.66	2.4413895773463383
14.67	-1.8407353016685986
14.68	-1.7122247376343416
14.69	1.460029424241166
14.7	0.5199338778965048
14.71	-2.057901544017298
14.72	0.7976876092888388
14.73	0.5026560301148884
14.74	-0.26645770310337186
14.75	-0.37357743632379337
14.76	-0.09664853571675963
14.77	0.012457679573776845
14.78	-4.428922014898224
14.79	0.9204443486428737
14.8	-0.4691164544364154
14.81	-0.24295658580705798
14.82	-3.1765955976223528
14.83	-0.8249834833351188
14.84	1.8483597169387187
14.85	-0.7426016069105776
14.86	-2.7458476464447164
14.87	0.5542776776868186
14.88	2.99820672370266
14.89	-0.3352804095854488
14.9	0.7268346043445391
14.91	-1.980452918556474
14.92	2.582322674957251
14.93	1.29915020940812
14.94	1.0812049271224144
14.95	0.27161493366213696
14.96	3.0435928073937935
14.97	-1.1420481252782269
14.98	1.2118889404630846
14.99	3.54110003328537
15.0	1.7430896852196458
15.01	-0.26428995761543067
15.02	0.6693788158000862
15.03	-0.03778153688430627
15.04	-1.7313043161660204
15.05	1.5683120232118746
15.06	0.37068187074100195
15.07	-0.17057261157437692
15.08	-0.5256058178968959
15.09	1.8972209884903555
15.1	-0.39241084411733756
15.11	1.5933065647722162
15.12	-2.023669431239892
15.13	-0.6032904792981697
15.14	-2.823906745300545
15.15	1.791041484123979
15.16	-0.44304190710719354
15.17	-0.43196608807421905
15.18	3.115775963246774
15.19	-1.6436523255743185
15.2	0.30038143037092196
15.21	0.31294050912388094
15.22	2.8557130281453995
15.23	-2.0034587567502133
15.24	-1.9323005487273694
15.25	-0.6416639778437208
15.26	0.6011108205731512
15.27	3.381664829326212
15.28	-2.299659689876491
15.29	0.4206720378836955
15.3	-1.119258123420735
15.31	-0.47033722290010765
15.32	-0.0644676862745803
15.33	-0.009545506715746804
15.34	1.3573103275113654
15.35	0.9132221905693001
15.36	-1.1258431344298638
15.37	-0.8057330266787717
15.38	1.0554933866870186
15.39	0.5193021154638727
15.4	-3.7143794541421324
15.41	2.0650828293335657
15.42	-4.0124621494588295
15.43	5.841024701066838
15.44	0.8098602853223815
15.45	-0.4136596378439666
15.46	-0.6939809237029734
15.47	-1.5605038502835786
15.48	-1.0900970476245653
15.49	1.7465815308023527
15.5	-0.8978721562100049
15.51	2.120925453829107
15.52	-1.6301926146683057
15.53	0.07220951629447463
15.54	0.5456648880163071
15.55	-0.030701566691924087
15.56	1.464504251747419
15.57	1.1619117439485176
15.58	0.6895932216706568
15.59	0.2919054543314367
15.6	-2.461501248074769
15.61	2.107912954880376
15.62	0.28868767852786004
15.63	-2.205580321982611
15.64	-0.012178944512372392
15.65	-0.48487692110921726
15.66	-0.3390352480801294
15.67	2.0040878960187563
15.68	-0.047441771137922806
15.69	1.2266021904641067
15.7	-1.5742270555574573
15.71	0.4990086928262836
15.72	1.9878091254299135
15.73	-1.736906483170549
15.74	0.15139931769111745
15.75	-0.017698079647594733
15.76	0.3659016535123959
15.77	-0.11759501574417142
15.78	-2.580364559707967
15.79	-1.38968545058918
15.8	0.5864619590344801
15.81	-1.2537034938047305
15.82	0.3363212154186973
15.83	0.442154708864449
15.84	-0.9117742191708238
15.85	0.9106440676846892
15.86	2.706759369735488
15.87	0.2272741637583745
15.88	1.0819142510535018
15.89	1.898448528895302
15.9	2.193979726686812
15.91	0.4937264242951003
15.92	-0.5532675607208193
15.93	1.494979992906807
15.94	-0.18803205305474635
15.95	1.2791273331523474
15.96	0.0011959336871133625
15.97	1.3402328662105585
15.98	-1.8706480562124013
15.99	0.31716772758972706
16.0	-1.0369151522640676
16.01	-1.963571253406887
16.02	0.7227299071812537
16.03	0.9786136479217151
16.04	0.06768087429968697
16.05	-3.0128272501078897
16.06	-0.25669047428157044
16.07	1.6351847791229697
16.08	0.10267570836501648
16.09	-0.8889917693878853
16.1	-0.593064182732572
16.11	-1.4656728839357716
16.12	-0.3403430052795518
16.13	3.010782170516644
16.14	-0.5127909867368552
16.15	0.2795755245171986
16.16	-2.2592038527085374
16.17	0.9018747038849237
16.18	1.9005166189855005
16.19	3.104029577434484
16.2	1.6969024297944781
16.21	0.039685501387266384
16.22	0.9495580702029249
16.23	0.3821543854371257
16.24	1.9450358066146831
16.25	0.278508608266702
16.26	0.07942997970260894
16.27	-0.49814758515899
16.28	-1.263676766199783
16.29	-0.18098807666139052
16.3	3.776562532611595
16.31	-0.43472005420150467
16.32	0.2621478723552834
16.33	1.104227749619057
16.34	-1.994899134162642
16.35	-1.2031591483276387
16.36	0.35538832852362184
16.37	1.3599826753170938
16.38	-1.351323933380551
16.39	-0.6571312419911168
16.4	0.8483271401294724
16.41	1.61066823550487
16.42	2.587483142488883
16.43	-1.9612721142232055
16.44	2.0435609557951104
16.45	0.25064069295469626
16.46	0.07129019593364581
16.47	2.549459435640127
16.48	1.089197708771199
16.49	0.6702187312652792
16.5	0.6077956348758277
16.51	1.653183942128334
16.52	-0.3277411913582183
16.53	-2.0012235809609975
16.54	1.0244954125486163
16.55	1.060213099217537
16.56	0.5213954273743466
16.57	-2.745463947880546
16.58	-0.6793452229087575
16.59	1.1208817398899558
16.6	1.5149765245602305
16.61	0.3725580325196863
16.62	0.0031914103262026174
16.63	-0.07214344873060556
16.64	-2.658512498670955
16.65	-0.053649958749002476
16.66	0.07489785390130452
16.67	-1.2512361946559951
16.68	-0.05662018695644512
16.69	1.1850063836468248
16.7	-1.3685569042204748
16.71	0.018735891451410483
16.72	0.3731169552295807
16.73	1.2355104768836442
16.74	0.9075620209406311
16.75	-0.3144708533031798
16.76	-1.8737943245023727
16.77	-0.21507518696079575
16.78	-0.7765521701211391
16.79	4.5310113782432415
16.8	3.844296471201262
16.81	1.236262615799395
16.82	-0.7246605427871613
16.83	0.6702761937854309
16.84	-0.18095544485866588
16.85	1.282406161940279
16.86	-2.0426700944471157
16.87	0.6804542813508642
16.88	-0.7505915519526116
16.89	-0.10662695609797442
16.9	-0.7803557891663737
16.91	1.1591516402956255
16.92	1.0045107184928606
16.93	0.9632599266834725
16.94	-0.9267741832644613
16.95	1.271434720200914
16.96	0.16360102984058478
16.97	-0.778415724684108
16.98	0.41578774334878116
16.99	1.1498332476206954
17.0	1.318781760449568
17.01	-0.8857555599753123
17.02	0.35413399817963903
17.03	-1.8767056107111375
17.04	1.457770696031773
17.05	1.8956092757886307
17.06	-0.05650743623356995
17.07	1.3330008183885815
17.08	1.8544697832929442
17.09	-2.3592606835073147
17.1	-0.9135398808054729
17.11	-2.1920866866489392
17.12	3.03835043912797
17.13	-4.4665643865887015
17.14	1.0961635075214637
17.15	2.8226614606623763
17.16	-3.217244998577838
17.17	-0.026762278192192783
17.18	1.3028714445891587
17.19	2.143096901165436
17.2	1.6499355745542013
17.21	2.4767030017445495
17.22	-3.6477376342864134
17.23	-2.1067065546214434
17.24	1.1547335337932205
17.25	-2.5468873720528586
17.26	1.7086251691959082
17.27	1.7567950943984245
17.28	0.30637115500246237
17.29	0.8610152378169327
17.3	0.15176525449814107
17.31	0.17414631233454791
17.32	0.5491411860848261
17.33	-0.5106821312630614
17.34	4.02449422273029
17.35	-1.320508542000386
17.36	-1.7609871320332038
17.37	1.0862866072153228
17.38	-0.10220285354957419
17.39	-0.45437553824010884
17.4	-0.08852281874196513
17.41	-3.8508541866721813
17.42	-1.489975366365903
17.43	0.6979581353366248
17.44	1.1683774738130965
17.45	1.1229309436913653
17.46	-0.20917708845788113
17.47	-0.30569290389717696
17.48	0.5724939098360889
17.49	1.0064217821744201
17.5	-1.3237051493684553
17.51	0.9537202927308789
17.52	1.68783142895444
17.53	-0.46380013994401975
17.54	-1.7246140153908718
17.55	1.0841907937937032
17.56	-2.009222990732571
17.57	1.9920938987634316
17.58	1.1768329421158674
17.59	0.9660541486993719
17.6	0.730545738541539
17.61	1.3781186793684659
17.62	-0.532027309158897
17.63	-1.9437945632542228
17.64	-0.6220220876112474
17.65	-0.9103624763630304
17.66	0.05218120427041823
17.67	-0.5351381934085464
17.68	-0.3738281992088769
17.69	-0.9910417674845575
17.7	1.8015349089140418
17.71	1.334404111263823
17.72	0.8850318518924363
17.73	1.119956630761644
17.74	-0.2507807630272935
17.75	0.7579294529493585
17.76	1.0033821646384202
17.77	-2.205637813772615
17.78	1.299507585464581
17.79	-0.5674767330246014
17.8	-0.5387347985210413
17.81	-1.90958490530546
17.82	1.5037765977869098
17.83	0.23166414537810676
17.84	1.7445938225249125
17.85	-1.5519947900797577
17.86	0.21680955063362436
17.87	-0.2811562749605522
17.88	0.2018621047686301
17.89	-0.8454699251048864
17.9	0.18585348859284098
17.91	-0.16516382018099413
17.92	-0.40523517173828283
17.93	-0.017864215324946142
17.94	1.8183599614163672
17.95	-0.4024427975073437
17.96	-3.3422387427962663
17.97	-4.065294664341904
17.98	-1.6387881284069081
17.99	0.8349842227037318
18.0	1.7616864675051995
18.01	-0.21586132672744812
18.02	-0.08890128345582082
18.03	1.0132894760963038
18.04	-1.2076434566088108
18.05	1.7298705839972466
18.06	2.5221082916546718
18.07	-1.2537683699849063
18.08	2.1684847028338847
18.09	-1.5015859061449435
18.1	-1.3424123361192772
18.11	1.8176246049048288
18.12	0.9924477465633126
18.13	-0.9886960909563833
18.14	-0.819584053508894
18.15	2.911217681614971
18.16	-1.465340737071955
18.17	2.1794783615134055
18.18	2.347170121222481
18.19	-2.4407279722675783
18.2	-1.3511583793968676
18.21	-0.7211731047942248
18.22	-0.23983975105055677
18.23	0.8576367148375016
18.24	0.9300831448137468
18.25	2.2443562607008696
18.26	2.131254292350558
18.27	-1.3513838103050881
18.28	-0.8975319554018376
18.29	-2.3280494136990897
18.3	-1.2429516348499061
18.31	0.6743723791582896
18.32	2.1978886364862498
18.33	1.8374044985984983
18.34	0.04309173485853607
18.35	0.38233102930663543
18.36	1.9961576542364834
18.37	-1.5924305912670547
18.38	2.8255519774318385
18.39	-2.784398352371284
18.4	3.167220762033723
18.41	0.2507363955759573
18.42	-0.7226710659981957
18.43	-1.0662680239614368
18.44	0.8729901151541486
18.45	-1.148252300270747
18.46	0.16297354795452407
18.47	2.0200180752935575
18.48	3.6806651423999335
18.49	0.2389653289565012
18.5	0.866879192404376
18.51	0.0895195890547083
18.52	0.2501332282563388
18.53	-1.5299668856332622
18.54	-0.3066277095281613
18.55	-0.8890122633178007
18.56	0.07448337690984452
18.57	0.5913422491305531
18.58	-1.3811988484046887
18.59	1.1605092618930346
18.6	0.9483809973521296
18.61	0.9059877289839263
18.62	1.4564358573635845
18.63	2.8652749068991197
18.64	0.9210347603223599
18.65	-1.1569118002987007
18.66	2.3663794103650853
18.67	0.6282383315299924
18.68	2.4439177769958094
18.69	1.561662213521695
18.7	0.2633445216078787
18.71	-1.636700405042828
18.72	-0.9413818916523354
18.73	-0.33619066617513527
18.74	-0.39927480445368446
18.75	2.858181471751578
18.76	2.5338589730723804
18.77	-0.3752988655278853
18.78	-0.7548956089795759
18.79	1.0528751196861146
18.8	0.5086835696116115
18.81	-0.39757146206649063
18.82	-1.1865335379275685
18.83	-3.106109797065241
18.84	-2.0412625178170742
18.85	1.9759137694373923
18.86	1.6705074192245166
18.87	2.3257372683453092
18.88	-2.7842459242393844
18.89	0.3355960028486419
18.9	-0.9541965083620024
18.91	0.3914000612239723
18.92	-0.8417368732343177
18.93	1.7062771382565747
18.94	2.746087941120056
18.95	0.6272080828330839
18.96	-2.1483689995418267
18.97	-1.7731755776715836
18.98	-0.7529297672070071
18.99	4.214261900615938
19.0	2.8729647333081965
19.01	0.7789077171304151
19.02	-1.1374751912842633
19.03	0.13955182952217632
19.04	3.237333790251537
19.05	1.1437867885985233
19.06	-0.8900379751089641
19.07	0.05343450365582564
19.08	1.546834637870636
19.09	-0.4666351096251503
19.1	0.8401488274833395
19.11	3.3077511316861887
19.12	0.6721295437994134
19.13	-0.352456995231491
19.14	-0.6325753581838022
19.15	-2.793166882824459
19.16	-1.8474030613904642
19.17	-0.8524872802716702
19.18	-0.3793226448271878
19.19	2.061984274438116
19.2	-0.35579374670014086
19.21	-1.295603358294311
19.22	-1.54809654392878
19.23	1.8421373759912285
19.24	1.1889794451467381
19.25	4.15299846627556
19.26	1.4081580780857923
19.27	0.3626263490512291
19.28	2.1154476725683935
19.29	0.46909989392624923
19.3	1.5257010160972633
19.31	1.5909108387768338
19.32	2.0232533006383533
19.33	-0.4018116009752827
19.34	-0.15805103721983027
19.35	-4.010484311396108
19.36	1.5721754408634356
19.37	0.456592681080282
19.38	1.2635738468073314
19.39	0.5009698060978197
19.4	1.7911096657836652
19.41	-1.6355507444922752
19.42	0.8128845185971981
19.43	1.6699168767475663
19.44	2.267667028436114
19.45	0.3265763184585794
19.46	0.5212743095372648
19.47	1.593769223003301
19.48	0.6567088340876562
19.49	0.2813548126054679
19.5	1.3621769915782278
19.51	-0.7815929848148176
19.52	0.22011775181957127
19.53	-1.8902730067221514
19.54	0.30418834411280427
19.55	-0.279764369229902
19.56	2.9728561687689674
19.57	1.6317071799126044
19.58	-1.1586650160708687
19.59	-0.9346005040825717
19.6	3.2228581080010343
19.61	-2.495582134652092
19.62	1.0569399947055238
19.63	1.1667459316573057
19.64	2.1291300299007445
19.65	1.1181761588338557
19.66	-1.0848142448072755
19.67	0.727521817844021
19.68	5.0221554124763355
19.69	-0.44107433269074214
19.7	0.29951589234930276
19.71	-1.0184347273059502
19.72	1.0602407208604394
19.73	1.7651519783195768
19.74	0.8144493237602316
19.75	-0.20241903184027055
19.76	1.7579536987478463
19.77	-0.7848066443219927
19.78	-0.3116589123190818
19.79	-1.0150619646381456
19.8	1.3899231298157773
19.81	3.0124611820624585
19.82	0.37496740384647065
19.83	1.8157826045741947
19.84	-0.8295510621861656
19.85	1.3513773815077665
19.86	1.3577633395689073
19.87	2.033664109739415
19.88	3.663417118219699
19.89	1.3246813567965599
19.9	-1.1995174071981904
19.91	3.008154327026381
19.92	0.5095453453527011
19.93	-0.8368967144530067
19.94	-0.20868726402456228
19.95	1.7990209976007288
19.96	-0.7432158219607637
19.97	0.04723443262122279
19.98	-3.106131109654786
19.99	-0.9175446132216979
20.0	2.795174581376807
