10.01	30.176868124147614
10.02	29.22678383054523
10.03	27.766398076025137
10.04	28.22377769825076
10.05	27.32148162465775
10.06	27.193924430520195
10.07	26.110369986073923
10.08	25.991849276658943
10.09	26.114762792432472
10.1	25.383517767186333
10.11	24.407052299012264
10.12	23.324806211885825
10.13	22.983373226512207
10.14	22.541694369932856
10.15	21.01362680467445
10.16	20.21820315141392
10.17	19.718641271591935
10.18	19.67360728092834
10.19	18.580018157347467
10.2	18.074020118861714
10.21	17.006619657682965
10.22	15.244922542118637
10.23	13.848828840222968
10.24	14.709939934677688
10.25	13.012008885748111
10.26	12.570971593545941
10.27	13.135443366309135
10.28	12.13463325256781
10.29	11.367448047743002
10.3	10.563547535460952
10.31	10.379933584869319
10.32	9.570272499642545
10.33	7.508442336585111
10.34	7.496186228890914
10.35	7.527863874810415
10.36	6.592511783402205
10.37	7.045570836437942
10.38	6.541531053720817
10.39	5.106904169087707
10.4	5.749255532896952
10.41	5.711767684799252
10.42	5.523188735666938
10.43	3.9233102481343662
10.44	4.6754364941433115
10.45	4.064022276438891
10.46	3.6699971561637894
10.47	4.577948279905523
10.48	4.326593130039346
10.49	3.329012533902871
10.5	4.220076667242393
10.51	3.3069183193684006
10.52	3.777646090158553
10.53	2.8334260919073326
10.54	3.652642829189197
10.55	3.4438195228381203
10.56	3.2905596620502964
10.57	2.9232020018521907
10.58	4.219458049676
10.59	4.589165759757629
10.6	3.9361377283361008
10.61	4.775613257403223
10.62	3.873512785325345
10.63	4.861429481996585
10.64	5.147180262227157
10.65	4.8513919634731
10.66	6.0150436102574405
10.67	6.395253141024756
10.68	7.067633309276477
10.69	7.377815830451928
10.7	8.162787171902053
10.71	9.567339336372651
10.72	9.752065694919335
10.73	10.227408495211687
10.74	10.843211890770602
10.75	11.988038466236848
10.76	12.332233233361155
10.77	12.98757188731095
10.78	13.527077680503549
10.79	15.15027322895819
10.8	16.66354157400031
10.81	16.894389882955803
10.82	17.803003919372415
10.83	17.431183466258442
10.84	18.16785439581698
10.85	20.01418100193849
10.86	20.439022235748872
10.87	20.693288586581165
10.88	21.710179469683013
10.89	22.756567841807847
10.9	24.011893013295985
10.91	24.520693092790037
10.92	24.90361477305704
10.93	25.585988069866232
10.94	26.58736503972791
10.95	27.553858192767642
10.96	26.76033258055455
10.97	27.41785279101829
10.98	28.14619821470847
10.99	27.99154171107739
11.0	28.0921523448132
11.01	28.479727411603054
11.02	29.325146162163097
11.03	29.228709183690437
11.04	30.28503300760671
11.05	29.759436626775887
11.06	30.65734079351755
11.07	30.004984881370348
11.08	29.672615556300265
11.09	30.841482907077644
11.1	29.891801142902754
11.11	29.550547077199717
11.12	30.41752612176792
11.13	29.72281211674509
11.14	31.10413620881457
11.15	29.250702831793404
11.16	30.104160935957598
11.17	30.037704815476033
11.18	28.36733348405857
11.19	29.18331843095674
11.2	28.844522828349277
11.21	28.447382505624994
11.22	28.680400184325567
11.23	27.4318736925611
11.24	28.05080235177653
11.25	26.77659690239249
11.26	26.184797130664116
11.27	25.543093577044235
11.28	25.66848585555597
11.29	24.521410410166624
11.3	24.350263921343206
11.31	23.334187988317204
11.32	22.40968758900167
11.33	22.598351094769324
11.34	22.264837944328196
11.35	21.709028352528208
11.36	19.79314467070387
11.37	18.942435223884807
11.38	18.175416999034493
11.39	17.747670331596776
11.4	17.39827801583877
11.41	16.374459330126058
11.42	15.538840656831221
11.43	14.07455004567936
11.44	14.276523308822586
11.45	11.788890651184055
11.46	11.701984536067107
11.47	11.876192081066145
11.48	10.899228274710486
11.49	10.385080395308563
11.5	8.923268500140809
11.51	8.53618422318866
11.52	7.588563577820084
11.53	7.33628800909342
11.54	7.933872562595937
11.55	5.9818807255714255
11.56	5.141576676933181
11.57	6.180766918777978
11.58	4.024825314634098
11.59	4.240263809334412
11.6	3.5793178163113426
11.61	3.378745288950819
11.62	4.2384802228198515
11.63	3.54370638284169
11.64	1.40289449365249
11.65	3.248923411396871
11.66	2.900396412051494
11.67	2.475521404464126
11.68	1.4781229636799131
11.69	0.8471114772944451
11.7	0.9900580578709298
11.71	0.6861412669234259
11.72	0.7716447296497403
11.73	1.0175126080103016
11.74	0.3503478514221585
11.75	0.7621842181002851
11.76	1.6544849362669911
11.77	0.22992247189470005
11.78	2.138813054365352
11.79	0.17027463302222579
11.8	1.0017058164267867
11.81	0.23939768476781964
11.82	1.8225031453325928
11.83	0.4513495653654685
11.84	0.8102715974553678
11.85	1.394550160890866
11.86	1.2566689629141425
11.87	0.9040764910838549
11.88	1.6812615890020064
11.89	1.1587464803050183
11.9	0.893478997915192
11.91	1.733733594810586
11.92	1.392304781906144
11.93	2.617419884931445
11.94	2.1578710941060812
11.95	3.058406361734268
11.96	3.257065712636629
11.97	3.8171348927046225
11.98	3.3575653053364407
11.99	3.9151606531876237
12.0	5.018847640608942
12.01	6.39366643816993
12.02	5.090759610414688
12.03	5.025301985664688
12.04	7.221817364522769
12.05	7.531239334193314
12.06	7.814677118232622
12.07	8.84034345869415
12.08	9.053308093344315
12.09	10.852675866769811
12.1	10.532302995619789
12.11	10.891527270493253
12.12	12.172099289557917
12.13	13.370848539224268
12.14	13.056409822466582
12.15	14.363730599933078
12.16	14.898375451414168
12.17	15.865050214175149
12.18	16.055241257211904
12.19	17.988320467425744
12.2	18.58355154355296
12.21	18.494460299231154
12.22	19.632394100695134
12.23	20.2780634295327
12.24	20.44556227418299
12.25	20.798995702982463
12.26	22.313113371651635
12.27	22.9842640751026
12.28	23.195608405563586
12.29	24.36414553031091
12.3	24.398312947643173
12.31	24.858322365303263
12.32	24.258843888022632
12.33	26.605902000304464
12.34	25.135299117181283
12.35	25.735060289278763
12.36	26.05776637170101
12.37	27.352852215766656
12.38	27.199694354039245
12.39	27.955024096648174
12.4	27.58567951908329
12.41	27.212239954655637
12.42	28.09307057071595
12.43	28.93335724202096
12.44	28.060213007260614
12.45	28.702884119303086
12.46	30.428808500915185
12.47	29.49242543530208
12.48	29.808777185236163
12.49	29.055354200436696
12.5	28.283984658396843
12.51	29.90690372259965
12.52	29.480424680430982
12.53	29.625824625873257
12.54	29.962011038031886
12.55	29.66726932841533
12.56	29.236222757157236
12.57	29.65522622583219
12.58	30.36280780504993
12.59	29.995238863879393
12.6	29.31843137118475
12.61	28.351717449738814
12.62	28.592355798647656
12.63	29.30713329412629
12.64	28.452441667586303
12.65	29.242482077280535
12.66	28.27373540809736
12.67	28.718760557985373
12.68	28.17257327117568
12.69	27.93080121638383
12.7	28.374802539040356
12.71	27.90373448152095
12.72	27.394268642573227
12.73	27.65143708777225
12.74	27.197669744305742
12.75	25.6938204452292
12.76	25.43119497519273
12.77	25.216249169849135
12.78	24.88976418014486
12.79	24.23070187588686
12.8	23.29440520063804
12.81	23.855907056577344
12.82	23.01106323576347
12.83	21.846180652119457
12.84	21.138044528232133
12.85	21.069006695864747
12.86	20.345903988764224
12.87	19.32235691607038
12.88	20.173945389853227
12.89	19.080715298951432
12.9	17.988974873157467
12.91	18.122444469648055
12.92	15.563341640463799
12.93	15.813258274630861
12.94	15.381895184130439
12.95	14.790439287499826
12.96	14.052790812379776
12.97	13.37042949116547
12.98	11.986016195018216
12.99	12.1031064503765
13.0	10.964478137367667
13.01	11.69433495768092
13.02	10.8243321185865
13.03	11.634371470722888
13.04	9.860250477580331
13.05	8.893381982612553
13.06	9.415153848729421
13.07	8.427946986117144
13.08	8.325550552734553
13.09	7.2462680859134325
13.1	6.888070709834118
13.11	6.660007850846308
13.12	5.914776091301795
13.13	6.833120886471513
13.14	6.3508656315905645
13.15	5.775888200335148
13.16	5.168857470080683
13.17	5.579737688897667
13.18	4.691962192204742
13.19	4.98879840879667
13.2	3.997171330396733
13.21	4.4354548205894035
13.22	4.227698595478234
13.23	4.3126130942868075
13.24	4.240775717510347
13.25	4.471698904247701
13.26	4.971810343781122
13.27	4.799159941666874
13.28	4.070648959447834
13.29	3.6763722052900336
13.3	4.017453427971917
13.31	3.831153403051321
13.32	4.512275716491287
13.33	5.402576305342183
13.34	4.389060418789714
13.35	4.2942760961386774
13.36	4.5224716058025
13.37	4.759992904037862
13.38	5.43284076687898
13.39	5.496607958099318
13.4	5.391999461921212
13.41	4.639999827184919
13.42	6.487402351130071
13.43	5.409485390661959
13.44	6.355578450974594
13.45	6.891407781982526
13.46	6.399859764250906
13.47	6.914906532004021
13.48	6.750631549245734
13.49	7.761346208871442
13.5	7.611986111142063
13.51	10.824204088789829
13.52	9.79998772547668
13.53	9.67529750952082
13.54	9.5432738873101
13.55	10.889628385321053
13.56	10.769740859613904
13.57	11.709225001723224
13.58	12.331671648581251
13.59	12.012084144891826
13.6	13.595003689920867
13.61	14.222676733917636
13.62	15.500161664935582
13.63	14.994882042494016
13.64	15.98974257456254
13.65	17.195216687644425
13.66	17.860757869196508
13.67	17.87956737946646
13.68	18.827112806993323
13.69	19.62346880523896
13.7	20.46922329637577
13.71	20.734822333324253
13.72	21.72252174618135
13.73	21.12079926843023
13.74	21.413645871735984
13.75	21.139282551612308
13.76	22.670675864413763
13.77	23.212898914513055
13.78	24.05509378444303
13.79	24.089821870529157
13.8	25.062391060963417
13.81	24.6646051386392
13.82	25.70523264337422
13.83	25.61017578365726
13.84	24.800081697106023
13.85	25.816441831605218
13.86	25.871358297904063
13.87	27.182775422905948
13.88	26.43350374019394
13.89	26.883267692989932
13.9	25.837499681274092
13.91	25.96722327912291
13.92	26.73610339791575
13.93	26.145461457096463
13.94	27.114057853934565
13.95	26.40907301461903
13.96	27.039125779125364
13.97	26.91003264445709
13.98	26.994097432441016
13.99	26.262792135752143
14.0	26.501580078587036
14.01	26.42756665815414
14.02	26.21805848620586
14.03	27.45066355536798
14.04	25.632658697445372
14.05	26.464643727234574
14.06	26.364574638915755
14.07	25.93234113809223
14.08	26.349612202938285
14.09	26.558045397765852
14.1	26.095479926062733
14.11	25.554679558326715
14.12	25.90901147282854
14.13	24.96256897594277
14.14	25.109857899991386
14.15	24.861319876954372
14.16	23.629756952313883
14.17	24.053917424389777
14.18	23.84807740765938
14.19	23.67365117522007
14.2	22.098678783000693
14.21	21.944225734200643
14.22	21.397519594619126
14.23	21.111800740945267
14.24	21.044172290966813
14.25	21.274242280279505
14.26	20.485936685958336
14.27	19.191481849619745
14.28	18.266246771305568
14.29	18.483088035259065
14.3	16.264437856542255
14.31	15.321409696434602
14.32	16.101173502507287
14.33	14.203303843054861
14.34	13.82997395381703
14.35	14.106421805614517
14.36	12.900388906637646
14.37	12.302410657898912
14.38	11.98593755027227
14.39	11.362992395092775
14.4	10.013301623816911
14.41	9.81868738055233
14.42	9.450238307637346
14.43	7.653476612177964
14.44	8.479038698032848
14.45	7.318972235011909
14.46	5.947411423773303
14.47	5.48159067541186
14.48	5.855920994568963
14.49	5.415515315841769
14.5	4.703650393635483
14.51	3.6239431681401615
14.52	3.4892859486426446
14.53	3.5196312927327242
14.54	2.540214747336304
14.55	2.556500523170817
14.56	2.309379149436144
14.57	2.9406955920781197
14.58	1.9549437958326341
14.59	1.2382956261731706
14.6	1.1640627576736544
14.61	1.1485527393379158
14.62	1.7266895488579614
14.63	1.3113016291559854
14.64	1.2849078666526141
14.65	0.7411417380306035
14.66	0.7232087363485208
14.67	0.3139357996661306
14.68	0.6665178599783561
14.69	0.5257701090613619
14.7	1.1691613591661942
14.71	1.315126395324595
14.72	1.0737451356638505
14.73	2.1960751074671903
14.74	1.9173966749621982
14.75	1.590982678012331
14.76	2.0540015899043422
14.77	2.0492644502775303
14.78	2.0205964685851887
14.79	2.1341969483343095
14.8	3.3115872353187434
14.81	3.318491088316062
14.82	4.750598481417605
14.83	4.338503021097576
14.84	4.540082676056619
14.85	5.125628734258959
14.86	5.888431381042702
14.87	5.978793540157456
14.88	7.484558697563115
14.89	8.29506486622094
14.9	8.561680273940683
14.91	10.086463965091962
14.92	9.601862853053724
14.93	10.666956048663078
14.94	11.176815122802784
14.95	11.545478009691927
14.96	12.600487106422971
14.97	13.493538630106134
14.98	13.716718393073128
14.99	15.3957988425822
15.0	16.941642043156417
15.01	16.64202056779489
15.02	17.51194478887794
15.03	17.855328281391767
15.04	18.728481374283074
15.05	19.92869258326067
15.06	20.290933489650854
15.07	21.00134894162039
15.08	21.994195909833238
15.09	21.354550992911303
15.1	22.043962346118725
15.11	22.342291371596946
15.12	23.760668379557238
15.13	23.384617332164492
15.14	24.577835379920078
15.15	24.474597288992506
15.16	26.328054822009772
15.17	25.622025918695233
15.18	26.195959233407518
15.19	27.325196476092074
15.2	26.895025755231735
15.21	27.074756679266716
15.22	27.402554971859306
15.23	26.6277995390061
15.24	27.241851823982973
15.25	27.991244006355927
15.26	28.46027403294174
15.27	27.611877202484404
15.28	27.379476148394694
15.29	27.31778479911717
15.3	28.115476817619477
15.31	27.894538361300054
15.32	27.35523106708342
15.33	28.02541089779243
15.34	28.468394114945117
15.35	28.36314698173122
15.36	28.064092819029273
15.37	28.28625215146786
15.38	27.04399037782732
15.39	26.138081234088517
15.4	26.3139376692088
15.41	26.599525096912643
15.42	26.38742576192846
15.43	26.443001494291085
15.44	25.230135636275325
15.45	25.202187192166853
15.46	25.01337570430645
15.47	24.334695741520864
15.48	23.75145732315241
15.49	23.169166050885313
15.5	21.987116949623214
15.51	21.365840034125057
15.52	21.647807571611388
15.53	21.20523143658506
15.54	19.553818904303867
15.55	19.67097353181788
15.56	17.137183673903518
15.57	17.49812257799596
15.58	16.482430756507444
15.59	15.509208845776444
15.6	15.200503314440807
15.61	15.207646365667944
15.62	13.814953817028348
15.63	12.667985468939502
15.64	12.268359335915113
15.65	12.299347944195642
15.66	11.433860115700327
15.67	10.266324822464396
15.68	10.35475885592439
15.69	8.757766703097975
15.7	7.250378016157056
15.71	7.950418432745568
15.72	6.652280022467348
15.73	6.989007734902269
15.74	5.300903831833756
15.75	5.270586589327058
15.76	3.305085902402527
15.77	3.8758721638291282
15.78	3.416843422938104
15.79	2.56048045913344
15.8	2.84576239560397
15.81	2.906776566377751
15.82	2.455359993052722
15.83	2.7647558885162384
15.84	1.3325653333966492
15.85	1.4653369531606995
15.86	1.432133681531733
15.87	0.9940563083978212
15.88	0.738547497490132
15.89	0.10360792507912486
15.9	0.7697118781569166
15.91	-1.2077920849257933
15.92	-0.33825761968446033
15.93	-0.10296929031926005
15.94	0.5140763629037689
15.95	0.41484265920884655
15.96	-0.58354022351514
15.97	1.1244358421848157
15.98	0.960290693530395
15.99	0.6093571108028288
16.0	0.7297832069351569
16.01	1.4465477197233594
16.02	2.1385576620859554
16.03	1.919850155413208
16.04	2.1925180366396635
16.05	2.6036411385261182
16.06	2.982385299233601
16.07	3.1359504710046733
16.08	3.414533249005475
16.09	4.211076599651567
16.1	4.683722470997293
16.11	5.787097729220293
16.12	5.4710360465502035
16.13	6.420941201980115
16.14	7.733339323669558
16.15	7.862890849676643
16.16	8.920894497201832
16.17	9.587544255876193
16.18	10.350236552694188
16.19	11.024143712286516
16.2	11.349876620200979
16.21	13.504891858981564
16.22	13.814323450607441
16.23	13.688205203044953
16.24	14.520936550807965
16.25	15.599532785151291
16.26	16.249338263854355
16.27	16.839746230484145
16.28	18.11509047612369
16.29	18.594079024255198
16.3	18.953198903443713
16.31	19.222897063153077
16.32	20.253753757997792
16.33	20.87909705820955
16.34	21.777897586096287
16.35	22.156074690230216
16.36	22.55168598877564
16.37	22.53198031146768
16.38	24.451381407995832
16.39	23.505668906243812
16.4	23.586974223998627
16.41	24.831560354848285
16.42	24.79831252321712
16.43	25.28188388755529
16.44	26.358161257802553
16.45	25.80328378430954
16.46	26.499076259903486
16.47	26.491102062569666
16.48	27.692388168876942
16.49	26.994166725075797
16.5	27.815002772293308
16.51	27.730370700678716
16.52	27.29794079252681
16.53	26.82708575546707
16.54	27.01090845504832
16.55	27.30206766319347
16.56	28.111103982766778
16.57	27.417314574789497
16.58	27.52195034674204
16.59	28.10682630222231
16.6	28.56860474260256
16.61	28.62316862424425
16.62	28.095446478767354
16.63	28.878443118247496
16.64	28.05964773823802
16.65	27.129028875767602
16.66	26.887054517592112
16.67	27.114338238285093
16.68	26.56674215725117
16.69	27.216892989474626
16.7	26.357599849953694
16.71	26.981467062929635
16.72	25.34491366705651
16.73	25.72376902271528
16.74	25.16069541960999
16.75	25.069307235390436
16.76	25.04663914230221
16.77	24.110356625877188
16.78	23.07356164523028
16.79	23.671651529368553
16.8	22.811947451269692
16.81	23.177399397096522
16.82	21.29162763799294
16.83	21.051771343143223
16.84	20.167558616509844
16.85	18.84680986295242
16.86	19.112417553322587
16.87	18.472182338841833
16.88	17.958165434438758
16.89	17.79278396947218
16.9	15.599407011242034
16.91	15.126962710591823
16.92	15.851963934492888
16.93	14.771653954650931
16.94	12.612839047955289
16.95	12.945711269701405
16.96	13.645235146828105
16.97	12.210063476310179
16.98	10.811111698815525
16.99	10.82267630955184
17.0	10.194058285974549
17.01	10.002407708714872
17.02	9.11580132512099
17.03	9.094071666391253
17.04	8.594789671002822
17.05	7.652847149941825
17.06	7.920343768762793
17.07	7.352741296626271
17.08	6.104723873257358
17.09	7.18590034004338
17.1	5.54896079976694
17.11	6.206461503316918
17.12	5.29381257091646
17.13	5.609183753713912
17.14	4.67767824304333
17.15	5.127067669683461
17.16	3.9711780715223868
17.17	3.6318028833028193
17.18	3.367031683102044
17.19	3.6983835109223335
17.2	4.017359099251106
17.21	3.91818545887274
17.22	4.604886864930719
17.23	3.4834873237113824
17.24	3.2235195682535274
17.25	4.060182763443073
17.26	3.9698921064636026
17.27	3.6704662251879636
17.28	4.187497263816852
17.29	3.8374089510930967
17.3	3.7412001087963187
17.31	4.1429882875249024
17.32	4.145014671001894
17.33	4.930127657280712
17.34	3.558341442339607
17.35	4.8116617817372385
17.36	5.083303508023011
17.37	5.997115308819154
17.38	6.423287502165438
17.39	7.100316743137668
17.4	6.53067725660236
17.41	7.288838316103629
17.42	7.832046923740193
17.43	7.959702330199396
17.44	8.946736525257084
17.45	9.743563117523264
17.46	9.949583399629569
17.47	11.152376491054394
17.48	11.813125206692247
17.49	11.86084817746795
17.5	12.752261869546416
17.51	12.98057571765206
17.52	13.83031468715214
17.53	15.000745527516415
17.54	15.663277996263757
17.55	16.629149624636764
17.56	16.95043707645103
17.57	16.588957614522045
17.58	18.50731852373958
17.59	19.20930555722669
17.6	19.350214157978243
17.61	19.41590370458891
17.62	20.498409153031865
17.63	21.19624600547735
17.64	21.247720354639764
17.65	21.971978199487957
17.66	22.637633870994165
17.67	22.932743568922003
17.68	23.373261255216953
17.69	25.03893791551835
17.7	24.82770820878916
17.71	24.928585107834422
17.72	25.778803848396226
17.73	26.475405139522444
17.74	25.909363458195777
17.75	25.870485431034904
17.76	26.94845537255455
17.77	26.348104815689386
17.78	27.02831655217063
17.79	26.702524150811037
17.8	27.62569845462627
17.81	26.621951226349253
17.82	27.73326659492127
17.83	27.047125733875415
17.84	27.983586200639063
17.85	27.258260525538066
17.86	26.696447942708637
17.87	27.762153342952523
17.88	27.169782759813607
17.89	27.281235020923784
17.9	27.22949882571987
17.91	26.411189049943186
17.92	26.023412804190027
17.93	27.045983280602798
17.94	25.52893201532921
17.95	25.12381648338504
17.96	24.79157590443677
17.97	25.081576997769417
17.98	23.92631084055721
17.99	24.086323935816043
18.0	22.656161907275088
18.01	23.10319213937007
18.02	21.25389936048646
18.03	21.1484362766521
18.04	20.864779321501942
18.05	19.161168698528826
18.06	18.77563915764757
18.07	19.368435958679612
18.08	18.226614626025743
18.09	17.39843699271279
18.1	16.696292936121537
18.11	15.908945934762558
18.12	14.544953987590851
18.13	14.211684490301161
18.14	13.155595268501052
18.15	12.407183653207024
18.16	12.247402288863846
18.17	11.981247587680949
18.18	11.347731897085474
18.19	11.179796062045327
18.2	10.30971029616475
18.21	9.173147304282617
18.22	9.632098599785827
18.23	8.021349140969614
18.24	7.99882475467511
18.25	8.489519453967864
18.26	7.162936578538589
18.27	6.262504719839196
18.28	5.691676627882413
18.29	6.30631489649651
18.3	5.548873274377818
18.31	5.021097943321209
18.32	5.120836553905867
18.33	4.818410759752559
18.34	5.2463662638347435
18.35	4.837797062999219
18.36	4.436886963968602
18.37	4.322198480618643
18.38	3.4297335749163573
18.39	3.4192512948175837
18.4	3.8675742812716805
18.41	4.899062109071498
18.42	4.215527518919797
18.43	3.310495087924485
18.44	3.7954815913958027
18.45	4.192397892683487
18.46	3.747086775094377
18.47	2.866789233279238
18.48	2.9933548831239856
18.49	2.8531314378217494
18.5	3.214021892592192
18.51	4.280596306252657
18.52	4.358115748754624
18.53	4.359238620733796
18.54	4.541517919869568
18.55	5.341389245285997
18.56	5.48704849826427
18.57	6.462463333997222
18.58	6.956504725067694
18.59	6.516067876938523
18.6	8.175488547969596
18.61	7.9830289587861145
18.62	8.857367170323661
18.63	8.884372150596194
18.64	10.27142440763774
18.65	11.504754193914318
18.66	11.294017147255467
18.67	10.923593632688073
18.68	12.728115572367303
18.69	13.583266656466789
18.7	13.337337988389498
18.71	15.186625160984859
18.72	16.380904235005808
18.73	17.09689034244196
18.74	17.082632882149
18.75	18.828707085317806
18.76	18.61901963171109
18.77	18.803225872822566
18.78	20.239903354903404
18.79	21.0921172049271
18.8	21.689812575697974
18.81	21.455252921952468
18.82	23.390892457480803
18.83	22.644092598571913
18.84	24.954044250024346
18.85	23.749964462952942
18.86	25.497389751019135
18.87	24.0454351072907
18.88	25.635497764874778
18.89	26.269254421588276
18.9	25.758687316614772
18.91	26.718872495146545
18.92	26.732373659844267
18.93	27.46208213097461
18.94	27.802104406434296
18.95	27.010850404005435
18.96	28.099071421689306
18.97	27.51459962568122
18.98	27.14154786909054
18.99	28.182394970046445
19.0	27.596862508127906
19.01	27.256348803766414
19.02	27.24776928609529
19.03	28.443096791094234
19.04	26.965871427579877
19.05	28.29945861936871
19.06	27.534963124442598
19.07	28.06175641670073
19.08	27.26646763470054
19.09	27.383533684024318
19.1	26.548776097337374
19.11	27.268165428167514
19.12	25.940771143192293
19.13	26.885862475856936
19.14	25.061011341284765
19.15	24.96439116866238
19.16	24.483268884444744
19.17	23.907849130128955
19.18	24.120847943782195
19.19	23.89033051213945
19.2	22.072921413654246
19.21	22.20100798885343
19.22	21.51775996846241
19.23	21.12743858376219
19.24	21.04972189471923
19.25	20.3781020668989
19.26	18.545352396348584
19.27	18.88116537663592
19.28	17.489793992932103
19.29	16.515483204969023
19.3	16.34175877066217
19.31	15.874572766125834
19.32	14.401733223855004
19.33	14.633808725029867
19.34	13.354166860981216
19.35	12.739199748939635
19.36	11.714304988093364
19.37	11.850563856673372
19.38	10.656146262927905
19.39	10.023231997183231
19.4	9.104350752235593
19.41	8.2197003515213
19.42	7.783454122740604
19.43	8.010624128821753
19.44	6.387096100530479
19.45	5.659844509435734
19.46	6.866253690742543
19.47	4.745192720329754
19.48	5.078104158098397
19.49	4.891646391210994
19.5	3.7946597843896006
19.51	2.939858524690674
19.52	3.9257373130374145
19.53	3.297208417245638
19.54	1.2947708611625162
19.55	2.0257599136993294
19.56	2.5330405238195275
19.57	1.280484535745676
19.58	2.789519655839646
19.59	0.4140484699643875
19.6	0.9687033394192357
19.61	1.151716064891914
19.62	0.03708515695351133
19.63	0.7245005491289316
19.64	0.07472165416939863
19.65	-0.2877267372332903
19.66	1.2805367836157409
19.67	-0.807879946629054
19.68	-0.4207261486190321
19.69	0.7465567824678938
19.7	-0.02515842874752636
19.71	0.11195897707144244
19.72	0.5235752106031781
19.73	0.7917483092458207
19.74	0.6510638628539219
19.75	0.3870685432206861
19.76	0.7190494535320191
19.77	1.6790725769586867
19.78	1.1880078283611826
19.79	1.6876882484138918
19.8	0.880688292465809
19.81	2.175391039467251
19.82	2.140047411159365
19.83	2.25719267879308
19.84	3.2519104467909967
19.85	3.366871292790387
19.86	3.5450720331176626
19.87	4.709074421980099
19.88	4.574793335766968
19.89	4.553433171513831
19.9	6.507030092218926
19.91	6.23712017543792
19.92	7.931951021735169
19.93	8.061075779937065
19.94	8.417434090681336
19.95	7.994235504876511
19.96	9.708651555428762
19.97	9.959957156295692
19.98	10.758238064237428
19.99	10.928858349070564
20.0	11.040589687845989
