10.01	1.60814170236203
10.02	3.933803997355687
10.03	2.4232188838437025
10.04	3.1113056217896937
10.05	3.416974377194403
10.06	2.653540000011685
10.07	3.4720784245827043
10.08	4.493191138033987
10.09	2.283612885072862
10.1	2.3686426054743657
10.11	2.1287161047825407
10.12	3.979232444416697
10.13	2.4064706399056828
10.14	3.2462680129065915
10.15	2.1678584098411915
10.16	3.26805203666404
10.17	2.7729422630098854
10.18	2.2724618402779844
10.19	2.958827402913089
10.2	2.9986518101184005
10.21	2.1722428943388383
10.22	1.9424805208276839
10.23	2.1908859748498615
10.24	2.155100582077845
10.25	1.2322268078935381
10.26	1.0181793970591673
10.27	2.7596308826483273
10.28	1.1198343644692452
10.29	2.311797946774319
10.3	1.3239562091305277
10.31	1.3341786324576148
10.32	2.5058096009474555
10.33	1.3354137742925685
10.34	1.1397951214325275
10.35	0.6983528887993995
10.36	0.7652135423520917
10.37	0.1776737550534102
10.38	0.8277928803394715
10.39	0.012192128826634785
10.4	1.1578759283729658
10.41	0.9004987143857599
10.42	1.6065218945442685
10.43	0.34071145134262487
10.44	0.13822975049333414
10.45	0.6500817328301001
10.46	0.7358745334996244
10.47	1.4206132584881341
10.48	0.05593272592066369
10.49	-0.19946958006337637
10.5	-0.6780974382635302
10.51	1.1823147840749246
10.52	-0.7315945412097629
10.53	0.17710664785578037
10.54	-1.2022530378626899
10.55	-0.3729248300014739
10.56	0.2907629219864199
10.57	-0.5244995010664423
10.58	-0.6781342901972485
10.59	0.2783820732207496
10.6	-0.25732346663627514
10.61	0.625158676856257
10.62	-0.09905400064029746
10.63	-0.27633418184746883
10.64	-0.016925102356205007
10.65	-0.12307847218873026
10.66	0.37275129966796405
10.67	0.08885469883649069
10.68	0.9198799914936711
10.69	0.43910587386506794
10.7	0.7200285962111372
10.71	1.1945160042689587
10.72	0.37239765294853494
10.73	0.4674621234624357
10.74	0.39445397360585893
10.75	1.270009701143974
10.76	0.4270658017105742
10.77	0.4556438755631718
10.78	0.89208370871235
10.79	0.366493566328126
10.8	0.000922211775167936
10.81	0.07387806240908645
10.82	1.3944710094577581
10.83	-0.15893541202772044
10.84	1.0832942741761382
10.85	0.8005974131134976
10.86	1.2518447781231714
10.87	1.299474747952483
10.88	0.42704984915143884
10.89	1.696183827563704
10.9	1.8644473696659798
10.91	0.9976149916511974
10.92	1.5003686797841946
10.93	0.7557663820150864
10.94	1.472598857423224
10.95	0.741922040226226
10.96	1.1496996333956848
10.97	1.3846850816278293
10.98	0.33241527573637164
10.99	1.3209792479282236
11.0	0.20089209677321085
11.01	1.648266575053149
11.02	0.9286477958412164
11.03	1.590470261371848
11.04	1.2989912090905449
11.05	1.7120393904905904
11.06	0.49223452723582084
11.07	1.3103813371425908
11.08	0.5941648443461985
11.09	1.936195393524593
11.1	1.2621046403944804
11.11	0.6200874935033365
11.12	1.003112496432578
11.13	0.604881051440226
11.14	1.1773433957291948
11.15	1.1352215894302968
11.16	0.8413650786795193
11.17	0.6644824021160971
11.18	1.4950451929909563
11.19	1.351971231835599
11.2	0.6612353091677063
11.21	0.3557215091168977
11.22	0.689989949514191
11.23	1.124080620976965
11.24	1.3138205102555138
11.25	1.4455168952656774
11.26	1.4164200793671444
11.27	1.4550159030968532
11.28	2.363005507148579
11.29	0.8860282562393607
11.3	0.2736325641401163
11.31	2.032880867301553
11.32	1.918565148072907
11.33	1.0378128426035698
11.34	0.7574888927624599
11.35	1.477245888812209
11.36	0.9049163865636031
11.37	1.3899546262906262
11.38	0.6181679534060687
11.39	1.6223499109902304
11.4	2.2417909102051556
11.41	2.1329776930402
11.42	0.9074025511803441
11.43	1.8201588031679992
11.44	1.9979089636819058
11.45	2.6095635771019317
11.46	0.9271023615163865
11.47	1.500974140065619
11.48	2.198068623997792
11.49	1.7972744582697806
11.5	1.9276989391699828
11.51	1.838365078435126
11.52	2.296928983198193
11.53	2.872979199998922
11.54	2.948953335207197
11.55	2.3068799125965374
11.56	3.2041511368611544
11.57	2.095741782399679
11.58	2.459418781034612
11.59	2.0395655852710193
11.6	2.4317741537930497
11.61	2.536518630020452
11.62	2.7399756720186152
11.63	2.51875676553801
11.64	3.265600039030531
11.65	3.287294357538885
11.66	2.108105247857291
11.67	2.1066938690127675
11.68	1.9375348440039764
11.69	3.0289416066626633
11.7	3.337326327578783
11.71	2.8077403301191874
11.72	2.527987478843564
11.73	2.08309818269207
11.74	3.35874691557354
11.75	2.370089898550301
11.76	2.5911163644729083
11.77	1.8028920905528776
11.78	2.832622685141155
11.79	2.3699706251021273
11.8	1.4835448440727368
11.81	2.650955679303924
11.82	2.4182236926299945
11.83	2.5254778275580345
11.84	1.2886381409194798
11.85	1.996890401981823
11.86	2.0262259947837618
11.87	1.6908938164063492
11.88	1.9289812084845395
11.89	2.4831461377096926
11.9	1.7099487813574479
11.91	1.7870513046001402
11.92	1.6709024235163563
11.93	2.1796442792916007
11.94	2.3674811707420664
11.95	1.4511191465808206
11.96	1.560531472708105
11.97	1.7831554541614805
11.98	2.3117480853913634
11.99	1.8869212383223888
12.0	2.6380003784927677
12.01	2.7955106713988425
12.02	1.9451998079491055
12.03	1.5242595894220647
12.04	2.2165436387175945
12.05	2.5314553469018835
12.06	2.3877671672557628
12.07	1.0810401645635739
12.08	2.053111984901084
12.09	2.3501237375254456
12.1	2.3760449252878644
12.11	1.3261769910027397
12.12	1.779481409553103
12.13	2.5359422978021144
12.14	2.500729543258671
12.15	2.036999801059876
12.16	0.9567134354434623
12.17	2.3161927477275497
12.18	1.9583734020849681
12.19	2.9401580031815278
12.2	2.7054174676038043
12.21	1.7226666446156778
12.22	1.8047562339687262
12.23	1.8658727005854536
12.24	1.3611036347425438
12.25	2.4748395491781223
12.26	2.412488789432796
12.27	1.831913379762672
12.28	1.4782915126070926
12.29	1.4316048602253213
12.3	2.08639621030548
12.31	1.3499788869830864
12.32	1.7250228607152067
12.33	0.9540369404388531
12.34	1.9326402382799994
12.35	1.3750851893717067
12.36	1.5179833447969417
12.37	1.4971200450738877
12.38	1.7968979557012374
12.39	1.7563015897861622
12.4	1.5596283295208777
12.41	1.2730165559308217
12.42	1.5732637783995558
12.43	1.5946535092671796
12.44	0.3071533923037191
12.45	2.5150890184535153
12.46	1.5003524286905265
12.47	1.953242197559973
12.48	1.5271565879384352
12.49	2.09056823697463
12.5	1.844042689141158
12.51	3.135540828236646
12.52	1.9068297464441086
12.53	1.970184986652662
12.54	1.7122834234531321
12.55	2.009527084751873
12.56	1.7780428056897346
12.57	1.5403401780846968
12.58	2.997605219086041
12.59	1.3678161830814344
12.6	2.3478329293150733
12.61	1.8166768544495495
12.62	2.5633237918391965
12.63	2.5597955461038833
12.64	2.8251554733067192
12.65	2.620230772169338
12.66	2.942026918840267
12.67	3.6574954372000863
12.68	3.1451263930727364
12.69	2.5174551757641908
12.7	3.7224035547703576
12.71	3.278867740189033
12.72	2.580865762707154
12.73	2.149158768288494
12.74	3.6670545756666453
12.75	2.9563733865871353
12.76	3.7709181172631627
12.77	3.0770877436341446
12.78	2.771306206285922
12.79	3.436374642619108
12.8	2.8365222846296057
12.81	3.417221741480958
12.82	4.370409210636931
12.83	3.756036013089429
12.84	3.0434413548859927
12.85	4.191539175195986
12.86	3.3497319387929707
12.87	3.5362853121270827
12.88	3.420035049222067
12.89	4.105590802544673
12.9	3.20878460646911
12.91	3.3653654197375613
12.92	3.3979142408678498
12.93	3.070680567956585
12.94	3.5689759220686823
12.95	2.9364868837336457
12.96	3.0574964870916723
12.97	4.3848444916113
12.98	2.5854101242810454
12.99	3.885794772685373
13.0	3.6843251531827574
13.01	2.664292667448663
13.02	3.4072282251268913
13.03	3.8944332885518262
13.04	3.431367170067301
13.05	2.7416106695876463
13.06	4.240882803255184
13.07	2.4502190542098186
13.08	3.005276940374369
13.09	3.282972365326123
13.1	2.4549574358622563
13.11	3.3226694786493236
13.12	2.1129705315813596
13.13	2.9622166202253677
13.14	2.975626809208289
13.15	3.429002592325716
13.16	3.0479127964581174
13.17	2.038106256921936
13.18	3.572100097681792
13.19	2.5189569490314727
13.2	3.328581957831313
13.21	1.948052405198764
13.22	2.5620194228346467
13.23	1.7344875731471654
13.24	2.5202999920835687
13.25	1.8754551410964866
13.26	2.253865951825656
13.27	1.571294904525748
13.28	2.532902370564961
13.29	2.8778047751798677
13.3	3.1513650900068217
13.31	2.7835621977998857
13.32	3.1275021424315
13.33	2.65917904653914
13.34	2.3650336852525826
13.35	2.0332050948788627
13.36	2.042461446122956
13.37	2.233443545504305
13.38	1.758424465753486
13.39	0.906787865490468
13.4	1.9474701663016822
13.41	2.7731117055306043
13.42	2.5383605024680387
13.43	2.8778392989263892
13.44	2.4846772109387585
13.45	2.110639412212928
13.46	2.1348299198402776
13.47	2.1038219418728996
13.48	2.3223344975774785
13.49	2.5168038596700537
13.5	2.3157417812829797
13.51	1.7353236499008275
13.52	2.5515869007869054
13.53	3.2337611829470116
13.54	2.3095361298736186
13.55	2.6569520187160167
13.56	2.401656132986976
13.57	3.0135840627527277
13.58	2.8707967236876715
13.59	2.7024964416528965
13.6	2.22554167861773
13.61	3.422060317751959
13.62	2.5513599346461824
13.63	2.3442234885274935
13.64	2.574728268405834
13.65	2.2359619566887856
13.66	2.242559724414519
13.67	2.8754118204625176
13.68	2.449660006539344
13.69	2.172259321374468
13.7	2.583771712594473
13.71	2.392887608896131
13.72	2.9275567584548585
13.73	2.2334055991090307
13.74	2.9421415980875834
13.75	2.9075436558907435
13.76	3.839201503739016
13.77	2.3560360603780643
13.78	3.0024439032521317
13.79	2.6772780055874157
13.8	2.503116766414787
13.81	2.687431655928507
13.82	2.078009375240726
13.83	2.426361892215935
13.84	2.4241465286301014
13.85	2.6111873035195594
13.86	2.3200272140821703
13.87	3.286061136797378
13.88	2.6286673693806857
13.89	2.9224166936213356
13.9	2.5517355618691657
13.91	1.536134723812991
13.92	2.7491007943166084
13.93	2.8317331824081045
13.94	2.283980170755172
13.95	2.6717981999554983
13.96	1.4978214929630167
13.97	2.8493777479682194
13.98	2.7664124322938246
13.99	2.2330567832819517
14.0	1.8491883129674263
14.01	1.1039723317024353
14.02	1.255693747129838
14.03	2.206586835934812
14.04	1.5741048672154152
14.05	0.7395076443102426
14.06	2.2412106536856733
14.07	1.5938100528024248
14.08	1.500824067277826
14.09	1.3635925839078455
14.1	1.4810040110787737
14.11	1.1962818034711662
14.12	0.0976562207289049
14.13	1.1076757621036102
14.14	1.740440239157051
14.15	2.7192377482277936
14.16	2.3887833359956296
14.17	1.121530169904124
14.18	1.5267340699366057
14.19	1.3667401163752764
14.2	1.2030035025304344
14.21	2.1154054849423325
14.22	1.0600799026297616
14.23	1.257727286533675
14.24	2.2361039276146575
14.25	2.049031174532036
14.26	0.38437423553238814
14.27	0.7319750452508107
14.28	1.2612929936728727
14.29	1.543609889983523
14.3	1.051206999014743
14.31	1.879668995506067
14.32	0.011690861417656517
14.33	0.7691781929789014
14.34	1.098733805319087
14.35	1.0467673578339975
14.36	1.2459864886168655
14.37	2.040851917360486
14.38	1.2871160832290864
14.39	1.715092975718847
14.4	1.788166521878028
14.41	1.050725342246181
14.42	2.0137656103650308
14.43	0.43500811725337507
14.44	2.2884640191442234
14.45	1.0657933439208462
14.46	2.0504554680386087
14.47	0.9688983886614528
14.48	1.1130627182830723
14.49	0.3767501666667674
14.5	1.7588992807076071
14.51	0.8488490846919065
14.52	2.3173535342461227
14.53	1.937690578793689
14.54	1.611449063716716
14.55	2.2535321571926117
14.56	2.298251198149619
14.57	2.442656770618746
14.58	2.1276342819530676
14.59	1.4473404518840898
14.6	1.7769969195112818
14.61	2.4554810145739037
14.62	1.6660094299323425
14.63	1.5235392555461773
14.64	2.0115379377955893
14.65	1.273215278674789
14.66	2.4986524398985113
14.67	2.031501913160391
14.68	1.971711483601248
14.69	1.9986795731046403
14.7	2.905229683851995
14.71	2.255832134194672
14.72	2.515468741311151
14.73	2.2312448334962522
14.74	1.410163268005828
14.75	2.3119216036575283
14.76	2.1845080764096596
14.77	2.111966921890134
14.78	2.5924764997585465
14.79	2.1899929584900315
14.8	2.4221489520042296
14.81	2.4097074427615017
14.82	2.3613897492071296
14.83	1.8117259860573631
14.84	2.2735779885612692
14.85	3.682549623857882
14.86	2.6194487181137793
14.87	2.3863377805107113
14.88	2.231728802379088
14.89	2.521760787600786
14.9	2.1915114722369657
14.91	1.7355361434019256
14.92	2.6128637492420093
14.93	2.388977811400491
14.94	3.171640833216042
14.95	1.4929757157666668
14.96	1.7787553646138932
14.97	2.324738887513109
14.98	3.1323243522024606
14.99	1.9390291145359466
15.0	1.9593708562669299
15.01	1.400230207179522
15.02	1.64931938996448
15.03	1.5558070053443431
15.04	1.7098324698961143
15.05	1.242401489211617
15.06	1.5069208274844628
15.07	1.0549589789781058
15.08	1.9253767124695886
15.09	1.8504182494630343
15.1	2.733287388527339
15.11	1.5265778661017821
15.12	1.793380106909716
15.13	2.6570939454166287
15.14	0.8737259175102211
15.15	1.3042262096565531
15.16	1.518464384382439
15.17	1.812889547879287
15.18	1.622924464836284
15.19	1.1146049704567285
15.2	1.6216088061115923
15.21	2.362657296809861
15.22	0.8275839806084908
15.23	1.1871685791056539
15.24	1.3213959340528034
15.25	1.1513390713248854
15.26	1.4729416052873137
15.27	1.8492946015242144
15.28	0.911376855973491
15.29	1.9820732709370255
15.3	1.4608807631694694
15.31	1.2606396138583051
15.32	0.3381143685055854
15.33	1.4811591874727734
15.34	0.815117013745892
15.35	0.5530803177323161
15.36	1.2255328895658288
15.37	0.7311567937881213
15.38	0.641004260804567
15.39	1.2101847564678445
15.4	1.4154472793708095
15.41	2.1426924778498746
15.42	1.8696615186250114
15.43	1.357655579512259
15.44	1.4016116151268916
15.45	1.001999561877358
15.46	1.170345481202175
15.47	0.4666591790098482
15.48	1.1660099620101159
15.49	0.8066825607220152
15.5	0.9865477997434129
15.51	0.7396297020750107
15.52	0.5952735052812987
15.53	0.6201650758897602
15.54	0.465415446894859
15.55	0.8008429127679908
15.56	0.8922748253479107
15.57	0.9737475829309852
15.58	1.1483745907751184
15.59	1.79621746635868
15.6	1.2088059010706405
15.61	1.2932985884204151
15.62	1.4127165956063699
15.63	0.42483648169977073
15.64	1.3225355399837604
15.65	0.05820609996575332
15.66	1.0371433768924798
15.67	0.975399949415434
15.68	1.4492703936274132
15.69	1.1066163946780483
15.7	1.2100261655677533
15.71	0.6135557823656221
15.72	1.1560715425968222
15.73	1.4653144537234504
15.74	1.3169141088036829
15.75	1.6937225073551634
15.76	1.6884972092682988
15.77	1.731359954253245
15.78	1.3652637986502816
15.79	1.7188327844161684
15.8	0.6932018707346428
15.81	1.8581674711909644
15.82	2.30950602068728
15.83	1.319031916019679
15.84	1.8978083947612252
15.85	2.416741047485414
15.86	1.5792264375327367
15.87	1.2474327848375342
15.88	1.5632991341583349
15.89	0.5205295699491035
15.9	1.599269424606146
15.91	2.3154872342943342
15.92	2.21197308796455
15.93	1.541807269818328
15.94	1.8295158041698265
15.95	1.744755513736069
15.96	0.6334640284902262
15.97	2.825169162249835
15.98	1.8269076856607565
15.99	2.097585495506853
16.0	1.9578697030077004
16.01	2.269432100819624
16.02	2.052838443505827
16.03	1.458297081547339
16.04	1.6915468963602944
16.05	1.5969595337064195
16.06	0.7084966870772234
16.07	2.252371464084745
16.08	1.5160749488367333
16.09	1.1968220886544998
16.1	2.048092809012224
16.11	1.6897568309755149
16.12	1.20020982464604
16.13	2.051846183186525
16.14	1.528344778642105
16.15	1.7606030635916312
16.16	1.0567689879227684
16.17	2.0739934847173638
16.18	0.7921791846495847
16.19	1.5726954127165136
16.2	1.1081016509099813
16.21	1.964017574117802
16.22	1.5696853569229676
16.23	2.118722687861807
16.24	1.6290915395529917
16.25	2.119720534014623
16.26	1.1263381042614005
16.27	1.7225487909404882
16.28	0.309957489089318
16.29	0.9697278346710465
16.3	1.3244300376674958
16.31	1.298613710759798
16.32	1.0028325685293538
16.33	1.737784734869746
16.34	1.7491841933373073
16.35	1.0651460696419326
16.36	1.4672821290755809
16.37	1.0275430832018888
16.38	0.7997911927387829
16.39	1.9269850033072369
16.4	1.6524674255475706
16.41	0.13439688388157234
16.42	1.4210993599639765
16.43	1.4970847428639087
16.44	0.8340893542881271
16.45	1.5473233629343883
16.46	2.0829205711737044
16.47	1.4081007569312995
16.48	2.1029144393860353
16.49	1.1049948822571267
16.5	2.348427258267267
16.51	1.2194593105509282
16.52	1.0249317901526487
16.53	1.0452340338505615
16.54	0.831537165399094
16.55	0.7827955094792239
16.56	1.104070391166968
16.57	1.9051011320672417
16.58	0.143910947184119
16.59	1.4258202791710128
16.6	0.9268388823467588
16.61	1.4633973427745774
16.62	0.5160390220472352
16.63	1.6545738777832666
16.64	1.6814479773241744
16.65	2.0157977226090416
16.66	1.281554333243747
16.67	0.8210069197135504
16.68	1.159760839994869
16.69	0.545093921449094
16.7	0.787469508698975
16.71	1.5637617213606974
16.72	1.2351594539439614
16.73	1.8861418121963724
16.74	1.7948718352253552
16.75	1.6643894258489647
16.76	1.3932198787991874
16.77	0.3281686637210851
16.78	-0.25167874547569435
16.79	1.3019525645629357
16.8	0.8688314990934882
16.81	1.3215176483543924
16.82	1.2916837830565302
16.83	0.9942546617158536
16.84	1.9420351326718799
16.85	1.1402588447759472
16.86	1.46937582883467
16.87	1.638403405649383
16.88	1.677476261971428
16.89	1.8380862718639337
16.9	1.6392966890696323
16.91	1.9642797186448098
16.92	1.450928857719305
16.93	1.1930303902350237
16.94	1.176237483758469
16.95	2.1636773709398427
16.96	1.6226789403033142
16.97	1.4444035574742649
16.98	1.6634093072527683
16.99	1.5364279739855335
17.0	1.7138343965521061
17.01	1.5479863964245686
17.02	2.1562776459467536
17.03	1.077473007351772
17.04	2.016748223302773
17.05	1.0320767256491261
17.06	1.7114396699048715
17.07	1.2179700690830473
17.08	1.7781184036506725
17.09	1.5831429831903676
17.1	1.545008723426675
17.11	1.2866862340036676
17.12	1.7584812917283745
17.13	2.22540113671711
17.14	2.458127141618879
17.15	1.911782894509875
17.16	2.557849565042459
17.17	2.46946765191413
17.18	1.7269977447687574
17.19	2.2658456022078868
17.2	2.4895739085846347
17.21	2.300571672062065
17.22	1.5395949694179087
17.23	2.4363210735659355
17.24	1.4245908858140184
17.25	2.1255789796660913
17.26	1.261873720128793
17.27	1.9477098494495535
17.28	2.4917591297129422
17.29	1.6445288460879153
17.3	2.3261897156764157
17.31	2.660988112216349
17.32	2.8347491370085196
17.33	2.6972635031239722
17.34	2.3757467023074725
17.35	2.53843602775103
17.36	1.5670543856541783
17.37	3.1441070410258156
17.38	2.285697119982708
17.39	3.045351459346732
17.4	2.240559512309227
17.41	1.8834615709573996
17.42	2.495084748182249
17.43	3.059417437299383
17.44	2.094228876893608
17.45	3.192901576261642
17.46	2.974932129693501
17.47	3.02944062350858
17.48	2.766101460241381
17.49	2.4386379613980194
17.5	3.0899301337933305
17.51	3.811005360114785
17.52	2.925322151002756
17.53	3.48988862223062
17.54	3.9203840265895007
17.55	3.6461443973188885
17.56	3.0297916235978426
17.57	3.521198165417867
17.58	1.7837784149907987
17.59	3.69944448888731
17.6	3.7341718132564585
17.61	2.735141148702666
17.62	4.196907334795373
17.63	3.156639391862416
17.64	3.2235269842486924
17.65	4.346828863591065
17.66	3.9875674178828246
17.67	3.8249546328307806
17.68	3.858273703839794
17.69	3.857946165752271
17.7	3.6358330353415007
17.71	3.3305651318716514
17.72	3.4727398553765494
17.73	3.9889171080935775
17.74	3.839681715073449
17.75	3.696543117153925
17.76	3.526724999352484
17.77	4.114906871413787
17.78	4.277734479209639
17.79	3.3921164226037126
17.8	4.16377882689545
17.81	4.322504237443638
17.82	3.965411837005133
17.83	3.7874206500403793
17.84	3.0906873999525235
17.85	4.256357972315391
17.86	5.100302297424648
17.87	5.267600631647383
17.88	4.456620248275736
17.89	4.528022453831883
17.9	3.2843772692600455
17.91	4.809667362504975
17.92	4.4267309277756555
17.93	3.9988864277337015
17.94	5.364561190070906
17.95	4.589294630559333
17.96	4.45299053706985
17.97	4.053286019265541
17.98	4.560408437213782
17.99	4.789451984119121
18.0	4.633812058934896
18.01	5.266621128749626
18.02	5.149291742410168
18.03	5.410253085841962
18.04	4.795875226387975
18.05	4.956613647771921
18.06	5.0232211560046025
18.07	4.727498167594795
18.08	4.634391720234359
18.09	4.967766978356531
18.1	5.402414715407146
18.11	4.273671419638771
18.12	4.156119464214788
18.13	4.286254365487185
18.14	4.860059813524204
18.15	4.562412397175074
18.16	4.1237387362132605
18.17	4.164695089623743
18.18	5.36097780473924
18.19	4.8133544529852
18.2	5.0539517905520945
18.21	5.241513622864229
18.22	4.881654875710472
18.23	4.638849019126032
18.24	4.115328465494464
18.25	4.974005278748203
18.26	4.519588134893085
18.27	3.699044846219183
18.28	4.380343988326482
18.29	4.764820915683375
18.3	3.5572766658431476
18.31	3.802355482648865
18.32	3.1124746478265193
18.33	4.327166809463765
18.34	3.5703155964540763
18.35	4.231714939279876
18.36	4.705742582209758
18.37	3.7432158045537256
18.38	4.091935026195329
18.39	4.898095999455792
18.4	3.6232822668218043
18.41	3.205020352368167
18.42	4.744003921456281
18.43	3.6925716905391317
18.44	3.8277218972599836
18.45	3.2998768404564967
18.46	4.093938351210903
18.47	4.350507146384344
18.48	3.944821998406848
18.49	3.3773435199126927
18.5	3.3181339177221214
18.51	2.7942163317375526
18.52	3.184174787207069
18.53	3.3957936841929
18.54	3.5485554688758727
18.55	2.938432879960204
18.56	3.547230217951765
18.57	3.033614628052788
18.58	4.083589544008687
18.59	2.8348829437913605
18.6	2.724883864640663
18.61	3.579872730702256
18.62	2.1300296105016843
18.63	3.7061456468215557
18.64	2.745099492599853
18.65	2.674680669153325
18.66	3.0237475854400824
18.67	3.7464218275525667
18.68	2.1430880281422047
18.69	1.9972089825349346
18.7	2.826969303520094
18.71	3.186716598970361
18.72	2.2578441470334685
18.73	1.74992460568631
18.74	2.8926872748548416
18.75	1.712640934229396
18.76	2.740066238365849
18.77	3.288637478306298
18.78	1.8430722538252517
18.79	2.783389259953511
18.8	1.1874997133868799
18.81	2.337948305809509
18.82	1.5270442385352
18.83	3.1686831147504213
18.84	3.5593488135551095
18.85	3.0901100663161634
18.86	2.412649323254547
18.87	3.0647350138460907
18.88	2.294453579459822
18.89	2.802386580334143
18.9	2.615704577289296
18.91	2.1533495257228834
18.92	2.6667649156749027
18.93	2.6462370633135337
18.94	3.4153549325761063
18.95	3.022426670106034
18.96	2.655936313218331
18.97	2.9075015564010407
18.98	3.169763443538868
18.99	2.390226225644536
19.0	2.907977557483241
19.01	2.367439536477491
19.02	2.3428684954231116
19.03	2.8064050765975925
19.04	3.9572687130206523
19.05	3.037578834105325
19.06	3.0368555694633033
19.07	2.641754248641607
19.08	2.1204341098438158
19.09	3.1288782926918626
19.1	1.245940296420173
19.11	2.9750440837585495
19.12	3.1400543301915396
19.13	3.1526874923300237
19.14	2.21965329052391
19.15	2.2387348804902283
19.16	3.087337772086306
19.17	2.2959665909031033
19.18	2.77588717656026
19.19	2.5384129383368186
19.2	2.7441603735531417
19.21	2.1452037214183983
19.22	3.147854546443427
19.23	2.7538104589135015
19.24	2.744024246288939
19.25	2.861216633436919
19.26	2.5677303052766827
19.27	3.387806156617166
19.28	2.5944925449489147
19.29	2.2571405113244802
19.3	2.5002095853996584
19.31	3.094858249951741
19.32	2.907311332375241
19.33	2.571422310786141
19.34	2.5121651430630907
19.35	1.3047498281333871
19.36	2.6313436161527215
19.37	2.7436402865403977
19.38	2.5172925973165974
19.39	3.075632791450564
19.4	3.1654107086727583
19.41	3.3068573498285017
19.42	2.9929086619760366
19.43	2.53141709626249
19.44	2.9372851036513006
19.45	2.0283840766242496
19.46	1.5888077346260017
19.47	2.475804116729053
19.48	3.638463486391945
19.49	2.9166395299419596
19.5	2.803954310962144
19.51	3.6776979968099943
19.52	2.6825948862305675
19.53	3.8149299983960385
19.54	2.912527879630578
19.55	2.75860248502676
19.56	3.47679793402337
19.57	3.728361453353832
19.58	3.2137595210835874
19.59	2.5271156615076857
19.6	3.2028714772894937
19.61	4.013032479671465
19.62	3.7245140677997792
19.63	2.7834266841099087
19.64	3.4746377935378256
19.65	3.5115629793491636
19.66	4.7758436149613965
19.67	3.127856824908914
19.68	2.6446656109075186
19.69	3.8990049557962854
19.7	3.1410949971424063
19.71	4.3594036298167325
19.72	3.414923047042807
19.73	3.8326833947604926
19.74	3.4037347935545226
19.75	3.9121368963213796
19.76	3.8284511669401198
19.77	4.028602290761239
19.78	4.618692135527487
19.79	3.271874306430616
19.8	3.4053694200957736
19.81	4.356503042103638
19.82	3.3581816592681166
19.83	3.2605934190692762
19.84	3.8599409497230557
19.85	3.82035805974565
19.86	3.4301594884256947
19.87	3.0516297051279615
19.88	3.3846290382003166
19.89	4.239563756903204
19.9	2.9933870421704345
19.91	4.206578891000964
19.92	2.982687180361594
19.93	3.9530583927634773
19.94	3.2736117354320706
19.95	3.2845116298025667
19.96	3.1267904514756437
19.97	3.043890549020003
19.98	3.0023980940203794
19.99	2.4404686580223616
20.0	3.580679494925087
