10.01	10.598134603466931
10.02	9.429350457295815
10.03	8.365288338280594
10.04	7.895524394239811
10.05	8.907088402152155
10.06	7.785691575356119
10.07	7.649191343138517
10.08	6.621577020722198
10.09	7.442099324416621
10.1	5.149253660757116
10.11	6.087254483194753
10.12	5.692269467512276
10.13	4.893135252626273
10.14	3.5256463271159935
10.15	4.000716174337074
10.16	3.750415426557086
10.17	3.340466348481167
10.18	3.9445203773028927
10.19	2.8787516966908773
10.2	2.4162046451914208
10.21	2.960206186518828
10.22	2.1874374495528723
10.23	3.3112235580973572
10.24	2.8429666112953242
10.25	2.219053924689438
10.26	2.429368740940038
10.27	1.0915634064641884
10.28	3.250637119523195
10.29	3.2571492686209367
10.3	3.192690080371907
10.31	1.7494587718693249
10.32	2.187805030830316
10.33	2.3271044841168558
10.34	3.4522312063078693
10.35	3.55407734525504
10.36	2.4133553290797183
10.37	2.6366123315064107
10.38	2.374047979321806
10.39	3.5398812610170474
10.4	3.5663066404411468
10.41	4.515506062541027
10.42	4.13924528653105
10.43	4.773779280284743
10.44	5.075381435778217
10.45	4.547115809676351
10.46	4.821967646556296
10.47	5.745237674010114
10.48	6.948149626558899
10.49	6.282870385444201
10.5	7.28379186412348
10.51	6.528163219781281
10.52	8.470332690129926
10.53	7.917719062620054
10.54	8.660686030676185
10.55	8.513634364837571
10.56	9.211774518136636
10.57	10.13511026393422
10.58	10.062667981467564
10.59	10.21899153697681
10.6	11.039871719772954
10.61	10.250420543339617
10.62	10.850079314978856
10.63	10.740159387176142
10.64	10.94170151695466
10.65	12.165853342788491
10.66	11.73684985382548
10.67	12.182379793132931
10.68	12.27326144782842
10.69	12.564010956974071
10.7	12.971013712557314
10.71	11.86299005293714
10.72	13.145444964493707
10.73	12.213403714901997
10.74	11.56239135295236
10.75	11.475856123928356
10.76	11.343892260755847
10.77	10.509887181459856
10.78	11.731655202271817
10.79	9.879708549128601
10.8	11.126059522730248
10.81	10.063356733588682
10.82	10.491786267379076
10.83	9.048063357231246
10.84	9.533473553390195
10.85	8.715276077175892
10.86	9.160371242095426
10.87	8.57796562445671
10.88	7.310386756055618
10.89	6.999713102695333
10.9	6.931477646376955
10.91	6.2154412567627455
10.92	5.366944076407612
10.93	6.8520974898459865
10.94	5.114965807079621
10.95	4.815407895299312
10.96	4.418168526555936
10.97	4.947280914745264
10.98	4.30116908118017
10.99	3.456009815678986
11.0	4.854984884715661
11.01	4.101698552057188
11.02	2.7319064127920236
11.03	2.6243437021916716
11.04	3.3035056446567665
11.05	3.620962566162507
11.06	2.6602422744952934
11.07	2.874864097304873
11.08	3.2016804870014117
11.09	2.732829583253867
11.1	2.857064806608033
11.11	3.5207422819946963
11.12	2.15197082109058
11.13	3.5187396959484794
11.14	3.428474917236062
11.15	3.861788112324469
11.16	3.543932059222329
11.17	2.8792694123278615
11.18	3.8108245666022698
11.19	4.992863156238909
11.2	5.21109687338136
11.21	4.733570798069253
11.22	4.7568352540847165
11.23	5.654297437204381
11.24	7.101691097514781
11.25	6.416782803642462
11.26	7.091932662661802
11.27	6.064281439815579
11.28	8.02355725488626
11.29	6.979707014424034
11.3	7.8488880194152655
11.31	8.587778763286035
11.32	8.861853901285414
11.33	9.758783542080486
11.34	10.106003635871444
11.35	9.897742719547434
11.36	9.77614416198586
11.37	10.46952301800273
11.38	11.329814500756632
11.39	11.192414256488554
11.4	11.46937453116019
11.41	11.691162753410925
11.42	11.771194506390021
11.43	12.026705007267713
11.44	11.70614502669002
11.45	12.72989307612803
11.46	11.775076631138166
11.47	11.591012383491575
11.48	11.892286608863426
11.49	13.552450121654154
11.5	12.478690269530917
11.51	12.395743004672617
11.52	11.657982186683352
11.53	12.07688470711262
11.54	11.14947282551171
11.55	10.634267026292388
11.56	11.730731567661621
11.57	10.05941593015872
11.58	10.176554538240982
11.59	10.443494679561358
11.6	9.447159170586945
11.61	8.283625839274329
11.62	8.240611022411857
11.63	7.874850558208828
11.64	7.827462343916897
11.65	7.251020552286628
11.66	6.530611291815649
11.67	5.565987347118917
11.68	5.714760880856885
11.69	5.3361235569466965
11.7	5.259526217195328
11.71	5.29374664280426
11.72	4.3877896647270855
11.73	4.150307620903882
11.74	3.416437642554631
11.75	3.1622497711483324
11.76	2.4901928969746323
11.77	2.7458986631645654
11.78	2.4937035080625107
11.79	1.9104218068662717
11.8	1.6198536453742616
11.81	2.425455140659651
11.82	1.8178617256081906
11.83	0.9581001113701489
11.84	2.0343221634037376
11.85	0.6900575738792735
11.86	1.423949973911086
11.87	1.9887698894141606
11.88	0.8014689710714649
11.89	1.2295540675048757
11.9	1.3485347698784635
11.91	1.4295343462541594
11.92	1.8513052761847892
11.93	1.8967142306986864
11.94	1.8468419171758972
11.95	2.584796051550792
11.96	3.2520721613432206
11.97	2.5400097746792647
11.98	3.203778396125471
11.99	3.586982008563523
12.0	3.8970051543287805
12.01	5.4199653340398966
12.02	4.529751787908658
12.03	5.361485868578979
12.04	5.436455832401899
12.05	5.950601639781845
12.06	6.033775920670069
12.07	5.521682575533574
12.08	7.374800499920817
12.09	7.302058958295724
12.1	8.042639045972651
12.11	8.089411413143182
12.12	8.130342366957928
12.13	8.315970350530268
12.14	8.355879427590764
12.15	8.977372187481137
12.16	9.588730361741796
12.17	9.61581883384451
12.18	9.662787191588706
12.19	9.580358956330826
12.2	9.860705050501663
12.21	8.740537600790335
12.22	9.832427282279795
12.23	10.057929446911867
12.24	10.251532585509779
12.25	10.052154891498722
12.26	9.311792138059964
12.27	8.941381017793029
12.28	10.215014374579335
12.29	9.560734632328375
12.3	9.098130819388825
12.31	9.015268014483132
12.32	8.923619346120116
12.33	8.877910581367004
12.34	8.526231644697107
12.35	8.08425675594211
12.36	6.588425414986515
12.37	6.434297846800856
12.38	6.496247323375193
12.39	5.8302699197146906
12.4	5.265016698602727
12.41	5.005061619804342
12.42	4.87126850339505
12.43	5.19297429930591
12.44	4.3033176220263485
12.45	3.406213750877503
12.46	3.274398863578302
12.47	2.8368859502428267
12.48	2.8889236102297184
12.49	2.6798377734952834
12.5	1.2956991919814924
12.51	1.701939752103073
12.52	0.9693363715811725
12.53	1.0066064070916252
12.54	-0.41061286153209264
12.55	1.8596464152194243
12.56	0.5201777825865819
12.57	1.5337992741659239
12.58	0.21874376270791768
12.59	1.13783639065805
12.6	0.07794147741176091
12.61	0.04785462595209548
12.62	-0.5125603330624013
12.63	0.15136056796975547
12.64	0.34592041400593043
12.65	-0.16267247033002674
12.66	0.5300980284336431
12.67	0.4039813459246414
12.68	1.3109267464471746
12.69	0.595523565402711
12.7	2.154332518010244
12.71	0.5867806557384827
12.72	0.7201090366891764
12.73	1.5263391606687726
12.74	2.5045757929253414
12.75	2.6478892579815803
12.76	3.214534528408273
12.77	2.8706394198265066
12.78	3.556365748906279
12.79	4.049070786212589
12.8	3.9953322773674116
12.81	3.985227805966874
12.82	4.855509841605849
12.83	4.745295757659772
12.84	5.922636865511103
12.85	5.84019417793305
12.86	5.718969603805855
12.87	7.335928855496252
12.88	8.366722579926492
12.89	7.815858469761923
12.9	7.183725203684715
12.91	8.686971241185034
12.92	8.66373281891528
12.93	9.19831607543168
12.94	9.68451412196488
12.95	8.610547561532318
12.96	10.661097008595586
12.97	10.56007679971153
12.98	10.251402014737298
12.99	9.960690649892099
13.0	11.181769129452789
13.01	10.81178428930253
13.02	10.353944950249591
13.03	8.839665795518892
13.04	10.511184353118704
13.05	11.130289614940805
13.06	10.556114447510964
13.07	11.005280878715107
13.08	9.873067893776103
13.09	9.681967277074339
13.1	8.6726250652716
13.11	8.56868077988537
13.12	9.177205285673502
13.13	8.109076543987639
13.14	8.518128249105972
13.15	6.6864771458347665
13.16	7.09624243784333
13.17	6.554040149624561
13.18	6.02489940525986
13.19	6.528611667049511
13.2	5.688669901396036
13.21	6.25528812395919
13.22	5.030158938730314
13.23	5.493900658839307
13.24	4.0651913951718734
13.25	4.130746287616037
13.26	3.429433128060672
13.27	2.815484155107116
13.28	2.148405108749416
13.29	2.7636256896428426
13.3	3.128121949223818
13.31	2.500495534742937
13.32	1.6993276007896023
13.33	2.3484238176368475
13.34	2.1459066565222624
13.35	0.6001845767393249
13.36	0.7946022195850067
13.37	0.4981098184023012
13.38	1.6089141397083764
13.39	1.6868912681783923
13.4	1.397098778193817
13.41	2.488076000492047
13.42	0.7489492751613087
13.43	1.6537775986753647
13.44	1.4921983706625612
13.45	1.9130266475893807
13.46	2.8954069393400452
13.47	3.227703735575771
13.48	2.6949469917031004
13.49	2.9193535153101675
13.5	3.1392319988941026
13.51	3.1540915329007975
13.52	4.182533009901292
13.53	3.6327413795101693
13.54	4.276512382023826
13.55	4.641933042717359
13.56	4.216620871876155
13.57	5.935489968288664
13.58	6.116702793761323
13.59	6.404573710193994
13.6	6.118806305542685
13.61	7.016308153479275
13.62	7.661052357597115
13.63	8.717781496944472
13.64	8.703808844159415
13.65	8.637153336223896
13.66	8.473873651060842
13.67	8.55949363203986
13.68	8.601961337310497
13.69	8.481888333008646
13.7	9.56881767581173
13.71	9.886543322101796
13.72	9.255575613246426
13.73	8.71418084104405
13.74	9.287794594766352
13.75	9.69337849099968
13.76	9.678267360644497
13.77	10.648857456984793
13.78	9.111972612073107
13.79	8.85298776127562
13.8	10.2601508172657
13.81	8.355245807100017
13.82	9.593637416220922
13.83	8.748484590528442
13.84	8.74555436617974
13.85	8.502693440722547
13.86	7.341815379583294
13.87	7.781152471959039
13.88	7.4315992232200605
13.89	5.650753310712958
13.9	6.363595869632993
13.91	6.489514241840549
13.92	5.259769189303162
13.93	5.974447625368161
13.94	5.813102472302495
13.95	4.054064294398445
13.96	4.533671838892965
13.97	5.161409348716362
13.98	2.4878645478407933
13.99	3.1792511313691447
14.0	3.480741151303117
14.01	2.661158417961694
14.02	2.8399315742293774
14.03	2.3615472468202556
14.04	1.4481329660333189
14.05	2.3347980242827835
14.06	2.2922679510406425
14.07	2.0041267309263873
14.08	1.401435536112705
14.09	1.9260501806173147
14.1	2.27820319096349
14.11	0.8137575535308881
14.12	2.0085017489760446
14.13	0.9627147915258708
14.14	0.7887358313870159
14.15	1.8546850030980593
14.16	1.5456699630016824
14.17	0.9415657494411778
14.18	1.5566552927462138
14.19	2.5389098232956706
14.2	2.9891974926005505
14.21	2.392076588222591
14.22	3.092557466402916
14.23	2.5232102596708854
14.24	2.8211260029733545
14.25	3.5002074197981927
14.26	4.07487966178222
14.27	4.257813295377839
14.28	4.65683343987353
14.29	5.37842480468865
14.3	6.162223456955359
14.31	4.9189282433370884
14.32	6.875896006158077
14.33	5.82302122387781
14.34	5.854584764486136
14.35	7.668820825188489
14.36	7.295362504750035
14.37	7.679157622459556
14.38	8.12082070164918
14.39	8.469258075775075
14.4	8.09550181401896
14.41	9.022443924683511
14.42	9.33307643307619
14.43	8.661897561259266
14.44	9.903704511683653
14.45	9.834568350713457
14.46	9.798897850030613
14.47	8.908579017122115
14.48	9.101418716192637
14.49	7.813741273779428
14.5	8.792894396479275
14.51	8.659521304114085
14.52	8.688470130964358
14.53	9.608313557099903
14.54	9.920544662774427
14.55	8.363284513371193
14.56	7.19651859601499
14.57	8.86670923417503
14.58	7.484860842863396
14.59	7.309524370461382
14.6	6.432989672763485
14.61	5.754677528181319
14.62	6.017881878799124
14.63	5.8389573586725625
14.64	5.4709613198089135
14.65	6.232525009754685
14.66	4.805409609289766
14.67	5.822833574366635
14.68	3.39890972246283
14.69	3.591197946585087
14.7	3.9029273045167927
14.71	4.023297703929532
14.72	3.948281565158964
14.73	4.492332954229528
14.74	3.4048030533572122
14.75	2.013579134290606
14.76	3.3560942995905316
14.77	2.483424796278496
14.78	1.8352044519626487
14.79	1.9211871260366673
14.8	1.6737169765054027
14.81	2.235643401458626
14.82	1.4658938784874624
14.83	1.3930789137306734
14.84	3.2205026743859166
14.85	2.0056612279487434
14.86	2.826203407104805
14.87	1.0586062604192765
14.88	1.8306171722577032
14.89	1.5575399345518752
14.9	2.802942694478498
14.91	3.130759495885038
14.92	3.5605419341293185
14.93	3.213888620842312
14.94	4.208631670746198
14.95	3.817201228391511
14.96	4.177484314110724
14.97	3.6880064588849857
14.98	5.265396250737927
14.99	5.5340560668725525
15.0	5.6389367514387
15.01	6.984524645723974
15.02	6.204726905171931
15.03	6.895821421684782
15.04	8.016715952035796
15.05	6.900650469779393
15.06	7.7495700109215
15.07	8.185092155477813
15.08	8.472841432898688
15.09	8.570010975012352
15.1	8.990717066550934
15.11	9.00069623011015
15.12	9.0801420254003
15.13	9.624219068823704
15.14	8.908659464143135
15.15	11.446070894025901
15.16	10.572421088987777
15.17	10.176678367485142
15.18	10.55874984194152
15.19	10.668210693925694
15.2	11.720420227561169
15.21	10.592881112763795
15.22	11.103761243095816
15.23	10.329444883386708
15.24	10.652682766574252
15.25	9.793661049146094
15.26	10.42263048065391
15.27	10.682841012463065
15.28	9.970810303451781
15.29	10.205507891275651
15.3	10.193867014014879
15.31	11.23043859638936
15.32	11.152753404965694
15.33	9.91714676188721
15.34	9.796471608025387
15.35	10.902761474766015
15.36	9.929833016959027
15.37	9.284826070232725
15.38	9.06290273911973
15.39	8.805092720015212
15.4	9.43502581746102
15.41	8.019301736927947
15.42	7.763130195890695
15.43	7.576540901135387
15.44	8.117517137469607
15.45	6.940734624677374
15.46	6.52607141322105
15.47	5.951963738778388
15.48	6.280338036562566
15.49	4.887572016101452
15.5	5.385905831052968
15.51	4.159444675988896
15.52	3.0422374928121765
15.53	4.332477708596764
15.54	4.134309137766779
15.55	2.9780119271843186
15.56	1.6946631968154315
15.57	2.4583859172955203
15.58	2.1908428035032617
15.59	1.6053290169497192
15.6	1.5161856984834234
15.61	2.0927771841904828
15.62	-0.13362913281368893
15.63	0.4919349211108975
15.64	1.1861501582019587
15.65	0.054463078325728664
15.66	0.2843667592510417
15.67	0.5398539103311557
15.68	1.060048492033092
15.69	-0.00793203674433966
15.7	1.4605370139590985
15.71	0.27720877628591833
15.72	0.6943707761625443
15.73	0.22729978720783223
15.74	0.30553264561191956
15.75	0.7922418163840013
15.76	-0.04825527886701236
15.77	1.4578234003742494
15.78	1.291752078465104
15.79	1.228912506258216
15.8	1.4778601941412475
15.81	1.2250285783758046
15.82	2.4732951435718986
15.83	2.9294721948107774
15.84	2.507927268743818
15.85	3.7321781113132646
15.86	2.298492176751508
15.87	2.702850773442558
15.88	3.8528182146427716
15.89	4.3598279938485
15.9	4.42917269988402
15.91	4.592826495706377
15.92	5.647211514839
15.93	5.846437630157743
15.94	6.178460028477369
15.95	5.749597271536746
15.96	6.883057293681121
15.97	6.976265843660332
15.98	6.727710462567756
15.99	6.985948961035094
16.0	7.989915133973527
16.01	8.361313198170981
16.02	8.480097338222345
16.03	8.432300072882382
16.04	7.993334007138572
16.05	9.054195406113303
16.06	8.369951292249633
16.07	8.712549681991081
16.08	9.842660652313484
16.09	8.62362656439459
16.1	9.941194551450915
16.11	8.962553235778854
16.12	9.234021141339172
16.13	7.994260986797182
16.14	8.630228700013019
16.15	9.551144560918408
16.16	8.53255334432686
16.17	8.65229294272911
16.18	8.176242467362599
16.19	8.504622824292232
16.2	6.962571912034709
16.21	7.529893580744674
16.22	7.316030971618294
16.23	6.214581844410518
16.24	5.723851359203556
16.25	6.422887062960531
16.26	5.7752029361676325
16.27	5.476386344364459
16.28	4.788022472227759
16.29	5.505119559047128
16.3	4.919026486178372
16.31	3.37192316242961
16.32	4.228267208927882
16.33	3.131362697136346
16.34	3.07649871173361
16.35	3.1454226385333466
16.36	3.3359446383172715
16.37	1.2549685602727236
16.38	1.1821855621069721
16.39	0.7190468365071387
16.4	1.4070876841388076
16.41	1.5746208862970323
16.42	0.9224484841360172
16.43	0.9602321616894285
16.44	0.8841434682562822
16.45	1.0929029847078535
16.46	0.8553477729758192
16.47	1.3389838893314132
16.48	0.10069339153872015
16.49	0.8609533580504305
16.5	1.7098153229437196
16.51	2.0685940035268233
16.52	2.117362126582031
16.53	1.6639814756288476
16.54	2.230673963099449
16.55	2.149593477731149
16.56	2.5355938064792984
16.57	4.295724086329131
16.58	3.1399820400393508
16.59	4.092570159257454
16.6	4.086890327369107
16.61	3.9386822227097213
16.62	4.683560930193805
16.63	4.817624787197705
16.64	5.491979693763501
16.65	6.098178848556517
16.66	6.169216661619652
16.67	6.4634501069271035
16.68	6.091784126225186
16.69	6.462173882228033
16.7	7.4639928382294265
16.71	7.694135954210952
16.72	8.10023958303832
16.73	8.18976587076186
16.74	8.430450876460387
16.75	8.211031332124879
16.76	9.13002149414796
16.77	8.695788691795327
16.78	10.348773399676128
16.79	9.930239385051058
16.8	8.550141809407322
16.81	9.32587151267947
16.82	8.721807745214159
16.83	9.703689337381238
16.84	10.189363819243013
16.85	10.54798317015124
16.86	9.863603442372014
16.87	10.04370861389152
16.88	9.33774969633537
16.89	9.74395611083658
16.9	9.067640959596387
16.91	9.822289808875148
16.92	9.735842253432116
16.93	8.42327966756627
16.94	7.949961610321243
16.95	8.77385120051776
16.96	6.913344079571064
16.97	7.483879679984812
16.98	6.988396344764697
16.99	6.814152757228805
17.0	5.789920764883085
17.01	6.066126515012425
17.02	5.8877163743268985
17.03	6.33150155229118
17.04	4.254194374528246
17.05	5.175615843494415
17.06	4.1905042612082335
17.07	3.476496255206964
17.08	3.449982724276712
17.09	2.8283737913281923
17.1	2.497860305842361
17.11	2.705732524381731
17.12	2.487530107477236
17.13	2.3390881832363966
17.14	2.5303721675045967
17.15	1.5246195257698556
17.16	1.4749572823759847
17.17	2.5016273722608657
17.18	1.5646774859639243
17.19	1.988392014281631
17.2	2.406696775212216
17.21	2.650223920502805
17.22	1.9436277811773013
17.23	2.323953706187783
17.24	2.868821560281235
17.25	2.1532544644316616
17.26	2.3489396172895427
17.27	2.546723344971381
17.28	2.928874868152736
17.29	1.658068877564693
17.3	4.347251153591351
17.31	3.8147431453319007
17.32	3.316226208237394
17.33	4.630865368193139
17.34	5.11327707074359
17.35	4.765947438529018
17.36	6.152590667860095
17.37	6.4674149723790375
17.38	6.711553920791245
17.39	6.16827897550238
17.4	6.0941431118084095
17.41	6.299341286422931
17.42	7.662110722349453
17.43	6.924823271314688
17.44	7.678821970841872
17.45	8.561083378935969
17.46	9.089103340264582
17.47	8.543353333540816
17.48	9.497333777988104
17.49	9.52856258598943
17.5	10.147870914568852
17.51	10.807760190540868
17.52	10.626411822374148
17.53	9.237946404716663
17.54	10.571500872562469
17.55	10.152157964638556
17.56	10.56217887427103
17.57	9.821196364965004
17.58	10.665917673165815
17.59	9.63451082513681
17.6	9.655812077761352
17.61	9.08504859077378
17.62	10.068698776979158
17.63	9.14371816067136
17.64	8.970897929945071
17.65	8.624599943563831
17.66	7.382177931026286
17.67	8.869332728268043
17.68	7.380231255665829
17.69	6.7775901123109605
17.7	5.470211227423441
17.71	6.849435125981457
17.72	6.020779915462325
17.73	5.983369937055973
17.74	5.377589964881261
17.75	5.307227466030744
17.76	5.245190573501441
17.77	4.299911828232268
17.78	2.5028399259870184
17.79	3.072323696239327
17.8	3.1636042040636196
17.81	2.730304285966366
17.82	2.138956727713593
17.83	2.372214972910671
17.84	1.4674299900166545
17.85	0.9865486233691777
17.86	1.6638894193243683
17.87	1.326381354504532
17.88	0.24235008401902858
17.89	0.7060965922276176
17.9	1.0714402069097808
17.91	0.910180369786614
17.92	0.11111823520257319
17.93	0.9887692073115304
17.94	0.5445032128271783
17.95	0.10552242301953096
17.96	1.1562857824452757
17.97	0.8965270389516252
17.98	1.0216461843113376
17.99	1.0893209041698722
18.0	1.2661973282260093
18.01	1.2935828665497637
18.02	2.4006076509433236
18.03	1.9711759849091426
18.04	1.672477772971027
18.05	2.057913504953679
18.06	3.029382476079598
18.07	3.9807698873695343
18.08	4.4504865275629255
18.09	3.263034607365359
18.1	5.296745987252108
18.11	5.327166116176064
18.12	5.66175251267047
18.13	6.103798447282756
18.14	5.805335210821478
18.15	6.301852599654384
18.16	6.363270351892037
18.17	7.163297958625245
18.18	7.36182261375573
18.19	7.943484616415527
18.2	9.273051275872229
18.21	8.179718907763716
18.22	8.503889266750344
18.23	8.73549410847594
18.24	9.3948858867159
18.25	9.409182510862182
18.26	8.582764410892716
18.27	8.99761145589426
18.28	9.144760495561064
18.29	9.88717335595592
18.3	10.014273391711107
18.31	9.56823547857652
18.32	8.776571202406434
18.33	9.784854939174803
18.34	9.871629478113631
18.35	8.483178041978173
18.36	8.333912166513405
18.37	9.231548900004412
18.38	8.57259693401636
18.39	8.394374324523627
18.4	8.640171068216514
18.41	8.604617148881514
18.42	6.917837426880627
18.43	6.04712086488209
18.44	5.173319319942285
18.45	5.427727760627446
18.46	5.489626667925659
18.47	5.20686133995808
18.48	4.708607926753587
18.49	4.229225523321169
18.5	3.5699531067570804
18.51	3.498907606910727
18.52	2.8317824350349365
18.53	3.308335730271152
18.54	3.022359272156896
18.55	3.261377914597028
18.56	3.0330401981086967
18.57	2.1166548309505187
18.58	1.2632278688179184
18.59	1.2156458877325222
18.6	1.0582431258209979
18.61	0.9857015499938054
18.62	0.5803369170689198
18.63	2.7909287453869998
18.64	1.3427781977447677
18.65	0.15391693209264345
18.66	0.020773648550503343
18.67	0.08006846156425484
18.68	0.40490465252516905
18.69	0.7124063825072673
18.7	0.99117778065639
18.71	0.8526831174690159
18.72	1.3233791437616038
18.73	1.4905722664698402
18.74	1.4706286116833083
18.75	1.4912233681160116
18.76	1.445426136909549
18.77	1.880559379210604
18.78	1.9524882890725193
18.79	3.26291287853837
18.8	2.7563806915952154
18.81	2.9640604389449234
18.82	3.7663078793819746
18.83	3.5654425735827067
18.84	5.216319885629701
18.85	5.221808000867508
18.86	5.243720187905306
18.87	5.896721250718726
18.88	6.254210171072524
18.89	7.3691060935714905
18.9	5.288684615243868
18.91	7.1165462496724174
18.92	5.698604115600656
18.93	6.844353300202041
18.94	8.224065175156344
18.95	7.635587597832713
18.96	9.1326634591803
18.97	8.201168085963547
18.98	8.753835782264236
18.99	8.661441894810178
19.0	9.656023950506206
19.01	9.479698839993555
19.02	8.268868049207716
19.03	10.17268144740485
19.04	10.03479569308246
19.05	10.82142985721299
19.06	10.577373812401246
19.07	10.287090628737948
19.08	9.85346320909127
19.09	9.882843212747966
19.1	9.999452530814743
19.11	9.847268885189703
19.12	9.459624099447636
19.13	8.868759066390288
19.14	9.575447862875626
19.15	9.21499614224637
19.16	8.354010784266169
19.17	9.920733171177798
19.18	9.516617981712374
19.19	9.286386686331857
19.2	7.872894072485982
19.21	6.65844399823375
19.22	7.312999822882472
19.23	7.802451833297254
19.24	7.637188035226675
19.25	7.232772062157184
19.26	6.5606597434553
19.27	5.242110713980839
19.28	6.252671487474907
19.29	5.8547908584651625
19.3	4.696476377558278
19.31	3.5132114663348037
19.32	4.218246514359638
19.33	4.18521566179107
19.34	3.1588893391249524
19.35	3.578329715040558
19.36	3.686085049190347
19.37	1.8670562021651051
19.38	2.4654012910812257
19.39	2.0006752019956497
19.4	2.689773777014885
19.41	2.767750753188544
19.42	1.600095077605594
19.43	2.4859335744025364
19.44	2.4683395932827374
19.45	2.6662346395264755
19.46	2.6188500688699365
19.47	3.055774990439171
19.48	2.5501469411778044
19.49	2.8969453551784805
19.5	2.5861089723847233
19.51	3.022365939737484
19.52	3.982548895563751
19.53	5.094405641379838
19.54	4.119168645724207
19.55	4.45337676309194
19.56	5.700557273975422
19.57	5.589380198417539
19.58	5.588839954199558
19.59	5.32944428159944
19.6	6.898663634030532
19.61	6.235439310075393
19.62	7.0076041863918554
19.63	7.441602070749406
19.64	8.549971905472509
19.65	8.8070199302395
19.66	8.758727813338691
19.67	8.382998456554473
19.68	8.49229855564355
19.69	9.648286829846768
19.7	9.69606106156884
19.71	9.59802566527992
19.72	10.39385437124031
19.73	11.528203311670953
19.74	10.8137533627257
19.75	11.410142910330917
19.76	11.363880216311914
19.77	11.629142487327504
19.78	11.012190967327715
19.79	12.271677636879998
19.8	11.678748226947002
19.81	12.783454494133247
19.82	11.81680148919891
19.83	11.21623764208023
19.84	11.675197540660772
19.85	12.828387151594702
19.86	12.63103225302014
19.87	11.56316610881172
19.88	10.801717719824662
19.89	10.96837937583497
19.9	10.641970357778927
19.91	10.80928103107314
19.92	10.696960053512042
19.93	10.936836663710459
19.94	11.471706948596367
19.95	10.113279810735868
19.96	10.313786474136432
19.97	8.765227722068742
19.98	8.052049112797114
19.99	8.752891712643505
20.0	8.203839910151343
