10.01	29.62916528261329
10.02	29.15980047622961
10.03	28.08247699140126
10.04	27.627159481067693
10.05	26.633128304148652
10.06	28.11249899279135
10.07	26.983612173294176
10.08	26.6616604679214
10.09	25.290707414944475
10.1	24.94225718829467
10.11	24.30198529426455
10.12	23.66201457145491
10.13	22.320104896595783
10.14	21.366541074016787
10.15	21.38431987220935
10.16	20.314647628479392
10.17	19.52962567702579
10.18	19.324422895160772
10.19	18.181657694464153
10.2	16.85860000337213
10.21	16.58563662841698
10.22	17.09186108368724
10.23	14.551429875407587
10.24	13.873378352831018
10.25	13.751649787752866
10.26	12.218124457558256
10.27	11.774576173801593
10.28	12.039525151802627
10.29	11.964475901875776
10.3	10.64441229329357
10.31	8.926052013571802
10.32	8.964543823387528
10.33	8.582357185495962
10.34	8.721715626747303
10.35	7.930956345345052
10.36	7.547072669330241
10.37	6.211304081647461
10.38	6.434236003038452
10.39	6.170141335592215
10.4	5.765018655342969
10.41	5.734859357747427
10.42	5.086630427572957
10.43	4.3260699897031
10.44	3.9166241080752964
10.45	4.244634638928965
10.46	4.827614785081697
10.47	4.218851380803013
10.48	3.7281023872392725
10.49	3.8832091269112428
10.5	3.3242671683218012
10.51	4.496979931260697
10.52	3.554382974156406
10.53	3.1794892075687176
10.54	2.583334483034362
10.55	3.1678316214857003
10.56	3.0915555573056346
10.57	3.7311749863972197
10.58	3.5458978016779397
10.59	5.25174332155768
10.6	3.1888345758643184
10.61	3.9299409227349384
10.62	5.877356580908534
10.63	5.0288331880158506
10.64	5.512691678607878
10.65	5.008052076532055
10.66	5.6667067021137925
10.67	6.648130159743708
10.68	7.208158724352771
10.69	8.158530863062522
10.7	9.488775549530258
10.71	8.326025887775096
10.72	8.370025030757272
10.73	10.160114388439817
10.74	10.57973377903535
10.75	12.72521793101224
10.76	11.835682747291616
10.77	13.37011447794928
10.78	13.704546223751638
10.79	14.538379413795251
10.8	16.57111138366148
10.81	16.40903798667793
10.82	17.656482523237077
10.83	19.32249621023993
10.84	18.876831711261186
10.85	20.226406265690073
10.86	20.47157536285927
10.87	21.723473288328282
10.88	22.381529986277705
10.89	22.112279404912314
10.9	24.38054913664018
10.91	24.072306535853595
10.92	24.775416352077947
10.93	25.026230869893727
10.94	27.6634472423029
10.95	27.093032488657414
10.96	27.3257500058284
10.97	27.322727820313997
10.98	27.346864678511213
10.99	27.738791337549703
11.0	27.708712420248226
11.01	28.990468401757674
11.02	29.91184642135842
11.03	29.50425906276877
11.04	29.64165894064094
11.05	30.24548513160461
11.06	29.71399644551493
11.07	30.34755003767103
11.08	30.668227575494797
11.09	29.510399865548493
11.1	30.471286096396206
11.11	30.495443952697013
11.12	30.488326399180576
11.13	30.31453721785166
11.14	30.19368575723625
11.15	29.926233562691884
11.16	30.13360604349236
11.17	28.724625550365516
11.18	29.206283210181653
11.19	29.065465804134476
11.2	28.342460604027064
11.21	28.647975240081
11.22	28.89841103793092
11.23	27.338447236672387
11.24	27.803990782220264
11.25	27.09587902993905
11.26	26.7679173733224
11.27	26.08772770646782
11.28	26.346982375276376
11.29	24.06658307466356
11.3	24.21888463810559
11.31	24.345808927623008
11.32	22.794240338391912
11.33	22.268033039007808
11.34	20.868100089237366
11.35	20.435549902476787
11.36	19.559295813041487
11.37	19.654890911421635
11.38	17.630714241827103
11.39	17.617554947541212
11.4	16.399778134627784
11.41	15.772470241975478
11.42	14.971215416081806
11.43	15.16677356365017
11.44	13.669227906302774
11.45	12.969504533586859
11.46	11.786803636869918
11.47	10.725357936555527
11.48	11.19956387649554
11.49	9.496028982288955
11.5	9.245955930562005
11.51	7.818330290431955
11.52	8.253719374314132
11.53	7.564489443990037
11.54	6.804897037978502
11.55	7.07179102615805
11.56	5.660523277780146
11.57	4.140693164534059
11.58	4.567940864769208
11.59	4.628885208814625
11.6	4.14301470913046
11.61	3.5106446214813176
11.62	3.6368463329162894
11.63	2.380358568693755
11.64	2.9293223007034155
11.65	1.9079344021424487
11.66	2.7171461186168817
11.67	1.844876473213329
11.68	2.7694134961746184
11.69	1.7935123715169938
11.7	1.7683757011779422
11.71	1.4554911785699374
11.72	1.0797396685499803
11.73	0.252248612920391
11.74	1.4841860293651938
11.75	1.7350657736275856
11.76	1.1308999012981813
11.77	0.2797356920355196
11.78	0.3594806835285157
11.79	0.5650755493276823
11.8	1.5173354896187352
11.81	1.2442061953239871
11.82	1.4474902135010803
11.83	1.087406445751024
11.84	0.8825903967494417
11.85	1.708038614400528
11.86	0.5556464546806746
11.87	0.2694603525455238
11.88	1.6703758995070637
11.89	2.0005903940548193
11.9	1.6887025520719354
11.91	2.794627939653892
11.92	1.7783271113198675
11.93	1.6594712422874083
11.94	2.3554434301426252
11.95	2.467131061857175
11.96	3.9427723746547487
11.97	3.3195237850252473
11.98	4.059774293460618
11.99	4.453594434796152
12.0	4.5306791260016785
12.01	6.389893352275275
12.02	5.93602592115586
12.03	7.008265765533065
12.04	6.736271200893013
12.05	7.127453259446364
12.06	8.527793944933526
12.07	9.731590827994973
12.08	9.520555335591354
12.09	9.816815284144344
12.1	11.330220148844687
12.11	10.08780519411731
12.12	11.777543007888005
12.13	13.140240918032672
12.14	13.43273080175579
12.15	15.08436146131523
12.16	14.919748379831367
12.17	15.80781046901073
12.18	15.698591970688994
12.19	16.63579244746366
12.2	17.715724748169198
12.21	19.164861648994435
12.22	20.64189703069104
12.23	20.770319918374508
12.24	20.787056505837448
12.25	22.50864439719046
12.26	22.312575453199123
12.27	23.504756417781987
12.28	24.392582781020767
12.29	23.335614832588693
12.3	24.948164303369232
12.31	24.776104043472195
12.32	26.29205605624596
12.33	25.723360747482943
12.34	25.71148804387685
12.35	27.2093850682131
12.36	26.93515506300294
12.37	27.077141908000726
12.38	27.50517572290625
12.39	27.10232889821034
12.4	26.91879953034715
12.41	28.045752937796262
12.42	28.34653561193306
12.43	28.43502334676802
12.44	29.56376874579935
12.45	28.835101331979576
12.46	30.212126954558123
12.47	29.204717328099854
12.48	28.949306927569392
12.49	29.011791863589753
12.5	29.279499266526976
12.51	29.81835446299039
12.52	29.533011170303556
12.53	29.137823290202146
12.54	28.772392970953252
12.55	29.851567321351485
12.56	29.000375313386286
12.57	29.869492320042973
12.58	28.952139127125434
12.59	29.41110748115799
12.6	30.066444102219798
12.61	29.587676989589557
12.62	28.833665199953153
12.63	28.542900805044376
12.64	28.833676425449898
12.65	30.51674773392901
12.66	28.754596011009603
12.67	28.602138531191688
12.68	28.009476462439853
12.69	27.949615065620424
12.7	28.07056716913788
12.71	27.84883037967439
12.72	27.652267536869445
12.73	27.2669595208848
12.74	26.8812504522058
12.75	26.419208157704123
12.76	26.598447594868265
12.77	25.053384791398
12.78	25.229837230655203
12.79	24.355210596005858
12.8	25.044962163488435
12.81	23.69806413565488
12.82	23.373336886681887
12.83	21.565947719697043
12.84	21.757327879031237
12.85	21.736362461808326
12.86	20.22447430990519
12.87	18.744206514427376
12.88	19.816373085144413
12.89	18.329448346316827
12.9	18.44747479027151
12.91	17.3289208626391
12.92	16.718639497628065
12.93	15.24155536567753
12.94	15.23832435895921
12.95	14.479983385524456
12.96	14.431770456156336
12.97	14.13354204235683
12.98	12.0388318599541
12.99	12.11130764714047
13.0	10.854521377983676
13.01	12.131932830563578
13.02	11.29836681220655
13.03	10.36270131653043
13.04	9.579087415500936
13.05	8.752134928166422
13.06	9.031428809299946
13.07	7.775900956023651
13.08	7.676830849025253
13.09	7.573004999031889
13.1	5.982784436914475
13.11	6.876947200711808
13.12	5.57940284957155
13.13	6.217185981026798
13.14	5.768239758224511
13.15	5.4874448814245875
13.16	5.33508234507499
13.17	4.658501684727225
13.18	5.0565002938844
13.19	4.995138377083178
13.2	4.412651202790488
13.21	4.689336827917299
13.22	5.383634400390285
13.23	4.345929679468392
13.24	4.58872176181628
13.25	4.298047713693082
13.26	4.223413203246887
13.27	3.710564921429291
13.28	4.07148039668354
13.29	3.6881216622959183
13.3	3.206550493965038
13.31	3.619664783216834
13.32	4.691584972983856
13.33	4.222989930979766
13.34	4.818431470976922
13.35	4.083116626380752
13.36	4.458657825511273
13.37	4.600184192583344
13.38	4.271825840836863
13.39	5.012972526812762
13.4	4.964721955057523
13.41	5.7016830307817115
13.42	6.10556496896857
13.43	5.360941421384875
13.44	7.371008868464324
13.45	6.128334413105516
13.46	7.064020835623409
13.47	6.85717622739269
13.48	7.4030196253079446
13.49	8.679474746856982
13.5	8.318702411543631
13.51	8.975609790715694
13.52	8.413570871977452
13.53	10.04236266181931
13.54	10.315353154018911
13.55	10.721389190465473
13.56	10.104271974285155
13.57	11.706127687848081
13.58	12.855861974937328
13.59	13.339200903709056
13.6	13.626528099598628
13.61	13.286349455607652
13.62	15.320915059898146
13.63	16.01698950660129
13.64	15.880679309265437
13.65	17.19622727485473
13.66	16.90453270295435
13.67	18.17656128785191
13.68	18.575806125298197
13.69	19.353382703401564
13.7	19.989527065208687
13.71	20.536851243909506
13.72	20.556483645645155
13.73	22.64607014339526
13.74	22.050568287861477
13.75	22.12554077697243
13.76	21.78048444686517
13.77	24.28508186040487
13.78	23.912857302945998
13.79	24.128119929614904
13.8	24.658822442161558
13.81	23.932119093756985
13.82	24.677680074501026
13.83	24.22777019320975
13.84	26.190903520759722
13.85	24.585178300746016
13.86	25.81721743860816
13.87	25.78315682051826
13.88	26.59784081190198
13.89	26.658869194096308
13.9	25.533445288624286
13.91	25.919875264068605
13.92	25.95493928243931
13.93	25.70617213096819
13.94	26.858945225761687
13.95	25.99231998221715
13.96	26.79424203802008
13.97	27.446903207401494
13.98	27.628355070419797
13.99	26.430661953187034
14.0	26.941584288243128
14.01	27.033547602258135
14.02	27.372760016914082
14.03	25.932591182133457
14.04	25.24334092687531
14.05	26.21468042014662
14.06	27.052166875107897
14.07	26.29011452243439
14.08	26.218233858437134
14.09	26.245636566259027
14.1	25.673652680357353
14.11	25.748854640676793
14.12	24.56735770813828
14.13	24.701391958059702
14.14	25.38980525698216
14.15	25.504646096448603
14.16	24.05645523770633
14.17	23.834619440507648
14.18	22.65701368742788
14.19	24.03292458800273
14.2	20.740201205190537
14.21	22.351704181439295
14.22	21.467879954309353
14.23	20.633220131434516
14.24	21.679701959738733
14.25	20.28636038864068
14.26	19.458775025097072
14.27	18.681001567712997
14.28	17.78700845543178
14.29	18.068059500799727
14.3	17.106501286115133
14.31	15.965820968477448
14.32	17.062094459606342
14.33	14.671511112626312
14.34	13.237697384065134
14.35	13.82883674691186
14.36	13.275274095161368
14.37	12.264846897975875
14.38	10.576780126669858
14.39	11.201071221558728
14.4	9.797281206655812
14.41	8.451205706981318
14.42	8.812953093088096
14.43	8.673088855464021
14.44	8.001756439308979
14.45	7.566217087877289
14.46	6.110419084914274
14.47	6.1211261323801525
14.48	5.444764834182598
14.49	4.141091705793895
14.5	4.319991229536076
14.51	4.412106394684357
14.52	4.117846035292161
14.53	3.892546980951433
14.54	3.1612676602473853
14.55	2.6625915923835475
14.56	3.3323804659387486
14.57	1.8422449639395815
14.58	2.805559005627647
14.59	1.1877297549071701
14.6	1.6244702699247566
14.61	1.2729062548046748
14.62	1.3912473934638157
14.63	1.1394386705147923
14.64	-0.0017600369059131982
14.65	0.6863318230213884
14.66	0.24594741113126495
14.67	1.5687132001761528
14.68	0.6305202785258741
14.69	2.2364946879661485
14.7	1.3271811622653333
14.71	1.1858513169938818
14.72	1.1358796490343044
14.73	1.7742271482593681
14.74	2.200319537835587
14.75	0.6413384223955003
14.76	1.8796810657192438
14.77	2.0884451071324377
14.78	2.6596926587307577
14.79	2.189003533660688
14.8	3.2799166665355814
14.81	3.928676479425797
14.82	4.115757166223865
14.83	4.476914719867038
14.84	5.299405672638176
14.85	6.4706525375727155
14.86	5.88342108926999
14.87	6.930588180124335
14.88	7.645752690327964
14.89	7.295879220061572
14.9	7.985535217532781
14.91	9.017406036304418
14.92	10.004658775349395
14.93	10.685348735405006
14.94	10.787850132588213
14.95	12.289505843370351
14.96	12.402691695681282
14.97	13.666689350265628
14.98	14.473398169538578
14.99	14.90404684285139
15.0	15.979948627042974
15.01	17.140133953442856
15.02	17.237927752620127
15.03	18.30700422210782
15.04	18.795620469287556
15.05	19.92683314544399
15.06	20.431275754785627
15.07	20.515229131988676
15.08	22.339230704786075
15.09	21.849033781234624
15.1	21.477137236879145
15.11	22.498194222500977
15.12	24.070362129716504
15.13	24.609735766390386
15.14	24.4746102717295
15.15	25.16294084093161
15.16	25.442197826486204
15.17	25.260756610027915
15.18	25.805328760335772
15.19	26.687072748624846
15.2	26.158585539954366
15.21	27.020314479380453
15.22	27.017203365801233
15.23	27.18377431379388
15.24	27.100481259486344
15.25	27.755131399618897
15.26	28.511999442353392
15.27	27.42372999243341
15.28	27.90942661416241
15.29	27.8041902821755
15.3	27.184894127892083
15.31	28.568101817180562
15.32	27.787986624899457
15.33	27.87691598587388
15.34	28.25549940273796
15.35	27.913306779322994
15.36	27.924261346041977
15.37	28.00449023322416
15.38	27.5827914667816
15.39	26.327346565124348
15.4	26.92331562098911
15.41	26.3524544852565
15.42	26.087198535723367
15.43	25.33408816686293
15.44	24.982872429198505
15.45	24.719316592698974
15.46	23.044821162340327
15.47	24.09965562081251
15.48	24.15149712180301
15.49	23.40345903416579
15.5	21.490952507848657
15.51	21.554663968491
15.52	20.8973062953117
15.53	20.651230487117868
15.54	19.26523210974956
15.55	19.383764610542325
15.56	18.23978464100476
15.57	18.23464056136815
15.58	16.193275248510634
15.59	16.625610903476655
15.6	16.62551652619866
15.61	15.269877342993118
15.62	13.32205584602387
15.63	12.212434368744685
15.64	13.10392202977781
15.65	11.106904351594455
15.66	11.240654849396945
15.67	8.363305171610907
15.68	9.252996329443427
15.69	9.79175586270277
15.7	8.450535934585217
15.71	7.927237807486891
15.72	6.542504317738702
15.73	6.62445026613607
15.74	6.014430355861627
15.75	6.102037862426086
15.76	3.8913630699535617
15.77	3.8996892656303834
15.78	3.641367637320017
15.79	2.8772029789206712
15.8	2.75398823903869
15.81	3.1151231814934723
15.82	2.465912527339454
15.83	2.1259490758555204
15.84	0.8524892952023356
15.85	1.547383731754668
15.86	-0.20398836150053312
15.87	1.1953341319884045
15.88	0.4074328334033761
15.89	0.40668311910246685
15.9	1.0798898719438808
15.91	0.42863553140439
15.92	0.3573456750486413
15.93	0.20754818658793445
15.94	0.20244667132341249
15.95	-0.2868395991066173
15.96	0.30080630878157255
15.97	0.5416656044126796
15.98	-0.08597322138916588
15.99	0.39925905661249406
16.0	0.11471995335367013
16.01	2.060296661983167
16.02	2.0560028408182416
16.03	1.7911447942356413
16.04	2.6977869832507952
16.05	2.746591560780064
16.06	3.425531336054176
16.07	2.123718997750206
16.08	3.679599672118975
16.09	5.131203481718424
16.1	5.441636727561873
16.11	5.31959339464691
16.12	5.567878406958977
16.13	5.6800227529736205
16.14	7.8684444518417305
16.15	7.685589910800433
16.16	8.177778901298298
16.17	9.591885157352944
16.18	10.243414516711276
16.19	10.635405900113856
16.2	12.222001624869325
16.21	12.668705599724788
16.22	12.735688751453736
16.23	14.413330819731703
16.24	14.042198176300355
16.25	16.033570695660234
16.26	15.218418338164074
16.27	17.518213244131044
16.28	18.172014021996866
16.29	19.61258670016824
16.3	20.071902365525116
16.31	19.38189009194288
16.32	20.298046463467948
16.33	20.921670745755392
16.34	20.952301106071918
16.35	22.141991559009277
16.36	23.422449248846803
16.37	23.553403295670602
16.38	23.625996910850315
16.39	24.715756080456714
16.4	24.309513010943434
16.41	25.32971255529378
16.42	25.470076323709925
16.43	24.90428277876285
16.44	25.973235164326514
16.45	25.60367196867427
16.46	26.305702588211485
16.47	27.104562164910995
16.48	27.222042540692833
16.49	27.48596457377128
16.5	27.797436965654587
16.51	26.751321770736954
16.52	28.46335837667326
16.53	27.99088386126615
16.54	26.833372744009726
16.55	27.745264109460624
16.56	28.069625764044094
16.57	28.303248986063377
16.58	27.59221581889164
16.59	27.96461805646401
16.6	27.215591540677742
16.61	29.101106743967314
16.62	28.196968189523975
16.63	28.14272409901915
16.64	27.60603747336516
16.65	27.600334745184757
16.66	27.01626379042709
16.67	26.67478719832864
16.68	28.18326217025063
16.69	26.338679193469886
16.7	27.235569956566238
16.71	26.07074403904803
16.72	25.715779175446688
16.73	25.50833085822751
16.74	25.849102065583665
16.75	24.59350398250279
16.76	24.48231866827673
16.77	24.159566345488386
16.78	22.859623072204766
16.79	22.670267790502148
16.8	22.610833503558577
16.81	20.971621618076895
16.82	20.96792967769226
16.83	20.459672924649656
16.84	20.123945362645085
16.85	18.530793588854095
16.86	19.027983504004794
16.87	17.750215327789448
16.88	18.430356222463118
16.89	17.17174084433924
16.9	17.155187717269058
16.91	15.067244772683955
16.92	15.50900513096753
16.93	13.672478247719688
16.94	13.50868794578791
16.95	13.127668453514548
16.96	12.80983778121487
16.97	12.496831988540062
16.98	11.307336615664322
16.99	10.363725868169064
17.0	11.49972904692395
17.01	10.264078178924029
17.02	9.851812456508517
17.03	9.366168523822825
17.04	8.489516657672098
17.05	7.039532708541737
17.06	8.47068087448618
17.07	7.044217612741115
17.08	7.405922210688532
17.09	4.621174922287179
17.1	4.821201805207514
17.11	5.288020195060629
17.12	5.015233005010404
17.13	5.635578875361695
17.14	6.185789707813371
17.15	4.994977557618722
17.16	3.41761260331514
17.17	4.78769257267223
17.18	3.9086676595716687
17.19	4.0775575250245595
17.2	3.4272840085475655
17.21	4.597753446146845
17.22	4.660329289879067
17.23	3.5173646929413023
17.24	4.018081400641246
17.25	3.804498843248527
17.26	4.832471586634147
17.27	4.268260769267815
17.28	4.194920326441661
17.29	5.059509041250113
17.3	3.692032066311776
17.31	3.8245328051575957
17.32	4.3069100891446555
17.33	3.942593684362817
17.34	4.935632134731494
17.35	4.77764252467671
17.36	5.267539962994068
17.37	5.39464497488818
17.38	6.186064964218645
17.39	6.824231577331693
17.4	7.294242805023197
17.41	7.187793781770965
17.42	8.238542547192093
17.43	7.67116847058119
17.44	8.428333819445829
17.45	9.00478753742885
17.46	9.491465867779594
17.47	10.495467887393804
17.48	11.472647611706003
17.49	10.95232977135993
17.5	12.63355445258701
17.51	14.107064937190765
17.52	14.09759126040666
17.53	15.304611752350056
17.54	14.669964599372992
17.55	17.129703524351168
17.56	16.951097309515415
17.57	17.214685525675957
17.58	18.9567972130409
17.59	18.8505024846374
17.6	19.54857479637983
17.61	20.140780045851006
17.62	19.97158404524344
17.63	20.972301944609992
17.64	20.602371238909935
17.65	22.448011742209438
17.66	21.9073449181851
17.67	23.348023639756548
17.68	23.87816400703871
17.69	24.077945793689707
17.7	24.048206459228133
17.71	25.452064051645706
17.72	24.908401803495543
17.73	26.68536664385335
17.74	25.664840942064657
17.75	25.565370076177068
17.76	27.19480147574935
17.77	27.476541377679073
17.78	26.651891953130136
17.79	26.52548947588933
17.8	27.758568759504787
17.81	27.428135258200342
17.82	28.510662487364883
17.83	27.594563513350256
17.84	27.661562516999247
17.85	27.932041573774562
17.86	26.335978793974164
17.87	27.09925589945217
17.88	27.61018017983389
17.89	28.0663670942233
17.9	26.658538767277022
17.91	27.29060994197384
17.92	26.407271819401785
17.93	26.670180256480215
17.94	26.26925970604119
17.95	25.151679124464223
17.96	25.03570586363949
17.97	25.295111523234947
17.98	24.494850385424336
17.99	24.012119341008226
18.0	22.796875633794112
18.01	22.838825482677986
18.02	22.08358583706797
18.03	21.822957870612022
18.04	19.659862258191524
18.05	19.18285575847966
18.06	19.266385516418413
18.07	19.1050290829758
18.08	17.78734066762647
18.09	16.022520363413584
18.1	16.71810978305082
18.11	14.667442308105208
18.12	15.879200553617883
18.13	14.270470567588783
18.14	13.643063750660048
18.15	13.52731335125717
18.16	11.978647573782645
18.17	12.347092189750391
18.18	11.030390680334508
18.19	10.725819800534408
18.2	10.285083715226932
18.21	10.170220293097284
18.22	9.19733021767554
18.23	8.25452120088545
18.24	7.908276387713861
18.25	7.934672821688606
18.26	7.302650567118798
18.27	7.5255209900231606
18.28	7.060933043811067
18.29	5.618247423414251
18.3	6.295128021989564
18.31	5.199771533695019
18.32	4.384251041170729
18.33	5.317328884872287
18.34	5.129361560649698
18.35	4.315956320587006
18.36	4.751467139530466
18.37	5.286092194730096
18.38	3.6861284710386926
18.39	3.126807374261852
18.4	4.007837425602392
18.41	4.415514114855458
18.42	5.3593558576977784
18.43	4.201202940638404
18.44	3.744414987559413
18.45	3.3623864108755788
18.46	3.4468514616856067
18.47	3.141821559381416
18.48	4.417015739208352
18.49	3.263928992312277
18.5	3.6855492714651277
18.51	3.9752775938102967
18.52	5.116808860697158
18.53	3.8822275224967955
18.54	5.067192410763307
18.55	4.93667532892646
18.56	5.959625104407625
18.57	5.054211049883602
18.58	6.819403842575866
18.59	6.877681532347734
18.6	7.214895764844307
18.61	7.880397503455055
18.62	7.178166039595413
18.63	10.036943696856245
18.64	10.908248016983043
18.65	11.07581726464808
18.66	11.556929137088591
18.67	11.725978588229383
18.68	13.375456635385518
18.69	13.433815062674332
18.7	14.324897985338104
18.71	14.03226264576937
18.72	15.74972489149297
18.73	16.74190703052789
18.74	17.25020768710514
18.75	19.04013116944111
18.76	18.2608041725903
18.77	18.72919605970525
18.78	20.148416742557714
18.79	20.937804413707518
18.8	21.5998018415922
18.81	22.00316610632132
18.82	22.863576379788693
18.83	24.82444364977013
18.84	23.595009738257573
18.85	24.4254356582284
18.86	24.100144230875273
18.87	24.082697458377915
18.88	25.867616472892706
18.89	25.997930848173574
18.9	26.815527850862356
18.91	26.613615953655046
18.92	26.665259602767996
18.93	26.43321025494789
18.94	27.08415155325032
18.95	26.858280282664065
18.96	28.460594736406613
18.97	28.627743258055023
18.98	27.287572058011225
18.99	27.220663856663087
19.0	27.658060518794215
19.01	27.838612895586152
19.02	27.522569927124344
19.03	27.067328700423182
19.04	27.20094867388224
19.05	27.68219642634673
19.06	26.359644235403646
19.07	27.82664558206285
19.08	26.634639509761367
19.09	26.474541268850484
19.1	26.873286967011282
19.11	26.575783067225018
19.12	26.18979594529778
19.13	25.653268432865353
19.14	25.237448022172774
19.15	24.52474979098478
19.16	24.230533755653248
19.17	24.0125956201753
19.18	22.95523961249216
19.19	22.735573831304517
19.2	23.480349395809448
19.21	22.50141052355862
19.22	21.855240615546112
19.23	20.78432569116743
19.24	21.250484444611676
19.25	19.148619630071273
19.26	18.825450705355788
19.27	17.574961610424438
19.28	18.241340328950162
19.29	16.30100251314745
19.3	15.543658161832472
19.31	15.609931680603532
19.32	14.999082370085207
19.33	14.486847836488167
19.34	13.357951666961773
19.35	12.04106356356382
19.36	11.599173116874542
19.37	11.575533868589096
19.38	10.941057270154344
19.39	9.73668194939891
19.4	9.027480168801107
19.41	9.725657538079052
19.42	7.845762096797304
19.43	6.635187213225493
19.44	6.441125826750321
19.45	6.684625498683355
19.46	5.095968637267789
19.47	5.2276589273247565
19.48	4.908541602789902
19.49	4.332509914977758
19.5	5.068879648093047
19.51	3.4475526656616418
19.52	2.856489612927672
19.53	2.823040688291575
19.54	3.075219516497087
19.55	2.670762532184494
19.56	3.240866506190419
19.57	1.5521158587560566
19.58	3.052296593408994
19.59	1.2561421181660424
19.6	0.9480826449370106
19.61	2.0018373920986017
19.62	0.466675167312564
19.63	0.6523577348083937
19.64	1.7264459416477205
19.65	-0.7065318003013726
19.66	1.1480907449104696
19.67	0.6806305669790537
19.68	0.48014886636480375
19.69	-0.4824163322860824
19.7	-0.018471901973402472
19.71	-0.45962644372068107
19.72	1.3409480199615564
19.73	0.25174945694638107
19.74	0.3796785325993966
19.75	0.5223141026221138
19.76	1.1173897488180546
19.77	1.5639783456593468
19.78	0.669946366889113
19.79	1.452363265056831
19.8	0.6049247060168285
19.81	1.6776918516619959
19.82	1.5032512181233364
19.83	2.5304197843141485
19.84	2.3619158176486765
19.85	3.3225622670451
19.86	4.061117583807206
19.87	4.5758393110258995
19.88	5.063277668322209
19.89	4.952493333573655
19.9	5.916195472813754
19.91	6.4516666354710575
19.92	6.94771186127142
19.93	7.517052880661157
19.94	8.1016871021348
19.95	8.423219225225722
19.96	9.305747168948141
19.97	9.45100125867505
19.98	10.226574711917985
19.99	11.04953451756641
20.0	11.547611716280002
