10.01	29.535898939658484
10.02	29.139034168970742
10.03	28.261256397118924
10.04	27.689803514420596
10.05	27.743943117473993
10.06	26.732019738717728
10.07	26.570864197597512
10.08	26.21957540301014
10.09	25.22146141535688
10.1	24.9714305402645
10.11	23.811219082662134
10.12	23.75736448621889
10.13	22.549026255845238
10.14	22.112245608126713
10.15	21.080712142720685
10.16	20.445249451139752
10.17	19.56836873406414
10.18	18.583885439457383
10.19	18.379937708085592
10.2	17.523073417578452
10.21	16.820302145380886
10.22	15.864342022997391
10.23	15.221409360357516
10.24	14.064090410615025
10.25	13.184160802424348
10.26	12.843673383457851
10.27	11.804364060104271
10.28	11.499446319301898
10.29	10.821495647306882
10.3	10.257884253446848
10.31	9.91358798149682
10.32	9.007619071913362
10.33	8.186531400784261
10.34	7.999992083258222
10.35	7.686823141823656
10.36	6.682113307438065
10.37	6.635718738206467
10.38	6.268977006101715
10.39	6.02182148578605
10.4	5.198291745041804
10.41	5.6332425141704885
10.42	5.311557954611256
10.43	4.4833265112211595
10.44	4.366935566246565
10.45	4.1363148797032965
10.46	4.014086750069922
10.47	4.44522561360501
10.48	4.040442942521164
10.49	3.960753062203895
10.5	3.2794574616564662
10.51	3.825673474669814
10.52	3.726386580175363
10.53	3.2088714784602703
10.54	3.180774375982446
10.55	3.2628970083734803
10.56	3.6933614346097685
10.57	3.6000016035378457
10.58	4.194660530427067
10.59	3.9747618853818976
10.6	3.925988581978346
10.61	4.310944777358547
10.62	4.640032821623732
10.63	5.176792465231678
10.64	4.9204568030881966
10.65	5.105689147810254
10.66	6.006206500779912
10.67	6.74788421791644
10.68	7.2720344065566795
10.69	7.183653139249843
10.7	8.613021845307832
10.71	9.095837556700356
10.72	9.332836869694434
10.73	10.422026150002687
10.74	11.038355723028415
10.75	11.760204572400362
10.76	12.49423082996879
10.77	13.014631537867047
10.78	13.724181405873932
10.79	15.050682379073317
10.8	15.963252898598759
10.81	16.42497831002633
10.82	17.399823743964564
10.83	18.68085438016443
10.84	18.62189467149988
10.85	20.382103239435448
10.86	20.75250750600967
10.87	21.020144800602132
10.88	22.320587840987404
10.89	22.44299912506073
10.9	23.048669854935778
10.91	24.36722451710928
10.92	24.905617379451503
10.93	25.54072339545973
10.94	26.473304809077636
10.95	26.539400982984112
10.96	27.108713083719827
10.97	27.743274190034484
10.98	27.67151049068636
10.99	28.24613352868606
11.0	28.74595259542922
11.01	29.191212932897805
11.02	29.212441128142668
11.03	29.457845238353727
11.04	29.985231989061973
11.05	29.930062586239345
11.06	30.151977163804272
11.07	30.03107211091407
11.08	30.183521822470965
11.09	30.591764794230354
11.1	30.9304756234797
11.11	30.598739633886726
11.12	30.32064977386082
11.13	30.52483840417801
11.14	30.295248646715923
11.15	30.022867890912448
11.16	30.098276879928395
11.17	29.711543135588673
11.18	29.687477609908274
11.19	29.326143704543572
11.2	29.009074269325225
11.21	29.076258796440897
11.22	28.600975337435784
11.23	27.668116910360155
11.24	27.600142614244984
11.25	27.180597456546366
11.26	26.577433723023315
11.27	25.62273643426168
11.28	25.795377020556256
11.29	24.676152251741982
11.3	24.02489320785611
11.31	23.652515723809937
11.32	22.97195457700602
11.33	22.48355245876508
11.34	21.325016850892908
11.35	20.9524735069577
11.36	19.47965505355567
11.37	19.41465687290414
11.38	18.19374075533992
11.39	17.152819763480135
11.4	16.801439769472434
11.41	16.142042503010572
11.42	15.27754043490009
11.43	14.157345371761918
11.44	14.114141242926571
11.45	12.375459572350431
11.46	11.974291595106354
11.47	11.276246264254452
11.48	10.598328312880462
11.49	9.602291475978058
11.5	9.476144765483717
11.51	8.487417494674308
11.52	7.535688865524541
11.53	7.774507151769485
11.54	7.3284089535976555
11.55	6.497332007998692
11.56	5.628046045051363
11.57	4.942652981174627
11.58	5.068360948703179
11.59	4.745190413925936
11.6	4.664617333837771
11.61	4.001814277682502
11.62	3.3649432040697267
11.63	2.741358105982202
11.64	2.615990268622421
11.65	2.66518763722196
11.66	2.636027880775476
11.67	2.2923289269192115
11.68	2.003003672473806
11.69	1.5673383649843151
11.7	1.5119075664558383
11.71	1.5542711190798684
11.72	1.5245075731979303
11.73	1.0462629182500045
11.74	1.1023502867338664
11.75	1.0838968892206915
11.76	0.9559792026880737
11.77	1.0729444375980228
11.78	1.0631439549267718
11.79	0.7534790517966932
11.8	1.240651664989977
11.81	0.9895363930099937
11.82	1.033502446047431
11.83	0.8829537417202755
11.84	1.2350645346993803
11.85	1.1112860064332661
11.86	1.0274016567731017
11.87	0.8375511374614748
11.88	1.5799986433249171
11.89	1.848371051628693
11.9	1.3850219212776327
11.91	2.3889474961327575
11.92	2.1575633076900544
11.93	1.9448183613357524
11.94	2.4690130935375065
11.95	3.065844494656056
11.96	3.3710779445718
11.97	3.4999932498277744
11.98	3.851901705257327
11.99	4.41699362164941
12.0	4.630563987312778
12.01	5.2204458533897755
12.02	5.310545778032922
12.03	5.951422076130158
12.04	6.898193063277026
12.05	7.567278691750799
12.06	8.471651831011556
12.07	8.728298944575469
12.08	9.150755455183015
12.09	10.220700767788768
12.1	10.877490670627214
12.11	10.885716614948667
12.12	12.191745743475504
12.13	13.081933242033838
12.14	13.733136329805278
12.15	14.678428770451918
12.16	15.604768593827533
12.17	15.848437248180234
12.18	16.555456550429792
12.19	17.703296599308814
12.2	18.092757158119944
12.21	19.20010715449579
12.22	19.422298922308087
12.23	20.1450093167334
12.24	21.20637670067571
12.25	22.086666679145427
12.26	21.6295745165147
12.27	22.721935492466987
12.28	23.766499379348474
12.29	24.190510881897424
12.3	24.774412100639783
12.31	24.750448828995378
12.32	25.027264417213274
12.33	25.859747264966906
12.34	26.468167491269963
12.35	26.85660191936198
12.36	27.241107127428084
12.37	27.67735774027494
12.38	26.991607929495714
12.39	27.605607694580502
12.4	27.870901901907857
12.41	28.078467909993105
12.42	28.325050247994373
12.43	28.565309341573254
12.44	28.92696492041333
12.45	29.19338484923362
12.46	29.04209729315899
12.47	29.3784854076738
12.48	29.14324286653485
12.49	29.547094908785727
12.5	29.284643127972164
12.51	29.5891342571142
12.52	29.52955698839479
12.53	29.633972214964338
12.54	29.704217421128124
12.55	29.446698394125363
12.56	29.42292995045533
12.57	29.549812783476945
12.58	29.35385657475516
12.59	29.4745535723238
12.6	29.64076060341953
12.61	29.30772771102314
12.62	29.128946513051172
12.63	29.521317290202557
12.64	29.00698416366052
12.65	29.293549276359695
12.66	29.31123508879848
12.67	28.227186494688674
12.68	27.823152543390332
12.69	28.026466757810642
12.7	28.01983664674765
12.71	27.63439162491385
12.72	27.211272887611486
12.73	27.449128545190288
12.74	26.611046019944812
12.75	25.89742810413352
12.76	25.880433921548235
12.77	25.178227441610332
12.78	24.58512018414326
12.79	24.688189047899666
12.8	24.19866159108151
12.81	23.038663807960496
12.82	22.61712565699691
12.83	22.278562236014935
12.84	21.626629386928727
12.85	21.3068183330046
12.86	20.491890684454805
12.87	19.581383602457226
12.88	19.279276001361104
12.89	19.227168968881305
12.9	18.215736894533507
12.91	17.260900075007516
12.92	16.272756798749803
12.93	16.04019718194041
12.94	15.541574653411312
12.95	15.05727649305083
12.96	13.665359060900126
12.97	13.62908748616007
12.98	12.70929387314494
12.99	12.673588048323506
13.0	11.295848010807916
13.01	11.021083488384866
13.02	10.334919609406152
13.03	10.300290414874807
13.04	9.364951850396883
13.05	9.141537195524176
13.06	8.750213645064624
13.07	8.271475174756084
13.08	8.106185977449224
13.09	7.364654628737109
13.1	7.1075192648898255
13.11	6.974536841776938
13.12	6.65150915236939
13.13	6.450273257358766
13.14	6.259193327274549
13.15	5.6324375800966
13.16	5.164321999479378
13.17	5.532218903523046
13.18	5.130091911784264
13.19	5.016428494381612
13.2	4.953982363006922
13.21	4.530048274358989
13.22	4.469223616527634
13.23	4.212417440961342
13.24	4.17962071135642
13.25	4.808176586660415
13.26	4.278882835392452
13.27	4.155637321361252
13.28	4.150183716664618
13.29	3.8662203168427456
13.3	3.7334016772337937
13.31	3.972075811445919
13.32	4.339475206243829
13.33	4.616923638879296
13.34	4.602255019727376
13.35	4.6118904802149565
13.36	4.198807943210267
13.37	4.591954722509709
13.38	4.631604661311367
13.39	5.014001808910519
13.4	5.137123540345925
13.41	5.755157007496993
13.42	5.641548381498572
13.43	5.619059257883073
13.44	5.81415653568272
13.45	6.778596776353441
13.46	6.984946656100022
13.47	7.587459320965504
13.48	8.056527538890165
13.49	8.355843571339713
13.5	8.519124076071202
13.51	9.208956518959077
13.52	9.232739249949276
13.53	9.689663989482616
13.54	10.686091274908463
13.55	11.202221008479345
13.56	11.17189077615906
13.57	12.16455690759405
13.58	12.985275510525199
13.59	13.424256106169894
13.6	13.311993770516526
13.61	14.061581244736121
13.62	15.082491851461782
13.63	15.43370026559009
13.64	15.924868186014468
13.65	16.313950688246514
13.66	17.547464904793934
13.67	18.288230262278507
13.68	18.98401588091063
13.69	18.74598460840945
13.7	19.84355581691331
13.71	20.65917854072909
13.72	21.05887778130801
13.73	21.924401809368263
13.74	21.206108440049253
13.75	22.43418879026977
13.76	22.723523588481335
13.77	23.441814941182418
13.78	23.833654205412792
13.79	24.196770764319428
13.8	24.034409033633477
13.81	24.55581869238302
13.82	24.91824885473723
13.83	25.040869536043754
13.84	25.88049326480156
13.85	26.189522297848555
13.86	25.581133430779982
13.87	26.39944960540533
13.88	26.879267750261373
13.89	26.433466107610556
13.9	26.42434994521249
13.91	26.570803862183798
13.92	26.78937810395383
13.93	26.4125770500329
13.94	26.53181898993305
13.95	26.330910665417772
13.96	26.54457099127234
13.97	26.707516556966873
13.98	26.982246103617953
13.99	26.66965371642833
14.0	26.04889415951611
14.01	26.579540885444256
14.02	26.974702939200334
14.03	26.46076125139675
14.04	26.186282879168125
14.05	26.058686353014142
14.06	26.57901260741445
14.07	26.216049419024017
14.08	25.85355519550231
14.09	25.647997800775826
14.1	25.196546232641392
14.11	25.87113587179681
14.12	25.135290446858793
14.13	25.073928715122573
14.14	24.520547739456376
14.15	24.623946254866787
14.16	24.02239853031792
14.17	23.946530274411
14.18	23.480416277637477
14.19	23.01042479432629
14.2	21.77990495129396
14.21	22.24655803299346
14.22	21.50703503865727
14.23	20.893989512882715
14.24	20.392977580850996
14.25	20.64193213514595
14.26	19.678590600337014
14.27	18.916684723137966
14.28	18.572174442357472
14.29	17.938763249201912
14.3	16.616584673052394
14.31	16.099144434532903
14.32	15.81553624809267
14.33	14.78200485205262
14.34	13.824383852902477
14.35	13.966924442646366
14.36	13.208595198242707
14.37	12.095352653898344
14.38	11.248137664285323
14.39	10.768038351993436
14.4	9.585722470530396
14.41	9.066615309863185
14.42	8.744036913837878
14.43	8.21528613627746
14.44	7.75668657554836
14.45	7.31456300004935
14.46	6.383411726803447
14.47	5.89156388871253
14.48	5.344254760545245
14.49	4.727569532921914
14.5	4.446789215582841
14.51	4.202449267516214
14.52	4.091451186387657
14.53	3.877272983431253
14.54	2.97660778144531
14.55	2.511691959769483
14.56	2.626321972786893
14.57	2.417765338572873
14.58	2.302698908045002
14.59	1.3469981705644685
14.6	1.4512117612891944
14.61	1.5403149306703574
14.62	1.6589977670069191
14.63	1.5777506468391524
14.64	0.7536171516113678
14.65	1.2405702751758763
14.66	1.0122996584338422
14.67	0.7906462360717997
14.68	1.0076324824420866
14.69	1.1131624572285943
14.7	0.7704451344793067
14.71	1.6361513570474304
14.72	1.255928788871171
14.73	1.7703276335827582
14.74	1.694779844609911
14.75	1.7544784517169136
14.76	1.8529675626151079
14.77	2.073087711522533
14.78	2.356178569991534
14.79	3.06479208174666
14.8	2.9069493132343527
14.81	2.994850779084243
14.82	3.7413594925137206
14.83	4.424644865892094
14.84	5.286053153710908
14.85	5.256973343334469
14.86	5.70868492024241
14.87	6.411326117506297
14.88	7.006572535870921
14.89	7.750539319417882
14.9	8.140503351410489
14.91	9.483214482723277
14.92	10.154017575545819
14.93	10.579156651022135
14.94	11.167088658954373
14.95	12.084380558770306
14.96	13.296635291349235
14.97	14.008834611912512
14.98	14.488121161827214
14.99	15.21299119994975
15.0	15.81562737029648
15.01	16.506863213977415
15.02	17.365068560937676
15.03	17.725831812087034
15.04	18.958748124392493
15.05	19.4411393750028
15.06	20.347813200663886
15.07	20.115371743120118
15.08	21.820313588505922
15.09	21.81818406029555
15.1	22.204414172424162
15.11	23.083274570455874
15.12	23.726180907358383
15.13	23.59420478832798
15.14	24.627239451423602
15.15	25.16383272078962
15.16	25.67901995914445
15.17	25.81716193690018
15.18	25.800494842569293
15.19	26.310968662162292
15.2	26.83554495315215
15.21	26.86586318452106
15.22	27.33747671270782
15.23	27.294755705576296
15.24	27.28015608116588
15.25	27.985979268906984
15.26	27.543097230151513
15.27	27.728334314299598
15.28	27.63518693542943
15.29	27.80683548496762
15.3	27.818126391359968
15.31	27.68013668241094
15.32	27.852330642202304
15.33	27.904229318860796
15.34	27.799786871115998
15.35	27.642098753362777
15.36	28.0083210397634
15.37	27.534608587061403
15.38	27.373697903362416
15.39	26.90680454596354
15.4	26.601516845723683
15.41	26.72047886997563
15.42	26.102537015327343
15.43	25.66058639860622
15.44	25.18503693136667
15.45	25.143868358470115
15.46	24.729080826871023
15.47	24.126724385426602
15.48	23.442233026230127
15.49	22.87105493984186
15.5	21.826956699750895
15.51	22.156195451677913
15.52	21.14284229689858
15.53	20.309479959422777
15.54	19.21792725384416
15.55	19.730243512738486
15.56	18.359176115970715
15.57	17.39384066512798
15.58	16.362538327404003
15.59	16.05091066975268
15.6	15.531536350107961
15.61	14.641673945408863
15.62	13.757983535661879
15.63	13.009807681451889
15.64	12.508899725010972
15.65	11.719006785857063
15.66	10.735330604105643
15.67	9.891669133675151
15.68	9.540486177521492
15.69	9.308013071240326
15.7	8.318821631418539
15.71	7.115629729486173
15.72	6.332041052108758
15.73	5.808668738239445
15.74	5.1508840911539275
15.75	5.216666228350391
15.76	4.209149884610199
15.77	4.139274365025689
15.78	3.769272240817325
15.79	2.8912501676647473
15.8	2.5219786770696184
15.81	2.459074148469981
15.82	2.080350696043795
15.83	1.7920091423009585
15.84	1.2055889487415405
15.85	1.4966978937509245
15.86	1.2642510913547662
15.87	0.8133360738339005
15.88	0.7508360984699554
15.89	0.6061198289125823
15.9	0.8352797747762126
15.91	0.41100364356227326
15.92	-0.13977553237401932
15.93	0.08851379840007285
15.94	0.04220216852672787
15.95	0.019237068985238776
15.96	-0.25399464038786
15.97	0.36037957468370896
15.98	0.0737702095577919
15.99	0.6910994897095312
16.0	1.0023956083476382
16.01	0.8692532578189112
16.02	1.324493959105764
16.03	1.4891690112924882
16.04	2.354048636869909
16.05	2.3825261451942557
16.06	2.4871904789986585
16.07	2.5664512867036366
16.08	3.8942281423348
16.09	4.521490850878866
16.1	4.428289830790027
16.11	5.2527997347203454
16.12	5.636120005044448
16.13	6.468041209704939
16.14	7.354458647782827
16.15	8.266240686945594
16.16	8.473330032469306
16.17	9.818442687877551
16.18	9.969747314334429
16.19	10.8630472283301
16.2	12.091129758102095
16.21	12.512187796513803
16.22	13.4037917270195
16.23	13.81130689988098
16.24	14.929551820622159
16.25	15.592378901125608
16.26	16.492296453784274
16.27	17.285907825259308
16.28	17.792455963648127
16.29	18.266991826876705
16.3	19.65975487630226
16.31	19.880116749946975
16.32	20.56639054140151
16.33	21.101117324971106
16.34	21.939592140279856
16.35	22.663170424806403
16.36	22.301890712766788
16.37	23.04670112747123
16.38	23.680425671125963
16.39	24.06691974617573
16.4	24.354233580031284
16.41	24.901171786400724
16.42	25.642004668958418
16.43	25.351109764521397
16.44	26.217705044679466
16.45	25.933213704647446
16.46	26.5987975850683
16.47	26.71614193859027
16.48	27.200266466854647
16.49	27.233429927071718
16.5	27.500069786165874
16.51	27.484333052709363
16.52	27.81280117586403
16.53	27.727033307205414
16.54	27.92973465996921
16.55	27.57919941971935
16.56	28.075708507924404
16.57	28.13620153452326
16.58	28.431714561930686
16.59	28.406034819011715
16.6	28.112159334729938
16.61	28.089687371996973
16.62	27.839590512191098
16.63	28.17402075391436
16.64	27.972840558092038
16.65	28.001778618097205
16.66	27.378320807735182
16.67	27.231773817622663
16.68	27.364001188077648
16.69	26.673017943294276
16.7	26.510564901065443
16.71	26.130216317742235
16.72	25.55974084194368
16.73	25.54378990254054
16.74	25.01268287102622
16.75	24.698247085609662
16.76	24.400160992220155
16.77	24.084186579712288
16.78	23.76640019583932
16.79	23.291823838993434
16.8	22.247197038938733
16.81	21.599028546602835
16.82	21.50833521447675
16.83	20.976169685818107
16.84	20.500833149906498
16.85	19.250023221448046
16.86	18.747449045364682
16.87	18.366450256481283
16.88	17.27945268496049
16.89	17.295391463386323
16.9	16.65341777865212
16.91	15.495010834382388
16.92	14.733638421274103
16.93	14.82573027035219
16.94	13.613985927516183
16.95	13.746430218982272
16.96	12.594797110125375
16.97	11.71663916793758
16.98	10.956021338183152
16.99	10.89041129385809
17.0	10.878364290854483
17.01	9.71700236650484
17.02	9.451237840838472
17.03	8.903948357370037
17.04	8.361090413213265
17.05	7.81199851421222
17.06	8.016428970198715
17.07	7.6001857993319835
17.08	6.956153174187925
17.09	6.556854465374913
17.1	5.7532838575432175
17.11	5.759621126755868
17.12	5.326832576112639
17.13	5.271172976093969
17.14	4.67652236514778
17.15	4.998323174108605
17.16	4.338389784878349
17.17	4.0731230115930375
17.18	4.1916278781636205
17.19	4.080322485997584
17.2	3.691702046794539
17.21	4.204194001642164
17.22	4.1358221545169505
17.23	3.7895786051415237
17.24	3.96920495213928
17.25	3.43848381389786
17.26	3.6361118699458657
17.27	3.5020923670220485
17.28	3.8929148871673855
17.29	3.997332347250515
17.3	3.674979530209876
17.31	4.34363146558344
17.32	3.9783408225270414
17.33	4.540675848157859
17.34	4.606349812314124
17.35	5.280900075304611
17.36	5.180598453980517
17.37	5.6062087262735
17.38	5.933542826821947
17.39	6.466077022812799
17.4	6.958825805130033
17.41	6.79372125543496
17.42	7.5317954095093915
17.43	7.887242019607421
17.44	8.813982211868318
17.45	9.479999146847405
17.46	9.65723834838083
17.47	10.750605386872673
17.48	11.244011381704398
17.49	12.300449855626448
17.5	12.416302734407198
17.51	12.96869961854481
17.52	13.994991004002314
17.53	14.623793532950224
17.54	15.513998545452518
17.55	16.287407780262043
17.56	16.799717710745416
17.57	16.95072709360602
17.58	18.36064328371678
17.59	18.649538728643748
17.6	19.048283197653017
17.61	19.78001343233212
17.62	20.77696470226496
17.63	20.786032274756202
17.64	21.45621894502641
17.65	22.118853970423416
17.66	22.834011922813808
17.67	23.406582249947157
17.68	23.75718306218846
17.69	24.49374067295756
17.7	24.81707896711548
17.71	25.12258430025189
17.72	24.840300889724983
17.73	25.754159594628113
17.74	26.126728170198806
17.75	25.90780850018655
17.76	26.47954290194764
17.77	27.009448464631376
17.78	26.715471432265176
17.79	26.911065520107055
17.8	27.535936211070883
17.81	27.66726281561819
17.82	27.794670271443067
17.83	27.2216244654534
17.84	27.562286638416705
17.85	27.784995117934155
17.86	27.262941842353325
17.87	26.94367549679381
17.88	27.196298158236257
17.89	27.021433003321576
17.9	26.971107372260427
17.91	26.85358895805658
17.92	26.447610472977033
17.93	26.097417116405243
17.94	26.1580997094145
17.95	25.666668054149476
17.96	25.252287776581916
17.97	24.476456184923773
17.98	24.34305790966736
17.99	23.38474119810855
18.0	23.535386233770794
18.01	22.141418354213492
18.02	21.929167446879063
18.03	21.38916222373146
18.04	20.201524693644252
18.05	19.760318879059792
18.06	18.914421532783038
18.07	18.138657122676246
18.08	18.021724011725645
18.09	16.398113452168595
18.1	16.56911649048945
18.11	15.205624060662204
18.12	14.680694965406682
18.13	13.754875538663288
18.14	13.699936742259437
18.15	13.012576932725313
18.16	12.281272204348644
18.17	11.997768324082275
18.18	10.842310126054599
18.19	10.979755236932984
18.2	9.899174165889313
18.21	9.33296169550465
18.22	9.069275495844591
18.23	8.082453830006491
18.24	8.42760991138706
18.25	7.907457003255918
18.26	7.017190884458507
18.27	6.733342614814011
18.28	6.537976536149398
18.29	6.123507648820316
18.3	5.880224198464236
18.31	5.7473970969660835
18.32	5.524483501667162
18.33	4.999028670055316
18.34	5.032857234882937
18.35	4.315771208594296
18.36	4.439726457217988
18.37	3.963417678601453
18.38	4.015581815000713
18.39	3.9446382180296196
18.4	3.7845601125202326
18.41	4.006829486424406
18.42	4.155108860588005
18.43	3.870839264343656
18.44	3.886825846706718
18.45	4.201638267686748
18.46	3.8440995350743634
18.47	3.5066799347627646
18.48	4.241353744418257
18.49	3.8589172704910006
18.5	3.8922179796573877
18.51	3.700523374734514
18.52	4.451345224650773
18.53	4.494730605760026
18.54	5.180764079703854
18.55	5.0544660633421294
18.56	5.448786816642842
18.57	6.242997792567513
18.58	6.557988418060421
18.59	7.3085493847742935
18.6	7.79879885927078
18.61	8.432394910754924
18.62	8.294109739068062
18.63	9.291549982263934
18.64	9.964855552120893
18.65	10.966777559822711
18.66	11.292985886415877
18.67	12.492161956684214
18.68	13.336217463118347
18.69	13.254044115127659
18.7	13.936019303208525
18.71	15.083937414028815
18.72	16.27946807209217
18.73	16.42313360760856
18.74	17.501636522978316
18.75	18.086135967439294
18.76	18.389652356292842
18.77	19.435523321055104
18.78	20.30032227298437
18.79	20.855320358317144
18.8	21.713814856961584
18.81	22.39743610940684
18.82	22.533433062818954
18.83	23.812196795881054
18.84	23.897865865326796
18.85	24.65721740248026
18.86	24.637803127414184
18.87	24.784325923450403
18.88	25.539986092522263
18.89	26.131889096092635
18.9	26.14663583167283
18.91	26.83817855589687
18.92	26.68612292923089
18.93	27.301531312209217
18.94	27.481800875406392
18.95	27.310008233138372
18.96	27.500476460152193
18.97	28.04640952558694
18.98	27.765037756946704
18.99	27.389591507914492
19.0	27.911924475505035
19.01	27.34196111836696
19.02	27.61917561725063
19.03	27.743810323320346
19.04	27.415224260470147
19.05	27.204598118842544
19.06	27.15285154047024
19.07	27.394612984194023
19.08	27.4470679223783
19.09	26.905617493797184
19.1	26.584028757594314
19.11	26.711876892163716
19.12	26.180673640528735
19.13	26.022045548766535
19.14	25.306961208607643
19.15	24.617153543587214
19.16	24.571664826936974
19.17	24.014878752811207
19.18	23.453959685211924
19.19	23.125005194736822
19.2	23.102899758482298
19.21	22.15710500371023
19.22	21.866729456285874
19.23	20.716783545439373
19.24	20.748822555851874
19.25	19.67928307050039
19.26	18.615390568543333
19.27	18.65192386279058
19.28	17.591290184615698
19.29	16.629434804751828
19.3	16.470117241089422
19.31	15.34370486753059
19.32	14.78406070578835
19.33	13.86979386025141
19.34	13.388151054735939
19.35	12.883697052237977
19.36	12.013115412306277
19.37	11.352871246454386
19.38	10.81397588506302
19.39	9.74655620558702
19.4	9.023184994854045
19.41	8.375520281070123
19.42	7.903196686070566
19.43	7.1791349474762445
19.44	6.755423690723499
19.45	6.433024610550353
19.46	5.627637152654964
19.47	5.217294719453093
19.48	5.0456097707712235
19.49	4.445788100890564
19.5	4.035368884034901
19.51	3.729199002710383
19.52	3.273589017952496
19.53	2.695950871403206
19.54	2.4317239638545054
19.55	2.0264783838308618
19.56	2.309207940326305
19.57	1.292094292935209
19.58	1.4071848485045289
19.59	1.3110200991084968
19.6	1.469656784317799
19.61	1.091332325376746
19.62	0.9707614162647819
19.63	0.6951132075678188
19.64	1.0303458767902396
19.65	-0.022703160341845385
19.66	0.9656577747815116
19.67	0.42897407152651185
19.68	0.5369263628356993
19.69	-0.13966803475451367
19.7	-0.20681430917532115
19.71	0.16183939977352688
19.72	1.0149941906684683
19.73	0.8965977524808871
19.74	0.6954191473483159
19.75	0.8135717614889657
19.76	1.2210900526345771
19.77	0.9179294721614053
19.78	1.2476621575151532
19.79	1.6088946183821606
19.8	1.839936933879131
19.81	1.8858604953415898
19.82	2.1059990112413884
19.83	2.482641065186411
19.84	2.8474804265763183
19.85	3.5520309298826076
19.86	4.046210802259775
19.87	4.681550012305814
19.88	4.48120016934279
19.89	5.024194759821089
19.9	5.6024278408972785
19.91	6.2120071637519665
19.92	6.935713674913957
19.93	7.315818534599179
19.94	7.9064109034083545
19.95	8.072923051708392
19.96	9.579124424325586
19.97	10.032568769827213
19.98	10.649763722393155
19.99	11.03752565316576
20.0	11.10641246770453
