10.01	5.037599461425415
10.02	5.013472991113905
10.03	4.794203057364035
10.04	5.536759965545538
10.05	3.375787580899709
10.06	4.4270874666997
10.07	3.90527005004676
10.08	2.864827608707576
10.09	3.236431306299103
10.1	3.0433795392637553
10.11	2.081188934420256
10.12	2.5610972742630116
10.13	2.8583521359207023
10.14	2.8282532412998815
10.15	2.0562988036483767
10.16	1.9779929655789794
10.17	1.4170947721938862
10.18	2.0595526827627357
10.19	1.0304687740694525
10.2	1.5720832548222432
10.21	0.5662620107400961
10.22	1.0540631187724347
10.23	1.0295671663758135
10.24	0.7748083463004953
10.25	-0.21392585839039202
10.26	1.3052819195349405
10.27	0.6395939495845566
10.28	0.22389033032517114
10.29	0.7154478362372336
10.3	0.9514397870308604
10.31	1.1823884206353625
10.32	0.37363686130408713
10.33	0.9852429863822338
10.34	0.6722967662001228
10.35	1.9935786639805313
10.36	-0.31068876068743356
10.37	2.436553801165889
10.38	2.492075252241944
10.39	2.379498176521974
10.4	2.5550828069784806
10.41	2.85120102157609
10.42	2.75878072589999
10.43	3.3342383332211645
10.44	3.2960141367802174
10.45	3.9531924623568004
10.46	3.9494349485223155
10.47	4.329824469936966
10.48	4.916379996911998
10.49	5.308336467045201
10.5	5.699384686621389
10.51	5.833963996364239
10.52	6.494277738957815
10.53	7.872016277602903
10.54	6.809316872738114
10.55	7.611119157864228
10.56	8.914712926215543
10.57	8.746637594833848
10.58	8.624074286731458
10.59	9.716853456261665
10.6	9.99610429031151
10.61	10.230856320859113
10.62	11.82949569038289
10.63	12.089408255978475
10.64	11.123633724138204
10.65	11.974585243270335
10.66	12.362584325629234
10.67	13.182799433181295
10.68	14.053927185314521
10.69	14.920352728905945
10.7	15.27604175768954
10.71	15.08828550542113
10.72	15.668046214950305
10.73	15.195753034888668
10.74	16.0488153792017
10.75	16.71002399200041
10.76	15.698583250536009
10.77	17.270077104710982
10.78	17.858993804411025
10.79	17.67613018555244
10.8	18.506203296945465
10.81	19.223972795361885
10.82	19.3873129248481
10.83	19.66773468725804
10.84	19.28009120331645
10.85	19.3847494918011
10.86	19.121966669179713
10.87	21.51173989773404
10.88	20.77123654717987
10.89	20.38820186498429
10.9	20.872612732822116
10.91	21.421724215393564
10.92	20.85804820471018
10.93	20.866165118967967
10.94	21.99217473073366
10.95	21.746319271904373
10.96	21.50804000105557
10.97	19.621514489713597
10.98	20.660126303772458
10.99	21.46490583755726
11.0	21.014323810825967
11.01	20.73368242470521
11.02	21.70705009130701
11.03	21.232014726935446
11.04	21.18319990062974
11.05	20.162710955601145
11.06	20.90858236506838
11.07	19.90701097068705
11.08	20.68007578733423
11.09	19.894140875270264
11.1	19.572881820723648
11.11	19.59479469126676
11.12	19.712098354491843
11.13	19.388735634606505
11.14	18.089017764410965
11.15	18.522170700693703
11.16	18.207925069113568
11.17	18.167803307460197
11.18	17.527967372416906
11.19	16.95300264688759
11.2	16.98661198918908
11.21	15.984517521853595
11.22	16.395009846133984
11.23	14.622032369954173
11.24	14.987637674740172
11.25	14.935965716436812
11.26	14.212494664318587
11.27	13.964538732676973
11.28	13.341994899604526
11.29	13.034569945192974
11.3	12.683857400123859
11.31	12.233752771030014
11.32	11.935779251694614
11.33	10.77688712568746
11.34	11.454588807522013
11.35	10.94137705217044
11.36	10.093150605332506
11.37	9.896439726588696
11.38	9.179618259150866
11.39	8.779666774462907
11.4	8.450041302067268
11.41	7.956997585372551
11.42	7.043121015221584
11.43	7.440496489773178
11.44	6.788345011379139
11.45	6.663555438816792
11.46	6.8876789667614275
11.47	6.5174630291073345
11.48	5.9402074147091115
11.49	4.688935829744931
11.5	5.020445084783644
11.51	4.2358023329926295
11.52	4.228800554621083
11.53	3.2628667668131293
11.54	3.121855294317954
11.55	3.187750294956266
11.56	3.1680099678604856
11.57	2.5538349387967285
11.58	3.7014957764563094
11.59	3.338791580112278
11.6	2.873032736583158
11.61	2.5767616009648737
11.62	2.8741570408571016
11.63	3.031134087893678
11.64	1.4422985475431678
11.65	1.6899739594296108
11.66	0.3134424010701933
11.67	2.143514194119411
11.68	2.3132936626573932
11.69	1.9139206419093897
11.7	2.6991768304554693
11.71	1.96529645269509
11.72	0.8497184934672873
11.73	2.3713624967062747
11.74	1.7452324790319544
11.75	1.7616111975623152
11.76	1.211747846576574
11.77	1.9083196714542185
11.78	2.3976287275337476
11.79	2.559884287215779
11.8	2.391547606637297
11.81	2.2810135067233137
11.82	2.9051375652781375
11.83	2.043221345527825
11.84	2.3938639888694055
11.85	3.6937082355558553
11.86	2.9778696440588956
11.87	2.5230634845141844
11.88	3.973251154826313
11.89	3.6534357914248172
11.9	4.130971504494112
11.91	4.0305784268467235
11.92	3.74394490586089
11.93	5.523583266553214
11.94	5.083915974325525
11.95	4.749062552330828
11.96	6.006503469614737
11.97	4.747061120019251
11.98	5.858518239444959
11.99	5.947421095858187
12.0	7.565887718823832
12.01	6.740264579102924
12.02	7.214742761543127
12.03	7.970961255650098
12.04	8.565844412279361
12.05	8.794701573949038
12.06	8.6845486233785
12.07	9.759652456537356
12.08	9.434230569495497
12.09	9.517640462951217
12.1	10.126206855843574
12.11	8.978194745946857
12.12	10.74215814252982
12.13	10.257109611720338
12.14	11.72139405820082
12.15	11.642451920167803
12.16	12.47685977148703
12.17	12.151392647522288
12.18	12.044314119724168
12.19	13.230635335489744
12.2	13.101727174474503
12.21	13.682781142691807
12.22	12.992340398343424
12.23	14.206322822674649
12.24	14.547651354407764
12.25	14.352450866804112
12.26	15.196278691368228
12.27	15.426885444479318
12.28	15.190607137798441
12.29	15.839646158748367
12.3	15.5785405609469
12.31	15.043261339022855
12.32	15.408152230155014
12.33	16.28457158595401
12.34	16.789261739413444
12.35	16.38691393398976
12.36	17.540418172778686
12.37	17.582414227497505
12.38	16.28993625846674
12.39	17.782465776292305
12.4	17.238202066778246
12.41	18.089402123508446
12.42	17.56931163378844
12.43	17.594314016026317
12.44	17.599249958258948
12.45	17.534342426421233
12.46	18.800306828895323
12.47	17.658046707332954
12.48	17.22688858039702
12.49	17.834229547530057
12.5	17.650314688944814
12.51	15.92385151216031
12.52	17.37428239690322
12.53	16.882058830282112
12.54	16.280389501056177
12.55	16.602369469919157
12.56	16.276546079233455
12.57	15.929112313055233
12.58	15.713701088290446
12.59	15.645703736863195
12.6	14.987056994010151
12.61	15.265602476580758
12.62	14.2069686458142
12.63	14.23457769042505
12.64	13.167835716861383
12.65	13.309390279767802
12.66	13.90806568817132
12.67	12.603452564449437
12.68	11.589762870548201
12.69	12.64343166590651
12.7	12.305225989262716
12.71	11.063933669906294
12.72	10.677824138264803
12.73	10.050759206908896
12.74	9.789847962851207
12.75	8.902621302953222
12.76	8.921908997584058
12.77	8.576878104968438
12.78	7.26831832640783
12.79	8.041737746298086
12.8	6.77324765508222
12.81	7.075555951111867
12.82	6.869293627437575
12.83	5.683601494100301
12.84	5.770358622969157
12.85	5.4127591067863685
12.86	4.987004956125109
12.87	4.519702106391706
12.88	4.778584755490323
12.89	4.657899478924792
12.9	2.911739559704995
12.91	3.3605381713886917
12.92	3.5495674432564415
12.93	2.436696283675081
12.94	3.002751117569812
12.95	2.289109093159891
12.96	3.025500776402274
12.97	3.0109722266057535
12.98	2.420533842614547
12.99	1.9782576119547242
13.0	1.492589509960347
13.01	1.0758706061131904
13.02	2.6298950061938333
13.03	1.7257565191417983
13.04	1.5897061050956314
13.05	0.9083099456759481
13.06	0.1900777754329872
13.07	1.3699412489468965
13.08	1.9845945234879199
13.09	0.37635817140424677
13.1	1.375137441983
13.11	0.6686759777344482
13.12	0.664654608202979
13.13	1.0891592436977258
13.14	1.3076900860193532
13.15	1.2098305283737445
13.16	0.8927479106726024
13.17	1.0541728503536538
13.18	1.6471962006896153
13.19	2.3314447527220157
13.2	1.6415877690884169
13.21	2.360071539030642
13.22	3.011199620205907
13.23	2.2200635172245984
13.24	3.222055207264841
13.25	2.2300835383675763
13.26	2.9072088682592443
13.27	2.9166413899067467
13.28	3.041379267785506
13.29	3.036996606857972
13.3	3.565545542762425
13.31	4.054008342336688
13.32	4.080063177481907
13.33	4.0205112468134985
13.34	5.516817707247259
13.35	5.124985062939946
13.36	5.713337495240783
13.37	6.14473939512073
13.38	6.2346382128549855
13.39	6.137001530180576
13.4	6.764019658167997
13.41	7.387404980603208
13.42	7.19767103825896
13.43	8.691384223873273
13.44	9.450578804502888
13.45	8.642500947848164
13.46	8.644607926523276
13.47	9.847996896941185
13.48	11.395380977792271
13.49	11.099349612333924
13.5	10.70703752602843
13.51	12.623622425755771
13.52	12.922935001647739
13.53	13.026353828825792
13.54	12.712442208856558
13.55	13.335545083945057
13.56	13.754266433863561
13.57	14.718031244159341
13.58	15.867978121046027
13.59	16.583997466683353
13.6	16.21550070554318
13.61	16.939947301729315
13.62	17.661385713784796
13.63	17.911904525454588
13.64	18.985868283617815
13.65	19.059794268843273
13.66	19.46968244363287
13.67	19.328969659761935
13.68	20.12506259387702
13.69	19.089636436132828
13.7	20.784509304130644
13.71	20.652077862605335
13.72	20.29827399507804
13.73	20.882886511466076
13.74	19.92761934714593
13.75	21.096800467636903
13.76	21.26481699947421
13.77	22.20037623880125
13.78	22.048681418592118
13.79	22.417933045996808
13.8	21.740236009770687
13.81	20.89461565946804
13.82	21.140943015036466
13.83	21.623920909552684
13.84	21.53890504626849
13.85	20.777884887910062
13.86	20.727588585588745
13.87	21.40743301961183
13.88	20.118977345804566
13.89	19.779649883790437
13.9	19.196341909897495
13.91	19.03363888233981
13.92	19.467211572961745
13.93	18.24006599448815
13.94	18.41773011678933
13.95	18.269154093496436
13.96	17.201922243774803
13.97	16.9662839118319
13.98	17.021370872280613
13.99	15.749978582151169
14.0	14.950568939031887
14.01	14.222991457091107
14.02	14.083065501052234
14.03	14.289474330195308
14.04	13.865011661085555
14.05	12.997480563983936
14.06	12.876558672466489
14.07	11.201680460464585
14.08	10.631396918822356
14.09	11.087495746621892
14.1	10.105030625815711
14.11	9.853628857110602
14.12	8.718657889893034
14.13	8.360082073920204
14.14	7.631751620522577
14.15	7.452077744804781
14.16	6.40886683179203
14.17	6.967037635128169
14.18	5.868638594717852
14.19	5.247525668471026
14.2	4.779316424922243
14.21	4.603729479644072
14.22	5.0798384723591425
14.23	3.0060981241279485
14.24	3.7042593991013417
14.25	3.404336804988381
14.26	2.853719764740988
14.27	3.2770947831226227
14.28	1.0237407823296296
14.29	2.0953129704940796
14.3	1.8860289229152356
14.31	1.4966936010910448
14.32	0.9899509562931561
14.33	1.4180410457710166
14.34	-0.3237801450260511
14.35	1.3998544541480589
14.36	0.9665967791669899
14.37	1.0553700836184594
14.38	1.4347421567813603
14.39	0.24975768237642065
14.4	0.4657918478633081
14.41	0.9291553419983021
14.42	1.9485624834218145
14.43	0.6854152589795008
14.44	1.002157481327619
14.45	0.5512189480292986
14.46	1.0614785035455019
14.47	1.5955145208682582
14.48	1.1650396272372852
14.49	2.1538588073665403
14.5	1.1882341918208628
14.51	1.5382036220006925
14.52	2.2344573388878737
14.53	2.13722533486745
14.54	2.482348055822903
14.55	2.9316000184285365
14.56	2.8788099280478696
14.57	2.5805346613835933
14.58	2.951902054733506
14.59	3.3357629516767773
14.6	3.291043696215208
14.61	4.356396531834101
14.62	4.938317558633921
14.63	4.0255777715309025
14.64	4.912366507881975
14.65	4.943978951017297
14.66	5.398428991383294
14.67	5.0822130049319405
14.68	5.387574862822926
14.69	6.130337332254732
14.7	6.729282489689407
14.71	6.490557867438589
14.72	6.770167669426886
14.73	7.633623691754908
14.74	7.765904653162397
14.75	7.797536389875684
14.76	8.44632180847432
14.77	8.736168990314788
14.78	8.367631104391199
14.79	9.473983535124257
14.8	9.415474136325791
14.81	9.577772149489356
14.82	9.992233188688044
14.83	10.861574734892699
14.84	11.650981387494086
14.85	11.584747928793863
14.86	12.702591705885867
14.87	11.33038945487341
14.88	12.454033883226577
14.89	12.991921852366815
14.9	13.772947161593413
14.91	13.67302570383944
14.92	13.918943122841604
14.93	14.8957857270121
14.94	14.207182167850952
14.95	14.995678528011297
14.96	16.035759905039317
14.97	16.375293710951265
14.98	16.152890999885816
14.99	17.89973253705036
15.0	16.38772715575085
15.01	17.013505534167706
15.02	18.02039560378073
15.03	18.30721105550292
15.04	18.740820163672893
15.05	17.990768835239088
15.06	18.44123680901127
15.07	19.181086456558184
15.08	18.978328667534864
15.09	19.47670230449577
15.1	19.588462451004087
15.11	19.945643681648846
15.12	18.356791511897885
15.13	19.204689758411
15.14	19.313638856778834
15.15	19.15717198117481
15.16	19.183600082100433
15.17	19.09688487824237
15.18	19.234150502963068
15.19	19.106271597777447
15.2	19.345053085256865
15.21	18.67439634642246
15.22	18.55683334155364
15.23	18.745462368221396
15.24	17.57911816823385
15.25	17.4004334673112
15.26	17.017647238652472
15.27	16.514494656435517
15.28	16.52842760147472
15.29	15.422321592528602
15.3	15.427722743892929
15.31	15.216826609323446
15.32	15.446277742295127
15.33	13.828311550664694
15.34	13.763353708604457
15.35	14.483570513132834
15.36	12.969343015093893
15.37	11.515138301341272
15.38	12.313289056166424
15.39	11.523219287054546
15.4	11.748033001313027
15.41	9.35065479813342
15.42	9.451018797273322
15.43	8.779250016837342
15.44	8.734875949203515
15.45	8.442432313854034
15.46	7.718604929200247
15.47	8.393344951949437
15.48	7.5138878955923545
15.49	5.958148026355622
15.5	6.375828622930578
15.51	6.0010068567108705
15.52	4.673524713179932
15.53	6.490437018500094
15.54	5.368243951313815
15.55	3.71176062703432
15.56	3.236034447144574
15.57	3.533335886529962
15.58	3.212977863494674
15.59	2.7968684860709585
15.6	2.81866314998072
15.61	1.6582246581776454
15.62	2.104933594229701
15.63	2.3123845634900912
15.64	1.1478815671630784
15.65	2.1744203673441227
15.66	0.9342660499787876
15.67	1.6503940878883425
15.68	1.259509553724238
15.69	1.0111076863648687
15.7	0.8184577868887503
15.71	-0.6123884223302712
15.72	1.2855516599562034
15.73	-0.5766202082459713
15.74	-0.39156006556441225
15.75	-0.6922055975256518
15.76	-0.38430046626387226
15.77	0.04209505731008058
15.78	0.04272008091739185
15.79	0.7929508745103321
15.8	0.43330997309242775
15.81	0.6269278621106871
15.82	0.2799683935971074
15.83	-0.1046847673443726
15.84	1.4090055606792264
15.85	-0.27746294977617136
15.86	1.4105521730731168
15.87	1.1865572789693375
15.88	1.81155405833987
15.89	1.2704480243443574
15.9	0.9816635564091161
15.91	1.2111133928587936
15.92	2.3880860862794435
15.93	2.7685869893399775
15.94	2.70161505416315
15.95	2.6655038900414554
15.96	3.6180860692022354
15.97	4.365401857548511
15.98	2.6693368167583706
15.99	3.083434608860493
16.0	4.544533731479356
16.01	4.343199797350697
16.02	5.002707392065407
16.03	5.120760785255149
16.04	6.10227357740656
16.05	5.5847915443386045
16.06	5.20509999120031
16.07	6.512654213000826
16.08	6.5560444353576806
16.09	7.005021162049766
16.1	8.21823812098618
16.11	8.283442915393683
16.12	8.438050874935147
16.13	9.362462830925217
16.14	9.041686714701772
16.15	9.467881752971753
16.16	10.84571319788081
16.17	11.416398408782864
16.18	11.441181316381982
16.19	10.363110922358414
16.2	12.09275687217225
16.21	11.286347118457947
16.22	12.494011081758304
16.23	13.46999020071425
16.24	13.363097642677284
16.25	13.668646883143246
16.26	13.69967321614697
16.27	15.267326914503741
16.28	14.926208602502337
16.29	15.297522942404237
16.3	15.516395936879714
16.31	16.377343397973664
16.32	16.857568829399945
16.33	15.832290982333406
16.34	15.873166677629683
16.35	16.479721857473546
16.36	16.864841656579
16.37	17.282198632455163
16.38	16.901052770371894
16.39	17.33392014483526
16.4	17.578128998242615
16.41	17.591224065088692
16.42	17.80812841939594
16.43	17.11851581476187
16.44	18.649826961549284
16.45	18.364074937875372
16.46	18.338043196193965
16.47	18.265801081908617
16.48	18.160185968541725
16.49	18.095315026690493
16.5	17.686910221933736
16.51	18.0979306721866
16.52	18.508089379275905
16.53	17.76514975192937
16.54	18.38780208910828
16.55	17.92462373527932
16.56	18.027994503078865
16.57	18.35254427982707
16.58	17.18417594691186
16.59	15.578334311500278
16.6	16.571629830486543
16.61	16.90385075643297
16.62	16.44531205926177
16.63	17.08155597343953
16.64	16.356457224234205
16.65	16.725081280555326
16.66	15.905018078083225
16.67	15.202039465841109
16.68	15.007633074748238
16.69	14.685758862217932
16.7	13.997891249177897
16.71	14.217762969297794
16.72	13.067145509760012
16.73	13.140661603040074
16.74	12.2108284546865
16.75	12.990100167617374
16.76	11.459741422813027
16.77	12.023558410334482
16.78	11.557628565477359
16.79	9.363717448795056
16.8	10.825111926464572
16.81	10.070390054472458
16.82	9.333413932829052
16.83	9.919284075311106
16.84	8.741787994275557
16.85	7.827273968097384
16.86	7.9155145363381925
16.87	6.1936661310030106
16.88	6.53424312430171
16.89	6.034469259535539
16.9	5.022788284441097
16.91	5.230422379552351
16.92	5.334781538908158
16.93	5.166224680208651
16.94	4.779644700701811
16.95	3.167692002538969
16.96	3.2023059109640606
16.97	4.0755194591485795
16.98	3.6536004355639506
16.99	2.6005586389634012
17.0	2.815425196921428
17.01	3.1151991597021125
17.02	1.4092234487040454
17.03	0.7358644585553098
17.04	1.5149057609915602
17.05	1.1777431098784064
17.06	1.2412478412827774
17.07	1.1331612049849402
17.08	0.43211031761243834
17.09	0.6893603986324585
17.1	0.013083766540659347
17.11	0.6976554780583939
17.12	0.28359260806212955
17.13	1.228028164508723
17.14	0.38357003931771344
17.15	0.624898164666314
17.16	0.12603741945722496
17.17	0.35981883673673837
17.18	0.5213634195396368
17.19	0.20068232202426634
17.2	0.23853294211727438
17.21	-0.22740540443301038
17.22	0.6454218370449701
17.23	0.673291861056848
17.24	2.4773333792860774
17.25	0.1850287137740021
17.26	2.350097057562267
17.27	2.102133562330914
17.28	1.96993746375756
17.29	1.5320933828051415
17.3	1.8327983933737775
17.31	1.6093405116431008
17.32	2.8119482745830084
17.33	3.7621045635043684
17.34	2.9779442227561517
17.35	2.4445299140056154
17.36	2.7498981029488294
17.37	3.899415323860126
17.38	3.3014709719164546
17.39	4.139033205760201
17.4	5.606420650615634
17.41	4.6071321755549
17.42	5.326396044224304
17.43	5.8018419958706735
17.44	6.250789246853565
17.45	6.047271462364957
17.46	6.846712759777957
17.47	7.563758913468222
17.48	7.490059276448225
17.49	8.767584356291643
17.5	8.854008631672118
17.51	9.13817018348518
17.52	9.262885952156207
17.53	8.892016694462122
17.54	9.722323338741239
17.55	10.733108745370561
17.56	10.933705943204362
17.57	10.627830047541455
17.58	12.788438091800712
17.59	11.974783073295843
17.6	12.275232432457997
17.61	12.515034940160403
17.62	12.357056669535353
17.63	13.748344464882987
17.64	14.75038307612644
17.65	14.939744439433285
17.66	14.916455309456428
17.67	15.45260896744566
17.68	15.701045746521796
17.69	16.08830662894802
17.7	15.420928367402261
17.71	16.598769206614257
17.72	16.370539042307424
17.73	15.964252167063954
17.74	17.367291848972712
17.75	16.950377589278194
17.76	16.820766662215313
17.77	16.904398533021126
17.78	17.075453862995015
17.79	16.66953629766759
17.8	16.29220474995863
17.81	16.707229228254757
17.82	17.256706755285524
17.83	16.859435628679652
17.84	16.544092215285332
17.85	17.105135196227163
17.86	15.99792402910021
17.87	15.510705003214625
17.88	16.350954324665825
17.89	15.65575894250598
17.9	16.46145415718322
17.91	15.358171343572915
17.92	14.756183321775667
17.93	16.06866880896857
17.94	14.526143616095165
17.95	13.40252784250032
17.96	14.00480808103126
17.97	12.454296999029474
17.98	13.344906704324144
17.99	13.391933976199914
18.0	12.503110422321642
18.01	12.098878166485717
18.02	10.902225040059921
18.03	10.712213045865742
18.04	10.175708547282623
18.05	10.245604558397028
18.06	10.290687083060453
18.07	9.499270127109716
18.08	9.518542360251773
18.09	9.036794424526457
18.1	7.639337315290272
18.11	7.9050307654706655
18.12	6.522275269938954
18.13	6.430401384257444
18.14	6.414392177435598
18.15	6.475734766239206
18.16	6.618199397956185
18.17	5.814761836535756
18.18	4.827838074649852
18.19	5.222221103438046
18.2	3.4917528853518176
18.21	3.5195912790569164
18.22	3.757985663796796
18.23	3.498567857940234
18.24	3.4989690068429553
18.25	3.413742846920453
18.26	1.8358541981665029
18.27	2.3070115269833904
18.28	1.8120786722417415
18.29	1.2489927665593323
18.3	1.3553668410284248
18.31	2.490403932751118
18.32	2.9763196872983277
18.33	2.512204428187623
18.34	2.6176742152611565
18.35	1.7316152913640155
18.36	1.6832157656851516
18.37	1.7861009844724327
18.38	2.6462821874835
18.39	2.49278325832067
18.4	2.8050565118440605
18.41	1.8877406867568731
18.42	2.322654439486507
18.43	0.9784753893091963
18.44	2.246641425478317
18.45	2.629268420661094
18.46	3.024403198022492
18.47	2.353358540475445
18.48	2.194008480770838
18.49	2.009426127104473
18.5	3.7909020580549218
18.51	2.8269176959556876
18.52	2.709510255383968
18.53	3.4246309251273437
18.54	4.773896473574814
18.55	3.7531406198365476
18.56	3.860129578349314
18.57	4.353119529560175
18.58	5.048773759547243
18.59	5.1791109625812854
18.6	5.82391803185921
18.61	6.565524746530449
18.62	5.783693752066879
18.63	5.680577929993218
18.64	5.6387752589714175
18.65	7.213902129850346
18.66	8.33431246180364
18.67	9.041833287709883
18.68	8.121714609390795
18.69	8.404850118092439
18.7	9.763618154899763
18.71	9.74105630291053
18.72	10.270470147226035
18.73	11.253443820607405
18.74	10.227029858802412
18.75	11.889287801661368
18.76	11.124225211926019
18.77	12.675629659892836
18.78	12.605116434371155
18.79	12.06903372456885
18.8	12.945223147504224
18.81	13.924873213550958
18.82	14.401180920788795
18.83	14.980541503700135
18.84	14.802852964983167
18.85	15.029609129670312
18.86	15.116529433997792
18.87	14.660135341592659
18.88	14.858551780060491
18.89	14.629764223431303
18.9	14.920463316547611
18.91	15.53859594839906
18.92	15.28614592039185
18.93	16.19552501774217
18.94	15.527200832491012
18.95	15.715260285274057
18.96	16.328973940220557
18.97	16.06417522370474
18.98	14.87988190303032
18.99	14.996408530930998
19.0	15.061178671050412
19.01	14.799777133176834
19.02	15.193002939938825
19.03	14.270367869511787
19.04	13.594570470440585
19.05	13.315973212210183
19.06	12.963834619264745
19.07	12.676443575117927
19.08	13.647018254278096
19.09	12.53635558048382
19.1	13.260383324471398
19.11	12.355561951126369
19.12	11.709356329929157
19.13	10.93075226572155
19.14	11.774151326507551
19.15	10.68647931368873
19.16	9.633758562136954
19.17	9.486032276131967
19.18	9.586205782238043
19.19	8.12706235511715
19.2	8.11291081282032
19.21	8.485494084389954
19.22	7.609638001133157
19.23	6.7012854234836485
19.24	6.347292816483328
19.25	5.629444395151661
19.26	5.457466477249887
19.27	5.241844862172283
19.28	5.18467329758776
19.29	4.759524167813021
19.3	4.410064012804575
19.31	4.278707817908046
19.32	3.7815019115821764
19.33	2.372173181225362
19.34	4.624084612143992
19.35	3.0341353058623897
19.36	3.2342530368651503
19.37	2.6113661763527896
19.38	3.6192285594073894
19.39	2.27529269804776
19.4	2.1497323807905513
19.41	1.59009263791385
19.42	1.634075091858462
19.43	2.0663221544228954
19.44	2.074402263332072
19.45	1.0973350199682532
19.46	1.2457827929954084
19.47	1.4442088920767837
19.48	1.5906301518400203
19.49	1.2481680185058726
19.5	1.0502453025122827
19.51	0.273293919460381
19.52	0.838386016880158
19.53	1.76503868345563
19.54	0.8334568771597852
19.55	1.6338917658680916
19.56	1.7693814789375284
19.57	1.2057269448249304
19.58	2.119599510884466
19.59	1.799993493425815
19.6	1.4289320325977914
19.61	2.9944542689901623
19.62	1.6616107160600186
19.63	2.8785850407371134
19.64	1.7714241846804561
19.65	3.084399502915568
19.66	2.9501968895511155
19.67	3.6436671532821734
19.68	3.743628357275454
19.69	4.635662575790054
19.7	4.966582999877632
19.71	4.0789015006375084
19.72	5.74205610220933
19.73	6.160380484721044
19.74	5.751307048432376
19.75	6.411857521236039
19.76	6.855051663827768
19.77	7.530890744661495
19.78	8.78770828384691
19.79	7.998970562377201
19.8	9.181287457679678
19.81	9.8910126799506
19.82	10.099160600456532
19.83	9.568317939380812
19.84	9.471160488821798
19.85	10.426446262363504
19.86	10.147334315586624
19.87	11.289984488863118
19.88	12.591166174911233
19.89	12.148354078815883
19.9	12.288497924235937
19.91	12.71054418016416
19.92	12.755447687814309
19.93	13.801402911453094
19.94	14.227958093800767
19.95	14.951403627055964
19.96	14.076841658998179
19.97	14.025065739680253
19.98	14.552460296162007
19.99	14.806234386605954
20.0	14.553717941392176
