10.01	10.700719603393281
10.02	11.046302448222713
10.03	6.747860374248603
10.04	8.73086789462034
10.05	9.900063730277989
10.06	8.395669919622087
10.07	7.072138057359363
10.08	6.7446836311786935
10.09	9.214950800133721
10.1	5.2363537131815
10.11	8.454260059319509
10.12	5.476655663393587
10.13	3.5042078287498324
10.14	5.011056173245389
10.15	4.067126025640225
10.16	3.836387226725475
10.17	4.044717054921233
10.18	4.784239691085803
10.19	5.587077245053831
10.2	0.7103675165052183
10.21	1.760307529029869
10.22	2.628314768504942
10.23	1.60881391774957
10.24	3.6981913309207837
10.25	5.118118542716347
10.26	2.0288343360870367
10.27	4.133829918959064
10.28	2.123483500043738
10.29	2.004411345574006
10.3	0.0007504558233120129
10.31	2.0848806174700076
10.32	1.9776586948782582
10.33	2.4818101867047972
10.34	2.0005118720877033
10.35	3.5009280088185832
10.36	4.49398472953164
10.37	3.7040218391338318
10.38	4.829260084441474
10.39	5.1549310553284045
10.4	3.585108532733285
10.41	4.868615208012071
10.42	4.53800532255176
10.43	5.476238389216973
10.44	5.848758467192558
10.45	2.46547224390123
10.46	2.6392102003686966
10.47	5.9879041809870825
10.48	8.330737082058205
10.49	6.730100763632642
10.5	7.7623089797156215
10.51	6.097368095595257
10.52	5.621275170372158
10.53	6.488005559463459
10.54	6.047472111936424
10.55	9.047173692211281
10.56	9.331030529862938
10.57	9.18064284831393
10.58	8.702605384906416
10.59	9.983133823431285
10.6	11.586814384343912
10.61	10.701954691350258
10.62	9.875970165185983
10.63	10.780157361705708
10.64	10.745990468766614
10.65	11.159566388885501
10.66	10.214535615083433
10.67	13.1893736827639
10.68	13.29585140562097
10.69	13.466878779300787
10.7	11.32475111447321
10.71	12.308449854026271
10.72	12.240441408774464
10.73	11.455324950461486
10.74	12.075907112173816
10.75	14.214340362428446
10.76	11.413582546417542
10.77	11.035500752130103
10.78	9.948872080269021
10.79	10.238994038238951
10.8	13.024530042556213
10.81	11.520448658139632
10.82	9.152375763930323
10.83	7.472974025358892
10.84	9.62482464577953
10.85	7.470563327600728
10.86	7.592035393058205
10.87	8.110474117145065
10.88	6.566835106292587
10.89	8.487620269004648
10.9	6.741120857890381
10.91	5.010622873511631
10.92	4.710174624357658
10.93	5.716411944175175
10.94	3.950950663751554
10.95	4.918042552643862
10.96	4.648730506714652
10.97	3.6213179643510838
10.98	6.166493812690629
10.99	4.466013868440282
11.0	3.3570046763120756
11.01	3.894066598117094
11.02	3.320071302029016
11.03	1.7308209139445931
11.04	3.016310651398704
11.05	1.3992239440350733
11.06	2.9713224400129237
11.07	5.457447509246981
11.08	5.2167611744402285
11.09	2.738414515175055
11.1	3.6112310444119458
11.11	2.6140920567101205
11.12	1.2510306000004976
11.13	4.266337459073183
11.14	2.7199316075255786
11.15	2.6392052956155476
11.16	4.378372311383978
11.17	4.11494303462468
11.18	3.051821567860312
11.19	2.9073333491819757
11.2	4.326214495650159
11.21	3.9739964326293338
11.22	5.728817519870709
11.23	6.47982899017823
11.24	8.523240932636584
11.25	6.571787497046459
11.26	8.575579437765436
11.27	6.443392281622555
11.28	7.518865438192502
11.29	7.946435196234596
11.3	7.374394760320347
11.31	6.316870212073305
11.32	9.042968796784335
11.33	10.162030770329594
11.34	9.71341922984697
11.35	9.46699280118874
11.36	11.539278692141016
11.37	11.67816583317292
11.38	13.474935696754875
11.39	12.166484510096534
11.4	11.078743658821319
11.41	11.581819700536615
11.42	11.949486938284078
11.43	12.711617965022995
11.44	10.691281177218132
11.45	16.576697672671713
11.46	12.577195811560989
11.47	11.636036535818242
11.48	12.676848188519577
11.49	13.596660028000727
11.5	13.236552429238246
11.51	11.667708984940829
11.52	13.807592947721623
11.53	10.516009842813885
11.54	10.780686702782175
11.55	15.542485832957782
11.56	10.115596184426993
11.57	8.920048978572332
11.58	7.735779884143132
11.59	10.947093288747507
11.6	12.81669864165488
11.61	8.265689047067811
11.62	6.0752628527645625
11.63	10.16302609474631
11.64	6.739269022701147
11.65	5.993473488799861
11.66	6.055458795139019
11.67	6.989544526461943
11.68	6.83514314223768
11.69	4.992774702481227
11.7	4.144492673864632
11.71	4.544425268567597
11.72	3.8075589155965197
11.73	5.024207418646015
11.74	3.7499000073117537
11.75	0.6995157199610036
11.76	5.04527546839768
11.77	3.8284471752286526
11.78	4.787618522210178
11.79	5.663065707373538
11.8	0.2672615854630398
11.81	3.301621926946038
11.82	2.5265907976230175
11.83	1.1179491634084702
11.84	3.1604781885712248
11.85	2.456930873828145
11.86	-0.37826678370671163
11.87	0.149384940206303
11.88	-0.5393289105762402
11.89	2.3687203591985853
11.9	0.20289960222635628
11.91	-1.8993768499387251
11.92	2.115474150645559
11.93	2.765842276856249
11.94	3.628552123623799
11.95	4.107545052080229
11.96	1.8164410853094646
11.97	2.9232217104345906
11.98	1.2443827402791339
11.99	5.175973270463333
12.0	5.510943560088817
12.01	2.9337079145919462
12.02	4.811771535937143
12.03	3.111511468439846
12.04	4.828488723497274
12.05	4.4636393694618075
12.06	5.55672943502402
12.07	6.871801481550602
12.08	6.745169686767554
12.09	8.026643159245506
12.1	8.007143622480289
12.11	8.924166693351255
12.12	5.989235206334321
12.13	8.617690429858495
12.14	10.440584389050557
12.15	7.486929292221674
12.16	10.110153118875939
12.17	10.903798830487597
12.18	9.76287777597928
12.19	11.545891812131517
12.2	8.949319761689216
12.21	13.533199032338135
12.22	11.723603566816857
12.23	11.281949769799237
12.24	12.142336519703353
12.25	11.041484217222346
12.26	7.896471800900553
12.27	9.81682570305492
12.28	10.97165539817224
12.29	8.649901183229117
12.3	10.93803051227485
12.31	8.489931709381764
12.32	8.397232335575397
12.33	7.497307397121494
12.34	8.756175240674828
12.35	7.595675770099743
12.36	10.534469187691979
12.37	5.90241583569529
12.38	8.146448449473613
12.39	4.6110662261953514
12.4	2.9344428313137585
12.41	6.894113744263025
12.42	4.026693880787887
12.43	5.886203971274037
12.44	4.267085020991226
12.45	1.0202464738909582
12.46	4.510204351551475
12.47	4.6565307758020955
12.48	1.4729344389070844
12.49	3.0208125630155096
12.5	3.9798252371871774
12.51	3.584698865506547
12.52	1.4344710499710236
12.53	-1.8462347272768735
12.54	-0.6496080988220373
12.55	0.8446358141692893
12.56	-1.6964945563854708
12.57	2.6381570712796316
12.58	0.643618241759096
12.59	1.4420574805673205
12.6	2.6546370347436152
12.61	-0.12069285708637086
12.62	-1.3920989745462984
12.63	-1.3297331251813083
12.64	3.6942020943723204
12.65	-1.5800466901992318
12.66	-0.908325223678583
12.67	0.7660560004660344
12.68	-0.24322155086678698
12.69	-0.06532782150165994
12.7	0.2822116515989921
12.71	0.4377502283910977
12.72	1.942334814576076
12.73	-1.1474513613929826
12.74	0.993412752034971
12.75	2.466941066339711
12.76	2.5992061320959277
12.77	3.6616812441597886
12.78	2.4578514199084935
12.79	4.361466041816733
12.8	3.5777933043440195
12.81	3.7642168490001677
12.82	4.345480816153082
12.83	5.104433013897536
12.84	4.701731500493829
12.85	7.8875445854897395
12.86	4.363076333018449
12.87	4.57671318966681
12.88	7.478217824940726
12.89	10.938952578883208
12.9	9.534975307541703
12.91	9.798358939368764
12.92	7.870256713493021
12.93	10.96018520320224
12.94	10.370169222312418
12.95	8.318565144385964
12.96	9.862608130369544
12.97	8.995264360256119
12.98	10.446550182129823
12.99	10.024458373083542
13.0	10.705333513859296
13.01	8.717982576273439
13.02	12.483028281131304
13.03	8.918801567300466
13.04	12.271197386976175
13.05	10.136955017350404
13.06	8.708716261663826
13.07	10.38364033510091
13.08	13.02181227602285
13.09	10.111622890164371
13.1	11.433964292160045
13.11	11.577964195544283
13.12	9.102203623332787
13.13	7.4779917301209045
13.14	6.888659401163175
13.15	7.323249641586867
13.16	5.9451085790385845
13.17	5.494510481472094
13.18	5.248233396969874
13.19	8.008529933461682
13.2	4.874919932098436
13.21	7.614395996968643
13.22	4.878832455808771
13.23	3.410130869625215
13.24	4.641614290738328
13.25	4.092139092532223
13.26	2.081811417867822
13.27	4.430757722602623
13.28	4.176582520708786
13.29	3.102183118502376
13.3	1.3154536801961239
13.31	3.6657648393040385
13.32	4.353367878434144
13.33	2.604436682278448
13.34	4.5820564750183035
13.35	0.03661957009671779
13.36	-0.5169861476483275
13.37	-0.21237505200570705
13.38	1.5106711918114133
13.39	-0.9805309251343914
13.4	2.6678694609646865
13.41	2.255213792051857
13.42	3.659916223751698
13.43	1.8496167897246862
13.44	1.879649962124137
13.45	1.9409638450475617
13.46	1.9691090587233457
13.47	0.02380573187837598
13.48	1.3956255041511836
13.49	1.133843276963654
13.5	2.7008545232106838
13.51	3.7637730417339057
13.52	3.230514320680002
13.53	4.063393385461958
13.54	7.1183405141761655
13.55	2.0739033498201564
13.56	5.294336280129278
13.57	3.4756418405388225
13.58	6.1006082006253575
13.59	2.958855184321476
13.6	7.37527192501958
13.61	8.568524996494833
13.62	8.89767177702713
13.63	7.12692289475603
13.64	5.038151267157678
13.65	8.681259973965851
13.66	7.81581889515864
13.67	8.44421069225865
13.68	5.823131120854709
13.69	9.53482174486297
13.7	7.808375857870389
13.71	8.885500121134573
13.72	7.976023788550859
13.73	7.021440980326035
13.74	9.717490184707142
13.75	10.619566377296628
13.76	9.934830514450717
13.77	9.504846914943657
13.78	10.699092745772228
13.79	12.108497930531568
13.8	9.349383447847531
13.81	6.531088336584414
13.82	8.874521437571627
13.83	8.220459234064503
13.84	8.661866322948908
13.85	7.083023155542974
13.86	6.583026875059797
13.87	4.372146922989688
13.88	4.595374946684906
13.89	7.222870261647545
13.9	6.834378367892178
13.91	5.24034627495167
13.92	4.878918967656092
13.93	7.923701321096346
13.94	7.832134272517508
13.95	4.305943480799258
13.96	5.940724409860648
13.97	5.140167620782154
13.98	2.186671999754946
13.99	4.113995962198195
14.0	2.829526789093939
14.01	1.8717750920615175
14.02	3.7738919821353383
14.03	0.7360295010278619
14.04	1.6840315016306708
14.05	-0.28309239524080265
14.06	0.9397532548678503
14.07	-1.0544134286538163
14.08	1.543924515788012
14.09	2.023863993204026
14.1	3.2735497806004625
14.11	-1.762266486602351
14.12	0.19787434511459145
14.13	2.1662478882587957
14.14	2.8477377264354646
14.15	2.1941310025642915
14.16	0.36470440809832794
14.17	-0.43264448053350457
14.18	0.6935539325703197
14.19	2.965755449946319
14.2	3.1002000746147864
14.21	-0.018336807963067248
14.22	2.7548822127194486
14.23	2.8530358295296296
14.24	2.481138527822311
14.25	3.3434974162795164
14.26	2.7742622219807345
14.27	5.818039260207644
14.28	4.321496866707226
14.29	6.402810703924251
14.3	3.0114322328683456
14.31	8.054956173890883
14.32	6.862170876229611
14.33	6.947556337120039
14.34	5.706404935311978
14.35	9.88184226345216
14.36	9.277375537348096
14.37	11.007616887039852
14.38	6.810397776706754
14.39	7.0830772624343314
14.4	6.88007609157202
14.41	6.742431789181543
14.42	10.666511488356324
14.43	10.062644346695025
14.44	10.054599396786868
14.45	11.13268214883522
14.46	11.43435020786093
14.47	12.935400475737708
14.48	10.954131938678662
14.49	11.534438747805526
14.5	9.803773632508065
14.51	9.100818601096496
14.52	8.812481973520889
14.53	9.690459147084656
14.54	8.510866090635238
14.55	7.243473733435874
14.56	7.7261292982566925
14.57	9.5680960592048
14.58	9.895086138832662
14.59	8.430886597519777
14.6	9.251320437273977
14.61	5.410179561082361
14.62	5.629438714145524
14.63	4.385227394420882
14.64	5.604143802145892
14.65	4.13059503624078
14.66	5.652665841693087
14.67	5.579690492191325
14.68	6.374022641706057
14.69	3.6265297261133806
14.7	4.946524764093443
14.71	3.2521988281234537
14.72	4.110253315862979
14.73	3.0451235269330508
14.74	2.9223268041901984
14.75	1.967492892077324
14.76	2.9248255775608127
14.77	3.0305368998613136
14.78	0.4635289137559484
14.79	0.0067660160178570905
14.8	4.503470915514996
14.81	2.0317191522831144
14.82	-0.04190140505130002
14.83	2.0088346413857
14.84	-0.5312000142166464
14.85	1.8104640168457578
14.86	1.2940473040980762
14.87	1.3163187332148718
14.88	1.1431133965149372
14.89	2.2230981855370793
14.9	3.534725460646889
14.91	2.87247445115489
14.92	2.7370745054542485
14.93	2.5983010643907054
14.94	2.5869908591691315
14.95	3.71357196251
14.96	3.373510318220437
14.97	3.394909289893686
14.98	5.445008575189695
14.99	6.366735410592828
15.0	4.702949492585395
15.01	7.232681486127752
15.02	3.63870746096707
15.03	7.418928322701402
15.04	4.9769679319587095
15.05	7.364267149562288
15.06	9.006209272828768
15.07	11.818666818089927
15.08	10.936826491666634
15.09	9.841606573917742
15.1	9.071373321176171
15.11	7.732514685816769
15.12	12.851056767898568
15.13	9.569201631227118
15.14	14.660947784646046
15.15	11.589148722582012
15.16	10.632764805595363
15.17	11.560411630675807
15.18	9.587229716184936
15.19	8.739665264474201
15.2	12.600018947368259
15.21	12.874161551354248
15.22	10.958432499332384
15.23	8.642650654806582
15.24	10.255469764455219
15.25	11.245945381263143
15.26	9.969856571161557
15.27	11.835575041539672
15.28	14.0229143369385
15.29	13.774264367953771
15.3	9.866566395921252
15.31	7.556303411710317
15.32	11.077504173408823
15.33	9.858369538274289
15.34	13.467975131133144
15.35	10.869256297652587
15.36	9.776636530029268
15.37	9.96039678336347
15.38	11.116796561334592
15.39	10.170170763156714
15.4	10.506349189721279
15.41	8.926890572164263
15.42	7.6326957130851705
15.43	7.794401227568175
15.44	8.813541407461182
15.45	6.196822026341065
15.46	4.338038456145862
15.47	6.265681664298282
15.48	5.117679573617483
15.49	6.415826520926844
15.5	6.4137934137246475
15.51	6.007101274063716
15.52	2.5314989407825594
15.53	2.339684009765201
15.54	5.483864275028996
15.55	3.037981260352695
15.56	4.789821972065326
15.57	0.84944739960309
15.58	2.53717893801795
15.59	1.4054418845292644
15.6	1.0392349217916923
15.61	1.484835501105953
15.62	1.6582033617520893
15.63	1.7642036948458555
15.64	2.0120427845662987
15.65	-0.987767977684237
15.66	2.2867456177300065
15.67	1.5119951671140548
15.68	0.3122055339352581
15.69	1.3328570497498708
15.7	1.8590450330180277
15.71	1.6666698190621738
15.72	-1.1876322656979628
15.73	-1.424153163695017
15.74	-0.42666030337208616
15.75	1.5027374830494125
15.76	-2.3252704444882673
15.77	-1.746450472432971
15.78	-1.8785638563022835
15.79	-0.16069660280006381
15.8	1.650220349385821
15.81	1.3649590984126596
15.82	-0.768746001080699
15.83	1.308734752363597
15.84	5.51312405562534
15.85	0.9496664175729479
15.86	2.680018412500433
15.87	5.501272000836428
15.88	1.9470546725884603
15.89	4.351845413012313
15.9	7.833190421064764
15.91	3.6843035203489896
15.92	4.319067038585278
15.93	6.357358278888479
15.94	3.5870858952701
15.95	6.0901478007616765
15.96	6.1549583387356535
15.97	6.299859665962943
15.98	7.348646781557611
15.99	9.115046852540441
16.0	8.496976690148518
16.01	7.346017676886021
16.02	10.27766022022613
16.03	5.849098703073734
16.04	8.833904639913946
16.05	10.776586728540979
16.06	6.782234058663216
16.07	11.792523425147976
16.08	8.241271450620005
16.09	6.835715096333533
16.1	10.417108642242987
16.11	9.491976235014585
16.12	6.546511826276908
16.13	7.036149799443647
16.14	11.850938236370661
16.15	8.474923834023993
16.16	10.375011195913546
16.17	7.274845459006879
16.18	10.42667692501909
16.19	7.221879377383157
16.2	6.1485453132468075
16.21	6.9872343576353035
16.22	8.989493069916264
16.23	8.027069173728725
16.24	7.516821681654404
16.25	5.708629043700547
16.26	6.6457890970061815
16.27	5.636858591835057
16.28	7.273203675751711
16.29	4.268124676511501
16.3	4.211657045938582
16.31	5.0980155171431925
16.32	1.0031840156009908
16.33	1.068833757721038
16.34	3.5927416773509315
16.35	4.886511453207227
16.36	0.26209067599821845
16.37	0.7491811794541658
16.38	1.707745005240135
16.39	0.5819175986359109
16.4	1.5209216227522027
16.41	2.749639913741796
16.42	0.8882294047260355
16.43	0.5301702659843975
16.44	0.25256288488002276
16.45	2.9144073009340006
16.46	1.8736917188916231
16.47	3.1299380378187696
16.48	0.39163545764227514
16.49	0.5791084261771313
16.5	1.951907975026197
16.51	0.9146950890615172
16.52	2.528693368184891
16.53	-0.33928353836850733
16.54	0.7672643137298514
16.55	2.2633349283017092
16.56	3.1369204110136018
16.57	3.3482108852475676
16.58	3.8594860625362433
16.59	2.3292504388501607
16.6	2.1213841329125467
16.61	6.6465997990466175
16.62	2.1460562259750997
16.63	2.2097296652641
16.64	3.4944077200187307
16.65	8.340676071700019
16.66	5.94713909237597
16.67	8.93877742050327
16.68	6.202224900482385
16.69	5.932775837299623
16.7	9.70964770732739
16.71	7.894203200994895
16.72	3.4052105786791937
16.73	7.263041829533547
16.74	7.470927555040961
16.75	9.063715593232057
16.76	10.63787376617829
16.77	10.43777892977247
16.78	11.155368973533506
16.79	6.733371385306464
16.8	8.896710149994616
16.81	10.298490276577375
16.82	12.138954916755624
16.83	9.954790183891594
16.84	9.74031793855904
16.85	8.554144595446196
16.86	8.973734071335508
16.87	10.267431470309727
16.88	6.826146544464779
16.89	11.153881301528898
16.9	10.074767766911242
16.91	8.938078852864988
16.92	8.713736843860323
16.93	9.579594553583547
16.94	8.382158782017699
16.95	7.04817857663353
16.96	8.864476368296334
16.97	7.955937723975098
16.98	9.606862587387816
16.99	7.321882865900446
17.0	3.5443710670164217
17.01	6.472885295487638
17.02	3.795686089036296
17.03	7.340899112563038
17.04	1.1016852383415427
17.05	3.6911462657675402
17.06	5.772231710409832
17.07	5.404624126954757
17.08	5.3437887091593606
17.09	2.60787961681061
17.1	3.9919980432520603
17.11	2.937854467933934
17.12	3.644651506968503
17.13	4.142579921653843
17.14	-0.46360035331832483
17.15	4.3441671447634675
17.16	2.5508851735286395
17.17	1.605670104249338
17.18	-0.3825501681976837
17.19	1.36094822011666
17.2	0.8945687006915113
17.21	3.7414629279465306
17.22	2.296097722649271
17.23	-0.3775315122229812
17.24	2.18267421363559
17.25	3.626135694558064
17.26	2.465611497095341
17.27	3.5105634758267894
17.28	3.142985965751544
17.29	-0.5943634207449433
17.3	2.7193590733753172
17.31	1.1801829690518044
17.32	3.692355501835461
17.33	3.4676198750455427
17.34	3.200799683913785
17.35	6.312719036689119
17.36	5.428431489202922
17.37	6.330207176190753
17.38	7.573661171233744
17.39	6.571916520716141
17.4	5.7766542036258315
17.41	5.069430113200643
17.42	8.166512850803104
17.43	9.889299451238399
17.44	9.800426076777136
17.45	7.641213958497962
17.46	9.67518459114365
17.47	11.089245897534767
17.48	9.885560945225064
17.49	11.510803482962139
17.5	9.475868132376872
17.51	8.952222166999517
17.52	9.40712969097091
17.53	12.502414661876832
17.54	11.693440639956508
17.55	10.818782211575042
17.56	11.196543696616104
17.57	13.064302192800099
17.58	9.812457116971041
17.59	9.650487383481087
17.6	10.821499869777368
17.61	10.64252681979173
17.62	7.506056001674042
17.63	7.883982871326994
17.64	8.247122040494947
17.65	8.775097001376865
17.66	8.914615057837327
17.67	5.444996265859688
17.68	9.185681846671022
17.69	6.037103713365542
17.7	7.602766966317555
17.71	4.856922136631066
17.72	6.309132805072719
17.73	6.81915373761011
17.74	7.555184752811304
17.75	4.033490192138934
17.76	3.074612867987706
17.77	3.52518691458434
17.78	5.019813659406351
17.79	2.811614323176843
17.8	0.5811405944809231
17.81	3.450637275968127
17.82	1.4529834229318621
17.83	3.445894668794522
17.84	2.399282823513091
17.85	2.7138504662196032
17.86	0.9023242782947021
17.87	4.964495238734966
17.88	4.237483753754742
17.89	3.4681650979038183
17.9	3.146155044933902
17.91	0.014551022759252685
17.92	-0.1041510586484044
17.93	0.07173180828876402
17.94	-1.0827452504650703
17.95	3.784176085761781
17.96	-0.2516065599381908
17.97	-0.12521661937113537
17.98	0.8882040792155884
17.99	-1.1127483138676106
18.0	2.3020217494103674
18.01	0.5861496071187644
18.02	1.667652245300657
18.03	2.8978216825913723
18.04	2.6922125962578995
18.05	4.467157883495592
18.06	3.0739173985801025
18.07	5.020500129816201
18.08	3.1385147967663833
18.09	5.0753358244415185
18.1	3.1511900429919466
18.11	3.2590259601088225
18.12	3.586413783910077
18.13	0.6122190538400281
18.14	7.270921190442698
18.15	4.858392377600153
18.16	7.531977476747198
18.17	7.287026042527423
18.18	10.510057803442784
18.19	7.720112200102995
18.2	7.59957526213739
18.21	6.8934925571647225
18.22	7.950780436170438
18.23	7.994999174652724
18.24	7.955938304688091
18.25	8.761727896153634
18.26	8.37373092947391
18.27	8.592228039714902
18.28	9.916351015392
18.29	14.211472220778159
18.3	11.734093029203343
18.31	9.219536870088085
18.32	9.033225994720583
18.33	9.634624904991451
18.34	9.618974744273169
18.35	8.973046255330912
18.36	10.108304634662936
18.37	8.385739173215686
18.38	3.8133104058419756
18.39	8.705711467208491
18.4	8.365654077026916
18.41	8.040615175119147
18.42	4.606543145381453
18.43	8.766173666906198
18.44	4.811306427858896
18.45	4.3885595575127
18.46	6.810748295962124
18.47	7.322763109513904
18.48	3.6111213512428657
18.49	5.278969005660351
18.5	5.181847224516711
18.51	0.5972867841862546
18.52	0.964765879097051
18.53	1.830313148976899
18.54	-0.2962871003857934
18.55	1.4950168569430224
18.56	0.8459223478080615
18.57	-0.03662934086447067
18.58	1.0534920649843835
18.59	-0.13852839474720002
18.6	3.040546940352921
18.61	1.9127321232640102
18.62	1.4266438369740784
18.63	0.691305664742566
18.64	2.9272176101558394
18.65	0.5194803334782981
18.66	0.06937211026874535
18.67	-2.6000313785290645
18.68	3.508910184046396
18.69	-0.20840572504547927
18.7	2.8949751765833414
18.71	0.019613142009252016
18.72	1.530826305068511
18.73	3.267896013726822
18.74	4.555452123552879
18.75	0.8311057974420053
18.76	2.1007007069729196
18.77	5.4720553155949645
18.78	3.742088409472207
18.79	4.767385008650834
18.8	4.041889021985682
18.81	2.631571286302664
18.82	3.4973794026657288
18.83	3.762947728540975
18.84	5.232260535033882
18.85	5.767450751863838
18.86	5.6219032740265815
18.87	6.5199165746716385
18.88	5.259181955905321
18.89	4.687363544353261
18.9	7.87020965280343
18.91	6.337174103292258
18.92	8.101846126911685
18.93	7.030342803176419
18.94	7.720448421937416
18.95	7.8854781368085725
18.96	9.692876395810888
18.97	8.513913840601672
18.98	8.152664927075037
18.99	9.194113077505646
19.0	9.395365259772335
19.01	7.822610853846978
19.02	10.293694877674142
19.03	10.38696821995404
19.04	9.632307874745898
19.05	9.874589354355088
19.06	9.91069833909442
19.07	8.56222477332438
19.08	10.875859860414002
19.09	9.050973936383194
19.1	8.975881923598669
19.11	7.245499529595378
19.12	13.176964166029718
19.13	7.630234702515673
19.14	11.477747385337775
19.15	8.409471824021423
19.16	9.018227885145693
19.17	6.432310204856892
19.18	6.9794391730696566
19.19	9.596947271468961
19.2	8.89966563630402
19.21	4.138327344581175
19.22	4.983704506265562
19.23	7.261538001205356
19.24	6.555468418230073
19.25	6.7655922653531775
19.26	8.694190917711579
19.27	8.811709475845875
19.28	6.839095964012429
19.29	5.357071912295767
19.3	4.9445785785900584
19.31	5.473512902633825
19.32	4.818761266028812
19.33	1.7701019639163693
19.34	3.236906073727734
19.35	4.8736090868237385
19.36	3.323338205215594
19.37	2.635960999187809
19.38	5.1641708847954515
19.39	2.8470093042035023
19.4	0.8209074526721292
19.41	1.3983656799195803
19.42	1.7316247985743476
19.43	2.833639742332619
19.44	1.612151071447424
19.45	2.574423037143048
19.46	1.5948357406616345
19.47	-0.7084925349805324
19.48	6.060337757200218
19.49	3.068224730512142
19.5	4.840161464201096
19.51	1.2316041510842157
19.52	5.461948171941608
19.53	3.1565999405518808
19.54	3.575117090258493
19.55	3.573549523626087
19.56	1.3732394427321255
19.57	6.665577721445923
19.58	4.617842050252272
19.59	3.6386924738488258
19.6	7.291163130119409
19.61	5.667575551465072
19.62	7.34871894169519
19.63	9.194611995839745
19.64	8.246198799829562
19.65	8.394156772768463
19.66	11.06439591242978
19.67	11.195950270685751
19.68	7.509332885821662
19.69	9.062078818319707
19.7	9.239648893386649
19.71	8.988436785918044
19.72	12.705279797236793
19.73	8.161537436915303
19.74	11.466914267548725
19.75	10.346718369506343
19.76	9.610972954465149
19.77	10.038287349265397
19.78	12.60967071512169
19.79	12.464975773756334
19.8	12.264330311571904
19.81	14.793007024989578
19.82	12.012572204255491
19.83	14.632555038958047
19.84	13.040610883177367
19.85	12.158091886546966
19.86	12.452296013325968
19.87	12.027815620776071
19.88	10.290640789902145
19.89	9.148754124453191
19.9	11.329953489881177
19.91	9.125404787411492
19.92	14.28226040723604
19.93	10.180709655463064
19.94	8.674113061979067
19.95	7.717247805139093
19.96	7.7035089288973415
19.97	9.268281414517817
19.98	8.3946262968397
19.99	8.450771450188979
20.0	7.567057497843673
