10.01	2.926286118792429
10.02	3.0364589810859606
10.03	3.3080325941148154
10.04	3.1346646827377755
10.05	2.925029755217143
10.06	3.045691878029249
10.07	2.7085567792935112
10.08	2.8422270878327716
10.09	2.896991779973332
10.1	2.6368538115404334
10.11	3.0142873571428126
10.12	2.7179137637538653
10.13	2.4627983670545883
10.14	2.526124852690199
10.15	2.9843602987786046
10.16	2.658374567840243
10.17	2.696534374178751
10.18	2.0025563478412365
10.19	2.267349885752656
10.2	2.464748033117816
10.21	2.260673728285264
10.22	2.5182132978502136
10.23	2.2253057620871513
10.24	2.0490642623562514
10.25	1.9758994529857425
10.26	1.6306322502597195
10.27	1.3184077492804902
10.28	1.4247056674365781
10.29	1.6148979852515208
10.3	1.6685870279686519
10.31	1.4734472406971775
10.32	1.3938606173452546
10.33	0.7798991061667331
10.34	1.406241265549481
10.35	0.9377046884276554
10.36	1.032592626330413
10.37	0.2602541132593664
10.38	1.1188848564515221
10.39	0.43173680983041657
10.4	0.5948949842567332
10.41	0.4740083843550384
10.42	0.6289750940086516
10.43	0.1403845867197597
10.44	0.0057578162212556395
10.45	0.09325414006944438
10.46	0.08551812465787983
10.47	0.10319291225008514
10.48	0.2223093611203345
10.49	0.07225106037676139
10.5	-0.06636309113135455
10.51	0.26663165884216866
10.52	-0.1626457831129746
10.53	0.1513557525036487
10.54	0.0339735679019821
10.55	-0.16656754954498632
10.56	-0.0054055426615858375
10.57	0.3183543626845299
10.58	0.18519581122233122
10.59	0.13141061610440224
10.6	0.12397221693853316
10.61	0.1875187371539977
10.62	-0.25347979626632583
10.63	0.012009507005703843
10.64	0.1899330790650012
10.65	0.092729646192488
10.66	0.6361309295843685
10.67	0.47291364263526825
10.68	0.03559170175642287
10.69	-0.043978547933603174
10.7	0.6601441299365386
10.71	0.36759819805723104
10.72	0.6630163335695649
10.73	0.6086467069961935
10.74	0.5189489526153992
10.75	0.494341010228419
10.76	0.8160250780075027
10.77	0.5158899639355944
10.78	0.42597583247148696
10.79	0.6579410419591172
10.8	0.735438399946431
10.81	0.5503051897266484
10.82	0.966894636803406
10.83	0.5503040634702392
10.84	0.7338397922164006
10.85	1.0033945404227518
10.86	1.0435524945481416
10.87	1.3524812384281135
10.88	1.0858071070347195
10.89	1.0005725220258999
10.9	0.6900690055936205
10.91	0.8761489989064567
10.92	1.0288398616085073
10.93	1.2858635240134135
10.94	0.5483356191750899
10.95	1.2935646001161456
10.96	0.6789745625517102
10.97	0.4525835287636808
10.98	1.3757122746981212
10.99	0.383843077481978
11.0	0.918845581582648
11.01	1.0929516530380081
11.02	0.8469049911866999
11.03	1.0711368308895775
11.04	0.8250338297219579
11.05	0.707385349228397
11.06	0.7847948121800437
11.07	0.6734015123812984
11.08	1.1143900580143289
11.09	0.9956951322083278
11.1	0.5994093660754265
11.11	0.5402385620425283
11.12	0.7284410262239371
11.13	1.0609058169085457
11.14	0.901753161985209
11.15	0.794837427403721
11.16	0.6623942554359901
11.17	1.0395278037714895
11.18	1.1251044956724394
11.19	1.3744906556824261
11.2	1.1447218513568869
11.21	0.9035915547534001
11.22	0.6563707974119064
11.23	0.9644049659561066
11.24	1.2102696915803497
11.25	1.1572772640783904
11.26	1.3053996200722773
11.27	1.183432131231728
11.28	1.2388364180182039
11.29	1.2189762185235566
11.3	1.6403618964178088
11.31	0.9919700747307958
11.32	1.3165122429476965
11.33	1.308889863964939
11.34	1.4807881321727856
11.35	1.3890542687637955
11.36	1.8322855045161694
11.37	1.1414722977241694
11.38	2.0128861824098028
11.39	1.7605877310697795
11.4	1.3318622097021102
11.41	1.6383787200613213
11.42	1.4077622462567239
11.43	1.890257946890586
11.44	2.125483910084292
11.45	1.7014585050256947
11.46	1.9839986897389628
11.47	2.277647477066417
11.48	2.117134203709622
11.49	2.4763028210035682
11.5	2.21320986913329
11.51	2.259724888324123
11.52	2.6475806313266737
11.53	2.1870074913263764
11.54	2.1314617040047117
11.55	2.659774816949302
11.56	2.070536803849068
11.57	2.3293189390377447
11.58	2.638908748289172
11.59	2.3717802715436878
11.6	2.475940190622615
11.61	2.9091588683164824
11.62	2.530556584623608
11.63	2.6544253508229656
11.64	2.678211861114513
11.65	2.38761373340725
11.66	2.2915362561361117
11.67	2.399573545394045
11.68	2.718340505908137
11.69	3.081395694559187
11.7	2.898439197576802
11.71	2.302796367121921
11.72	2.9599317780874035
11.73	2.5682748532574635
11.74	2.5525454682879314
11.75	2.632215655273252
11.76	2.579270755349997
11.77	2.8188833685853867
11.78	2.4337935505668393
11.79	2.5118125003487526
11.8	2.267823772974053
11.81	2.278267111143526
11.82	2.1427959445153895
11.83	2.456307494608635
11.84	1.9777272700250188
11.85	2.18924836470517
11.86	2.304153519832821
11.87	2.09848263045803
11.88	1.9941492988709537
11.89	2.3037445354742148
11.9	1.99897461715861
11.91	1.8698753765353013
11.92	2.2998815205919363
11.93	2.0729841539671705
11.94	2.1197696999757856
11.95	1.7661800263693026
11.96	2.1095427061992025
11.97	1.9361832719513865
11.98	2.1389036977475486
11.99	2.4190178824377138
12.0	2.4547455930179165
12.01	2.4189687320184485
12.02	2.0467990450921807
12.03	2.228695687312477
12.04	2.195001024694712
12.05	2.261617006586497
12.06	2.193205699047174
12.07	2.3850089445328817
12.08	2.4554342240856575
12.09	2.163199272276075
12.1	1.9938686389004865
12.11	2.4332249919203486
12.12	2.2562416180363396
12.13	2.0556010259405513
12.14	1.8708306010958509
12.15	2.2823681995745138
12.16	1.843412436440076
12.17	1.9792685583382592
12.18	1.9944425065978348
12.19	2.0854431339254313
12.2	2.1569921411721977
12.21	1.4804404477880446
12.22	1.8095760885208922
12.23	1.8280019120872548
12.24	2.339372056222502
12.25	2.3978111133351545
12.26	2.4248253968047564
12.27	1.4518488828819913
12.28	1.424029477713561
12.29	1.5719743567321889
12.3	2.1023967876540963
12.31	1.776710183629032
12.32	1.5039652345652053
12.33	2.0084996525531653
12.34	1.97386278983412
12.35	2.094056718470444
12.36	1.8606884660967484
12.37	1.96984255388008
12.38	1.6690275537648098
12.39	1.6285857117892775
12.4	1.999274019309353
12.41	1.3109764933370232
12.42	1.7486625425953108
12.43	1.640290634566077
12.44	1.8934947155781956
12.45	1.796355985882891
12.46	1.199527908833213
12.47	1.68523379356027
12.48	1.6637076348641646
12.49	1.6468594192139425
12.5	1.453809589985621
12.51	2.216968356080059
12.52	1.5605720991663532
12.53	2.0031373942264787
12.54	1.6985133564407897
12.55	1.743790332099208
12.56	2.315022536430124
12.57	2.06673553270985
12.58	1.797944623069292
12.59	2.330267483100773
12.6	2.5245642219368962
12.61	2.0232959559839596
12.62	2.666920295745973
12.63	2.913723612964157
12.64	2.2198001840070822
12.65	2.576667146571872
12.66	2.6578260241578815
12.67	2.972618959116902
12.68	2.929643702821402
12.69	3.2166086436678847
12.7	3.097455512259545
12.71	3.0374322837546712
12.72	2.989771189227785
12.73	3.383721627472288
12.74	2.9053304432070703
12.75	3.248818536216947
12.76	3.305906657931238
12.77	3.3163136438142278
12.78	3.3827286168300614
12.79	3.4746661569113635
12.8	3.818304190392099
12.81	3.3297005242301814
12.82	3.5645700954217623
12.83	3.5561112246837907
12.84	3.9528546649284237
12.85	4.067907962955411
12.86	3.9389008368584832
12.87	3.5016365634197655
12.88	3.5960995480140765
12.89	3.5540504768444725
12.9	3.359137512452771
12.91	3.655185285109548
12.92	3.2470349353650394
12.93	3.7161598628099917
12.94	3.3753751791436106
12.95	3.408333976168337
12.96	3.1253604152839385
12.97	3.754423323652571
12.98	3.29893386653779
12.99	3.5091379507829705
13.0	3.50463683043157
13.01	3.4681205895273437
13.02	3.4523851376157926
13.03	2.813404860050917
13.04	3.3095162388752355
13.05	3.4968381053278357
13.06	3.5448649141262463
13.07	3.2937914832939117
13.08	3.1828510283668856
13.09	3.3147507583019915
13.1	3.02071636517986
13.11	3.3797031521864236
13.12	2.970799515215913
13.13	3.1844098102751706
13.14	3.1076371785300445
13.15	2.553722242378696
13.16	2.6353161934178084
13.17	2.53730556873802
13.18	2.7880078331355294
13.19	2.7134519356333815
13.2	2.3488053994436973
13.21	2.255330033286473
13.22	2.988601166690963
13.23	2.6797403390681573
13.24	2.551179042512562
13.25	2.735201266330403
13.26	2.4187707695183174
13.27	2.482994407881204
13.28	2.6104925150066234
13.29	2.3287106691046233
13.3	2.4856645468536893
13.31	2.417292698869894
13.32	2.2289207581386785
13.33	2.081558216517306
13.34	2.486889263332376
13.35	2.31725170018421
13.36	2.6329386271548163
13.37	2.762611810093145
13.38	1.843075192919735
13.39	1.9068748590615592
13.4	1.9066176791401925
13.41	2.657890229334329
13.42	2.4661623487054936
13.43	2.634720491181806
13.44	2.2182067421250813
13.45	2.299954291353767
13.46	2.2514636642383747
13.47	2.0031298816030683
13.48	2.2892832006344563
13.49	2.3014126139863094
13.5	2.278558119018103
13.51	1.7469663206466564
13.52	2.540718467023572
13.53	2.272809137922375
13.54	2.211571108258754
13.55	2.1229082415089406
13.56	2.2204282878871524
13.57	2.6710400457590593
13.58	2.0908816190892523
13.59	2.26766822101436
13.6	2.8383449126700535
13.61	2.8251688334300353
13.62	2.8749100331356736
13.63	2.452854866459661
13.64	2.3997164601094805
13.65	2.75580008981825
13.66	2.3534041703545308
13.67	2.7428476917318725
13.68	3.1185841361489977
13.69	2.6171913043867807
13.7	2.3543467209208875
13.71	2.8380958906027307
13.72	2.5424210291852445
13.73	2.918668474562539
13.74	2.5750052423116268
13.75	2.908820625699
13.76	2.7213588708452816
13.77	2.4118459949164155
13.78	2.780872067653716
13.79	2.6929245623163873
13.8	2.7980595775684827
13.81	2.800124669830422
13.82	2.689648554361233
13.83	2.8408317124802434
13.84	2.8840246183510883
13.85	3.0147724470797965
13.86	2.6086205813025427
13.87	3.0441152447097704
13.88	2.405112341332361
13.89	2.402031812406365
13.9	2.3486996682763945
13.91	2.8303064372396896
13.92	2.6527019654526214
13.93	2.352311622889735
13.94	2.6155223987315654
13.95	2.689387801618793
13.96	1.9550854566874092
13.97	2.2142999196159026
13.98	1.7891079087996273
13.99	2.049051832694135
14.0	1.7314708412382094
14.01	1.0912365399943385
14.02	1.6561611381634307
14.03	1.747565724003981
14.04	1.8422596837382812
14.05	1.6819955145452823
14.06	1.6332722707686442
14.07	1.2969693740115191
14.08	1.1571569093481469
14.09	1.475538984669023
14.1	1.2053693851362537
14.11	1.5142395626812366
14.12	1.0469996352533784
14.13	1.164410479340307
14.14	1.8473104159560465
14.15	1.4224717201269808
14.16	1.402694877567853
14.17	1.1271364517628817
14.18	1.0313269334880568
14.19	1.1501221389825553
14.2	1.4235049699214004
14.21	1.5404791208953574
14.22	1.1464700950899533
14.23	1.5572040236079348
14.24	1.2525699686101506
14.25	1.2944387714292114
14.26	1.262233485877111
14.27	1.4751939818398832
14.28	1.525519804593201
14.29	1.3525396179778668
14.3	1.3477106028056798
14.31	1.0360049353039953
14.32	1.2770438742732326
14.33	1.9285033668373677
14.34	1.6257404476203754
14.35	1.3654624790117391
14.36	1.5546658387405048
14.37	1.5708223680712
14.38	1.186121682070343
14.39	1.5868414759304121
14.4	1.3221562987432778
14.41	1.2763615760073272
14.42	1.4427408578669931
14.43	1.4863181879299305
14.44	1.3190416416625101
14.45	1.6412075589021327
14.46	1.7087169166942668
14.47	1.4074506047153577
14.48	1.28829634849986
14.49	1.648241492992847
14.5	1.5063603179955998
14.51	1.5723397393328162
14.52	1.2840616613427223
14.53	1.4370768378050789
14.54	1.3321999856369313
14.55	1.9797745575441072
14.56	2.019562472603639
14.57	1.5584703640116648
14.58	1.8077857434374762
14.59	1.9111791970188767
14.6	1.714704362694182
14.61	1.6568719097992797
14.62	1.4118115400969777
14.63	1.6835021842700737
14.64	1.6984455238853529
14.65	2.3906002884123416
14.66	1.9227988082732501
14.67	1.686138121365599
14.68	2.142404291858208
14.69	2.1118352541969223
14.7	1.7535758653635094
14.71	1.7793918432350342
14.72	2.211105969168324
14.73	2.397463718795928
14.74	2.041298767296847
14.75	2.0716474003525334
14.76	2.0351607153260587
14.77	2.147913530885161
14.78	1.8905351900451137
14.79	2.125129416520885
14.8	2.3121921359064066
14.81	2.4947392470617995
14.82	2.0912809132058037
14.83	2.4232280712938796
14.84	2.2996724588575805
14.85	2.4755156106992713
14.86	2.6494102830018043
14.87	2.149458871276602
14.88	2.162256862789826
14.89	2.4089613403583834
14.9	2.2299670929296487
14.91	2.477025633350222
14.92	2.4715199357902065
14.93	2.380429902141804
14.94	2.338428043551745
14.95	2.209203816084489
14.96	2.467581959725247
14.97	2.0680776136606336
14.98	1.8485771709139143
14.99	2.3086561559813443
15.0	1.8625749802644291
15.01	2.0188003441039424
15.02	1.8766370772580205
15.03	1.4832147037029777
15.04	1.2843683255458405
15.05	1.5290939708258495
15.06	1.4734154137634865
15.07	1.5494314929471755
15.08	1.5693641337584083
15.09	1.6671233257338123
15.1	1.4973305449895506
15.11	1.7218468399971194
15.12	1.4140325258646
15.13	0.9150772474560367
15.14	1.5097053074481561
15.15	1.4514850957733563
15.16	1.5352425840148713
15.17	1.6712392786811294
15.18	0.9581829362658044
15.19	1.1908854471488093
15.2	1.6149623398728792
15.21	1.1403024902215728
15.22	1.1736034996809612
15.23	1.9314187022679752
15.24	0.9332555839982364
15.25	1.4615913436455659
15.26	1.1648214321473507
15.27	1.2619949686109668
15.28	1.5671027424901518
15.29	1.3426446592481176
15.3	1.3164211554011733
15.31	1.0752647153223653
15.32	1.3856940639765774
15.33	1.3142682245499122
15.34	1.0931605564721063
15.35	1.0349055030494487
15.36	1.288751694802726
15.37	0.966679903049658
15.38	1.241563969861408
15.39	0.9357430173649758
15.4	0.979946613420824
15.41	1.0751203809004777
15.42	1.5881829143282846
15.43	1.0384816314494223
15.44	1.1671683286582601
15.45	0.7927609499535835
15.46	0.9163679338920351
15.47	1.0231380604665359
15.48	1.3462762803021562
15.49	0.9762935408909504
15.5	1.030959592955378
15.51	0.8450532184364445
15.52	0.8094575888478762
15.53	0.9068082939123533
15.54	0.7833309842248524
15.55	0.9015547306526388
15.56	1.2102014121583513
15.57	0.6679190128445196
15.58	0.8590888931765235
15.59	0.5100469117353262
15.6	1.282716937725556
15.61	0.40515924540544807
15.62	1.1994143590818975
15.63	0.6518280512034259
15.64	0.9834676965367409
15.65	1.1347919460445608
15.66	1.209579385356386
15.67	1.0239443815624927
15.68	1.1569347652714963
15.69	0.9292521155098924
15.7	1.1081469697919302
15.71	0.9471477943873121
15.72	0.5274660179727687
15.73	1.1562325921260415
15.74	1.2237261654814873
15.75	1.4161362718451056
15.76	1.3377079172028732
15.77	1.42495279358034
15.78	1.1993601047272575
15.79	1.6528333930288688
15.8	1.82551578058543
15.81	1.3349701243310255
15.82	1.6461157503517994
15.83	1.8330570293865882
15.84	1.5315887333724325
15.85	1.7605607151898628
15.86	1.7024055933263615
15.87	1.4259929840976766
15.88	1.711298643723105
15.89	1.5466540779039495
15.9	1.7704344212685346
15.91	1.676977924135068
15.92	1.7617992612443334
15.93	1.9893614292741315
15.94	1.636536727866842
15.95	1.67872269266463
15.96	1.485003911763349
15.97	2.2863390418433287
15.98	1.9942545455211254
15.99	1.5745809734526712
16.0	1.7656514461411288
16.01	2.327382603817028
16.02	1.1881376920941098
16.03	1.9128164620895864
16.04	1.8355471174615974
16.05	1.6390972497857033
16.06	1.6196976578674356
16.07	1.3349029961811714
16.08	1.2617382909938522
16.09	1.6556396202380224
16.1	1.7313494091249984
16.11	1.950305005579909
16.12	1.780306296545461
16.13	1.8020593740479602
16.14	1.526146917045737
16.15	1.8103010441892307
16.16	1.4019620057039215
16.17	2.1024801561088133
16.18	1.6189637218305448
16.19	1.5363490388152345
16.2	1.5681523508315838
16.21	1.8149292142859403
16.22	1.5106345802596808
16.23	1.8861323404463677
16.24	1.546195980065281
16.25	1.4018228330528992
16.26	1.0784782787386844
16.27	1.6021694440267404
16.28	1.9402428792083082
16.29	1.3191964372217808
16.3	1.509142678238384
16.31	1.3360064894992894
16.32	1.2457993755750398
16.33	1.4666988511611028
16.34	1.3178811658723393
16.35	1.1095063932967448
16.36	1.2608788283862777
16.37	1.5262204050941364
16.38	1.1604602418981902
16.39	1.4338583476255828
16.4	1.3740699262874967
16.41	1.4822203019994147
16.42	0.925728392072082
16.43	1.8334655509486733
16.44	1.0674284626984223
16.45	1.6251733812477345
16.46	0.982988252472019
16.47	1.4860819778703867
16.48	1.0519734677404817
16.49	0.9724328787985838
16.5	1.5306713636979201
16.51	1.2248185638091922
16.52	1.2007226517648326
16.53	1.5625695458250493
16.54	1.301371948336384
16.55	1.402709290360143
16.56	1.6937987468924232
16.57	1.7184042080331368
16.58	0.9020746806857173
16.59	1.3882980226020676
16.6	1.5632457914300217
16.61	1.6321140222206658
16.62	1.378036673422262
16.63	1.4737451854909767
16.64	1.2748605287761043
16.65	1.2954229373359663
16.66	1.1365356280521297
16.67	1.035245435744467
16.68	1.2801688618695857
16.69	0.7444862035054881
16.7	1.2969441130212407
16.71	1.3744787624710237
16.72	1.8205764997858571
16.73	1.2052783364085546
16.74	1.114394084533134
16.75	1.578035212365089
16.76	1.1790041459083198
16.77	0.8770964242134781
16.78	1.5270161006540528
16.79	1.1496589989229842
16.8	1.0093433083620944
16.81	1.2722033251592704
16.82	1.1571251287314113
16.83	1.1610169752021897
16.84	1.4176673875896426
16.85	0.9351646450864922
16.86	1.3545605337506
16.87	1.117593454984071
16.88	1.0779367713746275
16.89	1.3004720100154963
16.9	1.4406646382440653
16.91	1.3842569144934718
16.92	1.3065871026925
16.93	1.7589222978557089
16.94	1.647486352985668
16.95	1.8276639127791352
16.96	1.4515148197590295
16.97	1.593171042042258
16.98	1.35846881857274
16.99	1.3938675275803372
17.0	1.5527708236692999
17.01	1.2801020619334764
17.02	1.5136075873726917
17.03	1.8159075797517208
17.04	1.9264296768853104
17.05	1.7672623742444136
17.06	1.4999337018127497
17.07	1.8088773316439515
17.08	1.781938065921537
17.09	1.900869764727351
17.1	1.3387631087612366
17.11	1.6266993014303168
17.12	1.871336875240621
17.13	1.6553166988783956
17.14	1.7444261573426996
17.15	1.807664521403897
17.16	1.833325546605044
17.17	2.1245362020839904
17.18	1.7495749361551056
17.19	1.879233032085203
17.2	1.9856198329505033
17.21	2.045537340657682
17.22	1.8686381260452931
17.23	2.4970263474216186
17.24	2.3521677895718334
17.25	2.0199495954002273
17.26	2.23063752209548
17.27	2.293547579426044
17.28	2.328986262396205
17.29	2.5144115447316286
17.3	2.0640581656482584
17.31	2.2003511092951173
17.32	2.524114381314067
17.33	2.1429076773424507
17.34	2.5671333074527833
17.35	2.34004406543771
17.36	2.535555245149317
17.37	2.3697735247069933
17.38	2.9239462073693403
17.39	2.8205431460689026
17.4	2.431905149974559
17.41	2.815390422337707
17.42	2.849375357047988
17.43	2.882483610519139
17.44	2.8666051260676717
17.45	2.7306575203311723
17.46	2.7268384568602912
17.47	2.996792798100201
17.48	3.046844753501551
17.49	2.7560472886267204
17.5	3.208692484744309
17.51	3.410536754549443
17.52	3.4702400417882564
17.53	3.5086516614968453
17.54	3.4304423523314247
17.55	3.5982781671676207
17.56	3.290676047438065
17.57	3.7141531971168424
17.58	3.4605079704646933
17.59	3.5259292371008373
17.6	3.170593459940844
17.61	3.5952854049614853
17.62	3.4402106821495195
17.63	3.2309043929093026
17.64	3.7697579572042317
17.65	3.3028001042874537
17.66	3.988101214218209
17.67	3.8374152379125523
17.68	3.684291934891168
17.69	3.955804032009923
17.7	3.868028696568556
17.71	3.485322002684088
17.72	3.629048526813564
17.73	3.9147772207073097
17.74	3.559291255847428
17.75	3.8775568166530237
17.76	3.693090942281341
17.77	3.889683284884292
17.78	3.8844543263841294
17.79	3.7552258280765725
17.8	3.940515379510718
17.81	4.105121906989512
17.82	4.000131272750361
17.83	4.039569899010809
17.84	3.6503164205803507
17.85	4.08804272707131
17.86	4.269709804577605
17.87	4.4124284592753105
17.88	4.396406751037085
17.89	4.246471865049897
17.9	4.515208783308989
17.91	4.559688124747509
17.92	4.575669005487127
17.93	4.575077576112386
17.94	4.718145195095704
17.95	4.607939681351865
17.96	4.597059989737247
17.97	4.77233241276003
17.98	4.658979004781619
17.99	4.3074072667401095
18.0	4.84240161049188
18.01	4.664915101322631
18.02	4.735131775825077
18.03	4.900670237579716
18.04	4.7620849589227054
18.05	4.535519270443284
18.06	5.110757269666411
18.07	4.798920669976995
18.08	4.598193283409235
18.09	4.372566255992181
18.1	5.273311166398309
18.11	4.706355204586612
18.12	4.544244682514504
18.13	5.153673302087624
18.14	4.735319255076706
18.15	5.16219126554011
18.16	4.994397031236783
18.17	4.558277456535685
18.18	4.686043184235563
18.19	4.807117786316481
18.2	4.620325805622168
18.21	4.778803051626737
18.22	4.485177879337016
18.23	4.308456936085791
18.24	4.636457880601336
18.25	4.454545491361478
18.26	4.242292928503819
18.27	4.454425499937221
18.28	4.660950968256065
18.29	4.265558957063039
18.3	4.481878737478868
18.31	3.9807105744011526
18.32	4.200657038122145
18.33	4.3200030484250345
18.34	3.749554179254065
18.35	3.990080696459806
18.36	3.961185076700818
18.37	3.601255680564156
18.38	3.506058287867472
18.39	4.364045978497837
18.4	3.692086064718294
18.41	3.601077572311521
18.42	4.141963410634373
18.43	3.2590326000838803
18.44	3.1661540970608972
18.45	3.4703715875075427
18.46	3.6728221262172367
18.47	3.2241718823408574
18.48	3.8332389378429275
18.49	3.699594254446254
18.5	3.2919361578936708
18.51	3.1250554178151773
18.52	3.3033030044123928
18.53	3.23234979199578
18.54	2.92848667817745
18.55	3.423615916369373
18.56	3.1055937143941956
18.57	3.076650981341499
18.58	2.7344011197263027
18.59	2.748036509338637
18.6	3.038819239560697
18.61	3.1245608239605693
18.62	2.54139832831293
18.63	2.8709741370933277
18.64	2.7990913219941187
18.65	2.4350814036469335
18.66	2.5851562345420263
18.67	2.8863202992747268
18.68	2.6291036202414637
18.69	2.508338613326272
18.7	2.7500314224406437
18.71	2.398011014683199
18.72	2.414569664076631
18.73	2.510634480648237
18.74	2.6342581948840484
18.75	2.511618425111588
18.76	2.521556152020651
18.77	2.3891587797514644
18.78	2.5323298038814177
18.79	2.8881927502063722
18.8	2.3578266321874644
18.81	2.6612969445435244
18.82	2.435156469422328
18.83	2.41790088961984
18.84	2.5925031141733745
18.85	2.5578433509553276
18.86	2.5244819644444476
18.87	2.7243985165866507
18.88	2.5246776369970436
18.89	2.897159847585388
18.9	2.5171194333619975
18.91	2.3490056660305587
18.92	2.792797946174324
18.93	2.6899118835512144
18.94	2.466851651656876
18.95	2.170372905332376
18.96	2.469232577740004
18.97	2.9914566283890687
18.98	2.2689718615661127
18.99	2.414148822696109
19.0	2.389186621223863
19.01	2.634547688330405
19.02	2.761936641774995
19.03	2.647452043454797
19.04	2.5690044723657266
19.05	2.306955418815769
19.06	2.9084127515124827
19.07	2.799323230657645
19.08	2.5166662198017713
19.09	2.6131450899044912
19.1	2.7511027850718546
19.11	2.6362674693250585
19.12	3.08993222748324
19.13	3.0676867937898207
19.14	2.690804825270246
19.15	2.655303139686417
19.16	2.796566440996481
19.17	2.4638443975770703
19.18	2.819981181092519
19.19	2.91382918750504
19.2	3.0669921697306046
19.21	2.5358358274686585
19.22	2.970947340855536
19.23	2.887845308772776
19.24	2.538580200606214
19.25	2.858806979881093
19.26	2.6735118154435833
19.27	3.055288523270804
19.28	2.2173672164626987
19.29	2.5475385574025586
19.3	2.6575309527886493
19.31	2.942231375301232
19.32	2.37839288955295
19.33	2.4832499913927792
19.34	2.6517591942162615
19.35	2.6522022839551918
19.36	2.5062743515855566
19.37	2.793823868279411
19.38	2.3387434648403786
19.39	2.8569016452440885
19.4	2.4397982238658704
19.41	2.3657633568062737
19.42	2.3233854168344203
19.43	2.5085799150612713
19.44	2.6902192622614023
19.45	2.5884737548151784
19.46	2.986839010711605
19.47	2.727669059872133
19.48	2.9582879634101107
19.49	3.0854903199193364
19.5	2.82662928997219
19.51	3.2469541608073684
19.52	2.946582405200478
19.53	3.1992171823189555
19.54	3.1390426593899723
19.55	3.403550788020969
19.56	3.570612916395974
19.57	3.3005806633808503
19.58	3.261576686601929
19.59	3.4133978019764006
19.6	3.502119781074389
19.61	3.4980301536130716
19.62	3.5182110452612636
19.63	3.5717941209826414
19.64	3.4641001778875844
19.65	3.4581038890081355
19.66	3.3752470801916186
19.67	3.594147800725453
19.68	3.733899201387801
19.69	3.7019659268520337
19.7	3.638590687075866
19.71	3.590773265017556
19.72	3.788933092348768
19.73	3.1908757681901943
19.74	3.411373829720517
19.75	3.895008074275569
19.76	3.6241725613653077
19.77	3.700644074985615
19.78	3.353499317155357
19.79	3.8003572026213135
19.8	4.151708345686866
19.81	3.5323314916672763
19.82	4.111752528166723
19.83	3.5821204483964313
19.84	3.7833636286469403
19.85	3.229823502812458
19.86	4.161214879210803
19.87	3.5018329995458517
19.88	3.872874469721395
19.89	3.655327418137823
19.9	3.396069304096171
19.91	3.601767717301775
19.92	3.9846227557081924
19.93	3.3347179418869097
19.94	3.722696063836391
19.95	3.511984144159904
19.96	3.034665684011889
19.97	3.3509337838681246
19.98	3.9142129450676184
19.99	3.436594686721694
20.0	3.12823237047756
