10.01	10.441365260250171
10.02	9.35336131881474
10.03	8.942653238498385
10.04	8.149438053176127
10.05	8.316176786392983
10.06	7.323595379897435
10.07	8.499412496985686
10.08	6.477701267104597
10.09	6.296959688469665
10.1	5.41948546055893
10.11	5.867451336240403
10.12	6.1789019916724826
10.13	5.2425018601366045
10.14	4.2524525448291755
10.15	4.190348184389588
10.16	4.6326311896185794
10.17	4.408087369306656
10.18	3.3257035806406465
10.19	2.864506135880079
10.2	3.3790365263245232
10.21	3.314481733761827
10.22	3.116241103798332
10.23	3.118504125732163
10.24	1.9801644707825523
10.25	2.832947231356569
10.26	1.8597091252225737
10.27	2.2712665912136645
10.28	2.121015459585729
10.29	2.0230534772897215
10.3	2.36306609803046
10.31	2.071862644073575
10.32	1.8293134624948235
10.33	1.5822410152233024
10.34	3.035263062358752
10.35	2.9354603441567324
10.36	2.750885610622963
10.37	3.701866453789528
10.38	2.1944183195163083
10.39	3.270480195801634
10.4	3.7722035675755117
10.41	3.4094268676530737
10.42	3.356321882132139
10.43	4.200243514246887
10.44	4.385907998386897
10.45	4.960983075453654
10.46	5.949008691663266
10.47	6.2519005434199615
10.48	6.304780361506628
10.49	6.332585661245105
10.5	6.318796091385751
10.51	7.639998418824977
10.52	7.659571119858434
10.53	8.235097369131436
10.54	9.21674181876376
10.55	8.948781895712905
10.56	9.077088362071128
10.57	9.224484776242619
10.58	9.660995932365669
10.59	9.028007009782637
10.6	9.410511999531547
10.61	10.9860957635389
10.62	10.375478922943495
10.63	12.02214652702531
10.64	11.473917748725867
10.65	11.704191224371382
10.66	11.936732159892372
10.67	12.270441188506659
10.68	11.817672159272544
10.69	12.511397012462902
10.7	11.92110496375187
10.71	12.589890394189826
10.72	12.27588288993077
10.73	11.11212761921014
10.74	10.904656876938013
10.75	11.429455295621041
10.76	11.028910723737734
10.77	12.074881675635478
10.78	10.298743870955125
10.79	10.699989851040113
10.8	9.85207476371224
10.81	10.10063817681222
10.82	8.222794317827898
10.83	9.25163580075967
10.84	8.971773411575429
10.85	8.0928746897447
10.86	8.80438162281648
10.87	7.984288976514659
10.88	7.177823577631701
10.89	7.668383458329518
10.9	6.501817115348844
10.91	6.165261131678922
10.92	5.851274986429346
10.93	5.681379047170878
10.94	5.581424940814609
10.95	5.8253862213053305
10.96	4.115432880289977
10.97	3.6722908226895723
10.98	3.8190886498093373
10.99	4.174426656726406
11.0	4.282805913900279
11.01	3.788818324852655
11.02	3.123154440006363
11.03	3.1626578003991335
11.04	3.020999135229059
11.05	2.9525590387369793
11.06	2.921222706403087
11.07	3.0125220153529986
11.08	3.62115600411963
11.09	2.1468738383482964
11.1	3.357892218114196
11.11	2.5935230738077752
11.12	2.904238321317416
11.13	2.5732474880656646
11.14	4.018313420553618
11.15	3.0906148119319505
11.16	3.016261808977933
11.17	4.270624059496994
11.18	3.4513669632929984
11.19	3.3930723846942543
11.2	5.565479233781264
11.21	5.509602295283288
11.22	5.727655389911734
11.23	4.638844157587164
11.24	6.465467949276899
11.25	6.905188953307885
11.26	7.218243832297744
11.27	6.437249468984294
11.28	7.2838704369644365
11.29	7.173054690649037
11.3	9.100044239330883
11.31	8.947945202147638
11.32	8.827958599694561
11.33	10.15507369449432
11.34	9.373521005918366
11.35	10.425099990297644
11.36	10.461194233065775
11.37	10.397050222059839
11.38	11.233605169578047
11.39	11.235998285955386
11.4	11.885353220965166
11.41	11.067817788733159
11.42	11.500985665626033
11.43	12.621377429509785
11.44	12.816585466494475
11.45	12.270005603600973
11.46	12.883723178102114
11.47	12.074128597889993
11.48	12.144335039060232
11.49	12.323840941792913
11.5	12.256992046688337
11.51	12.694968970253385
11.52	11.211562186430374
11.53	11.340935887660564
11.54	11.929950846450456
11.55	11.60806769701137
11.56	11.408130579578089
11.57	11.072910604777938
11.58	9.472714807269353
11.59	9.315269499360493
11.6	8.30773020032127
11.61	8.951419500236398
11.62	7.516292822836579
11.63	7.213227583805466
11.64	6.869195968568116
11.65	6.655706962344227
11.66	6.9748524758497314
11.67	6.484474857717013
11.68	5.834459810592947
11.69	6.073615567609227
11.7	4.640748468598596
11.71	3.7787556831207723
11.72	5.176071199921111
11.73	2.6532644904800597
11.74	3.1562913887871766
11.75	3.4312455236671373
11.76	2.4273201815972434
11.77	2.0266500921844774
11.78	1.765663887271609
11.79	1.9427803023876982
11.8	1.7788314838087687
11.81	1.4224500162839566
11.82	1.6704385813443565
11.83	0.7129076959760801
11.84	1.7774696246953758
11.85	1.2481265209193206
11.86	0.9853847336378214
11.87	0.6919662558279942
11.88	1.750804731841453
11.89	1.1577508082724386
11.9	1.1176286844602548
11.91	1.3033819785814647
11.92	2.3326386526677125
11.93	2.729030271634786
11.94	2.8936005517835115
11.95	2.170255512010542
11.96	2.840892406162787
11.97	3.185979893361634
11.98	3.007908646513254
11.99	3.4194851850674834
12.0	2.6208308394946895
12.01	4.079053770843991
12.02	4.67891608784582
12.03	5.234600379438489
12.04	5.464270762378793
12.05	5.002590205295751
12.06	7.620093214965005
12.07	6.079613538215774
12.08	7.582466232948201
12.09	7.82288478039997
12.1	7.762841142712428
12.11	7.557217534711683
12.12	8.058321818052336
12.13	7.781333605354524
12.14	9.213646649689297
12.15	9.059878710267245
12.16	9.061721847372198
12.17	7.50171693072319
12.18	9.645686971274312
12.19	10.162512617445772
12.2	10.183308889680125
12.21	10.281474283376763
12.22	10.208115535900689
12.23	9.77419990768718
12.24	10.295276416741373
12.25	9.83938915984869
12.26	8.953355005295363
12.27	9.995861039992764
12.28	9.485417695131074
12.29	10.283610254879484
12.3	9.212370206167378
12.31	9.69371124569273
12.32	8.270171602207643
12.33	7.816715488275675
12.34	8.20967646137144
12.35	7.671935294829554
12.36	6.786544396734519
12.37	7.335246091053684
12.38	7.743037855973723
12.39	5.420969748455268
12.4	5.961530056753118
12.41	5.571409263433402
12.42	4.3104241853021446
12.43	4.976579765347381
12.44	3.6706348369388584
12.45	3.1872576579292304
12.46	3.7046844757011663
12.47	2.3336943565849557
12.48	2.683538000379267
12.49	1.8339651443695806
12.5	2.1631388495716655
12.51	1.553830545064244
12.52	1.809179929088321
12.53	0.5346303962050847
12.54	0.913276916007726
12.55	1.1266015754547685
12.56	-0.42003003303311437
12.57	-0.033512762265840323
12.58	-0.08330099376481082
12.59	1.0957719928263692
12.6	0.08304666459472163
12.61	-0.9462729319518878
12.62	0.26849994795332377
12.63	-0.5050651615730791
12.64	0.3912481876968563
12.65	0.0858193494810075
12.66	0.4031405638748166
12.67	-0.16065896839296107
12.68	1.359904367748197
12.69	0.2755420614909047
12.7	-0.33358008666634553
12.71	0.8118580099962186
12.72	0.9201023667893024
12.73	2.581693729643032
12.74	2.2841331714327935
12.75	2.956140743735045
12.76	3.714641677908528
12.77	2.818180625278457
12.78	3.345053250643299
12.79	4.44331547748431
12.8	4.357751884436534
12.81	4.332877278975965
12.82	4.566837651111476
12.83	4.864318576686072
12.84	7.000782355221384
12.85	6.522809599230865
12.86	7.030682319444454
12.87	6.550826205511659
12.88	7.6018147187548175
12.89	8.205951336528722
12.9	7.417955653742938
12.91	7.659719639057006
12.92	8.887902483106439
12.93	9.639298739207721
12.94	10.56568060842912
12.95	9.9505262708245
12.96	9.575418926961822
12.97	10.258355112756817
12.98	10.980429393057424
12.99	10.22715145053358
13.0	10.676408465312358
13.01	10.308396794446862
13.02	10.908107812092505
13.03	9.501843672935182
13.04	10.252491049722941
13.05	10.583024386555069
13.06	11.80282495831483
13.07	10.556871965020495
13.08	9.922211950460337
13.09	9.51063343112647
13.1	8.974959443987263
13.11	9.920254638954516
13.12	8.434049695450296
13.13	9.476488483067795
13.14	7.132526482344843
13.15	8.334766443423586
13.16	6.739544347291322
13.17	6.21712427875383
13.18	6.670416388266958
13.19	6.978204186638962
13.2	4.9312258550775505
13.21	5.959798188833453
13.22	4.595481893853413
13.23	5.306848434829058
13.24	3.4778904183477644
13.25	3.948326344559658
13.26	4.181731250844315
13.27	3.054210749385347
13.28	3.4199410342675916
13.29	2.9664810084903737
13.3	2.1980741681018077
13.31	2.2026101338069397
13.32	2.3584080497476267
13.33	2.6781912775239314
13.34	2.056714439482403
13.35	0.99473266546163
13.36	0.5427569338434096
13.37	0.9192408848199835
13.38	1.933406920567514
13.39	1.535158788254308
13.4	0.45809585212051174
13.41	1.5993895228899127
13.42	1.2290810697136954
13.43	1.1655192918061963
13.44	1.424699302577598
13.45	0.9164007993691027
13.46	2.3949943675958467
13.47	2.4838844548145858
13.48	2.68430989799657
13.49	2.4846964752342355
13.5	3.0411057397217
13.51	3.720845030714263
13.52	3.050473611476394
13.53	3.3385437524229844
13.54	4.17325714139157
13.55	4.380240644280723
13.56	5.16851138748848
13.57	6.4902746264218285
13.58	6.511280801510712
13.59	5.8240227235182145
13.6	6.648428593679315
13.61	6.522249541684507
13.62	7.520527096431135
13.63	8.048893232185703
13.64	8.941509514649566
13.65	7.566228334348226
13.66	9.21639164602576
13.67	8.777064687929284
13.68	9.811506277177081
13.69	9.209546137414016
13.7	9.317262753967608
13.71	9.404405113930473
13.72	9.811081483264937
13.73	8.768834128200812
13.74	10.507496057464998
13.75	10.383442568019863
13.76	9.768154731545465
13.77	9.512270639525758
13.78	10.259401371117356
13.79	9.945967950634026
13.8	10.34820404736028
13.81	8.65569704014488
13.82	9.259090982078737
13.83	8.341830105792422
13.84	8.050552005758984
13.85	7.824933009617921
13.86	8.58826352091647
13.87	7.634041435792042
13.88	7.482213037326693
13.89	6.579151191719595
13.9	5.945355026700984
13.91	6.14864420331064
13.92	5.6675895288866185
13.93	5.814936853505948
13.94	6.0558980292267615
13.95	4.707875822867316
13.96	3.7924024392438946
13.97	4.039673204218453
13.98	3.959057939062132
13.99	3.0911081432722494
14.0	3.502794796425399
14.01	2.9482143745660796
14.02	2.7989621923295975
14.03	2.857801980647806
14.04	2.3160985025204255
14.05	2.5324235131779127
14.06	1.316799135305421
14.07	2.316744437197819
14.08	0.1101051675563971
14.09	0.7187064950423319
14.1	2.2532756644627794
14.11	1.1990678185791117
14.12	1.071336305935996
14.13	0.8583085492564215
14.14	1.190336570481944
14.15	0.8611057623849021
14.16	1.99233972902515
14.17	3.3816293787097607
14.18	2.2064012294860236
14.19	2.5372185477026807
14.2	1.8540947661625533
14.21	2.8325638453828637
14.22	3.947234132967263
14.23	3.0223571844318777
14.24	3.2009862903249697
14.25	3.714549857746798
14.26	3.9501026202120024
14.27	4.1277656804226
14.28	5.452465329926444
14.29	4.834152957905725
14.3	5.9837394961001955
14.31	5.713744675668608
14.32	6.6829430542499395
14.33	6.886096151997116
14.34	6.576836072981048
14.35	7.118309396770366
14.36	7.803835317124166
14.37	8.035029231279333
14.38	8.073410761401778
14.39	7.942846119126488
14.4	7.808771573063606
14.41	8.919524373859716
14.42	9.103632806311852
14.43	9.774114557517775
14.44	8.28734197689427
14.45	10.25126349693555
14.46	9.828076235154235
14.47	9.139951699447963
14.48	10.043983580641694
14.49	9.971684915792249
14.5	9.281107589587027
14.51	8.939078026877183
14.52	8.280451515299715
14.53	8.292036077291765
14.54	9.202880454989282
14.55	7.632842706882662
14.56	7.734517957576319
14.57	7.097530931245505
14.58	7.481776501864697
14.59	7.342250780140669
14.6	7.5070316265698125
14.61	5.929100629439509
14.62	5.7768740279856425
14.63	6.36516573359284
14.64	5.964753356215207
14.65	5.817059379884168
14.66	4.299737181368912
14.67	4.868945479811309
14.68	4.0890449345970294
14.69	4.518443765565672
14.7	3.9039928551949314
14.71	3.397522701729299
14.72	3.4125886336205777
14.73	3.4955346154473776
14.74	2.7266234455312506
14.75	3.1955941633448774
14.76	2.34646312611632
14.77	2.494234638659232
14.78	1.051245499063376
14.79	0.9284101276346636
14.8	1.6778171892231213
14.81	1.9354718517954481
14.82	1.8229183691565143
14.83	0.7992363826017199
14.84	2.196600280192702
14.85	1.0506515801892726
14.86	1.1004775560585864
14.87	1.160929074214614
14.88	1.9519432016848017
14.89	1.8347596726249797
14.9	2.2510848333226776
14.91	3.1727924643758056
14.92	3.421639986492589
14.93	2.542045117350356
14.94	3.7727316130513793
14.95	4.010461505039744
14.96	4.755807008183669
14.97	4.479205501098489
14.98	4.932531134047583
14.99	5.063515564632185
15.0	6.0428219384463135
15.01	6.925569906893697
15.02	6.566365352358519
15.03	7.1023397417359275
15.04	6.546535088347908
15.05	7.5815233969624485
15.06	8.235329366011742
15.07	8.481044602026941
15.08	9.314455985618652
15.09	8.720269139518273
15.1	8.674796180644325
15.11	9.525433963058179
15.12	10.27525463127111
15.13	9.785707952495594
15.14	10.435410242629578
15.15	10.446549114130184
15.16	10.54192963100922
15.17	11.040572292534563
15.18	10.979098311856927
15.19	11.147775442077721
15.2	10.59699928960884
15.21	10.912078942123099
15.22	11.049823688912465
15.23	11.10142156377335
15.24	10.77630792779041
15.25	11.01765639866499
15.26	11.41935170157918
15.27	11.035430217918417
15.28	11.022597968911688
15.29	10.94440959882646
15.3	10.128773908975296
15.31	8.755447391668595
15.32	10.238382482481963
15.33	9.673243559504387
15.34	10.114853217493174
15.35	9.59278399985536
15.36	9.930721717482045
15.37	8.81124167521225
15.38	7.961960024777968
15.39	9.195399866508543
15.4	9.272424199985545
15.41	8.183123807659634
15.42	9.102915350631674
15.43	7.301561879995953
15.44	7.797741092512438
15.45	6.636374250585312
15.46	5.662879634472107
15.47	6.3592313792379676
15.48	6.082731361043828
15.49	5.026345842017376
15.5	4.469044012151886
15.51	4.798103698181907
15.52	2.9204065541255884
15.53	3.113966892179774
15.54	3.318082399109161
15.55	3.4936285440579242
15.56	2.913536549295111
15.57	1.8536595611363236
15.58	2.431205326235331
15.59	2.1479612826446206
15.6	1.4464774854328701
15.61	1.7466001537858835
15.62	2.6128426685052917
15.63	1.0015868630742544
15.64	0.23647658915462222
15.65	-0.18130950498768317
15.66	0.39751026667709755
15.67	0.3464566455716414
15.68	0.5646349610253717
15.69	0.14848671575581623
15.7	-1.2996665994493959
15.71	-0.6871417063699802
15.72	-0.08572266325083513
15.73	-0.19038097524807104
15.74	0.3295561019523368
15.75	0.35607082070038115
15.76	0.34690321712714933
15.77	0.26045985480150324
15.78	0.9994854510101656
15.79	0.8658953175247945
15.8	2.096710458639622
15.81	1.2242952064446697
15.82	1.7569991869317811
15.83	2.5124596911883006
15.84	2.6003687203246426
15.85	3.3369758177239652
15.86	3.7961987077385313
15.87	2.9593977026971943
15.88	3.9667771123636366
15.89	3.6474007238099877
15.9	5.176563007918928
15.91	5.396408632670607
15.92	6.030153989661809
15.93	5.95951727650228
15.94	6.031857996182168
15.95	6.010913458156082
15.96	7.065491301956742
15.97	7.211140150821116
15.98	8.03849660118334
15.99	7.622236148621927
16.0	7.837179541844219
16.01	8.083280425043178
16.02	8.64746909134235
16.03	7.964812184638769
16.04	8.430158574985331
16.05	9.150887674741469
16.06	9.70417460270803
16.07	8.987759080327864
16.08	9.607097203384154
16.09	9.681385687529822
16.1	9.146982314188719
16.11	8.76897268204665
16.12	8.39682106771436
16.13	9.984962947247952
16.14	8.930359542410473
16.15	7.916226283423727
16.16	9.670457168446326
16.17	7.837533010213188
16.18	8.267249779283125
16.19	8.373425850560954
16.2	8.838377477959678
16.21	6.627942733570164
16.22	8.108290588714135
16.23	6.7866296521103155
16.24	6.061461824305479
16.25	6.896079269692754
16.26	5.973104439362844
16.27	5.264396968908591
16.28	5.134681939350228
16.29	4.634889368358332
16.3	4.11770607505248
16.31	4.228883811360243
16.32	4.870118431640956
16.33	2.994204086353891
16.34	2.399993123747
16.35	2.0853256402728766
16.36	1.9975769183165417
16.37	2.5434635237335796
16.38	2.4651498783262196
16.39	1.788164133489971
16.4	1.0018740310639294
16.41	1.1905429034036725
16.42	1.3203694538312285
16.43	1.3039264046048227
16.44	1.5572594685032983
16.45	0.6512081851246421
16.46	1.0568478363657259
16.47	1.0440642112183083
16.48	0.8401170195744166
16.49	2.460447707330981
16.5	1.4570397820654797
16.51	1.619804933003879
16.52	1.1307732157059815
16.53	2.060529374478011
16.54	2.0301457527875573
16.55	1.6220835971572838
16.56	2.6619149148067858
16.57	2.637164944174764
16.58	2.9646992913451964
16.59	3.062352743351938
16.6	4.2615749293363585
16.61	4.555882160656991
16.62	5.472722871063484
16.63	5.984855985742433
16.64	5.350789718268769
16.65	5.693418402991296
16.66	5.922233439184035
16.67	6.28547911093425
16.68	6.443734080035049
16.69	7.146401461419137
16.7	8.47200214137839
16.71	8.16174548413521
16.72	7.621378144060654
16.73	8.617558031543924
16.74	8.604214038447951
16.75	9.12191352881531
16.76	8.13318490398109
16.77	9.885130129316979
16.78	9.848181000472156
16.79	9.86800882919851
16.8	9.206664500078949
16.81	9.903969358480126
16.82	8.97663569865059
16.83	10.129384538124524
16.84	10.020210026907517
16.85	9.736046139128497
16.86	10.196360331902268
16.87	10.009122116019796
16.88	9.478993504593925
16.89	9.650807961187066
16.9	10.088042978058713
16.91	8.585282946958444
16.92	9.067041888916396
16.93	8.278239225174019
16.94	8.590717186049906
16.95	8.94944306298219
16.96	7.550658925356786
16.97	6.8340516341189765
16.98	7.09211926273833
16.99	6.887963849552886
17.0	6.176437088959661
17.01	6.3070497236903735
17.02	5.314999247283142
17.03	5.005496002989076
17.04	5.411002474261192
17.05	5.110229087102161
17.06	4.236897088871517
17.07	4.009257193539175
17.08	2.815890650937361
17.09	3.7624024630386947
17.1	3.337317578500009
17.11	3.9732720684156106
17.12	2.809575346785787
17.13	2.5893390846608493
17.14	2.5036698483783333
17.15	1.5488405709451682
17.16	2.4290260244690502
17.17	2.1594680476570245
17.18	2.758616142237596
17.19	2.900074935484989
17.2	2.100344903152409
17.21	2.407253276840485
17.22	2.643480870748361
17.23	2.594761626345869
17.24	2.4776033326644864
17.25	2.7063950349044936
17.26	2.526356143872164
17.27	2.873114829404431
17.28	3.822930634675104
17.29	2.3371390063603905
17.3	3.5098939101766358
17.31	3.141592097895596
17.32	3.8487002013023073
17.33	4.161259556522059
17.34	4.050820930657635
17.35	5.397977089445099
17.36	6.005958432222774
17.37	5.777828921559071
17.38	5.65510271659948
17.39	6.727373497801657
17.4	6.901559809526853
17.41	6.872674049035335
17.42	8.703362536870404
17.43	7.74369001314184
17.44	8.083045121289835
17.45	8.240749002314463
17.46	7.867873406209153
17.47	9.444152568798676
17.48	9.124278123624626
17.49	8.2115532143507
17.5	10.021953345731857
17.51	10.465744853169314
17.52	9.271726317289836
17.53	10.388795349550536
17.54	10.004964469080633
17.55	10.335056867029468
17.56	9.47525276230802
17.57	9.852114395189135
17.58	11.057262427127615
17.59	9.853662846090955
17.6	9.805054777674716
17.61	10.35010805089778
17.62	9.724645929325204
17.63	10.418429936157517
17.64	9.654296559193948
17.65	7.9770329156598985
17.66	8.194072047391526
17.67	8.422948919787393
17.68	7.650432440645254
17.69	8.208709003875722
17.7	7.476064542233411
17.71	6.701192272934439
17.72	6.349429615624848
17.73	5.6885836057718135
17.74	4.823596511693793
17.75	5.0024614911369225
17.76	4.832047975187683
17.77	3.4666816702740486
17.78	2.9952381783537687
17.79	3.3961454247554923
17.8	3.897816398602336
17.81	2.80414437542342
17.82	2.6581630803304286
17.83	1.5860178228691781
17.84	1.1490112290174466
17.85	1.369757824878081
17.86	1.6122288065405384
17.87	2.007821759447754
17.88	0.9855020170008635
17.89	1.251192556111373
17.9	1.4596720519850717
17.91	2.229206598811082
17.92	0.9728770499519642
17.93	1.1276922968175027
17.94	0.9324457561996258
17.95	0.7243504010646271
17.96	0.9066142369064754
17.97	0.7026856465371343
17.98	2.126155620852697
17.99	0.8132167834521891
18.0	1.3171551149883023
18.01	1.6053039061989125
18.02	3.0526754082584917
18.03	2.01524972155555
18.04	2.304883542485849
18.05	3.0904624592228576
18.06	3.2479480746123124
18.07	3.4218556962727082
18.08	4.300974760731752
18.09	4.16424577194685
18.1	4.588009994275721
18.11	5.163238223174009
18.12	5.00440344267732
18.13	6.483687041194794
18.14	6.525024500860093
18.15	6.435194061980332
18.16	6.6489253084733555
18.17	6.566868492234851
18.18	7.306082055704498
18.19	8.061516275692426
18.2	7.452685221267416
18.21	8.543928458195328
18.22	8.741001706233805
18.23	8.081614630354117
18.24	8.805209132584102
18.25	9.039553866490545
18.26	9.08971453782677
18.27	9.075558435473722
18.28	9.07620192822018
18.29	8.709437421137636
18.3	9.660059672077333
18.31	8.982934582457183
18.32	9.034963026924508
18.33	9.513652953726774
18.34	10.180906017515976
18.35	8.139449795809062
18.36	8.540516795192719
18.37	7.68773503290307
18.38	8.004227099622915
18.39	9.060723639634523
18.4	7.360348950168009
18.41	7.033507786153341
18.42	6.156487938565593
18.43	5.289675106857786
18.44	6.310780021017341
18.45	5.14440894371944
18.46	5.357449061427566
18.47	5.2557407338084055
18.48	4.62979302024659
18.49	4.383430521436508
18.5	3.365323815037339
18.51	3.822353095073611
18.52	3.2950432269519943
18.53	2.4499148284438856
18.54	2.362531773838802
18.55	2.6885575833259527
18.56	1.224077763184431
18.57	1.715914557828342
18.58	1.7768315139386475
18.59	1.433125234347593
18.6	1.3579186008155208
18.61	0.8771733075021533
18.62	1.7413320213575008
18.63	0.3392733889861822
18.64	0.906196130397087
18.65	0.7758639947250474
18.66	1.016131740803351
18.67	0.00466487248803249
18.68	1.0235540787734587
18.69	1.2296477023832373
18.7	0.9562158077578399
18.71	1.2895171456491699
18.72	0.25206961806503825
18.73	1.4238046222765557
18.74	1.1493153832390237
18.75	1.852889600310477
18.76	1.5521734535150236
18.77	2.961453901979314
18.78	2.7179643339596757
18.79	2.85599878230635
18.8	4.000768117138725
18.81	3.545386686398629
18.82	3.6281875577217324
18.83	3.765028243092818
18.84	3.5389403026994115
18.85	4.650868044219783
18.86	5.569746555365125
18.87	4.695629766225247
18.88	6.550656782967268
18.89	5.435120397287355
18.9	4.8812221812346195
18.91	6.754935554879046
18.92	5.985754791867426
18.93	6.098030201713825
18.94	7.589850782749968
18.95	7.979921511901731
18.96	8.430838714482434
18.97	7.790283249479016
18.98	9.227486266871814
18.99	9.319015128398654
19.0	8.822855460166958
19.01	9.27857387671458
19.02	8.832915110800998
19.03	9.858236051522947
19.04	10.383860661291013
19.05	10.39270461452605
19.06	10.618134520367661
19.07	9.244277338582075
19.08	9.540071902582074
19.09	10.095185938800656
19.1	9.098302646106937
19.11	9.49748020627874
19.12	9.88554502106958
19.13	9.663561820050935
19.14	9.851048125404498
19.15	8.578906266147658
19.16	9.61370821533651
19.17	9.135782586899776
19.18	8.636230830669556
19.19	8.461247206889336
19.2	8.355246267513856
19.21	7.232379936906529
19.22	7.921204040308737
19.23	7.654783953178547
19.24	6.679575770143869
19.25	6.2838648682925315
19.26	6.310336857951109
19.27	5.605138544887216
19.28	5.206607207555558
19.29	4.107045821499357
19.3	4.716695946428061
19.31	4.614266580113053
19.32	3.725878985934331
19.33	4.198061497015028
19.34	3.534023656004524
19.35	2.7945325944979076
19.36	3.2433179293224055
19.37	2.479333735747317
19.38	2.963147754390557
19.39	2.2913000173278104
19.4	2.289026947054146
19.41	2.2079798203317744
19.42	1.6330418161864277
19.43	1.5995114016167038
19.44	2.661933769983264
19.45	2.190322843741496
19.46	2.483565628473813
19.47	2.8657642933305274
19.48	1.7028950841194057
19.49	2.9881625593181185
19.5	4.191825687876514
19.51	3.9777647993091687
19.52	3.172538069081624
19.53	3.8424975603038978
19.54	3.705015446291177
19.55	4.198926639643005
19.56	3.876969499354674
19.57	6.0229333715834334
19.58	6.244826869851113
19.59	6.120180751033299
19.6	6.45813387604221
19.61	7.236331923894265
19.62	7.417199166241553
19.63	7.9848521592766994
19.64	7.61431758854387
19.65	8.425299392305297
19.66	8.700236753511133
19.67	8.948887514653729
19.68	8.898138021930194
19.69	9.554867221190705
19.7	10.0322421482947
19.71	10.183493580547552
19.72	10.623948834343865
19.73	11.227656392809152
19.74	10.822301901509798
19.75	11.976388854462922
19.76	11.887616740080304
19.77	11.376134074484067
19.78	10.917692209969005
19.79	11.374511153713385
19.8	11.52425439548521
19.81	11.902313680736148
19.82	12.161410661822922
19.83	11.451285474704248
19.84	11.164027494393283
19.85	11.641801879063758
19.86	12.053202464485905
19.87	11.909752416564444
19.88	11.53536535266144
19.89	11.376089668811971
19.9	11.00221426203248
19.91	11.030253310522701
19.92	10.969299226527097
19.93	10.576473440931071
19.94	10.337583725236545
19.95	9.763370394172123
19.96	8.958438302859983
19.97	9.419802117961027
19.98	8.583034752166492
19.99	8.130624064131576
20.0	7.168059697868321
