10.01	0.1704953730048553
10.02	0.653742337698046
10.03	1.0307202636001604
10.04	0.8598015280166879
10.05	0.6596690543527132
10.06	0.9924394858740195
10.07	0.26506933252115117
10.08	0.4551842144622718
10.09	0.635301009541996
10.1	0.22098227121189834
10.11	0.6335780214371317
10.12	0.4480493118950132
10.13	0.8206695886604332
10.14	0.42103318965617675
10.15	0.6063586464442413
10.16	0.7164027614389744
10.17	0.5608986363214908
10.18	0.18201833668606843
10.19	0.7399949993586444
10.2	0.34776303436025485
10.21	0.6012692990029305
10.22	0.7896925976222761
10.23	0.104485520012031
10.24	0.6048145670240321
10.25	0.1588673670287718
10.26	0.8941278094560832
10.27	0.6895296249589341
10.28	0.725284947849336
10.29	0.8915665364668222
10.3	0.6791247127235291
10.31	0.31767051677951486
10.32	0.3390011397643727
10.33	0.5927273322995639
10.34	0.37709622846411095
10.35	0.5184535552315259
10.36	0.9875012148531327
10.37	0.5308974270512402
10.38	0.7020552576929022
10.39	0.6879276381452892
10.4	0.09851749120893898
10.41	0.7711081913142549
10.42	0.31211565051559975
10.43	0.5350724873297427
10.44	0.2747399205905846
10.45	0.7367834212561013
10.46	0.497921484659488
10.47	0.9848667395074051
10.48	0.46653779519711586
10.49	0.8839643411505489
10.5	-0.06255203423194919
10.51	0.42290990804910106
10.52	0.6283250315460399
10.53	0.877282782986585
10.54	0.3974288785048181
10.55	1.17454954555018
10.56	0.41991906518075217
10.57	0.8091850145182606
10.58	0.5416184904673406
10.59	0.44570268500005694
10.6	0.8546406072525087
10.61	0.6972752139241429
10.62	0.147940462995443
10.63	0.6877376578920963
10.64	0.4548987661328058
10.65	0.8054737245753586
10.66	0.4054066745207625
10.67	1.0211892600768295
10.68	0.5327302825233042
10.69	1.0102318760167819
10.7	0.6358290919230067
10.71	0.5177521648924125
10.72	0.6388121959878074
10.73	0.28774612419026835
10.74	0.11397616042248704
10.75	0.49665177547618344
10.76	0.24283478130401243
10.77	0.4092860448426039
10.78	0.5494755852602385
10.79	0.47917073629274254
10.8	0.3845094253109337
10.81	0.4935689116235175
10.82	0.846339772594403
10.83	0.5537612562118281
10.84	0.7529116734382656
10.85	0.595321585332142
10.86	0.020423656390185174
10.87	0.3764789467154674
10.88	1.1697332065842345
10.89	0.8570355243881564
10.9	0.5552177023103333
10.91	0.2391714605054274
10.92	0.1679704465860285
10.93	0.44197311610930384
10.94	0.46796917265949306
10.95	1.0307466328141808
10.96	0.3077964338125835
10.97	0.5611067562743625
10.98	0.8886257932282974
10.99	0.4400200956178791
11.0	0.5759714563569124
11.01	0.538928845917451
11.02	1.038747576740449
11.03	0.6067997822741407
11.04	0.7708476471834123
11.05	-0.02706669808202919
11.06	0.21690170583039758
11.07	0.275139367630993
11.08	0.7159908282165008
11.09	0.6173424374709932
11.1	0.18821956156877861
11.11	0.5147319452378555
11.12	0.40695338834081496
11.13	0.5153864246128047
11.14	0.5801954370860561
11.15	0.6598733674913366
11.16	0.1446765350902493
11.17	0.3227402798265005
11.18	0.9038271707655943
11.19	0.08268768748674049
11.2	0.715319664087442
11.21	0.4715674203261987
11.22	0.4753899575280499
11.23	0.6688176928258087
11.24	0.49672700590174995
11.25	0.5456514345154414
11.26	0.8097584805061355
11.27	0.3488236905178324
11.28	0.8301840739312102
11.29	0.3323466269392636
11.3	0.7247521549453368
11.31	0.39889582069502366
11.32	0.4970255151285498
11.33	0.7113631197181841
11.34	0.5919104752910447
11.35	0.6610971537037649
11.36	0.526832800237621
11.37	0.42830186340095866
11.38	0.3532532479782802
11.39	0.1003021813335927
11.4	0.6472724108178218
11.41	0.14827136829068177
11.42	0.34721780480131637
11.43	0.569935429351484
11.44	0.2507063248721034
11.45	0.8535344609412007
11.46	0.939062495036686
11.47	0.101174187733803
11.48	0.9882650538463902
11.49	0.5968509628507275
11.5	0.650477593518872
11.51	0.044473588711531925
11.52	0.4685919190491464
11.53	0.7673714163172618
11.54	0.2619315193180708
11.55	0.9058305900604371
11.56	0.3615812655850418
11.57	0.9559802284953192
11.58	0.40485277001050035
11.59	0.23748825435620352
11.6	0.0755708192420991
11.61	0.20438100170977158
11.62	0.2918540806836727
11.63	0.4170738392813654
11.64	-0.08045018166223233
11.65	0.6529201877652455
11.66	0.1178612875026492
11.67	0.6738674790076891
11.68	0.746617739281305
11.69	0.42979664653495264
11.7	-0.11344616552536424
11.71	0.8558307499290224
11.72	0.36716561690346033
11.73	0.23131793541965856
11.74	0.13622302344552276
11.75	0.5952779128275066
11.76	0.040452375856698544
11.77	0.46112462513872576
11.78	0.0004061299191712997
11.79	-0.05425910901610259
11.8	-0.05237123219312534
11.81	0.09803687559298119
11.82	0.3967732309350214
11.83	0.5249742310491703
11.84	0.24096168216959257
11.85	0.6867837947180759
11.86	0.14618749333684078
11.87	-0.0443630877238978
11.88	0.22758247420272265
11.89	0.36935012962465064
11.9	-0.22469146240906407
11.91	0.23353873796695
11.92	0.5212318050430187
11.93	-0.0500335240080651
11.94	0.30896049607144715
11.95	0.029329130451640595
11.96	0.37988269076327147
11.97	0.7645443578119426
11.98	0.5326039268797924
11.99	0.6870127821164358
12.0	0.724887485475793
12.01	0.18449433555757333
12.02	-0.19955064572379005
12.03	0.5306981197566174
12.04	0.2858913692157477
12.05	0.3484456747353596
12.06	0.5359193633645005
12.07	0.09561772453099987
12.08	0.3029509306902479
12.09	0.3902512793040608
12.1	-0.11813035720933857
12.11	0.5486869138346673
12.12	0.15650206697005686
12.13	0.19418974429900704
12.14	0.002391161221790228
12.15	-0.11748786618792861
12.16	0.6863492983415731
12.17	-0.08012198929507913
12.18	0.5487428762780376
12.19	0.29007928505672265
12.2	0.6944793106231635
12.21	0.5733572011144485
12.22	0.15246091192250863
12.23	0.26397711390514306
12.24	0.05001245882101356
12.25	0.12570582914815695
12.26	0.3241300714582366
12.27	0.021274538126084333
12.28	0.3427269964498274
12.29	-0.15420083072539725
12.3	0.3043339535888294
12.31	0.08289204057258884
12.32	-0.03154839888654121
12.33	-0.04543611160311775
12.34	0.44234313168126377
12.35	0.13570158418614842
12.36	0.40435957245605936
12.37	0.31325698501550514
12.38	0.24444445989792982
12.39	0.31248213993927754
12.4	0.25877304984610466
12.41	0.5409862180297672
12.42	-0.21943156232833122
12.43	-0.01215617837332339
12.44	0.15800159913513728
12.45	0.08346357709219192
12.46	0.25114939158640626
12.47	0.1297863297534113
12.48	0.3301064968173062
12.49	0.04698455418197792
12.5	0.48726641865649595
12.51	0.17135317828123425
12.52	0.40986570349020535
12.53	0.1568363180906424
12.54	0.726475973284207
12.55	0.22639407974798936
12.56	0.20395906389673546
12.57	-0.1414030826418201
12.58	0.2656548626950447
12.59	0.5891725546350468
12.6	0.42788914222219016
12.61	0.0015396008695585522
12.62	0.0420994543607668
12.63	0.7908011030262488
12.64	0.029930464293303316
12.65	-0.1744172740660606
12.66	0.45391605751519626
12.67	0.31865342802296936
12.68	0.1505023618635322
12.69	0.22130023701591967
12.7	0.07987177288971684
12.71	0.059137806452671096
12.72	0.18932267885555004
12.73	0.9822297318395631
12.74	-0.12283514111264077
12.75	-0.16412113741615242
12.76	-0.013028864820785496
12.77	-0.01485536289825859
12.78	0.5597377004778762
12.79	0.48370934035579727
12.8	0.0802754912713754
12.81	-0.20118443971699446
12.82	-0.2871259622182551
12.83	0.006131752326871742
12.84	-0.03993657468057757
12.85	0.12631777614910517
12.86	0.3446391967144625
12.87	-0.4704078820015976
12.88	0.2856369104566182
12.89	-0.04715387532782392
12.9	0.11772800674607524
12.91	0.14747762673030168
12.92	0.8200378080086899
12.93	-0.0701234663930459
12.94	0.133884194024947
12.95	-0.20997534820874003
12.96	-0.06558952718528174
12.97	0.24662896198385426
12.98	-0.1807114790548902
12.99	0.2749809936085717
13.0	0.3224077355187857
13.01	0.3470865722675084
13.02	0.6858570437554903
13.03	0.13898025290337335
13.04	0.1671167381152799
13.05	0.21780899202512377
13.06	0.30381556034652535
13.07	0.11268498649500135
13.08	0.5335049592252425
13.09	-0.0653005866799338
13.1	-0.319034316364471
13.11	-0.33145905622356137
13.12	-0.07928967322614419
13.13	-0.06377917964168459
13.14	0.1825112388930886
13.15	0.5932634250671742
13.16	-0.05613419747819873
13.17	0.24396150062448843
13.18	0.29444677278834835
13.19	-0.06740225928580151
13.2	0.24302205318851983
13.21	0.08019057162039854
13.22	0.12265360712312036
13.23	-0.1747713068768858
13.24	0.2123169522672166
13.25	0.085021926389127
13.26	0.07948810593817393
13.27	0.13670240047644008
13.28	0.42117864354058343
13.29	-0.1738992348323043
13.3	0.0921757418679138
13.31	0.10909093334602654
13.32	0.39201248395389177
13.33	-0.022902623760749058
13.34	0.4771020671110606
13.35	0.17463583697818807
13.36	-0.2516336376298622
13.37	0.1669023552478071
13.38	0.4123647289272282
13.39	0.3063373370756325
13.4	0.24855059903390075
13.41	0.06949810266233841
13.42	0.03554161471189314
13.43	-0.010583823699113343
13.44	-0.13974050939584526
13.45	0.14215395237694584
13.46	-0.07720546776131729
13.47	-0.11717479163263392
13.48	0.2226895570811429
13.49	-0.062300258839763895
13.5	0.027231581942754213
13.51	0.004790874737462425
13.52	0.019209148173785204
13.53	0.1948829940129459
13.54	0.28488606378849846
13.55	0.5821112968811246
13.56	0.5155362913809935
13.57	0.05611949984797787
13.58	0.11789473833159703
13.59	0.09721267690938214
13.6	0.08022006062300199
13.61	0.17992765093312632
13.62	0.2021498709096703
13.63	0.25123678571162694
13.64	0.07296594372014746
13.65	-0.08686062459942023
13.66	0.3397709043559306
13.67	0.3528033120959493
13.68	0.26509378951643103
13.69	0.19049160485956668
13.7	0.25484126923048295
13.71	0.38332218227377207
13.72	0.14422556079365292
13.73	0.1934734605579677
13.74	0.003724861615756442
13.75	0.2534168445801859
13.76	-0.0912115989651815
13.77	0.6408994763542368
13.78	0.444162613242872
13.79	0.4231935244568495
13.8	0.24100628728972404
13.81	-0.08673379601376757
13.82	-0.09146636097491148
13.83	0.2228880094521093
13.84	0.8936747348913874
13.85	0.2833324565041004
13.86	0.220809406078499
13.87	0.24896488384028342
13.88	0.3875881673470081
13.89	0.39511695928155904
13.9	0.03449637304612853
13.91	0.37940852413799553
13.92	0.43886382677981245
13.93	0.16755185613314572
13.94	0.05277354684689824
13.95	0.06047142789569111
13.96	0.14690826537714982
13.97	0.25953469411758756
13.98	0.3468437437593729
13.99	0.408620598354251
14.0	0.13429434071696486
14.01	-0.1529905769359784
14.02	-0.029257675766197172
14.03	0.21213741149963036
14.04	-0.15142113103300936
14.05	0.41047842872934587
14.06	0.08337851242972663
14.07	-0.3097562013055068
14.08	0.5259602111518699
14.09	-0.19931081009966456
14.1	0.14448322098401303
14.11	-0.3170648012199018
14.12	0.22554802630833132
14.13	0.13320555601826436
14.14	0.24685023421083632
14.15	0.09470539446948464
14.16	-0.03187694500191102
14.17	-0.45549615399560256
14.18	-0.08292307141383307
14.19	-0.00564399515538655
14.2	-0.28089317110003914
14.21	0.004640046973991244
14.22	-0.13931617143634673
14.23	0.030797824586488082
14.24	0.3152260589783761
14.25	-0.2684158655116925
14.26	0.35772839105408705
14.27	0.5029847579610062
14.28	-0.13544702266119713
14.29	0.6174894806584762
14.3	-0.018542586645188958
14.31	-0.017499784194182116
14.32	0.41491897929999394
14.33	0.09940587347323382
14.34	0.1616609092159691
14.35	-0.11274837898612908
14.36	0.519393035891167
14.37	0.3250964840021687
14.38	-0.20585357645482022
14.39	0.411713674643435
14.4	0.12620734920678353
14.41	0.12024804247823022
14.42	0.4343859716703126
14.43	-0.07224628905751104
14.44	0.20451577279915878
14.45	-0.3183849495254467
14.46	-0.07961449596465453
14.47	0.10863102323411311
14.48	0.1790875364211268
14.49	0.20606025422372165
14.5	0.02372938440576694
14.51	0.1345758228725713
14.52	-0.011597180953971664
14.53	0.21074390058213477
14.54	0.19325806034009224
14.55	0.219628461376122
14.56	0.35330169611346696
14.57	0.06030479946148734
14.58	0.3133394688296122
14.59	0.7339379166527522
14.6	0.20968822119025496
14.61	0.08462777939800332
14.62	0.018188822180578018
14.63	0.2222274345444125
14.64	0.24916269475081176
14.65	0.17474890799066692
14.66	-0.21765086896064695
14.67	-0.08682366708107603
14.68	0.055452535503888775
14.69	0.42701624807242994
14.7	0.1755485545999576
14.71	0.34747445694900236
14.72	0.13824989648292757
14.73	-0.12212281021486174
14.74	0.054416711072918345
14.75	0.6850062858898436
14.76	-0.14742072060046169
14.77	0.03517411289001321
14.78	-0.24438500893477322
14.79	0.07952486797841085
14.8	0.16274640142618102
14.81	0.01863425219038302
14.82	0.18894851372669474
14.83	0.31260534087044295
14.84	0.07003725490184048
14.85	0.3176196301169962
14.86	-0.38126859744605446
14.87	-0.034656765305183995
14.88	0.08210406916832404
14.89	0.28716020870706016
14.9	0.4438724976434262
14.91	-0.06233019045989521
14.92	0.2557470200032505
14.93	0.12524782167904763
14.94	0.2556051366651171
14.95	0.13287751420029523
14.96	0.17206372071886208
14.97	0.008868232578811586
14.98	-0.18624476083023978
14.99	0.27118258885142577
15.0	0.2912960872582858
15.01	-0.021679487319412105
15.02	0.3800978369298748
15.03	0.19698741735827177
15.04	0.023980100354375034
15.05	0.42354048921511095
15.06	-0.1418321336249948
15.07	0.1787529191399398
15.08	0.027980428472771893
15.09	0.034243393449970405
15.1	-0.00469581391176474
15.11	0.052670521429291906
15.12	-0.01855730663290997
15.13	0.3288550891078271
15.14	0.15837592055911723
15.15	0.2849784883627849
15.16	0.07646697788601226
15.17	0.33620386583837114
15.18	0.36052946995085555
15.19	-0.06540280062357462
15.2	0.05035819041901378
15.21	0.5836481024955483
15.22	-0.19276473779280112
15.23	0.16379222803697582
15.24	-0.054694919211747794
15.25	0.4114683719149646
15.26	0.17864497708580127
15.27	0.11757189549170116
15.28	-0.09142017825627433
15.29	-0.10599134166519639
15.3	0.18258423039071844
15.31	0.08975118737984167
15.32	0.11336640359950183
15.33	0.30085421287034003
15.34	0.1530773868991968
15.35	0.10870253061804416
15.36	0.13061074785604027
15.37	0.17220141367963995
15.38	0.07201278216455292
15.39	0.2206750201237643
15.4	0.42004235969029247
15.41	0.06561218830617607
15.42	-0.11089159512063887
15.43	0.021744670191831433
15.44	0.029412943837246686
15.45	0.19581830944737455
15.46	0.4705066368788553
15.47	-0.07307150751945826
15.48	0.051668355231508145
15.49	0.0507643733361018
15.5	0.12517951956622497
15.51	-0.10558702191350508
15.52	0.2710338524044764
15.53	-0.07045235184259563
15.54	0.19904959255828858
15.55	0.10585973096250187
15.56	0.41463010382596455
15.57	0.41010403261539763
15.58	0.31470535765469304
15.59	-0.15188869549528977
15.6	0.07426219908334239
15.61	0.14300707323772355
15.62	0.2281805068503831
15.63	0.0538775536911482
15.64	-0.1108533408848047
15.65	0.24700698262925302
15.66	0.35888922122598355
15.67	0.25077156008927926
15.68	0.7001527722757537
15.69	-0.1622923903599951
15.7	-0.11224385323247688
15.71	0.40192239316238093
15.72	0.200713902905941
15.73	0.5993801170865589
15.74	0.4006905321576105
15.75	0.5617642114394155
15.76	0.2196976715124638
15.77	0.2124505091647596
15.78	0.6481350969744037
15.79	0.03896520251749895
15.8	0.3094218605118162
15.81	-0.16998873461958486
15.82	0.03449780115293205
15.83	0.1887975727331238
15.84	0.3580221479513329
15.85	0.08963979305170917
15.86	0.06649870399665013
15.87	0.6315502057769529
15.88	0.12935358878859188
15.89	0.020662451654334654
15.9	-0.07733408065375127
15.91	0.3984540056612109
15.92	-0.031371048961909315
15.93	0.2915495656837009
15.94	0.43515907787892466
15.95	0.14035381828003804
15.96	0.39819792816773864
15.97	0.6001772912246683
15.98	-0.044922020595120044
15.99	-0.3238393819598853
16.0	0.4429441641200051
16.01	-0.07604967771814594
16.02	0.03070799414420878
16.03	0.1091276040480349
16.04	0.37404020864225773
16.05	0.25749735888158626
16.06	0.21061132852750786
16.07	-0.0004809328216833206
16.08	-0.0895097653873253
16.09	0.17012314394346806
16.1	-0.09200032533433317
16.11	-0.32070898669548886
16.12	0.16403383674094624
16.13	0.43209202525838697
16.14	0.3773080013951615
16.15	-0.26029924665573967
16.16	0.02227025492384549
16.17	0.1596177155553305
16.18	-0.2939808163447348
16.19	-0.1189086467993068
16.2	0.4588214186769918
16.21	0.28013879367282446
16.22	0.34220367973102905
16.23	-0.20490917506285555
16.24	0.3299099800021246
16.25	-0.4718787487809276
16.26	0.34044620841891643
16.27	0.14308889866624758
16.28	0.36998203463533164
16.29	0.04076610511623317
16.3	-0.13961682991520608
16.31	0.01744828521977944
16.32	0.24377861831052955
16.33	0.29178232183728847
16.34	0.07698744743181932
16.35	-0.042608039257552875
16.36	0.004417432602863855
16.37	-0.11466072406509727
16.38	0.009565327859228746
16.39	-0.08022656827442481
16.4	-0.19290921380477902
16.41	0.2635079103616734
16.42	0.08352061439439727
16.43	-0.3152018935519946
16.44	-0.3238887940578027
16.45	-0.27379745876972955
16.46	-0.15925499210536934
16.47	-0.16246061440676413
16.48	-0.025919937275334357
16.49	0.18612199307038763
16.5	-0.33643565271258746
16.51	-0.2492916672449298
16.52	-0.02415228866385119
16.53	-0.016301909813440277
16.54	0.255558705747378
16.55	-0.06917806419965943
16.56	0.49889132401273156
16.57	0.2925003521245608
16.58	-0.02290124955503467
16.59	0.0242418366046256
16.6	0.09865153688789224
16.61	0.2038538045512334
16.62	0.055960003496722005
16.63	9.620958202953366e-05
16.64	0.10659251776339901
16.65	-0.1456145931828735
16.66	0.0698018334291883
16.67	0.31672160843413244
16.68	-0.08840468532424813
16.69	0.18100362151715718
16.7	-0.1479004392761103
16.71	0.23255462228863255
16.72	0.20029460848701489
16.73	0.2838411792294576
16.74	0.1967408812977449
16.75	-0.11555969714916577
16.76	-0.02565779231035669
16.77	-0.01835755364943653
16.78	0.26047964811511615
16.79	-0.10665862555231961
16.8	0.03997768368462958
16.81	-0.13688149276523676
16.82	0.37680413334951507
16.83	0.31990520047734733
16.84	-0.11537457587762923
16.85	0.6162492047709495
16.86	0.015416232156133783
16.87	0.0032261157265588425
16.88	-0.07994180246813978
16.89	-0.049475417422810516
16.9	0.129028241961994
16.91	0.3031285873979286
16.92	0.29687155547717514
16.93	-0.0034880261989142817
16.94	0.18937953710297944
16.95	-0.2417540633227397
16.96	0.01737693228195944
16.97	0.18485753604301985
16.98	-0.15988887540395136
16.99	-0.3115884171841677
17.0	-0.031671264690101564
17.01	0.06946659033875337
17.02	0.2893082113736035
17.03	0.15209352325319692
17.04	0.5066971199224923
17.05	-0.2595035376491265
17.06	0.004727715662274092
17.07	0.21800816910520718
17.08	0.35869393681505485
17.09	-0.04742530840074263
17.1	0.007684377591892097
17.11	0.06459573696655406
17.12	0.15387840288190843
17.13	-0.08556799364611661
17.14	0.17445634692126405
17.15	0.09165623792166537
17.16	-0.04208840501169203
17.17	-0.08910448785042756
17.18	-0.025719021590599578
17.19	-0.01460367281921282
17.2	0.3123826687656388
17.21	0.2804357491969859
17.22	0.23363247505184093
17.23	0.01428097420805912
17.24	0.12237728472444297
17.25	-0.3371250206464944
17.26	0.045270893719108724
17.27	-0.0843166508226124
17.28	0.11978441784012642
17.29	0.335527872240752
17.3	-0.3051483227762218
17.31	0.5781696257790394
17.32	0.1299537615782161
17.33	0.28049089409220657
17.34	-0.16353996553225975
17.35	0.14500303283546817
17.36	-0.0017399978977742647
17.37	-0.012501611806007451
17.38	-0.11324999991882981
17.39	-0.09375180471172555
17.4	0.39251677119918066
17.41	0.12750616558019126
17.42	-0.02295806108256854
17.43	-0.04038622784398618
17.44	-0.1526586047965731
17.45	0.1160319210475109
17.46	-0.1272071809358602
17.47	0.17091123107458034
17.48	0.004146305217457446
17.49	-0.24621012981548884
17.5	-0.13296543095589555
17.51	-0.14727987972743437
17.52	0.018595702706417458
17.53	0.13851606620036183
17.54	-0.14857128523419533
17.55	0.17326051607225848
17.56	-0.37016669204711267
17.57	-0.035507254800168433
17.58	0.3958315113528823
17.59	-0.1404743468565178
17.6	-0.06050068042305157
17.61	0.36171549453212815
17.62	-0.31668653997053825
17.63	0.38106587349124443
17.64	0.21864785415302251
17.65	0.4884423760526961
17.66	-0.3198012226266873
17.67	0.16068266655660468
17.68	0.12453428353770092
17.69	0.22470010138980745
17.7	-0.40151212480257187
17.71	-0.33072822415269526
17.72	0.03251036286660611
17.73	-0.14246020764972012
17.74	0.2330705657309638
17.75	0.2779437400135064
17.76	0.13295075767931314
17.77	-0.058973215292033754
17.78	0.6103673594659635
17.79	0.36013966861408814
17.8	-0.10147668916067717
17.81	0.17069177524043982
17.82	0.06234023868227895
17.83	0.2651960581110045
17.84	0.45312432361619176
17.85	0.7217333914520451
17.86	0.24723568909469834
17.87	0.7622328736008399
17.88	0.0616904262028799
17.89	0.27786208405152224
17.9	-0.15068854340119398
17.91	0.05141968937593723
17.92	0.3667014052401433
17.93	0.8202725474384814
17.94	-0.09988464779719938
17.95	0.23662554521569262
17.96	0.23910694361322382
17.97	-0.0003401687058685321
17.98	0.2635488575421996
17.99	0.23998814571149435
18.0	0.15871986194007254
18.01	0.05188786288697017
18.02	0.4092154062789221
18.03	0.3777798744391704
18.04	0.251561478403438
18.05	0.49292584724136584
18.06	0.3862941318373475
18.07	0.4883388801203623
18.08	0.4843415875654757
18.09	0.6329480472969107
18.1	0.43571867257249086
18.11	0.7464060929428533
18.12	0.6946636676852002
18.13	0.11733712311367481
18.14	0.6403125030213972
18.15	0.5610829404845664
18.16	0.7707074237755862
18.17	0.13332272819609742
18.18	-0.17097951429085528
18.19	0.6987119745272471
18.2	0.22829898984519204
18.21	0.4374689810847861
18.22	0.5259261422568869
18.23	0.27891497630082607
18.24	0.8629392299065259
18.25	0.44575727538722243
18.26	0.7012317796410148
18.27	0.6215332262725046
18.28	0.44303176911098935
18.29	0.570863836610134
18.3	0.36865187318589865
18.31	0.6882240523448001
18.32	0.45935109498579496
18.33	0.42111163213170477
18.34	0.27488250361627053
18.35	0.0007867764520232967
18.36	0.8020413774818695
18.37	0.6846055586138384
18.38	0.6644964360261973
18.39	0.12892689683996034
18.4	0.3898528980160052
18.41	0.6458537464929632
18.42	0.6174336073831594
18.43	0.8458309270717363
18.44	0.6233588426138289
18.45	-0.1033159665016321
18.46	0.36909583963245646
18.47	0.6811157264964207
18.48	0.2679919542519771
18.49	0.21848998540361125
18.5	0.47051764579594985
18.51	0.6807171658694199
18.52	0.32653209440151065
18.53	0.06895957054921065
18.54	0.14996199771978508
18.55	0.5511472872656454
18.56	0.39819878719610224
18.57	0.31941465473251585
18.58	0.5743921671854638
18.59	0.3689684967814091
18.6	0.25292294436759155
18.61	0.4910827379046554
18.62	0.5626488802284052
18.63	0.7228722646470872
18.64	0.691938337014835
18.65	0.030703198767966677
18.66	0.8126885824664298
18.67	0.3754124375893545
18.68	0.5797726351719309
18.69	0.41470619684078625
18.7	0.9081905994725319
18.71	0.5340428212676038
18.72	0.1438376148224379
18.73	0.3924475332391326
18.74	0.6060165097374383
18.75	0.4196591614955262
18.76	0.17528198822029056
18.77	0.6477186697814643
18.78	0.49553401994616875
18.79	0.6463127146077016
18.8	0.7491785353108337
18.81	0.23828547356688412
18.82	0.6708945461990193
18.83	0.2582173778834677
18.84	0.6948353718560154
18.85	0.45818201517501805
18.86	0.4853708204523016
18.87	0.385332321492289
18.88	0.6081531400948926
18.89	0.44197234106613376
18.9	1.186299622114088
18.91	0.573067813685412
18.92	0.36737516847373686
18.93	0.6257384152830124
18.94	0.7925950356812507
18.95	0.5416767005916199
18.96	0.2595345588772576
18.97	0.5986813134445799
18.98	0.6421716458453723
18.99	0.6078342558533165
19.0	0.515829403120013
19.01	0.20964048925109913
19.02	0.5787930046685588
19.03	0.31723216605687476
19.04	0.16702646201763183
19.05	0.5339451290594547
19.06	-0.1428401537658991
19.07	0.4898706741385803
19.08	0.863333997133499
19.09	0.5768056367988843
19.1	0.4435469612085081
19.11	0.45638621399973683
19.12	0.46242925317766065
19.13	0.7549813449736531
19.14	0.4462930938773208
19.15	0.4564049404546257
19.16	0.5087721632530059
19.17	0.07914860458226669
19.18	0.4668836117116607
19.19	0.7601722786201004
19.2	0.5821285392370263
19.21	0.37303909047543216
19.22	0.3062998051169027
19.23	0.46462260001150874
19.24	0.5146084606540215
19.25	0.7456334413706084
19.26	0.13747628664451383
19.27	0.2665834341944665
19.28	0.5962163072685357
19.29	0.5498017953655504
19.3	0.469182210579957
19.31	0.1851432202450679
19.32	0.8399327482722796
19.33	0.4700958631352153
19.34	0.4594547531019699
19.35	0.5851674883863484
19.36	0.9767438508849517
19.37	0.5104152414537011
19.38	0.40442837788268327
19.39	0.6702178725169838
19.4	1.1070562212565838
19.41	0.7916491944467399
19.42	0.46031594130277165
19.43	0.20110777301153504
19.44	0.5138811243739508
19.45	0.4997147525989094
19.46	0.8391415875569332
19.47	0.4690338213213162
19.48	0.5352264118145834
19.49	0.5379903699556355
19.5	0.5014143075443346
19.51	0.2501729275496547
19.52	0.40098379088566494
19.53	0.549451045257396
19.54	0.3868622994032195
19.55	0.4203119754316992
19.56	0.5883475212079736
19.57	0.7519528614374072
19.58	0.9042953743771378
19.59	0.8836860748673039
19.6	0.048325857930744176
19.61	0.7158530520727474
19.62	0.44971622031778963
19.63	0.2804516980481519
19.64	0.7212378219954309
19.65	0.4610525387148753
19.66	0.6644362921522646
19.67	0.6396554841897205
19.68	0.7165082381532507
19.69	0.7922607585833745
19.7	0.6589457775765278
19.71	0.46621814637997444
19.72	0.5707954376565348
19.73	0.3524035258591799
19.74	0.7617819260903009
19.75	0.556337345751302
19.76	0.5032242677960735
19.77	0.8065300319784896
19.78	0.756027360464784
19.79	0.6684738731180869
19.8	0.35020751790604454
19.81	0.6710972302452316
19.82	0.5857752022900755
19.83	0.5563771971793124
19.84	0.44955707311015664
19.85	0.8230791043090939
19.86	0.40526392801804745
19.87	0.679666364439139
19.88	0.4683234927367215
19.89	0.6151328914012628
19.9	0.534827133457191
19.91	0.26787374251669993
19.92	0.39550613230744897
19.93	0.7253908165935488
19.94	0.24120357591524438
19.95	0.4870583503399581
19.96	0.7089905238043519
19.97	0.25916206505206985
19.98	0.3037445102501774
19.99	0.8479683422555493
20.0	0.1709772991297488
