10.01	3.8095000673684645
10.02	4.476649311417614
10.03	6.68294981248944
10.04	6.698526053525527
10.05	7.699425318349633
10.06	7.821086141009675
10.07	5.8400314719452044
10.08	8.828219020841578
10.09	7.374824548066503
10.1	7.812100789632973
10.11	10.534472044694356
10.12	13.583430426156902
10.13	12.497957619749412
10.14	15.665020021435437
10.15	14.955954719905389
10.16	11.494986550967333
10.17	14.415593593587444
10.18	15.776316739418512
10.19	16.129492761925643
10.2	15.014508335637268
10.21	15.260812675081747
10.22	16.8035290588723
10.23	14.04590781411569
10.24	19.224944269423762
10.25	17.870086226784757
10.26	17.3930018214966
10.27	20.430107567967816
10.28	17.64035338257602
10.29	18.891690218588796
10.3	19.246652828945283
10.31	16.466120903952937
10.32	21.763479901044093
10.33	20.51446860105808
10.34	19.883534700855293
10.35	20.453102444062637
10.36	19.21262981238319
10.37	19.020414043081356
10.38	19.915587957030564
10.39	19.414393218924296
10.4	20.433933272086765
10.41	20.709696902692375
10.42	19.71249651872196
10.43	20.105033570028088
10.44	20.20251998050259
10.45	20.157008513961813
10.46	17.11725237723775
10.47	18.56446353515226
10.48	19.657012160522733
10.49	20.04640804698772
10.5	16.83096963254772
10.51	18.63400908937562
10.52	19.15718924412242
10.53	18.65681468103214
10.54	18.011894144679456
10.55	16.627025457082993
10.56	21.263215778161673
10.57	14.992210015929798
10.58	18.781518817249175
10.59	17.925753586336178
10.6	16.763298747416293
10.61	18.291653014981208
10.62	12.553002371550368
10.63	17.808503024432273
10.64	14.647526530436906
10.65	16.311191930194692
10.66	16.377401457526204
10.67	12.986478727291354
10.68	13.702868791390218
10.69	11.354976190197561
10.7	14.095512876350814
10.71	13.763117723552096
10.72	13.030542314764302
10.73	15.378787845281883
10.74	12.745085992057971
10.75	11.092359655269025
10.76	13.023694466992737
10.77	11.161228267476739
10.78	10.545322043255812
10.79	11.200183045125996
10.8	9.292040832048905
10.81	8.203090582878811
10.82	11.498106043504315
10.83	9.815910455685819
10.84	8.68929591712677
10.85	6.012346196656229
10.86	6.860959272716221
10.87	5.877331635561757
10.88	3.861450201405841
10.89	3.7620118169320778
10.9	8.407926438153684
10.91	5.46860205482147
10.92	4.960700692240701
10.93	2.432152028254846
10.94	3.5340195873140012
10.95	3.9258071311558327
10.96	4.819412822058243
10.97	4.260056995838189
10.98	3.9128076734244672
10.99	1.4009140826395334
11.0	3.9325060579335585
11.01	3.5407159115216382
11.02	1.5535459917684236
11.03	1.9410321925798129
11.04	1.6917164358228653
11.05	5.915930519960346
11.06	3.5922982401805355
11.07	2.586505519060054
11.08	1.7110940467315288
11.09	2.2532858709345707
11.1	1.5960403050033691
11.11	0.21139392766238108
11.12	0.7671152228976652
11.13	2.3818233137773
11.14	0.4358190380308171
11.15	1.5741426876459865
11.16	3.2756557235001087
11.17	4.697604901853339
11.18	6.856549402442458
11.19	4.917587522996146
11.2	5.141229278087163
11.21	4.1920915083784145
11.22	5.987324479205419
11.23	5.588281366349962
11.24	6.3060137945634205
11.25	6.502717279530692
11.26	6.649686063892893
11.27	8.577138643388288
11.28	7.551632444085792
11.29	10.24617840616146
11.3	11.008262769182378
11.31	10.772218263641962
11.32	8.640828095747473
11.33	12.225460716484287
11.34	13.464831221880678
11.35	11.572983940446436
11.36	12.365305334431557
11.37	14.097560112564425
11.38	15.002068699073847
11.39	15.668870895032956
11.4	14.900196148548611
11.41	19.540569331842697
11.42	18.536385173964597
11.43	18.393896693830083
11.44	19.835826097677412
11.45	17.989800308058093
11.46	19.77805441838709
11.47	18.79844741532184
11.48	18.853170153665538
11.49	19.163193735131344
11.5	21.0973656963341
11.51	19.358940976451983
11.52	19.340782299816446
11.53	16.811966295385393
11.54	22.210886735690753
11.55	20.95528547745191
11.56	21.637957836771605
11.57	20.050604432224805
11.58	20.764714804417842
11.59	22.797383176515723
11.6	23.47613194429716
11.61	21.769457627191276
11.62	24.7788843769675
11.63	20.88107500383662
11.64	23.050449465522767
11.65	22.850706477970956
11.66	21.642296425569818
11.67	21.91539374527773
11.68	18.60826325596286
11.69	17.074192151562528
11.7	21.326976248880595
11.71	18.618784789930316
11.72	15.464619256658422
11.73	17.71827638182854
11.74	16.86941273671557
11.75	16.816907242793217
11.76	15.628763537184879
11.77	16.06939046898754
11.78	14.887681662786003
11.79	13.44395569332441
11.8	13.284671674910163
11.81	11.479731847010314
11.82	13.592316056240437
11.83	14.38973808861578
11.84	12.20414274614658
11.85	13.072319328154334
11.86	10.650214242978526
11.87	11.925209793256196
11.88	5.221306801290798
11.89	9.126285161962306
11.9	9.69965807781716
11.91	6.581789961395316
11.92	6.07281592897314
11.93	7.730111105934365
11.94	4.429616546599378
11.95	7.039230969856844
11.96	5.326616510227244
11.97	4.999078804002217
11.98	6.000890387304868
11.99	2.1160040892318395
12.0	2.839091621847466
12.01	6.805476587473034
12.02	4.136176351132547
12.03	3.8621028564928186
12.04	3.6585555339082485
12.05	0.012072602401575594
12.06	1.6616699255694751
12.07	2.0970294888204557
12.08	2.580190766384852
12.09	1.1658206224350622
12.1	3.854558501567303
12.11	3.3309078570680737
12.12	1.6831254787232532
12.13	0.6587382497593195
12.14	4.235613524915097
12.15	-0.49113287659080007
12.16	3.335139121545809
12.17	1.805220744385111
12.18	3.1352036287485734
12.19	1.1382140085349446
12.2	5.25056579283306
12.21	0.26437955162816706
12.22	2.977925965840599
12.23	3.156955090541971
12.24	3.4286409748916524
12.25	4.6973594848608275
12.26	4.724757335867622
12.27	3.3234853438927896
12.28	1.975328911045223
12.29	6.08260968507413
12.3	7.262462903190336
12.31	6.326255373919237
12.32	3.631647927218047
12.33	7.624542427559035
12.34	7.707508506276235
12.35	9.175312145774848
12.36	9.371038094731917
12.37	11.68473272296211
12.38	8.62263752344541
12.39	11.103347185148088
12.4	11.430150664160156
12.41	11.30346762171422
12.42	12.828884605430112
12.43	9.346801242721453
12.44	12.1848623860666
12.45	15.691820774569639
12.46	15.53946927419195
12.47	15.560046755048374
12.48	15.89679436894572
12.49	17.134428778991133
12.5	15.867403219892065
12.51	16.026993286683386
12.52	18.309080303626512
12.53	16.78493147603364
12.54	21.074903374936195
12.55	18.50130801120455
12.56	19.067311212063547
12.57	19.20508974661313
12.58	23.045337036332214
12.59	20.509125820198786
12.6	20.549339521563436
12.61	24.206257817342646
12.62	21.2633373140981
12.63	22.421641138878943
12.64	21.55228216454756
12.65	23.01314419352524
12.66	19.942565647475384
12.67	23.03864660477371
12.68	23.265312420963316
12.69	23.19047037097451
12.7	21.670299612734265
12.71	23.373236214912644
12.72	22.554808927788994
12.73	26.35577973305824
12.74	26.26129365988374
12.75	21.661935687320877
12.76	20.825607842628713
12.77	24.655112247531726
12.78	22.063398327709873
12.79	23.320904948898637
12.8	21.816714596155474
12.81	20.5607828844054
12.82	23.787711297019705
12.83	20.332008656058118
12.84	22.954832729043915
12.85	19.837757135071744
12.86	18.06249070192239
12.87	20.12641994179636
12.88	20.71111557711085
12.89	17.599588800651947
12.9	18.765203166642387
12.91	17.67995206711717
12.92	15.654282764028723
12.93	19.60647237577233
12.94	15.7216297381963
12.95	16.200879105898462
12.96	15.623608330548187
12.97	13.123880474722899
12.98	13.672746035907592
12.99	16.064006439099224
13.0	11.567706791033277
13.01	11.65429840423213
13.02	9.009831049507827
13.03	10.090946945984049
13.04	12.037679770186248
13.05	12.385660496843634
13.06	8.403677188869022
13.07	11.99320278584896
13.08	10.522225233118276
13.09	8.19707751154293
13.1	6.373571609499095
13.11	8.016019638798548
13.12	8.09769609786647
13.13	5.875777625553491
13.14	4.555576325142306
13.15	7.105964328537027
13.16	3.0864562578061756
13.17	2.90410239690352
13.18	6.015095897384816
13.19	5.8046449373203854
13.2	5.017403177971235
13.21	5.4161094240615775
13.22	6.594841341467149
13.23	1.749814551419416
13.24	5.788449544028304
13.25	3.5883861256249183
13.26	1.4518807359141666
13.27	3.9402064986249234
13.28	3.6649306897061966
13.29	2.611332571181806
13.3	1.2328300310439897
13.31	3.9940387414900886
13.32	3.5213738962226224
13.33	3.700847069736464
13.34	4.782292415492086
13.35	4.646160711534154
13.36	1.5371754634660462
13.37	2.3836036677735146
13.38	3.147219448513181
13.39	5.141185113922239
13.4	3.6500482679491144
13.41	4.740926323884125
13.42	3.6248040575715144
13.43	3.551352580887455
13.44	5.113314388663297
13.45	3.902225809099099
13.46	5.099542365617587
13.47	7.560128350114605
13.48	5.369957968742049
13.49	6.631467358591998
13.5	7.305389375645919
13.51	6.824494757495806
13.52	4.596444628492144
13.53	7.972077172280214
13.54	7.177772011677934
13.55	8.811600705717899
13.56	10.031232947501707
13.57	10.61792064122326
13.58	12.943528236872204
13.59	13.19912194761369
13.6	12.554477384787477
13.61	13.05235807863188
13.62	12.037759521222696
13.63	13.575896983540353
13.64	12.439748025052834
13.65	14.719493000046976
13.66	13.24422236731316
13.67	18.825653401232557
13.68	16.7527419455882
13.69	13.697497254583322
13.7	18.74913578100805
13.71	17.166462663401926
13.72	18.59604746062066
13.73	16.05149033716919
13.74	16.910244303180708
13.75	20.236594731149438
13.76	17.984034220213456
13.77	18.808937846259614
13.78	18.687331078804462
13.79	17.56691254874544
13.8	20.915364252010075
13.81	18.459568424496258
13.82	21.50896228049892
13.83	20.796589391429002
13.84	18.702367096801353
13.85	19.31702487606372
13.86	21.73525072030117
13.87	17.431383703570553
13.88	21.893580929681537
13.89	19.267206062465096
13.9	20.275595849593635
13.91	20.396224906822024
13.92	18.366311078792876
13.93	19.713722560791375
13.94	17.18835437281434
13.95	19.805509529713508
13.96	19.06699253240166
13.97	19.695509804405873
13.98	19.60873023930212
13.99	16.979197603557047
14.0	15.414777095302586
14.01	16.545129534865303
14.02	17.096173872226068
14.03	16.45585364965932
14.04	14.276246406652819
14.05	14.56489286600792
14.06	12.511334212863565
14.07	15.05495213473998
14.08	15.15542565077014
14.09	15.183152700431204
14.1	14.20881372775914
14.11	11.113987243275997
14.12	13.061266434688084
14.13	12.386751776087264
14.14	11.085084726540643
14.15	11.246101309384796
14.16	11.708333986157283
14.17	13.076118066933779
14.18	8.530388777187968
14.19	6.427994072254704
14.2	8.20711681978291
14.21	7.363848590557344
14.22	6.753347683720388
14.23	6.083682919104907
14.24	8.146496216414823
14.25	5.581297536620423
14.26	5.6512439941771415
14.27	6.613108223143378
14.28	6.4424272966928795
14.29	5.937680970325223
14.3	3.8014308688740748
14.31	6.3232579045240875
14.32	2.370308149990272
14.33	-0.2491050777080055
14.34	3.3660247222400033
14.35	2.7409242841684036
14.36	4.714599830556217
14.37	2.35759269664337
14.38	2.8783785395271395
14.39	-0.1758187989378508
14.4	0.34099152930399046
14.41	1.731401007281164
14.42	2.6046242404479676
14.43	0.1443902209806629
14.44	0.33455075606325346
14.45	-1.046704361554901
14.46	0.4964674608121202
14.47	0.6073328444306543
14.48	0.2889088173098338
14.49	1.5715557940784795
14.5	-2.068126131228842
14.51	-0.46505035572859577
14.52	-1.5518216986922284
14.53	1.4722413473749647
14.54	2.2857068474460895
14.55	0.741414184061464
14.56	3.708868267343685
14.57	0.562174097647668
14.58	1.816814938665686
14.59	3.2944111136437386
14.6	1.0742898845743425
14.61	0.4992935857860963
14.62	2.7786864963209337
14.63	3.3900565927612236
14.64	2.4580161182504003
14.65	3.4906018153140765
14.66	2.843997999742208
14.67	4.001713423901021
14.68	5.346489276161969
14.69	2.5724149022677265
14.7	4.2159283278240505
14.71	8.556922535489909
14.72	6.988491829177947
14.73	6.129538171287331
14.74	8.889068529138774
14.75	6.242485705522422
14.76	11.20905011939964
14.77	9.859545441867796
14.78	8.026047481701907
14.79	9.191220945205147
14.8	9.819355383194457
14.81	10.099423198588884
14.82	12.23204282159076
14.83	12.090755335806907
14.84	10.12088891760644
14.85	10.960075897549666
14.86	9.998557574900442
14.87	12.007375358524264
14.88	14.618605602455657
14.89	11.853156264617594
14.9	9.588693700757574
14.91	14.965529206760982
14.92	14.747267587109485
14.93	14.685174720728048
14.94	18.847410907827005
14.95	13.950237104041141
14.96	14.36118667865583
14.97	15.227211611779484
14.98	16.750540720816243
14.99	13.70396844245214
15.0	14.57131458700441
15.01	13.291299466822885
15.02	18.08514573067237
15.03	15.544664824273053
15.04	16.781423515200473
15.05	16.054994651315194
15.06	14.351890002577756
15.07	17.49989334337811
15.08	19.509860062074512
15.09	15.382449148633878
15.1	15.545452385088701
15.11	17.041589709815174
15.12	14.954334951261169
15.13	15.873844844106623
15.14	17.569777518956776
15.15	15.462585152990375
15.16	14.09743664697081
15.17	16.60944206707308
15.18	18.46656020161032
15.19	17.82980691033678
15.2	15.908490296796462
15.21	16.020192321058254
15.22	17.441421864869135
15.23	15.672391664509146
15.24	17.577276407760447
15.25	18.094531956427897
15.26	16.3698866023929
15.27	17.046031924048652
15.28	16.39036636438034
15.29	17.38869749699564
15.3	14.129892326796924
15.31	18.06814489582014
15.32	12.095785365794937
15.33	17.72076928237959
15.34	14.451705899395414
15.35	17.329447650344548
15.36	16.114541617665623
15.37	16.472398602395852
15.38	16.736954680230294
15.39	16.65245515171325
15.4	15.801799026282914
15.41	14.784240278618022
15.42	14.084207281239259
15.43	13.185547798062691
15.44	14.256583415153301
15.45	15.451306008189299
15.46	13.688061276522914
15.47	11.3318810230604
15.48	10.231490319745882
15.49	12.929080981194094
15.5	9.437052552349682
15.51	11.350237994149145
15.52	9.13817658670485
15.53	9.394197543268575
15.54	9.859223285020853
15.55	9.894597584830283
15.56	9.345359068034439
15.57	5.121746794795464
15.58	8.708904800902369
15.59	6.598658774716166
15.6	7.756108749925124
15.61	5.8602491053368535
15.62	4.209109660981483
15.63	1.6732676064953078
15.64	3.8882390443856054
15.65	2.4249222543434428
15.66	3.093463333127268
15.67	3.0921121798723483
15.68	3.152411956255255
15.69	1.8355290037157843
15.7	1.210359408137929
15.71	2.1757085279844497
15.72	2.8736513324280537
15.73	1.6877353962432735
15.74	0.2801914674434536
15.75	1.5675723495711464
15.76	-1.4127237052246246
15.77	0.840669560814254
15.78	2.1597891136864655
15.79	0.24958875170643613
15.8	0.7134106885419582
15.81	2.2014683919488007
15.82	1.187124408724428
15.83	-0.39385610749502487
15.84	1.1507529889951253
15.85	-0.35315261063014847
15.86	0.6792826522398641
15.87	1.3054645556005005
15.88	2.665699515493907
15.89	0.7544628334750937
15.9	1.4034305538029064
15.91	0.27531989950645785
15.92	-0.14975623829107332
15.93	0.00988547433426068
15.94	2.322441152313601
15.95	3.4280019419544825
15.96	1.6072088602563313
15.97	4.224158914422537
15.98	-0.5181006710786202
15.99	2.796877041915095
16.0	5.447764338280546
16.01	7.418697126182819
16.02	5.853518014367303
16.03	6.60401643546362
16.04	7.666352485788613
16.05	7.099980988669558
16.06	7.54140328622248
16.07	6.618201956564628
16.08	9.246405821135022
16.09	9.61217312584941
16.1	8.606159227206598
16.11	9.805097732551896
16.12	10.448607826957947
16.13	8.56531229997058
16.14	11.604790350109063
16.15	10.322892056123921
16.16	12.32955868338163
16.17	10.81597896615202
16.18	15.086759581342688
16.19	11.640428451932847
16.2	13.048471715869214
16.21	13.180680694631429
16.22	16.211297874240543
16.23	14.922519053447186
16.24	13.60935743496953
16.25	14.97109777986293
16.26	14.909778748232808
16.27	16.925689953833935
16.28	15.187970341804927
16.29	15.881795000663134
16.3	16.622402668073786
16.31	11.016316591520521
16.32	15.015580805479065
16.33	13.345513670000312
16.34	16.581899261852367
16.35	16.455177487324946
16.36	14.77786106103425
16.37	16.251191762240637
16.38	15.99808083267865
16.39	15.367666187232087
16.4	15.63621408858514
16.41	14.265629686859672
16.42	15.60052431411174
16.43	15.254186410346566
16.44	16.66284398813084
16.45	16.454596914568896
16.46	13.71579709729158
16.47	12.296828957494967
16.48	15.821098222318481
16.49	13.967890157124152
16.5	14.651150021071759
16.51	13.505011022091468
16.52	11.577656855076475
16.53	16.700030964522234
16.54	11.843822070076373
16.55	13.35238223902592
16.56	11.337181440717364
16.57	12.58465462748294
16.58	12.284330146798059
16.59	10.75482136017417
16.6	9.962622725475484
16.61	11.405368718513515
16.62	8.609883804816251
16.63	9.549466541297084
16.64	9.600219218926387
16.65	10.000430804166019
16.66	6.877140407627239
16.67	5.9756612785267285
16.68	4.744608522632552
16.69	5.271979087012992
16.7	6.835805397718976
16.71	7.289231151261181
16.72	3.934131986985506
16.73	4.278370477445968
16.74	5.853796212820797
16.75	5.3302519258277625
16.76	3.57379992626528
16.77	3.437249729755677
16.78	5.0027053589859385
16.79	4.759773178178681
16.8	4.035187075466696
16.81	0.5512538499361535
16.82	4.878674557282338
16.83	0.18325187366754436
16.84	2.6719642137542166
16.85	-0.4775178826433253
16.86	1.9184044543152305
16.87	2.275003859040222
16.88	0.19492033743937043
16.89	1.2417200782180473
16.9	1.3156328447650432
16.91	0.2807977216110906
16.92	2.0038455393951047
16.93	0.0902751899224935
16.94	-1.3401685680680038
16.95	0.07225308030857214
16.96	1.8547968547552565
16.97	-0.416944962335807
16.98	2.1718480280783496
16.99	2.4981009575956636
17.0	0.29888585702519976
17.01	1.0004432370663827
17.02	2.028760483313853
17.03	2.02773472830793
17.04	0.25938856542809763
17.05	5.335266865855079
17.06	4.784379920944977
17.07	3.525973741637543
17.08	3.0282742576567037
17.09	5.989177721288735
17.1	5.705766281581372
17.11	3.569999543732025
17.12	8.243292460106883
17.13	5.154416391344302
17.14	6.339851190022975
17.15	6.376426543690655
17.16	8.38485968428908
17.17	7.892896811493097
17.18	8.619112167823314
17.19	8.170353488397708
17.2	11.905392796677493
17.21	10.395540728328633
17.22	9.487895619100367
17.23	12.39745766010121
17.24	11.654026727041858
17.25	12.747341353240053
17.26	13.141767996935753
17.27	11.3889289044976
17.28	16.197483732051126
17.29	12.554917380405993
17.3	12.640786305582859
17.31	15.896676835977665
17.32	14.860955017254582
17.33	15.326294056773724
17.34	17.942301957330983
17.35	17.466880959401085
17.36	15.068377516075222
17.37	19.481338721819153
17.38	16.49749441960169
17.39	16.597467767528904
17.4	16.267105991446236
17.41	22.19732019005893
17.42	15.976654494389782
17.43	17.233841347466143
17.44	18.80967926884197
17.45	15.412026436613056
17.46	16.705016709553668
17.47	16.402636286910056
17.48	15.262876123954403
17.49	16.227836597120902
17.5	16.018269885257965
17.51	17.924834457119665
17.52	16.976071496411663
17.53	16.046521925465782
17.54	15.874717270136026
17.55	17.065051054445746
17.56	14.925955073496365
17.57	13.201637445296694
17.58	16.164461325702007
17.59	14.689324096590388
17.6	14.837757236654406
17.61	15.667239029712075
17.62	11.333189591436993
17.63	13.754367523513796
17.64	12.559115541258786
17.65	12.703208857523885
17.66	9.183449324215752
17.67	12.935643921152923
17.68	10.634428397863187
17.69	12.849383857040026
17.7	10.365093851229428
17.71	11.847833380636
17.72	9.411546864737598
17.73	9.704870610166562
17.74	10.943729952132118
17.75	7.44869439161354
17.76	9.131599084410611
17.77	8.777790147882994
17.78	6.9947570179783245
17.79	8.346948143399842
17.8	4.754617922329553
17.81	7.273529020235592
17.82	4.284048180553365
17.83	4.082120806408339
17.84	6.77083865771056
17.85	4.458263334933055
17.86	4.4782403919120615
17.87	3.990072748019409
17.88	2.699717439102164
17.89	6.410497874436823
17.9	2.9703206828998097
17.91	0.8018565115640737
17.92	3.690353343072913
17.93	1.1109352569339255
17.94	2.3862007397000307
17.95	1.9496480294434537
17.96	2.020792926769292
17.97	1.7990766500414694
17.98	3.3048684934660306
17.99	0.4373536899930589
18.0	-0.39120248295855786
18.01	1.0929716242342251
18.02	3.0296334872270956
18.03	0.3699967894345092
18.04	0.3767639025459638
18.05	2.555791581714895
18.06	-0.07513868873723861
18.07	-0.7789257735444679
18.08	2.3191147701621926
18.09	1.8704714800406288
18.1	1.1114773014251649
18.11	-0.4434368539396656
18.12	-3.1263833958420086
18.13	0.8151168137580672
18.14	1.642134220358235
18.15	0.7342283346456839
18.16	-0.2936428858117641
18.17	5.305237060819657
18.18	3.4305906521197462
18.19	-0.5913589563701245
18.2	0.9645414004638146
18.21	1.211250363776824
18.22	2.8607285597625483
18.23	2.7803159285466843
18.24	4.332198052309372
18.25	2.1255223471686047
18.26	4.453650594238554
18.27	7.369650286639438
18.28	6.7039154048079945
18.29	8.152627592925652
18.3	5.861092937091735
18.31	10.848174789366587
18.32	6.449423987904465
18.33	7.768760328576255
18.34	7.5055866104849205
18.35	11.017098734340571
18.36	9.268776231525596
18.37	12.586326746372006
18.38	13.141473377396155
18.39	9.691979084464549
18.4	12.290120888127145
18.41	15.159494224131203
18.42	15.43253866259845
18.43	14.650793673256766
18.44	13.360421016541423
18.45	10.78915735949163
18.46	15.114707488778134
18.47	12.814531850609129
18.48	15.853467508289814
18.49	15.450236672663458
18.5	14.85576826070968
18.51	14.86891099804918
18.52	14.564148667840534
18.53	16.74018503483829
18.54	16.318998036375355
18.55	16.342551133980272
18.56	15.561051730903104
18.57	16.192870317477706
18.58	16.002717567426714
18.59	16.664217116539486
18.6	17.42285637719639
18.61	16.421682871178145
18.62	17.01279196042807
18.63	16.508765410054895
18.64	16.64728580949556
18.65	18.04919850598254
18.66	16.550074824663845
18.67	14.421610045466647
18.68	15.986452027016963
18.69	17.827147178681567
18.7	16.03990930040163
18.71	16.515718012618745
18.72	12.31369216748612
18.73	14.112366916889815
18.74	15.42061674468789
18.75	16.06022262439929
18.76	14.092964687428283
18.77	15.932660942562551
18.78	11.998365408808535
18.79	14.6148427965165
18.8	12.415782766911606
18.81	12.083631451372778
18.82	11.9048506985293
18.83	10.158659911543758
18.84	11.307051875053032
18.85	11.063623164965005
18.86	10.006841117467138
18.87	8.911623099872266
18.88	8.77982860780707
18.89	6.590414115155249
18.9	6.905211584434442
18.91	8.16993136803882
18.92	9.305571631039154
18.93	4.670529207329074
18.94	5.281786285969293
18.95	6.6090594921349
18.96	6.285769420195393
18.97	3.6102907917554456
18.98	5.431349797953972
18.99	1.5999181568507148
19.0	5.5751738574568215
19.01	1.850707503678889
19.02	0.5942881752463509
19.03	2.6601720678734444
19.04	3.266773477912846
19.05	2.2929595524274244
19.06	1.2147688921323219
19.07	1.1193220164156883
19.08	3.8322625036424025
19.09	1.4434889735379526
19.1	-0.25287656125330793
19.11	1.5262119935285212
19.12	0.251135984084086
19.13	0.135263933403183
19.14	2.592129325972553
19.15	-2.937568680239943
19.16	0.2778663327090318
19.17	-0.10825669816917305
19.18	-0.2726926905464401
19.19	-0.20294119718120157
19.2	-2.221531422626922
19.21	0.0881618036663544
19.22	1.8329084493698677
19.23	1.4458517784883056
19.24	3.442238811527922
19.25	1.651270122246319
19.26	3.0240581920184226
19.27	-0.9549459475613044
19.28	1.4012553737090707
19.29	1.1638296613966614
19.3	1.9676615897022747
19.31	0.5004239778518575
19.32	2.9834104204723437
19.33	-1.1028501359119751
19.34	2.1380037893003245
19.35	-0.43108334299272144
19.36	5.549140051443813
19.37	2.0945489364727803
19.38	5.675326773582098
19.39	3.2697961678529888
19.4	6.348044686231092
19.41	5.640795413715968
19.42	6.2451949908917905
19.43	4.5811761655483005
19.44	5.708598735868159
19.45	6.516321208015498
19.46	6.563881162426894
19.47	5.104266712730694
19.48	11.634212689692184
19.49	8.649668661519222
19.5	11.490223565514503
19.51	11.46391231819551
19.52	8.274919870061007
19.53	11.198152218765978
19.54	10.30580708921632
19.55	12.91837371196125
19.56	13.640437104825136
19.57	12.645367231258497
19.58	12.917891173738012
19.59	14.761820759960047
19.6	14.01702639997125
19.61	15.761857046514152
19.62	17.07551990152804
19.63	15.132073757705621
19.64	14.02366981724753
19.65	15.649761045827066
19.66	17.3910240445488
19.67	19.694584095286377
19.68	18.200467337435974
19.69	19.139071839920984
19.7	17.510320803892892
19.71	15.700168324589264
19.72	17.354852594924328
19.73	17.48330396105779
19.74	17.470886029542044
19.75	14.687410317355948
19.76	15.489202974878674
19.77	17.328323606918882
19.78	15.189939241186256
19.79	17.991450243134736
19.8	19.5760933697257
19.81	16.616362629694045
19.82	17.705108548286958
19.83	16.499325884591908
19.84	17.82470808062843
19.85	18.241269765410983
19.86	18.867543279702517
19.87	13.489103316855173
19.88	16.32651338914703
19.89	18.889190616958977
19.9	15.186256374991842
19.91	14.101352345159112
19.92	19.045684813955578
19.93	14.672919164634202
19.94	16.582291371157723
19.95	14.385800163977459
19.96	16.375753754353855
19.97	15.774018188351395
19.98	12.887103846036505
19.99	10.262491927891146
20.0	12.097678124034433
