10.01	28.411674381407583
10.02	28.183550279186925
10.03	28.45900057036071
10.04	27.419154562882394
10.05	27.859045846205078
10.06	26.94769710952972
10.07	25.965433677786528
10.08	26.77771353049771
10.09	25.56519693407382
10.1	24.966961938125465
10.11	23.344597758255706
10.12	23.284293575518436
10.13	22.43053643673857
10.14	21.38707336347389
10.15	20.832986667586997
10.16	20.694811235936143
10.17	19.092084893878635
10.18	18.88904851563883
10.19	18.955236628945332
10.2	17.534246476894573
10.21	16.154247967795822
10.22	16.746650567955708
10.23	14.751221789616102
10.24	13.867284135456114
10.25	13.849805013993153
10.26	12.343592724549262
10.27	12.452418083591892
10.28	11.301437967308765
10.29	11.002593263392184
10.3	10.288179627277957
10.31	11.026994098667304
10.32	9.405829561841573
10.33	8.088497953834679
10.34	7.957220018719213
10.35	6.357993876732747
10.36	7.995158024672127
10.37	7.225767458283802
10.38	6.6896829660303085
10.39	6.393415262929706
10.4	4.987487542524992
10.41	6.317047987619642
10.42	5.661517871678771
10.43	4.361895697063056
10.44	4.1967806882595395
10.45	4.975594516979583
10.46	5.006487294912345
10.47	3.764876625931357
10.48	3.429589760312936
10.49	3.1370372690359387
10.5	3.9892592895053998
10.51	3.5779069757880118
10.52	3.2817571501966736
10.53	3.2047261870797805
10.54	2.4609867941678703
10.55	4.431278270067093
10.56	4.073941735900477
10.57	2.8152229191421085
10.58	4.722412063416666
10.59	4.110433713525072
10.6	2.967806978842261
10.61	4.072124095295256
10.62	5.797760078709588
10.63	5.839545216720472
10.64	5.8397978658665455
10.65	5.754055498744001
10.66	5.430795013164205
10.67	6.3856549989119324
10.68	7.041752208073751
10.69	6.53516421318295
10.7	7.849357948074318
10.71	8.597145210493856
10.72	9.242653941059478
10.73	9.928267184973414
10.74	9.92593127095337
10.75	11.2787367615234
10.76	13.292854236742263
10.77	13.56570450964287
10.78	13.93171082576801
10.79	15.091928772796443
10.8	16.170760002428246
10.81	16.786424544037832
10.82	17.144633888754313
10.83	18.667947199884097
10.84	19.469092480411415
10.85	20.08009046332193
10.86	20.66832544037237
10.87	20.827426642831696
10.88	22.56868534820995
10.89	22.240886521289088
10.9	22.653222301764522
10.91	23.82495914421144
10.92	24.95928092311977
10.93	25.870863268396217
10.94	26.027326070771046
10.95	26.85784894593185
10.96	26.085867919641508
10.97	27.168706861197503
10.98	26.773142918212894
10.99	28.494333124877404
11.0	28.00909230515714
11.01	29.852662932156594
11.02	29.612068949535043
11.03	29.633151366654545
11.04	30.128834391884617
11.05	28.994762126827748
11.06	29.773099244218926
11.07	31.026317839690552
11.08	30.80065710021681
11.09	30.06012514751841
11.1	30.135205717782835
11.11	30.723277224449788
11.12	30.095061659529232
11.13	30.743407132568418
11.14	30.455983126588986
11.15	29.776169273675304
11.16	29.68769462407879
11.17	29.29861462572743
11.18	29.57905617838596
11.19	28.355365464300817
11.2	29.547440587665314
11.21	28.610722326508963
11.22	27.94602295551127
11.23	28.255666301386057
11.24	27.943838058918328
11.25	27.402115966195936
11.26	26.6905532930873
11.27	26.499790892400565
11.28	25.68688891762654
11.29	25.203089274612047
11.3	23.323412268007594
11.31	24.210885709948652
11.32	22.760338462916156
11.33	21.79391611531122
11.34	20.96197009394094
11.35	20.69721059907885
11.36	19.98229424031971
11.37	18.82066196800432
11.38	18.258441290335586
11.39	17.139643749600747
11.4	16.548956121657277
11.41	16.47550151940586
11.42	15.542481702701242
11.43	14.699668077075879
11.44	13.186156298698814
11.45	13.143861236118877
11.46	12.28346341772219
11.47	11.06596731381747
11.48	11.827828247923097
11.49	10.1104710025379
11.5	8.277070415577521
11.51	7.923733267840345
11.52	8.49784343989265
11.53	7.932818074966842
11.54	7.251668535762496
11.55	6.407684240214674
11.56	5.508768608425194
11.57	5.080849327659212
11.58	6.071447026512665
11.59	4.374998610107516
11.6	4.212034336266306
11.61	4.1318167152266145
11.62	2.3732924050706297
11.63	3.1474865351340116
11.64	2.7912707927795806
11.65	2.569206154484004
11.66	2.5851104688730326
11.67	2.966155272887871
11.68	1.7940561596770452
11.69	1.546621351339048
11.7	2.2562881969976973
11.71	0.9947169862973232
11.72	1.782025985532243
11.73	0.5646901182163804
11.74	1.0465290151333244
11.75	1.3823899837610532
11.76	0.8475425798395007
11.77	0.4290040174633926
11.78	0.23533315317109316
11.79	0.4488665863311105
11.8	0.789692270616911
11.81	0.7809397763552102
11.82	0.19677724909026684
11.83	0.5126305223470112
11.84	2.4721475283429903
11.85	1.2338777344347747
11.86	0.9693252208525565
11.87	1.204587825500361
11.88	1.7419398867211495
11.89	1.483392512489461
11.9	1.4662657863793598
11.91	1.3564538022951749
11.92	2.525644639700094
11.93	2.230044828706475
11.94	2.1534232094563026
11.95	3.243365839906062
11.96	3.169272238918548
11.97	3.8306640329339205
11.98	4.4752444044913275
11.99	4.951065165303883
12.0	4.644231770132581
12.01	4.954262407991655
12.02	5.613022462326084
12.03	7.2626985331411715
12.04	7.188684869965465
12.05	8.684163847481512
12.06	8.515967309093798
12.07	8.643732294724447
12.08	10.046560352165493
12.09	10.86801786895701
12.1	11.310252116768456
12.11	11.23016003703072
12.12	11.763684028020005
12.13	13.260848269045942
12.14	14.026488259815006
12.15	14.712389876787912
12.16	16.179387558442734
12.17	15.74535666856764
12.18	16.11882602998355
12.19	17.369441866157704
12.2	17.781343577253857
12.21	18.30862849440904
12.22	20.14439495239465
12.23	20.06825304073025
12.24	20.56032977226311
12.25	21.95476823006348
12.26	21.295056463541968
12.27	22.05916513603344
12.28	24.311555882653796
12.29	24.31265105126537
12.3	23.890856123973773
12.31	24.711537366213904
12.32	24.973197802504366
12.33	26.150733344784932
12.34	26.564417820348243
12.35	27.20173557524979
12.36	26.901082205800613
12.37	27.254781043530045
12.38	28.097897797804194
12.39	27.389150635271402
12.4	28.13850905083434
12.41	27.65394336910696
12.42	27.383834406076375
12.43	27.692946485291692
12.44	28.426243462974668
12.45	29.36124769040978
12.46	29.409238496339608
12.47	29.49832245845805
12.48	29.34996973754447
12.49	28.9055779889694
12.5	29.143165272151293
12.51	29.7999594436776
12.52	29.513012051045028
12.53	29.973787271706154
12.54	29.628706305409924
12.55	29.609785617978286
12.56	29.66469554071211
12.57	29.69415989151442
12.58	28.784297433359196
12.59	29.21577856251922
12.6	28.837968692639688
12.61	28.85128007554486
12.62	29.416496674282193
12.63	29.193932591690594
12.64	29.480117915815146
12.65	28.815978185032968
12.66	29.39201613180016
12.67	28.31605333740136
12.68	28.252987624871547
12.69	27.403421985765444
12.7	27.600301524444337
12.71	27.29982827881033
12.72	27.42387662981287
12.73	27.332866655600817
12.74	27.042759785743645
12.75	25.896599644918943
12.76	26.15230370020706
12.77	25.150760220535826
12.78	24.447442555545848
12.79	24.22301357177036
12.8	24.147830871785157
12.81	22.44569272944721
12.82	22.92311297813238
12.83	22.08449474965893
12.84	21.173650624684186
12.85	20.765400828911975
12.86	19.07344070023809
12.87	19.591237739468752
12.88	18.21209463810977
12.89	19.442033613698822
12.9	18.295635449088167
12.91	18.240863739199735
12.92	17.213090246533945
12.93	16.129356369242295
12.94	15.572685785876873
12.95	14.538896132939243
12.96	13.456700252876871
12.97	13.774353285107049
12.98	13.254235882331933
12.99	12.260888508111442
13.0	11.460211273160512
13.01	11.849878698070858
13.02	10.472721224032849
13.03	10.147367897071115
13.04	10.201138649738864
13.05	9.391911496806644
13.06	9.48288867329406
13.07	9.156306708803365
13.08	7.872098101413325
13.09	7.644907318236211
13.1	5.638738726523661
13.11	6.94465416373934
13.12	5.831388422290878
13.13	6.6288067334802525
13.14	5.053455843397766
13.15	5.201867189762153
13.16	5.378325578555659
13.17	4.929123917873927
13.18	5.2842945207476175
13.19	5.562475544197389
13.2	5.220270295461205
13.21	4.884925345163075
13.22	5.5175764586527904
13.23	4.59420239792127
13.24	4.444018918768277
13.25	4.1215522481997215
13.26	3.202358697576908
13.27	3.0417291110688907
13.28	4.612548483372649
13.29	3.9806242950404567
13.3	4.032845619938217
13.31	4.045254090753227
13.32	4.298523083482914
13.33	3.863693368716704
13.34	4.888386463724413
13.35	4.0955046961421475
13.36	4.200254252217929
13.37	4.558588374164349
13.38	4.286790940057311
13.39	4.390206198553094
13.4	4.867847685836977
13.41	6.008239078274951
13.42	6.405455353434042
13.43	6.068835247450643
13.44	7.046532838826238
13.45	6.128845885438553
13.46	6.673771646247595
13.47	7.3944988825073885
13.48	8.051350093775755
13.49	7.9621435082314225
13.5	8.37756253817047
13.51	9.503084049968516
13.52	8.976179685232946
13.53	10.64727989207387
13.54	9.527033559299028
13.55	10.404508340663156
13.56	11.017228418712246
13.57	11.575898295490994
13.58	12.609943667911516
13.59	13.508579883081227
13.6	13.461881108013175
13.61	14.814685338312737
13.62	15.831051681937202
13.63	15.543388301349605
13.64	16.27469153605488
13.65	16.73464702314163
13.66	17.85185076907103
13.67	18.209648349142235
13.68	18.863652585838153
13.69	20.12691884074612
13.7	20.10294890649815
13.71	19.752930325552313
13.72	20.97426407930477
13.73	22.17173585778444
13.74	21.908071444453693
13.75	22.133779154366415
13.76	23.326698735733615
13.77	23.374225604855276
13.78	24.03653275039913
13.79	24.8670007442582
13.8	24.689988415353383
13.81	24.39879692349785
13.82	24.575365079215658
13.83	25.55528450196924
13.84	25.577693988293944
13.85	25.67066478955782
13.86	26.57295407772019
13.87	26.269238456684196
13.88	26.237439729972944
13.89	25.41884062369637
13.9	27.685726622671844
13.91	26.406054302025648
13.92	26.427021627562247
13.93	25.87695401356251
13.94	26.192544638171952
13.95	26.268536189658896
13.96	26.44531801936951
13.97	26.838487676031722
13.98	26.62595223855106
13.99	27.195085707609437
14.0	27.216127780516654
14.01	26.616340345409036
14.02	27.25209998778048
14.03	25.828625229974946
14.04	26.56602599340396
14.05	26.069909092427334
14.06	26.420158802559037
14.07	26.28848337358565
14.08	25.62210591369186
14.09	26.69005501078388
14.1	26.172285168414717
14.11	26.219801456811602
14.12	24.598599599812875
14.13	24.357168117698752
14.14	24.20962993407124
14.15	24.09516999532857
14.16	24.965828046705077
14.17	23.58142501004406
14.18	23.73125701543702
14.19	24.083923054695802
14.2	22.48455973159182
14.21	22.26689268767107
14.22	21.751038610258608
14.23	21.03780291479262
14.24	20.31132916399736
14.25	21.06454503276189
14.26	19.49262303467718
14.27	18.431145167571238
14.28	18.362987920521928
14.29	17.43285407061057
14.3	16.36573741978603
14.31	16.86150931226718
14.32	15.421747524892549
14.33	14.587882051518559
14.34	13.647794818879467
14.35	13.262150253743952
14.36	12.638273042777582
14.37	12.481025232797467
14.38	11.304865064436049
14.39	10.73859288929272
14.4	10.064339894689478
14.41	8.849226064761387
14.42	8.863652419876772
14.43	7.769098893795126
14.44	8.20589619219805
14.45	7.31968563400964
14.46	4.938009644959831
14.47	6.3977215482815755
14.48	5.8030885976567745
14.49	5.345516448018123
14.5	4.472396929637401
14.51	5.256114816024151
14.52	3.846054074744444
14.53	3.136498977936751
14.54	2.8279689792061222
14.55	2.7298456729558676
14.56	3.021859693953288
14.57	2.4169875960104377
14.58	2.1391340669782806
14.59	1.6378866177338625
14.6	2.167333339408357
14.61	1.534442044366087
14.62	1.6166457414321154
14.63	2.0533305560294832
14.64	1.3848114916394598
14.65	0.040428124690575995
14.66	0.15050997436933433
14.67	0.641568998156271
14.68	0.8868693442929733
14.69	0.8429570103526036
14.7	0.2582104922425925
14.71	1.0949517600205896
14.72	1.8421642520147892
14.73	0.8687145713858118
14.74	2.394723347862774
14.75	2.09233346424082
14.76	1.4913300652233787
14.77	2.353819221833136
14.78	2.3349787071475343
14.79	2.8699483669007306
14.8	3.2077845797550566
14.81	3.6936465080986918
14.82	3.7651036255318395
14.83	4.942267659827462
14.84	4.596317408916176
14.85	5.180355489425996
14.86	4.593585480272924
14.87	6.947224625909749
14.88	7.446830682326952
14.89	8.474975527761861
14.9	7.646386081703213
14.91	8.665341700403559
14.92	10.579470385772005
14.93	11.371636446256804
14.94	10.688446919097832
14.95	11.849610884979366
14.96	13.347961083783893
14.97	13.21440682221397
14.98	14.816119584349421
14.99	14.814386689936923
15.0	15.519746628218929
15.01	15.980889979277473
15.02	17.723634180303755
15.03	18.0229752846567
15.04	18.92252747909797
15.05	19.740899247373754
15.06	20.60896176554556
15.07	20.59590442577957
15.08	20.926565660548686
15.09	22.234279861134784
15.1	22.197842047036502
15.11	22.78177151500843
15.12	23.06282709731291
15.13	23.530046543084467
15.14	25.292735312181108
15.15	25.407015737878336
15.16	25.36536645400215
15.17	26.13275076735038
15.18	26.26125071505312
15.19	26.50487924486666
15.2	26.827871619007006
15.21	27.401369467340896
15.22	26.983849218613283
15.23	26.955391779482184
15.24	27.28513719072262
15.25	27.652206329902576
15.26	28.236404624164198
15.27	28.232993187181798
15.28	27.692851058847296
15.29	27.667371450722314
15.3	28.070828949849833
15.31	27.54992818413981
15.32	28.173714381418918
15.33	27.23339472935701
15.34	27.96413805006975
15.35	27.067096563760842
15.36	27.30757700917054
15.37	28.26484635936544
15.38	27.974235077788272
15.39	26.99539912268383
15.4	26.373893787073875
15.41	26.918454770204875
15.42	26.911726231644142
15.43	26.420062664209475
15.44	25.845976914338003
15.45	24.405890905163485
15.46	24.97952180505831
15.47	24.601752331260258
15.48	23.51696497225831
15.49	22.442641614656633
15.5	21.73406360265718
15.51	22.690228481259844
15.52	20.801293258029673
15.53	21.29784208395168
15.54	19.84735731207304
15.55	19.730787619222134
15.56	17.994204740201198
15.57	17.218474005591904
15.58	16.548600515361525
15.59	16.42826044860824
15.6	15.732716400116901
15.61	14.801547306471647
15.62	13.480797304713953
15.63	13.080939808904304
15.64	12.440022871114138
15.65	12.138079818335443
15.66	9.998689902191098
15.67	10.160839168193032
15.68	9.778966724813994
15.69	9.239263824883043
15.7	7.9990661411164465
15.71	7.286057098841657
15.72	6.229993114521741
15.73	6.711090643323299
15.74	4.91886244384565
15.75	5.4219786564894195
15.76	3.6717193369480117
15.77	4.125649032087505
15.78	3.585225168789557
15.79	2.71225674665399
15.8	2.3127043969431527
15.81	1.836464092553959
15.82	2.1779195152848456
15.83	2.163879562058109
15.84	2.0336531129017255
15.85	1.526991667826335
15.86	0.9278474814417916
15.87	-0.24846818739460153
15.88	0.22346908616409256
15.89	-1.0705378920160713
15.9	-0.11119386521949692
15.91	0.8293767852604157
15.92	0.6015768651193728
15.93	0.5955092449821594
15.94	-0.07792575035507761
15.95	0.7366927928279373
15.96	-0.7593124696299591
15.97	0.7205786212210141
15.98	-0.5303371955421501
15.99	0.4564844679009373
16.0	1.8190005041054058
16.01	1.15281342877158
16.02	1.4790469475717072
16.03	1.846924061882679
16.04	2.641634149533154
16.05	2.3200495175600677
16.06	3.587676443420981
16.07	2.8582868322137434
16.08	4.024695504973013
16.09	3.2308280390774424
16.1	4.748237849777678
16.11	4.250505307750258
16.12	5.103723466851954
16.13	5.8474824799311
16.14	6.86232606759212
16.15	7.282751761547788
16.16	9.23897415731295
16.17	9.50193395094173
16.18	10.448305183167692
16.19	9.703008332682867
16.2	11.029986454333313
16.21	12.684726799241375
16.22	13.496427663315496
16.23	13.722164263715273
16.24	14.896991639691366
16.25	15.690424332907462
16.26	16.31971075827965
16.27	18.411198971507915
16.28	16.69147845135561
16.29	18.681340062479382
16.3	19.123085403819424
16.31	19.647278214692218
16.32	20.882057187659
16.33	20.56024768736339
16.34	21.822999733812065
16.35	21.627803210252416
16.36	22.390373952441646
16.37	22.763368031074396
16.38	23.570939953749967
16.39	23.062022284915592
16.4	24.026577427651784
16.41	24.85526357827879
16.42	25.637745130488653
16.43	25.347630518062218
16.44	26.37095750399754
16.45	26.19922057998205
16.46	27.349592625995278
16.47	27.092948379774857
16.48	27.327136927861396
16.49	27.454268152247312
16.5	28.06134740332997
16.51	27.25787557862258
16.52	27.952290661047062
16.53	27.225382969189884
16.54	27.91145593664574
16.55	27.55748954998173
16.56	27.70592358859057
16.57	27.758549506138532
16.58	27.468399606367434
16.59	28.089101374783343
16.6	28.150202954163223
16.61	27.303585207589048
16.62	26.862683257857764
16.63	28.282345656787882
16.64	27.27999125311827
16.65	27.84571394569493
16.66	27.29771652033913
16.67	27.150612370494844
16.68	28.00700819351459
16.69	26.455529568546286
16.7	26.669457034522342
16.71	26.095851866532453
16.72	25.968733043173344
16.73	25.233715373008692
16.74	24.14263466994024
16.75	25.064449050980123
16.76	24.015870636329183
16.77	23.62519095164255
16.78	23.123238613155074
16.79	22.86668792476086
16.8	22.88755106677734
16.81	21.48331751433858
16.82	20.91509970145333
16.83	21.51792955942326
16.84	21.44162232087597
16.85	20.719345842417486
16.86	18.95964298989326
16.87	18.578790995861002
16.88	18.27027058873313
16.89	17.354683820815573
16.9	14.569612840011983
16.91	16.798158603732023
16.92	15.216352108090582
16.93	14.970364473172392
16.94	13.789161526793002
16.95	12.622231755760506
16.96	12.248939030760322
16.97	11.987723060854218
16.98	10.968765582783304
16.99	11.376624706853402
17.0	9.953017634930319
17.01	10.142498637881193
17.02	8.969294404457955
17.03	8.452589044926402
17.04	8.890181937748483
17.05	8.045852167198833
17.06	8.801313720523872
17.07	6.91740156043764
17.08	6.8344213931083475
17.09	6.880807427854926
17.1	4.763074130475155
17.11	6.5933702147733975
17.12	5.453313042882694
17.13	5.00623452889577
17.14	6.381512315890113
17.15	4.257855605988674
17.16	4.284221192141973
17.17	4.684431717424515
17.18	4.219263688069721
17.19	3.8642625495199416
17.2	2.948758485379997
17.21	3.9354392178630904
17.22	4.365650098014383
17.23	3.9362740274188552
17.24	3.528542346304401
17.25	4.193044904050426
17.26	3.2451118773521506
17.27	3.7921067163897444
17.28	4.846073956325138
17.29	3.77917745763474
17.3	3.8336512785553643
17.31	4.781225470497611
17.32	4.505557542655713
17.33	4.927601784096309
17.34	5.229993367870993
17.35	4.694120909413072
17.36	4.428834805732661
17.37	5.386004735562997
17.38	6.189196200945588
17.39	5.962131227051492
17.4	7.2642747725417305
17.41	7.0289791561126425
17.42	6.838946043590161
17.43	7.9661327850507275
17.44	8.433759658074115
17.45	8.704511087586194
17.46	9.599067663632228
17.47	11.252303416111456
17.48	11.732034724430433
17.49	11.057146458299453
17.5	11.957609200569673
17.51	12.571649937101228
17.52	13.587683436302843
17.53	14.579117190810033
17.54	15.030008758655393
17.55	16.326005436027483
17.56	17.520336674937848
17.57	17.739102065734997
17.58	17.40832160274692
17.59	18.627623696375085
17.6	18.75307809760886
17.61	20.056541063296372
17.62	20.211383326075786
17.63	20.638669658063186
17.64	21.593016952080475
17.65	22.244173643301288
17.66	22.734238017562966
17.67	23.011922527177077
17.68	23.915676598697495
17.69	23.70958240633806
17.7	24.70312861919928
17.71	25.330774431813126
17.72	24.886004369055016
17.73	24.912183175115565
17.74	25.662000483165965
17.75	26.605769267644934
17.76	26.309701727921674
17.77	26.72146146385878
17.78	26.50575333689021
17.79	26.220206604524535
17.8	27.47250884819922
17.81	27.490817980237804
17.82	26.884051430729052
17.83	27.68431134651414
17.84	28.101952387538205
17.85	27.573652147703264
17.86	26.802535013542077
17.87	26.997541063550923
17.88	27.120246232968228
17.89	26.056006432239716
17.9	27.84297894846775
17.91	27.11524267741854
17.92	26.882809222848685
17.93	26.878524176083378
17.94	25.81435471885678
17.95	25.360519810358657
17.96	24.18557893623127
17.97	24.302284160358333
17.98	24.573636510606462
17.99	23.142987402661966
18.0	22.572569236652157
18.01	21.863384384276113
18.02	21.354514629591034
18.03	21.27898083817762
18.04	20.34157809719916
18.05	19.707296222783263
18.06	19.550982074112518
18.07	17.976834452620576
18.08	18.512423143394635
18.09	16.905304170509496
18.1	16.12186623900741
18.11	15.007512328933686
18.12	14.957406738462854
18.13	13.566924666456675
18.14	14.190633119754041
18.15	12.858568017139564
18.16	12.12977022961573
18.17	11.14861684925656
18.18	10.970858721365868
18.19	10.998081952744661
18.2	10.301194696362925
18.21	9.373073215916495
18.22	9.111400121323053
18.23	9.115334006892056
18.24	8.172790894894518
18.25	7.995848482158289
18.26	7.432799900043033
18.27	6.484893502026399
18.28	6.513894055514781
18.29	5.2689143976278885
18.3	5.8466007649813
18.31	5.527645566784688
18.32	5.166340276829847
18.33	4.682390853553954
18.34	4.528062105947485
18.35	3.814067564952052
18.36	3.7206149432079285
18.37	4.491387061140771
18.38	3.875343091780132
18.39	3.9313547987987705
18.4	3.702128668959607
18.41	4.132289238232564
18.42	4.671024382974738
18.43	4.02688331663445
18.44	3.7315900175084935
18.45	3.359752246630257
18.46	4.1455899278404456
18.47	2.9967624155128156
18.48	4.689958922268196
18.49	3.810913901321819
18.5	4.446765441448147
18.51	3.6355307895801445
18.52	4.383238788178089
18.53	4.6132819627902375
18.54	5.964613098412906
18.55	4.422031629084961
18.56	4.237253482036235
18.57	5.9092872323243535
18.58	6.667498261472468
18.59	7.306211840826363
18.6	8.147492603959666
18.61	7.940787003577095
18.62	9.337348662970253
18.63	9.017685002604564
18.64	10.246977003174097
18.65	10.987540444052147
18.66	10.964690893388553
18.67	12.38258022054682
18.68	13.50463509243049
18.69	13.025582388876465
18.7	13.518472311348114
18.71	15.591049537152658
18.72	16.368475928863866
18.73	16.952940596105115
18.74	18.718795413005715
18.75	17.596469053141117
18.76	18.784877315385646
18.77	18.67246319949503
18.78	20.58521611214033
18.79	22.24298819855442
18.8	21.200989236947564
18.81	22.208967904143105
18.82	22.55113966390444
18.83	23.325204837041156
18.84	24.022696195670292
18.85	23.953911570176967
18.86	24.97226126390672
18.87	25.043725368720885
18.88	25.38147684805846
18.89	25.759147243097786
18.9	26.974627032414283
18.91	25.967829715299622
18.92	26.337967657857792
18.93	27.94018195956165
18.94	27.569244393031745
18.95	27.400462701123853
18.96	27.546124595601807
18.97	27.764242278085757
18.98	27.93602890743865
18.99	27.667152771671898
19.0	27.526288379141537
19.01	27.453764675841697
19.02	28.715783452548674
19.03	28.130975422197437
19.04	28.263085327112567
19.05	27.929776012137665
19.06	27.76416229718755
19.07	27.559261450967767
19.08	27.376662986184346
19.09	26.70664134888763
19.1	26.282741122184756
19.11	26.593103856332203
19.12	26.100273811102856
19.13	26.109302427641094
19.14	25.31622885445776
19.15	24.430679510843515
19.16	24.529793929284168
19.17	24.31149523534426
19.18	23.557083604859123
19.19	23.618662464417877
19.2	22.467054406724916
19.21	21.753158688663206
19.22	21.678711877849373
19.23	21.536359433721135
19.24	20.95440511862961
19.25	18.73419846609021
19.26	20.00658042810902
19.27	17.710491742686017
19.28	17.893193359866817
19.29	16.438793544196926
19.3	16.92661261006144
19.31	15.713955946494952
19.32	14.82740181403102
19.33	14.007443831472354
19.34	13.940412335542701
19.35	12.828477912153742
19.36	12.221779245441404
19.37	12.000064696776416
19.38	10.765571725716436
19.39	10.330665613017732
19.4	9.166691181602056
19.41	7.751614355122827
19.42	7.909083952473482
19.43	7.531175701455472
19.44	6.7366957812897725
19.45	5.985453222237272
19.46	6.814827357675762
19.47	5.559779344706612
19.48	5.716552607639274
19.49	3.737214722819536
19.5	2.603074671119046
19.51	3.5599313713601424
19.52	2.8497095501551915
19.53	3.0473860981095378
19.54	2.5951051297362016
19.55	2.0387285365460768
19.56	2.652116021052991
19.57	1.4127006611448438
19.58	2.0599214367181475
19.59	1.2965301740986344
19.6	0.5869488129087104
19.61	1.072248270131549
19.62	1.4741566151046408
19.63	0.42199391126065755
19.64	0.7343966547541567
19.65	0.01214501289057536
19.66	0.7944777185118564
19.67	0.5189915550780503
19.68	-1.16080729104098
19.69	0.29566146632901624
19.7	0.09490259470905439
19.71	-0.15627100841270825
19.72	1.6663752153562919
19.73	0.8300139415103621
19.74	0.07116193041801
19.75	0.3022161051698068
19.76	1.2798282100282854
19.77	0.7226131746213202
19.78	1.5189599853572475
19.79	2.296554200210735
19.8	0.8808628139612521
19.81	2.0673355412862082
19.82	2.4866558077640377
19.83	2.6072365802660493
19.84	2.6032925665873767
19.85	3.1986097609605353
19.86	4.138621878116851
19.87	4.194899343209109
19.88	5.012405101634629
19.89	3.8554419505428617
19.9	4.869358711702871
19.91	5.147604636238463
19.92	6.855791537994673
19.93	7.175473884005076
19.94	7.943817289358679
19.95	8.165070854513905
19.96	9.079088935226444
19.97	10.876936184447082
19.98	9.689385941721964
19.99	10.658609234302537
20.0	11.21753026292272
