10.01	9.132469407905127
10.02	10.348684252826239
10.03	10.15388302249996
10.04	7.027405668736643
10.05	6.83564695740132
10.06	9.679063339340775
10.07	7.2780285160863105
10.08	6.7978916566077165
10.09	7.623413327261663
10.1	6.686679619847419
10.11	5.60351085224941
10.12	5.721944814277419
10.13	5.8403206798865615
10.14	4.963618310310086
10.15	6.118569882370563
10.16	3.53936968367264
10.17	1.066179733641318
10.18	0.8586587566860695
10.19	2.618235972051448
10.2	3.5097200619832694
10.21	3.684378568788455
10.22	2.137269189537551
10.23	3.635846504568345
10.24	3.2572471527686924
10.25	2.444464944055887
10.26	0.4255499169321566
10.27	2.7450847086396544
10.28	1.3781839132926623
10.29	2.2424539471421165
10.3	1.7472136195170034
10.31	2.1160123954909715
10.32	1.107407986621963
10.33	3.015470375395606
10.34	1.9046765655215327
10.35	4.12000849555122
10.36	3.966559214016459
10.37	3.0549757425544866
10.38	3.183127472733242
10.39	2.7202862886459402
10.4	3.4266988118444535
10.41	3.6249569467989833
10.42	5.6115449558974575
10.43	5.362907349757692
10.44	6.699255948972546
10.45	5.399787672090345
10.46	2.6765587944878027
10.47	4.822830840338565
10.48	4.947708580534773
10.49	9.302012507008678
10.5	6.877660363769653
10.51	8.305683424041316
10.52	8.12596043767095
10.53	8.550990514277055
10.54	8.221495399476327
10.55	8.323892148309604
10.56	8.65404168701206
10.57	9.913142403158773
10.58	9.441671696665003
10.59	11.54493880804216
10.6	12.13774921748661
10.61	12.200995757875715
10.62	9.04285499635626
10.63	11.759253373272546
10.64	11.366225900012083
10.65	10.850488244516493
10.66	12.099118772127012
10.67	12.639037430078409
10.68	12.667441008689607
10.69	9.907003550123445
10.7	14.207466800336183
10.71	12.098082405258575
10.72	11.872847770701062
10.73	11.375882602271085
10.74	11.668815406996735
10.75	12.148424650026254
10.76	9.440812605997243
10.77	9.80210811926585
10.78	15.343441345233453
10.79	9.8823543752536
10.8	8.66601449803066
10.81	8.069148920492093
10.82	11.832877158487104
10.83	10.634389591316479
10.84	9.640177073442242
10.85	7.9304507486001405
10.86	9.326649337477425
10.87	6.039863418953353
10.88	6.565400061759494
10.89	6.430197223298851
10.9	4.0808451934405765
10.91	4.261083273198256
10.92	2.172834677745536
10.93	4.505549243151824
10.94	7.501147676100771
10.95	6.084085976259376
10.96	4.52575011390763
10.97	2.9256003787991767
10.98	5.284907562819413
10.99	4.640605915225884
11.0	1.9585708784923297
11.01	4.888346950936055
11.02	1.27779233213402
11.03	3.1036665266231847
11.04	1.679432448716652
11.05	2.3601568368716976
11.06	-0.7056927950388254
11.07	3.6684244427782495
11.08	1.6326883355570965
11.09	5.053157861848703
11.1	1.658663278487992
11.11	3.9666825905505654
11.12	2.3254856982765224
11.13	5.452163296754544
11.14	4.481662090254995
11.15	2.9472445786470924
11.16	2.5060620829483904
11.17	4.161040698807369
11.18	5.964796254501187
11.19	5.279286946932521
11.2	4.513694041015386
11.21	3.3352907027350716
11.22	5.009009456537692
11.23	5.701592288045324
11.24	6.181394787510895
11.25	8.348907994568036
11.26	7.486844576413157
11.27	8.724687698669943
11.28	6.679608268449445
11.29	10.954698808008294
11.3	6.345336347281753
11.31	9.877261666108078
11.32	11.472380759151637
11.33	8.789807005956364
11.34	9.419229693244068
11.35	10.060899207696862
11.36	12.659793634220373
11.37	12.087975808821373
11.38	9.808808821399294
11.39	15.557339576891263
11.4	12.88286231837528
11.41	11.87633545387544
11.42	12.079172989350315
11.43	10.80270900442098
11.44	10.253887042175004
11.45	14.915544846224622
11.46	11.759005813790782
11.47	13.895545490274761
11.48	11.81052594544173
11.49	12.293514288153341
11.5	11.916258202402432
11.51	14.241208384734085
11.52	12.695549910059414
11.53	10.451640288420883
11.54	10.940602964157819
11.55	9.35593640476614
11.56	9.834553160629909
11.57	8.242586200775671
11.58	7.4802905603333
11.59	11.24050541703602
11.6	7.259834409073774
11.61	9.003908360071332
11.62	8.833806393913045
11.63	9.059580825711064
11.64	7.1767367122072745
11.65	6.391259973214758
11.66	7.854526726347485
11.67	3.48897819629739
11.68	5.028732552702556
11.69	6.829046732331788
11.7	2.8363761419270794
11.71	3.6950630293809157
11.72	3.2207489057269836
11.73	2.8459333556333686
11.74	2.083353181422294
11.75	4.67267402201394
11.76	2.845800642424582
11.77	-0.6525711421047036
11.78	3.447041494392882
11.79	-0.2300738740554824
11.8	2.7053306218566635
11.81	-0.2603618195954098
11.82	2.1147281360475985
11.83	1.2146973855179573
11.84	2.7627168676534453
11.85	1.1284174969822065
11.86	1.3538190201112337
11.87	-0.01615901185723767
11.88	1.206152733310267
11.89	1.8905381397732208
11.9	1.5940412460803763
11.91	-0.547713618144658
11.92	0.6477377762777796
11.93	1.2863323825237205
11.94	1.220864893186199
11.95	5.050857197570274
11.96	4.190204808715636
11.97	3.97260889375293
11.98	1.003016765357303
11.99	5.155438075612226
12.0	5.3631764991249495
12.01	5.532468545096887
12.02	4.998675348493296
12.03	8.275784174516993
12.04	4.902825537467071
12.05	4.998783698157596
12.06	4.003480440365381
12.07	7.381439647291796
12.08	7.102732148896228
12.09	8.373240123274254
12.1	7.181128143086699
12.11	7.456237737501347
12.12	10.690831725959026
12.13	5.09214519353122
12.14	12.119844193781582
12.15	8.611497387370601
12.16	9.388386057464015
12.17	7.677587970004231
12.18	10.020541617328087
12.19	10.252936747741819
12.2	8.035360139227318
12.21	10.766631794250928
12.22	10.15330940081599
12.23	12.939861110512968
12.24	11.536368664812777
12.25	10.84988006869078
12.26	10.541629707409037
12.27	8.999803760728414
12.28	12.215707874763863
12.29	9.801572072068847
12.3	7.12562929039854
12.31	9.274996140759383
12.32	8.455810676630184
12.33	9.75137502573618
12.34	7.425183023245042
12.35	10.061746294878063
12.36	7.673974825967105
12.37	8.100075070917525
12.38	7.9188976671138365
12.39	5.552456691683334
12.4	6.416085146595329
12.41	5.215904660330546
12.42	5.783662302920649
12.43	6.094322929709982
12.44	4.339389445761056
12.45	5.203014859782483
12.46	2.713667326902765
12.47	1.7663793267805759
12.48	1.434868366434529
12.49	1.066442170767769
12.5	0.48494944729697775
12.51	1.9828014118170736
12.52	-3.392163766921459
12.53	2.2007965507936498
12.54	-0.033255949194234136
12.55	-0.07414342037213328
12.56	1.4979466823243053
12.57	0.9499368276513556
12.58	-0.45299643790470623
12.59	-1.8906232971217982
12.6	1.4660672102942776
12.61	-0.05226039930986456
12.62	-1.229426371865626
12.63	-2.4027657503005693
12.64	1.1580067218360766
12.65	-1.0698171949229291
12.66	1.6930926307705845
12.67	-1.7150753534641046
12.68	-0.4989022555452285
12.69	0.1576668256149577
12.7	-1.4827814205392231
12.71	0.7166847271878865
12.72	0.5525135363980104
12.73	2.125009943250273
12.74	2.9818036937655874
12.75	1.5773924723391997
12.76	3.1703937632671986
12.77	4.206966658513158
12.78	5.701841689896534
12.79	3.4200865633016675
12.8	2.4386204357516426
12.81	4.277354574679043
12.82	6.166911630611012
12.83	3.869679193983851
12.84	7.629611317696593
12.85	8.425702641584213
12.86	7.137142889349862
12.87	6.158743632251804
12.88	8.039218450690312
12.89	9.126755012875263
12.9	7.459636677870644
12.91	11.06217448459507
12.92	10.220109051652893
12.93	5.503758196913088
12.94	8.876778011430472
12.95	8.106956516561532
12.96	12.951301841176853
12.97	9.823580955555508
12.98	11.407917232530124
12.99	11.002746269463392
13.0	11.186228590795771
13.01	11.923936849824907
13.02	7.85584819739006
13.03	11.801899870686457
13.04	9.630446147145381
13.05	10.680594309848281
13.06	7.964187434231768
13.07	9.833077256099932
13.08	11.566359427061595
13.09	11.372318814251422
13.1	11.548777607018689
13.11	10.17579312806324
13.12	8.851962667121391
13.13	6.907039297362346
13.14	10.404975756580702
13.15	7.0368498382942635
13.16	6.623524773494366
13.17	5.157676091587391
13.18	5.649994588413066
13.19	7.548743623600961
13.2	6.17091004035394
13.21	4.003952867245461
13.22	4.6174881107953
13.23	6.709665253234675
13.24	4.925280044390144
13.25	4.387554377493656
13.26	3.947588239273795
13.27	0.22256044990060975
13.28	2.8402211980992345
13.29	1.0094033648702294
13.3	2.8254842453547435
13.31	5.6274084782460285
13.32	3.1449270632110404
13.33	1.1496135659722353
13.34	4.007112078714738
13.35	2.2178834430295415
13.36	0.5599393681428425
13.37	1.902302793325227
13.38	1.4464114255557214
13.39	-0.9151658167246082
13.4	1.5827695353893712
13.41	-0.40583614565773574
13.42	0.40673424158554805
13.43	1.9369926886928959
13.44	2.0535954187375367
13.45	3.793847772503699
13.46	2.1099045711573603
13.47	3.2302776141645824
13.48	2.6383282685352594
13.49	2.349667347905937
13.5	4.369946476505445
13.51	2.636575803981348
13.52	5.248193319357426
13.53	3.3147274966550886
13.54	5.082733610259998
13.55	2.008903765521201
13.56	6.744666605192271
13.57	3.6351054634754716
13.58	7.212717413880825
13.59	5.697521208338387
13.6	7.845981614461862
13.61	7.263533407527669
13.62	7.207072385228666
13.63	7.152267282631582
13.64	10.056041740748343
13.65	6.575869110448405
13.66	6.900245709856334
13.67	8.66164564870982
13.68	8.631404644424872
13.69	6.109456241454767
13.7	12.12691049589554
13.71	8.809412223423823
13.72	11.49423028882134
13.73	8.620687330661394
13.74	8.833807464236271
13.75	11.394275924219347
13.76	7.185753360640339
13.77	9.065921470894908
13.78	7.651421137138343
13.79	8.150000330606614
13.8	10.045830160744664
13.81	8.483556889129968
13.82	10.18608629224754
13.83	9.01700447667787
13.84	8.51845414464466
13.85	5.0890125804332955
13.86	5.434392294908448
13.87	8.6107572231821
13.88	6.942349451151096
13.89	7.859508839492423
13.9	8.237607500668279
13.91	5.469039492582654
13.92	6.0130650427873995
13.93	3.577893754053445
13.94	5.564643974891955
13.95	3.3262646464949626
13.96	4.1969574652518675
13.97	4.35594663815257
13.98	3.987130549297409
13.99	0.6037781297831515
14.0	2.840969117443955
14.01	2.7240560485893126
14.02	1.8536715495062643
14.03	4.00208162424266
14.04	1.314463395139804
14.05	2.9358200603653692
14.06	-1.8974927792633298
14.07	1.1882375005532544
14.08	1.168587155573722
14.09	4.067376901594817
14.1	-0.6051315485295832
14.11	2.9246125101159275
14.12	1.0653740750939769
14.13	3.0620459440129792
14.14	0.3721238067821361
14.15	2.302461062153563
14.16	1.080528191819526
14.17	2.571052974551189
14.18	1.6397516567650183
14.19	1.0312324750434962
14.2	1.245069705747647
14.21	2.046815404924172
14.22	-0.6098442385803753
14.23	6.768758070403608
14.24	2.807951775972491
14.25	5.421062486136551
14.26	6.324004178243789
14.27	3.177158056741291
14.28	5.336447006797842
14.29	3.1150072685330485
14.3	5.645045308488773
14.31	4.491592691728897
14.32	6.312105507806866
14.33	3.4471279184336723
14.34	6.476019750994583
14.35	6.963097123617501
14.36	7.075725843777967
14.37	6.874658501252108
14.38	8.306648790769968
14.39	8.33725335845505
14.4	10.16570211980355
14.41	9.50354474866029
14.42	9.108013638182085
14.43	11.284369743194901
14.44	8.649512285963295
14.45	11.265257002197878
14.46	6.2197473599644795
14.47	9.473565596471833
14.48	9.48650789820392
14.49	6.653347276245464
14.5	7.653915257626215
14.51	6.384488098635984
14.52	6.970705782204758
14.53	8.443329351541584
14.54	8.473289967790253
14.55	9.31338604476541
14.56	9.151973975548934
14.57	7.17877695317432
14.58	7.182641702872525
14.59	8.764118672854979
14.6	6.3204584405224375
14.61	8.098519353522418
14.62	4.891932553751772
14.63	5.663794486499502
14.64	5.334305713086342
14.65	3.5047233982535424
14.66	6.216239477418303
14.67	5.875576123921455
14.68	4.352731539916362
14.69	4.055754263276967
14.7	1.9042680523979225
14.71	2.4862257307367983
14.72	3.837045135417621
14.73	3.4043149174324183
14.74	4.193310873609206
14.75	2.280264225058387
14.76	2.258871471567192
14.77	2.1986730789074302
14.78	1.3480698614043323
14.79	1.690146761146262
14.8	1.3326863708975925
14.81	3.066845569091792
14.82	1.5098905156431874
14.83	2.7503280420373315
14.84	-0.10922176988366217
14.85	0.23170725861985808
14.86	3.5266285077905124
14.87	0.6221267126605583
14.88	3.1243005776678823
14.89	2.5088535391067723
14.9	3.3028074057902153
14.91	3.915905632209597
14.92	3.408987795608022
14.93	2.353523405449669
14.94	1.9137308920186746
14.95	3.0533898203318324
14.96	4.613879259186432
14.97	3.8000485110293436
14.98	3.4362704878928056
14.99	6.057207232762979
15.0	6.939262424548292
15.01	7.385825905600173
15.02	6.49831061677777
15.03	6.457107603551269
15.04	7.229444186317912
15.05	5.861443628125379
15.06	10.025578053716682
15.07	9.83441602837831
15.08	6.569535818531614
15.09	10.384524882205909
15.1	6.951791213527484
15.11	5.74094039035929
15.12	10.214849160310912
15.13	7.633652540757643
15.14	11.320244728035627
15.15	11.631482610651313
15.16	9.263422157645968
15.17	13.153613701313706
15.18	11.24069624972212
15.19	9.49840477809473
15.2	11.94118914607785
15.21	13.79855502379514
15.22	10.933359320776885
15.23	10.903066101182999
15.24	13.485212975831416
15.25	10.700710722000327
15.26	11.685316030512126
15.27	9.89567786006545
15.28	10.598543921127973
15.29	9.407919958319148
15.3	11.760884937049353
15.31	11.593996625592274
15.32	9.636734532137774
15.33	11.743894329296308
15.34	9.735685110448374
15.35	10.679906756322666
15.36	9.535565891019518
15.37	7.812566929481331
15.38	9.533863793141315
15.39	9.436284678957279
15.4	9.218897220264978
15.41	6.975423432575541
15.42	6.599332496846069
15.43	6.5834770899666335
15.44	7.774772687737932
15.45	7.615571722780287
15.46	5.330898478362214
15.47	5.598354690887476
15.48	7.0606870694130635
15.49	5.401376498103443
15.5	5.266881601277426
15.51	2.399776797300699
15.52	4.311149496278303
15.53	4.63555487658814
15.54	2.1548680977125736
15.55	5.271485134248819
15.56	-1.227895720467473
15.57	0.9334687794283896
15.58	2.007931900888877
15.59	2.9592183581561065
15.6	2.4544898001980204
15.61	1.3172239943060733
15.62	3.9372655055743504
15.63	0.4850466429055434
15.64	0.6712192660295735
15.65	1.9050347179262783
15.66	-0.5001267554914275
15.67	-1.2040302836539967
15.68	0.9095990595389634
15.69	0.42478923320189715
15.7	0.06570818866059179
15.71	2.278368218274666
15.72	-0.21773058244568314
15.73	-0.028143338328607624
15.74	-0.8394138669545812
15.75	-2.4300209974850184
15.76	-0.15907312667545465
15.77	2.090666262808972
15.78	1.8278397030937952
15.79	2.1519966838360354
15.8	1.3460467110188576
15.81	-1.5875333374145302
15.82	0.22383253703057204
15.83	3.1999900203876366
15.84	2.947972407189595
15.85	1.2832810780300132
15.86	4.073007351257873
15.87	4.41017221576465
15.88	3.70106582170722
15.89	4.606419178801618
15.9	5.937172435835444
15.91	4.8682423973915645
15.92	2.7964296546926097
15.93	6.535619288768645
15.94	7.401727285567167
15.95	7.03218338076392
15.96	7.515139201254298
15.97	7.372277968094373
15.98	7.519998808407707
15.99	9.159682737490986
16.0	9.397526661704736
16.01	8.443429657120763
16.02	6.253583270440446
16.03	5.655971148299559
16.04	8.641846728500333
16.05	8.806621819533268
16.06	8.69933535110201
16.07	6.511857423297072
16.08	6.738325504085429
16.09	9.383684865925536
16.1	11.074474182029913
16.11	9.307827146032132
16.12	11.252726830478744
16.13	10.56839997449866
16.14	10.448004922632897
16.15	8.352190286089892
16.16	9.329230212691197
16.17	8.704437251348889
16.18	5.016142175038459
16.19	9.954809000036821
16.2	9.39686926063437
16.21	9.909812314200172
16.22	7.405242937326507
16.23	6.532144790435082
16.24	6.807253820577963
16.25	9.273129083210776
16.26	4.422937993291974
16.27	3.236776956426481
16.28	3.9709731821874246
16.29	5.785461033180256
16.3	4.532947249118577
16.31	5.858938137770901
16.32	3.389733803666028
16.33	0.9203005539691982
16.34	1.9240605705749507
16.35	1.9788175375668273
16.36	3.0689921071770585
16.37	6.092190252217099
16.38	1.8198985668699703
16.39	1.382085291757839
16.4	4.635935049461441
16.41	0.5812138707863127
16.42	1.430583940655889
16.43	2.4294036276490694
16.44	0.8225475028356078
16.45	0.9147553628701092
16.46	-0.9383449111234935
16.47	1.46616623295508
16.48	-1.4543687062257913
16.49	2.9510536149733473
16.5	2.7000257818215023
16.51	4.284160045271736
16.52	0.057676829811495134
16.53	2.4550042583766305
16.54	0.26157196418606876
16.55	-0.9551357481032685
16.56	3.1409153175490108
16.57	2.3361203837841504
16.58	3.5022027652413215
16.59	6.6216758324135
16.6	3.440215000582523
16.61	2.6362900306890333
16.62	4.141676583916297
16.63	4.070095926499166
16.64	6.641989596014791
16.65	3.408612032457377
16.66	8.536961505200985
16.67	5.208647207613122
16.68	8.296999730712685
16.69	6.023792650881328
16.7	7.650133798341209
16.71	5.025932091538946
16.72	5.772001504894625
16.73	9.505371019864604
16.74	6.006749425856577
16.75	9.641964855410407
16.76	10.722707312590753
16.77	9.245567268081487
16.78	7.478891724321042
16.79	9.977027848688863
16.8	10.387074161057809
16.81	8.57047733086682
16.82	8.55583650728551
16.83	12.095741012812402
16.84	11.76082936158567
16.85	9.895758957179217
16.86	11.162286134884944
16.87	10.568909129447297
16.88	8.363113384277547
16.89	6.232960802006708
16.9	12.042267145644646
16.91	9.274434835140312
16.92	9.66933336724629
16.93	8.976690699415084
16.94	10.333735859875071
16.95	8.747718864412896
16.96	8.350602517400393
16.97	8.273135075897454
16.98	7.494166673097531
16.99	7.676911385618828
17.0	6.8210353460155995
17.01	4.5717579213227575
17.02	6.2419093385916335
17.03	5.8004721541953
17.04	3.639440177068326
17.05	5.25310397614331
17.06	3.7877730204393854
17.07	4.3339181827569835
17.08	3.103302996337013
17.09	3.0038512234852024
17.1	3.007761282305025
17.11	2.7396682032710475
17.12	2.2447652932529456
17.13	3.1029323533168283
17.14	3.3593035615324447
17.15	1.0555970382977264
17.16	2.6326618796384205
17.17	3.3528790317304917
17.18	1.0008013350040912
17.19	2.205036370681703
17.2	2.9755290542586446
17.21	3.5259169543824327
17.22	5.643229975883739
17.23	0.24274236530392646
17.24	2.0214456038779343
17.25	2.1857214745329223
17.26	1.297067236335929
17.27	4.229186460071964
17.28	4.025486516924104
17.29	2.6161107244214232
17.3	4.202869003116017
17.31	4.206842548617843
17.32	4.17163648681087
17.33	2.8268270960084623
17.34	6.456130955433494
17.35	6.468413197081203
17.36	6.192383483359565
17.37	2.68750710992893
17.38	2.317584451626109
17.39	6.256108882519584
17.4	6.702881340052705
17.41	7.780339139429593
17.42	10.329657245721059
17.43	9.216329002156769
17.44	9.955313206028558
17.45	10.440912261142913
17.46	6.181943253000578
17.47	6.597883373693071
17.48	10.653233556948859
17.49	10.561664145732216
17.5	11.09984103469966
17.51	6.74820470340863
17.52	8.252571305484631
17.53	9.3477373692468
17.54	9.553162038064318
17.55	8.985659000638682
17.56	11.064035481412247
17.57	10.569303480976432
17.58	10.004947883775984
17.59	9.31513754757361
17.6	10.633715347260472
17.61	7.5289652555722295
17.62	7.4650287244151325
17.63	13.066300334428268
17.64	9.78987997632038
17.65	6.863870974436081
17.66	8.66689575392056
17.67	7.313965271097932
17.68	9.528672874426407
17.69	6.6103478496981
17.7	7.546577567921231
17.71	8.37933190788412
17.72	6.212455522431178
17.73	6.08560339376074
17.74	3.309153321513173
17.75	6.001740860078167
17.76	4.75351193651755
17.77	3.8402861629979577
17.78	2.941284629824555
17.79	0.08108616839173877
17.8	5.02190288572507
17.81	1.6190548278815429
17.82	2.247927135095052
17.83	0.7905071334613625
17.84	3.0985086446116985
17.85	1.1946230508756073
17.86	0.8057047763039591
17.87	1.2407661172602111
17.88	1.4301508857399945
17.89	0.2923327872972227
17.9	1.8864633262339847
17.91	1.814155708123496
17.92	-2.1433875195972862
17.93	1.727414880304662
17.94	3.7365890390473044
17.95	3.39070068472739
17.96	-0.4270884959581277
17.97	1.757043249982762
17.98	1.562971901299873
17.99	-0.6931786647332181
18.0	-0.4102021536995968
18.01	2.429021938044161
18.02	2.7261084171199013
18.03	2.000986255330254
18.04	3.303407130990519
18.05	4.116656922133293
18.06	1.8987740071225594
18.07	5.586202430757686
18.08	3.326399478225106
18.09	3.7124122577454033
18.1	2.0245570221326927
18.11	2.9340557256898685
18.12	6.477841815743433
18.13	7.739170762253593
18.14	8.235372152008742
18.15	6.278048197621993
18.16	5.429544256769407
18.17	8.794981004853055
18.18	9.2388329594455
18.19	9.679109396240014
18.2	9.701952474524404
18.21	9.522000044795165
18.22	6.774408470549323
18.23	10.337573621789176
18.24	8.004917156014193
18.25	9.234589779051646
18.26	11.352458868446455
18.27	8.902261888597076
18.28	6.355613955127614
18.29	8.693107848399995
18.3	9.920732872162176
18.31	10.357360363332175
18.32	6.635514543257962
18.33	8.404568825102427
18.34	10.290313660658803
18.35	8.71129357391568
18.36	8.241659083305217
18.37	7.9993420936943815
18.38	8.67867849083335
18.39	6.029873533561529
18.4	4.6635594022771905
18.41	6.355558440786265
18.42	7.135480576756244
18.43	5.319513745153184
18.44	7.118032430210768
18.45	5.315245965445044
18.46	6.868410921323129
18.47	5.449620424376258
18.48	2.5454548390992167
18.49	4.493894844029548
18.5	1.8150936746050548
18.51	1.0895418229946348
18.52	2.4921624890991207
18.53	3.7844242690170553
18.54	1.840169787557437
18.55	1.3574716867574286
18.56	3.170845463265837
18.57	1.9050013482001962
18.58	3.3376612559943712
18.59	2.0148754153262862
18.6	1.3854503124038455
18.61	-0.6170591522467017
18.62	1.77067649800571
18.63	-1.5115572155905368
18.64	1.799612942433356
18.65	1.397929294980492
18.66	2.0236164262402334
18.67	0.2715268249766898
18.68	1.1103183084199484
18.69	0.02994791076041814
18.7	1.8120412127996453
18.71	1.2948163465475404
18.72	-0.015833778518490327
18.73	2.3236282121387712
18.74	0.5274522392074698
18.75	3.2197781187357997
18.76	0.09181272547694541
18.77	-0.10076565520290481
18.78	4.198053787404705
18.79	3.7368616825338816
18.8	3.8238503573136855
18.81	3.7382909028047004
18.82	5.164137243337665
18.83	4.442944759167223
18.84	7.038687827542393
18.85	5.087784853724811
18.86	2.287439899443424
18.87	4.032825679020153
18.88	6.420581334718033
18.89	10.336931263936382
18.9	3.7876509175076225
18.91	5.840344412336225
18.92	7.040479810165586
18.93	7.143222785070167
18.94	6.681696536534426
18.95	6.762315351781232
18.96	8.453188229299895
18.97	10.70506069761598
18.98	7.1203917970929265
18.99	9.375736736569834
19.0	8.087394473296477
19.01	8.687344048231987
19.02	7.315203179688641
19.03	9.234586716751515
19.04	7.761573966822647
19.05	10.312277222391815
19.06	11.361897865975031
19.07	7.462795551133965
19.08	10.57587990328833
19.09	10.58816020997138
19.1	10.74243866909449
19.11	11.235486227509982
19.12	10.28105946396362
19.13	7.891647650684454
19.14	9.857202303388387
19.15	9.816630856825045
19.16	8.113966338563406
19.17	7.8372721002961665
19.18	8.50366451713695
19.19	8.66733564881211
19.2	6.974372897941688
19.21	8.94315572061723
19.22	5.610785545362043
19.23	8.245364319680034
19.24	8.886282132422917
19.25	5.959685100887859
19.26	6.389388899090617
19.27	2.916310878931415
19.28	5.471337259596502
19.29	5.197261300267245
19.3	1.9541553909181877
19.31	5.21710274297187
19.32	1.2588439245828105
19.33	4.875626336521882
19.34	0.975097354480396
19.35	3.1151081264547162
19.36	2.765252778611878
19.37	3.107756835340453
19.38	2.8040633162755997
19.39	5.65515091633195
19.4	5.744350414201791
19.41	5.486690878678661
19.42	2.7086399043822627
19.43	5.179998724949657
19.44	3.5433897000750907
19.45	2.738324224583631
19.46	2.9869333080866407
19.47	1.183067266061711
19.48	1.9996993111945067
19.49	3.2068488232010157
19.5	1.230466281517948
19.51	4.717039044692177
19.52	3.7659081260417686
19.53	0.5588900750617567
19.54	5.799413458993465
19.55	4.121482512038343
19.56	4.469071442566763
19.57	7.370455029045766
19.58	7.926358557356739
19.59	9.35487706605576
19.6	10.322078310959842
19.61	4.070723210651205
19.62	6.3684440581389685
19.63	7.782189424994106
19.64	8.54575717660229
19.65	9.720690662133302
19.66	6.174226444378906
19.67	9.702041678504678
19.68	8.864470193834702
19.69	9.90947742258602
19.7	10.679466366124675
19.71	10.385575871376153
19.72	10.859249907264358
19.73	7.814597495960537
19.74	10.326962384870027
19.75	11.179040381315707
19.76	11.728592491234346
19.77	11.332455081515326
19.78	12.61146683077589
19.79	12.325663867223813
19.8	14.438923945770384
19.81	10.907617120537516
19.82	11.659688353264091
19.83	12.142289644451747
19.84	9.201784675097365
19.85	12.896201323125291
19.86	12.771852169150138
19.87	11.247045077311478
19.88	11.32256461809482
19.89	12.112703183923262
19.9	10.827626186472408
19.91	11.148476697250416
19.92	11.927426275713085
19.93	9.94584407445628
19.94	10.394820748235528
19.95	10.52893563071955
19.96	9.869180424427581
19.97	8.038540438194081
19.98	8.00830370519399
19.99	6.974173893545852
20.0	8.76130620961792
