10.01	29.372105349607597
10.02	28.38859854641849
10.03	27.620818105138763
10.04	27.478406576062977
10.05	27.889695417412938
10.06	26.911177554459098
10.07	26.628677588495286
10.08	26.657097008437212
10.09	25.13208512140756
10.1	24.753215364176626
10.11	24.068540346639157
10.12	23.54103019960614
10.13	22.585980143907694
10.14	21.763535463447006
10.15	20.84029269522818
10.16	20.514396728382017
10.17	19.353022729634745
10.18	19.129292701877354
10.19	18.192235442031915
10.2	17.49614656197608
10.21	16.870654789329528
10.22	15.805494840872056
10.23	15.538688176499855
10.24	14.191626602139403
10.25	13.991447458917904
10.26	11.42028814465598
10.27	12.238341942148757
10.28	12.458741196773968
10.29	10.31725946036047
10.3	10.351790799086425
10.31	9.61683317875952
10.32	8.88648541117988
10.33	8.12230084298599
10.34	8.359938742938219
10.35	7.72718253169352
10.36	7.102479064689462
10.37	7.310105142842749
10.38	6.38395847872736
10.39	6.144158945749488
10.4	5.80629393100525
10.41	5.145045823758567
10.42	3.910630608009199
10.43	5.041445824646849
10.44	3.8875284661729896
10.45	3.3099919934788873
10.46	3.588674932473151
10.47	4.8555023174696075
10.48	4.074254617977634
10.49	3.3012598329108065
10.5	3.336259477511512
10.51	2.9492371970470357
10.52	3.314566547258978
10.53	3.0864822128447478
10.54	3.1667274688523763
10.55	3.00886442372109
10.56	3.0377379952259513
10.57	3.7074980700283264
10.58	3.5489933660918305
10.59	3.340748553253121
10.6	3.3012498340251204
10.61	4.04361616542159
10.62	4.923075135169578
10.63	4.850608069976561
10.64	5.4861743101794955
10.65	5.894906721099006
10.66	5.947775540904586
10.67	5.9387782474991715
10.68	7.373762385111313
10.69	8.046790966650292
10.7	8.772770300095006
10.71	9.81611202068671
10.72	10.441498902620445
10.73	10.746048822486733
10.74	11.448535970233772
10.75	11.696770149417766
10.76	12.394600577110122
10.77	13.086818929471235
10.78	13.458129193444266
10.79	14.540606666967763
10.8	16.491465383569583
10.81	16.50837568115009
10.82	17.671514157539452
10.83	18.850258732338137
10.84	17.849053307793294
10.85	20.82946252651648
10.86	21.481384759227083
10.87	21.4365663027524
10.88	21.814951791083736
10.89	23.595517401488923
10.9	23.670128253751212
10.91	23.803692612842504
10.92	24.47279001385126
10.93	24.80800019438681
10.94	26.539843315059183
10.95	26.19471849574139
10.96	26.425097425270202
10.97	28.295669940324174
10.98	27.245623170971264
10.99	28.2536289272071
11.0	28.718843332732202
11.01	29.43939849797234
11.02	29.196097307312677
11.03	29.4573675179635
11.04	30.37826885493788
11.05	29.824004929037386
11.06	30.91269551529749
11.07	30.96140467166754
11.08	30.35949045170302
11.09	30.456314613448235
11.1	31.036271843337165
11.11	30.329753838239302
11.12	31.614446828298412
11.13	30.228908112986517
11.14	29.82998749788404
11.15	30.30068463187161
11.16	29.940860388588302
11.17	30.11097543020693
11.18	29.826091060149768
11.19	28.89087539796592
11.2	28.692826382741053
11.21	29.711869000558213
11.22	29.183937034124387
11.23	28.249321440509302
11.24	27.384207750975005
11.25	28.09819046222285
11.26	27.300102539698038
11.27	25.589876264488723
11.28	24.886566787202405
11.29	24.98688034941124
11.3	25.11844372336957
11.31	23.203403622148805
11.32	22.792113185397817
11.33	22.70635700754938
11.34	21.17606273998954
11.35	20.896921682113643
11.36	19.392272341144697
11.37	19.330049761452294
11.38	18.438906712219588
11.39	17.70316443876923
11.4	16.714511439976995
11.41	16.613447054602286
11.42	16.012364088524205
11.43	14.358379658089662
11.44	14.173434800508486
11.45	12.308995103431714
11.46	11.728623414661007
11.47	10.648453742894334
11.48	11.568074056840086
11.49	9.837968994277494
11.5	10.090476965655611
11.51	8.911651920774972
11.52	7.416519963542761
11.53	7.237650311948852
11.54	7.494957697626245
11.55	6.2836956590796165
11.56	5.929628492811761
11.57	4.986027271405907
11.58	4.727291754871773
11.59	4.581952473253717
11.6	3.7979527727747406
11.61	4.683788828656879
11.62	3.893455497720242
11.63	3.3335505771514646
11.64	2.6126076814358177
11.65	2.927364320146136
11.66	2.735852428209884
11.67	2.464881130183481
11.68	2.3523119402450425
11.69	2.1657112898760986
11.7	1.7650344024240923
11.71	0.38218439981646046
11.72	1.5387492850470856
11.73	0.5461145173330595
11.74	0.716338466382457
11.75	0.7857426057158272
11.76	1.2107940386842275
11.77	0.7896343606170312
11.78	0.5678378641966861
11.79	0.3246726803209804
11.8	0.8025308581418831
11.81	-0.2802742565197931
11.82	2.127204107164821
11.83	0.8566301287311754
11.84	1.3318427185588049
11.85	1.0609034596822635
11.86	1.802567576568268
11.87	0.9519186984700436
11.88	1.7267793441986892
11.89	1.1671761565440886
11.9	2.141921895264362
11.91	2.7158911251561038
11.92	2.1181525850003915
11.93	2.030100624546845
11.94	2.489082300076174
11.95	3.5549898759332863
11.96	3.5341766748666843
11.97	3.220522960685718
11.98	3.924961222939137
11.99	4.249260385256901
12.0	4.391405283115151
12.01	4.5815725195818215
12.02	5.751959473142282
12.03	5.907593712559109
12.04	7.455222176234843
12.05	8.52883918681206
12.06	6.6101982132773
12.07	8.746712035222215
12.08	9.427803063800008
12.09	10.45602615285595
12.1	11.516941441200723
12.11	11.603534430134568
12.12	11.792701590322345
12.13	13.409862761419186
12.14	13.1231408574841
12.15	15.151986860275578
12.16	15.746550914457584
12.17	15.605370703683896
12.18	15.930267067179313
12.19	17.775527691220372
12.2	18.05890856406266
12.21	19.58833890617438
12.22	19.219569079831277
12.23	19.376871223509358
12.24	21.664671305615002
12.25	21.89879588271904
12.26	22.450998089022526
12.27	23.073828644656192
12.28	23.8013711099341
12.29	22.925690926399568
12.3	24.34791960267872
12.31	24.614178439713793
12.32	24.635659378130168
12.33	26.222016089394714
12.34	25.130750803872868
12.35	27.762267254991045
12.36	26.26946962340183
12.37	26.453809393319496
12.38	27.46268703255931
12.39	27.494635961834664
12.4	28.41733700014227
12.41	27.719206523263416
12.42	27.998050309617263
12.43	28.65494219380091
12.44	28.363994911910428
12.45	28.829530274342893
12.46	27.98404543385764
12.47	29.137214600235023
12.48	28.903553330320296
12.49	30.404255821662197
12.5	29.379412363257575
12.51	30.21358194105085
12.52	29.28316842779309
12.53	29.57175658863687
12.54	29.550370687426035
12.55	29.687056648243463
12.56	30.163555830110777
12.57	29.118359319764856
12.58	29.964508829903462
12.59	29.47853437164829
12.6	28.71417950051733
12.61	29.282886132278602
12.62	28.495467581858556
12.63	29.096661867498632
12.64	29.27044109584513
12.65	29.72817897718246
12.66	27.939128201809883
12.67	28.147822894184074
12.68	26.979116890090637
12.69	27.800575164273056
12.7	27.738032231342306
12.71	27.130266994571663
12.72	26.829560264529356
12.73	26.549056961298362
12.74	27.554472494083843
12.75	26.70764364506966
12.76	25.577678532175582
12.77	25.25936729029913
12.78	24.093038030494384
12.79	24.526945624119353
12.8	23.820103990523194
12.81	23.179959311721518
12.82	23.14955066393223
12.83	21.954922648110298
12.84	22.218104421623945
12.85	21.06508069441726
12.86	20.17726577985839
12.87	19.490029059071315
12.88	19.17058460801196
12.89	18.22451482547332
12.9	17.771366427932392
12.91	17.250928964643172
12.92	17.6830728029667
12.93	17.014172463484204
12.94	16.192962409266347
12.95	15.088865908612304
12.96	13.83144016043413
12.97	13.261706274215612
12.98	12.556330699519885
12.99	11.76908549930895
13.0	10.901926995955039
13.01	10.87448634836379
13.02	11.186463327142484
13.03	10.821173670632732
13.04	10.77239012217859
13.05	10.55129164521827
13.06	7.417937578261461
13.07	7.409700412575728
13.08	7.810222140590381
13.09	6.561802851648008
13.1	7.3150175843026854
13.11	6.352646972496539
13.12	6.976113216930552
13.13	6.36248563060679
13.14	5.759427896081953
13.15	5.443630868553719
13.16	5.502476278449714
13.17	5.645056936583665
13.18	4.3871613199029955
13.19	5.57467825439773
13.2	4.639577692090333
13.21	4.120346171893983
13.22	4.718398099841803
13.23	3.4411323450205504
13.24	3.7860309385414954
13.25	4.301060812599073
13.26	4.27633563636375
13.27	4.344204339568023
13.28	4.617915246737517
13.29	4.1312705346410254
13.3	5.068819774343329
13.31	4.104351092608048
13.32	4.270794579745786
13.33	5.4958878394851265
13.34	4.791955073733917
13.35	4.34270711240834
13.36	4.915720025756248
13.37	3.5253226934836874
13.38	4.09777529085825
13.39	5.082161528720724
13.4	5.356076602552553
13.41	4.94069596144188
13.42	6.086694796324551
13.43	5.110918019566151
13.44	5.264860283314657
13.45	6.106479071339972
13.46	6.723567338038707
13.47	6.786626307229829
13.48	7.411152722283456
13.49	9.054743506706126
13.5	7.8270275825232805
13.51	10.048050693004347
13.52	9.79049955126091
13.53	10.678191908620404
13.54	10.985114823593182
13.55	10.5649582235056
13.56	11.794209360664333
13.57	11.483163474147947
13.58	12.701025907829624
13.59	13.036275279172699
13.6	13.885503172046917
13.61	14.670971785703205
13.62	15.475190715758202
13.63	15.58752471243285
13.64	16.09234121847001
13.65	17.15776674703456
13.66	18.305961065795735
13.67	18.317085634040314
13.68	18.700107432601996
13.69	18.04445378575767
13.7	19.253819487968958
13.71	19.62114047374877
13.72	20.230712105970607
13.73	21.149987669441177
13.74	21.506977063654777
13.75	22.47237254420645
13.76	22.496920923933924
13.77	23.320801565678327
13.78	23.66549017226782
13.79	23.417270716969803
13.8	23.93192388762414
13.81	24.5600131011793
13.82	25.077532147552795
13.83	24.517424334554132
13.84	25.277376991470913
13.85	25.00526615557509
13.86	26.19341220770053
13.87	26.462444961993242
13.88	26.6957452880051
13.89	25.77492783911878
13.9	26.249912799915275
13.91	26.272027795291013
13.92	26.5885502160863
13.93	26.72717246344802
13.94	26.706065633215523
13.95	26.244356976372252
13.96	27.02674034364891
13.97	26.590081579069263
13.98	27.03783052398629
13.99	27.858545410039284
14.0	27.01583414046166
14.01	26.84335774455199
14.02	26.814286515143827
14.03	25.97195839393008
14.04	27.198646599486256
14.05	25.99505469514934
14.06	26.880460693933255
14.07	27.406411948485456
14.08	25.415714128030533
14.09	26.593904281637514
14.1	25.846550193242138
14.11	25.89637896504036
14.12	24.781610832991497
14.13	24.718861024146896
14.14	24.605520975253107
14.15	24.534159600867746
14.16	23.485747378959
14.17	23.69564410287593
14.18	23.109997384810367
14.19	23.89012675590778
14.2	22.840065555635746
14.21	21.998871638275478
14.22	21.891618500194095
14.23	21.00640652828916
14.24	21.482028252461213
14.25	19.838992327103036
14.26	18.745357928904706
14.27	18.261915681234036
14.28	17.852483740373803
14.29	17.551699374729036
14.3	16.489450595397656
14.31	15.9983601233917
14.32	16.014237236832617
14.33	14.909671578919516
14.34	15.124425442901721
14.35	13.427691479917785
14.36	13.067405166377583
14.37	12.387967036442339
14.38	11.989559249991125
14.39	10.525925990756425
14.4	10.092074634489231
14.41	9.07738931334237
14.42	8.601003256303787
14.43	7.525558123460668
14.44	7.216471554068127
14.45	6.6558924456591155
14.46	6.674099673825527
14.47	6.443705635414803
14.48	5.68755485227224
14.49	5.540100606572739
14.5	3.767974394474909
14.51	3.997835005689553
14.52	3.2805076371474184
14.53	4.206639162009946
14.54	3.6496352423768768
14.55	2.8662809592655867
14.56	2.8953280649986572
14.57	1.961507509614327
14.58	2.3446692362241945
14.59	1.723117747015244
14.6	1.505722361537762
14.61	1.2439815614261494
14.62	1.1217705794081843
14.63	2.2088800465814193
14.64	1.5393225881365706
14.65	1.3882229285212162
14.66	1.9524493038524326
14.67	1.094099124931126
14.68	0.7987749292998537
14.69	1.3353812355212689
14.7	1.2786061485414284
14.71	1.4645015929191687
14.72	0.6838539518135436
14.73	1.1727674449268028
14.74	1.286434093935675
14.75	1.8478176552726038
14.76	2.3468680857175483
14.77	2.5607836759932523
14.78	1.878285248015831
14.79	2.598107042058638
14.8	3.086436385895767
14.81	3.1730432552340675
14.82	4.644349675163455
14.83	3.2411375724373106
14.84	5.02655079307649
14.85	5.023406812232609
14.86	5.928360334546216
14.87	6.727959943363275
14.88	7.570661810930812
14.89	8.353645692607511
14.9	8.53045202638514
14.91	9.544277596530105
14.92	9.759395636417704
14.93	11.151802715889678
14.94	11.421748777353178
14.95	11.609967674371262
14.96	12.565488278582519
14.97	13.49215613818792
14.98	14.52672233943196
14.99	14.371319860613248
15.0	16.33253628573073
15.01	17.61587038933419
15.02	17.57115317150811
15.03	18.196442218406144
15.04	18.71489233844524
15.05	19.278181584863326
15.06	20.921989904755844
15.07	20.284243364882695
15.08	21.40270735965461
15.09	21.923055622426304
15.1	22.276652225118305
15.11	22.76754165993474
15.12	23.43193187127674
15.13	23.832889845412787
15.14	25.519140476763727
15.15	24.95438636878908
15.16	25.864193238076414
15.17	25.142266309342485
15.18	26.244265620402967
15.19	26.478319362859043
15.2	27.074919430287213
15.21	27.388814466043094
15.22	26.723540444489174
15.23	27.632498203228565
15.24	27.8607902229975
15.25	27.47889039268714
15.26	27.141418469551294
15.27	26.804333887253513
15.28	27.40646622688433
15.29	28.230754893151598
15.3	26.56709925509588
15.31	27.65809552352795
15.32	27.101510259873816
15.33	27.74726954498698
15.34	27.159601512389607
15.35	26.789780710231128
15.36	27.121263014921233
15.37	26.805567768000444
15.38	28.119861933853358
15.39	26.962346568156807
15.4	25.681800029102078
15.41	25.903986488338703
15.42	26.034516071256668
15.43	25.16068719135688
15.44	24.18843411530825
15.45	24.498425720741153
15.46	24.67333028210083
15.47	24.32518201777122
15.48	24.0951657169077
15.49	22.987791729749382
15.5	22.476878160886802
15.51	22.213245195490604
15.52	20.738389071120515
15.53	20.514836188272117
15.54	19.561385191471956
15.55	18.451681477301076
15.56	18.385451128052456
15.57	18.10786180933974
15.58	17.470905252447235
15.59	16.06461378640432
15.6	15.61808687834386
15.61	14.946901576215295
15.62	13.816142972924169
15.63	13.725933648392395
15.64	12.719766436294549
15.65	11.432675386300135
15.66	10.906196962641332
15.67	9.76323095163529
15.68	8.883878440975277
15.69	9.172058478536577
15.7	7.488577553219535
15.71	7.648271213949186
15.72	7.262314806191197
15.73	6.110407657117988
15.74	5.097012526654213
15.75	5.041322218305904
15.76	4.0421703025684925
15.77	3.8336056766583106
15.78	3.955307410153669
15.79	1.8712713633867417
15.8	2.7460501819274454
15.81	2.7489420493343433
15.82	1.1889933502182748
15.83	1.4809485226859938
15.84	0.9047961413675488
15.85	0.41228476208266085
15.86	1.410579322259526
15.87	0.3706400665343085
15.88	1.0231877972729844
15.89	0.5998692814075175
15.9	0.3753498015431556
15.91	1.097567990144459
15.92	-0.30622528298491614
15.93	0.8320413240796297
15.94	0.885339869479202
15.95	-0.07389033014150023
15.96	-0.26196847912522314
15.97	0.0892957293866688
15.98	1.1596723038552048
15.99	0.06269441575969292
16.0	1.036864025906222
16.01	1.3039734785486234
16.02	1.7295537948074309
16.03	0.7062137334100654
16.04	1.2433948581350294
16.05	2.314548060959817
16.06	3.2217928353706036
16.07	3.4444390058788814
16.08	3.4735706457107227
16.09	3.9828813511583547
16.1	4.28747177654221
16.11	5.646633713962733
16.12	6.70909639601647
16.13	6.067991291422368
16.14	8.065955864977303
16.15	7.9139087025809465
16.16	8.86541563349983
16.17	8.953360337098756
16.18	10.326275643020066
16.19	10.868557420089775
16.2	11.349963077892307
16.21	13.425479259836882
16.22	13.77879588412802
16.23	14.001156951741692
16.24	14.393497336966737
16.25	15.994047240915078
16.26	16.684175439328946
16.27	17.3154099797404
16.28	17.252495017758104
16.29	18.50078522946202
16.3	18.9346096138441
16.31	19.737730966772094
16.32	21.09164608242766
16.33	21.795752712717157
16.34	21.33388836093323
16.35	22.383648701351486
16.36	22.17949228715458
16.37	22.870187950981073
16.38	23.803097691108356
16.39	23.900887713671402
16.4	23.865126915850393
16.41	24.548984269067386
16.42	25.390195406881396
16.43	24.495859882082907
16.44	25.672394525560403
16.45	25.989269654056816
16.46	27.103265985067075
16.47	26.720819888245984
16.48	27.576036966877407
16.49	27.66317896784768
16.5	27.686027278018926
16.51	28.11968340617212
16.52	28.51441580624846
16.53	29.316083981987695
16.54	27.92400834502931
16.55	27.38333715940086
16.56	26.67029132775213
16.57	28.71256253961815
16.58	28.338333084073984
16.59	28.38116412575145
16.6	28.75160986724909
16.61	28.618514938803937
16.62	27.311025247606636
16.63	28.297668345775413
16.64	27.20150627227354
16.65	27.786307797061443
16.66	27.204346975933777
16.67	27.408090098558926
16.68	26.78845330130619
16.69	26.962559107383505
16.7	26.137724254970138
16.71	26.197465556224543
16.72	26.05339020947953
16.73	24.61755447083162
16.74	25.606585760481792
16.75	25.18617706459262
16.76	24.695003378829636
16.77	23.69010379297176
16.78	22.99344903210969
16.79	22.70776651764611
16.8	22.516394863215645
16.81	21.16421924033255
16.82	21.4830150545589
16.83	20.965993933337266
16.84	19.952172975211695
16.85	20.60602007626051
16.86	18.68578328266019
16.87	18.01804361493463
16.88	17.580062796576282
16.89	16.563024328720346
16.9	17.020532559505025
16.91	16.334312804233953
16.92	14.67566694277165
16.93	14.483594000193508
16.94	13.420078777573817
16.95	13.151676431583025
16.96	13.14855752994156
16.97	12.376823128797932
16.98	11.56270939953905
16.99	10.331698153637607
17.0	10.935937903219994
17.01	9.863532180511225
17.02	9.892824188099615
17.03	8.988778382328402
17.04	8.032454805684326
17.05	7.625229433564018
17.06	7.484262455227875
17.07	6.824745178894055
17.08	6.7021619827470955
17.09	7.235554186680065
17.1	5.2566613105132864
17.11	5.368484496819392
17.12	5.46446550244148
17.13	5.390222092674768
17.14	4.5648190086695175
17.15	5.591584911095129
17.16	4.882857483787087
17.17	3.3985977800379144
17.18	4.719704609821591
17.19	3.8035882699558585
17.2	4.156888252303494
17.21	3.7834598098531314
17.22	4.294658913868717
17.23	2.799272728913764
17.24	4.484132507407788
17.25	4.360414285057838
17.26	3.5208287086482435
17.27	4.0115616774059175
17.28	4.035004336467899
17.29	4.185466424147899
17.3	3.6852377901474953
17.31	4.337199795339316
17.32	3.9747538003568406
17.33	4.120780565615377
17.34	5.155004045894111
17.35	4.067621486863356
17.36	4.706895568552903
17.37	5.213132919565841
17.38	5.91616497078389
17.39	5.502306309916944
17.4	6.496563604184948
17.41	6.903605293154594
17.42	7.548760458338047
17.43	8.649760279119953
17.44	8.927197489154954
17.45	9.512365641187689
17.46	9.880101873811277
17.47	10.659610362853618
17.48	11.386360665044831
17.49	10.814832963916603
17.5	11.892918815207816
17.51	13.842785682733133
17.52	13.75366074620104
17.53	15.627340622263516
17.54	15.268744118984792
17.55	16.05210556604101
17.56	17.22973543962775
17.57	17.25004357910676
17.58	19.144899489537185
17.59	18.180511792705154
17.6	18.60383548109116
17.61	20.62546016262295
17.62	21.096135697427965
17.63	21.97714952031171
17.64	21.098003103623675
17.65	22.364157470266722
17.66	22.565503274707314
17.67	23.685310795057806
17.68	23.755893779149517
17.69	24.202540081087193
17.7	23.89849731355599
17.71	25.764620883623493
17.72	25.278496650462824
17.73	26.19872647491318
17.74	26.185336108527533
17.75	26.03873354315482
17.76	26.278133974242465
17.77	26.771275525888893
17.78	27.42974821525554
17.79	27.415388791753696
17.8	27.367917695829753
17.81	27.164156552284574
17.82	27.219708853252587
17.83	27.51555581940983
17.84	28.381310922097978
17.85	27.94296296082711
17.86	27.862770965618004
17.87	27.32114225044059
17.88	26.949540345678884
17.89	27.096577365434978
17.9	25.817773491686015
17.91	26.458043678831718
17.92	26.251283761670155
17.93	26.512367888598874
17.94	26.552605127223828
17.95	25.270853795106177
17.96	24.745193186209082
17.97	24.24917506365718
17.98	24.60045988404205
17.99	24.022117865039654
18.0	23.01377084229759
18.01	21.727328387469843
18.02	22.061107102721
18.03	20.95913484779156
18.04	20.078609535124293
18.05	19.607634082368858
18.06	19.28638890123736
18.07	18.251094354575628
18.08	18.013217732820316
18.09	17.011611006873462
18.1	16.5877538483885
18.11	14.569789276416238
18.12	15.178160150721508
18.13	13.204051898491667
18.14	13.735736032539096
18.15	11.963902796448219
18.16	13.364809843364462
18.17	11.28354941785413
18.18	11.221831294838246
18.19	11.000994835508267
18.2	10.403906149405337
18.21	10.113226641939743
18.22	8.451306586133233
18.23	9.29125187590849
18.24	8.418396847548484
18.25	8.174474982689988
18.26	7.031087757420314
18.27	6.503497383855959
18.28	6.473721247586703
18.29	7.075998250642584
18.3	5.729416012460041
18.31	5.435651163247735
18.32	3.8444231066682164
18.33	4.380095308197721
18.34	4.8711062521137976
18.35	5.124551305836984
18.36	5.8176824434004
18.37	5.104609183799041
18.38	3.482791946459244
18.39	3.4287142522818628
18.4	3.337404576188568
18.41	3.8851090606175793
18.42	4.728509999001531
18.43	3.598393082030896
18.44	3.3561861817280914
18.45	3.917529887479395
18.46	3.3174189898186976
18.47	3.4703864269272233
18.48	4.404637128042055
18.49	3.8346890030874827
18.5	4.201350225229796
18.51	3.9087877152427555
18.52	4.886733383880856
18.53	4.267495774742093
18.54	5.425840383906747
18.55	5.023598073766322
18.56	6.097740593989078
18.57	6.48773447220222
18.58	7.077201295191247
18.59	6.746997406867196
18.6	7.753010197777349
18.61	7.625564529196527
18.62	8.274668608855817
18.63	9.46544905554813
18.64	10.085834207540241
18.65	9.95999566975738
18.66	11.623529180435169
18.67	11.787584736383229
18.68	13.586471266786742
18.69	14.265372513971629
18.7	14.105710710255757
18.71	15.9697172904715
18.72	16.67971542516389
18.73	17.434754793614008
18.74	17.52863414271111
18.75	19.187511564838402
18.76	18.329084881921194
18.77	19.30209567504991
18.78	20.71533165313265
18.79	20.523640109380597
18.8	21.7495458829639
18.81	22.554636797609028
18.82	23.507243997665828
18.83	24.40499858735875
18.84	23.866521391738182
18.85	25.035807346386616
18.86	24.310190708084953
18.87	25.259831635763486
18.88	25.551946661810195
18.89	25.39483883601135
18.9	26.94192477331344
18.91	26.32115940480316
18.92	26.7105436095
18.93	27.35634294707367
18.94	26.903142770079235
18.95	27.837791644339813
18.96	27.40046080101481
18.97	28.17265392242352
18.98	28.11917258164999
18.99	27.64225621765902
19.0	27.49202067552987
19.01	27.849208907244297
19.02	28.12408604599378
19.03	27.049823307205017
19.04	28.3587183148415
19.05	27.173122471942843
19.06	28.07631270294308
19.07	27.416519456513214
19.08	28.168211952792042
19.09	26.538075604892214
19.1	26.362373522732437
19.11	26.73873896591077
19.12	25.651356610080324
19.13	26.221716671984222
19.14	25.476836648028243
19.15	25.35330100774958
19.16	24.282872634590998
19.17	23.591650084494237
19.18	23.54290153786515
19.19	24.00149068027119
19.2	23.236991007330133
19.21	22.288104370758028
19.22	21.22788382559859
19.23	21.79544874288924
19.24	20.57189932593117
19.25	19.08319963405593
19.26	19.82163696133656
19.27	18.71832660904558
19.28	18.13060473142911
19.29	16.429576922119978
19.3	15.262176317401865
19.31	15.232479344357964
19.32	14.719762663812885
19.33	13.911328747609733
19.34	13.527748416797744
19.35	12.86614732101208
19.36	11.56881247205002
19.37	11.196028552051441
19.38	10.71529268195928
19.39	10.586025898363001
19.4	8.889507565838349
19.41	8.353372780468398
19.42	8.610621490618914
19.43	7.399144441155267
19.44	6.3095246566548555
19.45	6.209433454776161
19.46	5.303460079467403
19.47	4.732575846891043
19.48	5.066181934331992
19.49	4.241297000395657
19.5	4.9814295131215465
19.51	3.397421670356997
19.52	3.245132970119126
19.53	2.3021055803389237
19.54	3.255568480361539
19.55	1.8459547536192025
19.56	1.787733297327652
19.57	1.8257882329280406
19.58	1.1909979750755526
19.59	1.2822162157434305
19.6	1.2281975689204045
19.61	1.1495329260720935
19.62	1.186008802423718
19.63	1.8555735190106466
19.64	0.5823225584158799
19.65	0.20310591763825797
19.66	0.8822603973492582
19.67	0.5080047950383818
19.68	-0.8127941193821011
19.69	0.6715540212401959
19.7	0.21684622904183132
19.71	0.053522362936461086
19.72	1.3987693125366256
19.73	0.8508470605811317
19.74	-0.4991533675216153
19.75	0.6086075388713871
19.76	1.127649925406327
19.77	1.4228934649006273
19.78	2.0874868480788353
19.79	2.5146606158297438
19.8	2.2277737218617624
19.81	2.041688531752318
19.82	2.8372299579586477
19.83	3.0183864708278723
19.84	2.7789987895520487
19.85	3.6775320705790007
19.86	3.3921394419314637
19.87	4.495754302173494
19.88	5.547982810748522
19.89	5.562851541999418
19.9	5.419194516118944
19.91	6.73223531356836
19.92	6.664626429393771
19.93	8.239206366578923
19.94	7.602973121616504
19.95	7.927499681822127
19.96	9.436513138816503
19.97	10.277966104194226
19.98	10.609614859631122
19.99	10.945189274704523
20.0	10.016631999127602
