10.01	3.8188458514592214
10.02	3.670685449382437
10.03	2.7898236143995745
10.04	4.016216334154661
10.05	2.8567845200799793
10.06	0.38175192322117457
10.07	1.533802152100125
10.08	4.365299733237191
10.09	2.449418504769285
10.1	4.154265290667668
10.11	2.1092562429691952
10.12	2.450330705912938
10.13	3.230626153599538
10.14	3.3379488329683564
10.15	3.2503007558950094
10.16	2.8574447438291486
10.17	2.4037679830741068
10.18	5.686333357448438
10.19	-0.9906821046657797
10.2	2.5126493501765053
10.21	2.54165808025836
10.22	4.575875600573864
10.23	1.0253934899819919
10.24	2.1251287374962256
10.25	4.936257797603451
10.26	-0.44168397604047516
10.27	3.9848450493424776
10.28	1.9303519663894146
10.29	1.927048581786191
10.3	0.8004047643729696
10.31	1.3816431979544401
10.32	1.362468748005664
10.33	2.7652034131756027
10.34	-1.9740274977758163
10.35	1.921166345568665
10.36	0.5040049790969287
10.37	2.6195135534393637
10.38	1.9855131132781052
10.39	-1.6249462030155946
10.4	0.5186155356976166
10.41	-0.8714450231088238
10.42	0.8830994338565065
10.43	-0.4886477803428569
10.44	0.3195542070796762
10.45	1.8654013963245901
10.46	1.86330967470175
10.47	-1.982380969719694
10.48	1.7661098226041185
10.49	-1.9569276471479269
10.5	-0.030366222900941767
10.51	-0.4635431136751392
10.52	0.5043002289284869
10.53	2.6983654523749943
10.54	1.3180230525776848
10.55	2.571350886351096
10.56	-0.8956565944151846
10.57	3.597206431658259
10.58	-0.5585773099309113
10.59	-0.41514517592876693
10.6	0.956237201812422
10.61	1.4806753078046833
10.62	-0.13883034550227746
10.63	-0.5812470342425069
10.64	2.1275018166168755
10.65	-2.0525772524533004
10.66	-2.162016874255739
10.67	-0.0478700335424711
10.68	-0.5691418524007659
10.69	2.23966068040713
10.7	0.44394488264838183
10.71	-0.1494716838013076
10.72	0.51300417788469
10.73	1.1175329219942374
10.74	1.2261190898829653
10.75	0.8497614872771506
10.76	-0.35112363150485804
10.77	-0.9478358217302342
10.78	-0.6978258347841566
10.79	-0.5823541950459412
10.8	2.4278778838325588
10.81	2.701207356414754
10.82	3.8843342990197747
10.83	0.5198724472654491
10.84	1.4582833868232812
10.85	1.2482182181305843
10.86	0.8743384212999312
10.87	1.7023475719413725
10.88	0.03418580430952933
10.89	0.8279779587080812
10.9	1.9250132281709051
10.91	4.643601056645661
10.92	2.310125663298008
10.93	1.1329777660780687
10.94	2.977886545578145
10.95	-1.267552373511813
10.96	2.010583471554208
10.97	0.5195632483369125
10.98	1.3131387853012277
10.99	1.1590931260472384
11.0	0.15203618987475276
11.01	-0.1842846067831292
11.02	1.024148727393611
11.03	-0.1487257510449037
11.04	-1.9039816213703173
11.05	-0.2054592315589301
11.06	3.3448002732450046
11.07	-0.7006984222700128
11.08	0.5022154405907422
11.09	-0.38958952600792296
11.1	1.4953806673005774
11.11	-0.7196722080666341
11.12	1.2479382413078777
11.13	1.2218809037289955
11.14	2.425046308408266
11.15	-0.0629000517464221
11.16	0.8659931388440419
11.17	-0.7276226807525588
11.18	2.015522803707113
11.19	1.0515309178862875
11.2	2.290657813431067
11.21	0.40935650808989243
11.22	3.0488783190689737
11.23	-0.4003785500872976
11.24	1.2739777751694066
11.25	2.211136095233731
11.26	2.05923521629636
11.27	2.344461421213546
11.28	0.19001203105725972
11.29	1.6975596597766254
11.3	0.22573391679888488
11.31	0.832431973863548
11.32	2.0521884621191857
11.33	1.7951133935841392
11.34	3.981788893588801
11.35	-1.5102451966224415
11.36	2.7594316765595477
11.37	0.41753510154195683
11.38	1.4356701194424777
11.39	1.0796665699151735
11.4	2.3188233948214974
11.41	3.304924629037347
11.42	1.8337267062672498
11.43	2.045758770310119
11.44	3.873347063668219
11.45	3.069275150461735
11.46	3.7430182435392547
11.47	0.21471843746649788
11.48	2.677017011390946
11.49	3.1391744339563346
11.5	2.170715574305186
11.51	2.3483589286233446
11.52	0.44429306045191175
11.53	2.5302020469751443
11.54	2.0598036178737114
11.55	5.536118246956957
11.56	-0.17459567640158147
11.57	6.720230807922891
11.58	2.7913885287191804
11.59	3.6449441194051113
11.6	4.123931701437758
11.61	2.896282664284312
11.62	3.6137154007104053
11.63	-0.6099834634840127
11.64	2.6549357448191544
11.65	3.17975744146603
11.66	3.7137491749859035
11.67	0.5890331051317483
11.68	3.78073663037181
11.69	2.3369126609931783
11.7	4.859542278274546
11.71	3.0515757469964377
11.72	3.256301604121758
11.73	2.3080313576674194
11.74	1.8178087268728205
11.75	3.561953184418665
11.76	2.058474043769091
11.77	2.2406715127518306
11.78	4.078408296830091
11.79	3.7759683503269716
11.8	2.8604686163285242
11.81	2.5893246726876473
11.82	2.1870661945742182
11.83	2.4524076797040224
11.84	-0.28755954992874466
11.85	2.775109682655748
11.86	2.2491525654084517
11.87	2.9135813666447543
11.88	2.118747900561153
11.89	3.5107333454233576
11.9	3.1634793152188285
11.91	0.1385688866961372
11.92	2.360419830261825
11.93	0.9013820913220882
11.94	2.71284399339591
11.95	1.4894253867628358
11.96	4.653530486158798
11.97	2.2630019348605677
11.98	4.027838224104282
11.99	2.6429629467719495
12.0	2.252690641930921
12.01	3.2738732012128766
12.02	-0.13420494601148691
12.03	1.840356462423043
12.04	0.18125566542040872
12.05	0.9151657153020494
12.06	1.5928885302036022
12.07	0.44031553563908177
12.08	0.3320624376314958
12.09	1.1370093494617821
12.1	1.0362231396432073
12.11	2.3689452561228483
12.12	3.1311516471616394
12.13	0.7303978306185066
12.14	2.8623203075895756
12.15	2.199086881104487
12.16	2.559981699907264
12.17	1.72960635761945
12.18	2.96371601009401
12.19	1.9286732134229985
12.2	2.519022410444688
12.21	1.4315797023205776
12.22	0.9147573233482877
12.23	4.409125035886397
12.24	1.3921407397315855
12.25	0.7180441255051229
12.26	3.41487299314165
12.27	4.632714049198648
12.28	0.2937110794898785
12.29	2.6197378496374717
12.3	-1.7215481043391943
12.31	4.371942611693872
12.32	0.838075591811324
12.33	0.8890174804254117
12.34	2.586229581068803
12.35	1.330532718324834
12.36	0.7534087303588792
12.37	0.8498257091379356
12.38	-0.8316355362435688
12.39	2.2445276613096308
12.4	3.5393887756178657
12.41	1.6555862394724759
12.42	1.1718959339283719
12.43	0.6699627771528465
12.44	-0.12247469569904568
12.45	0.2549624854510124
12.46	4.133863511984916
12.47	-2.7523515559795184
12.48	0.7252907653852751
12.49	-0.7908307532967827
12.5	3.739854386546976
12.51	1.58616407878622
12.52	2.803471336073234
12.53	0.25438825873339055
12.54	2.1059716964283255
12.55	1.0035879408551303
12.56	-0.6375598863556244
12.57	3.0448316470235506
12.58	4.710303334858441
12.59	2.6953311043960655
12.6	2.265500108364276
12.61	1.95787265639904
12.62	5.2900356550905885
12.63	2.999649341244443
12.64	3.5970711471703876
12.65	1.8898262480125636
12.66	0.2604778280525344
12.67	3.4151056463542577
12.68	3.9902001465684567
12.69	0.2849616561973596
12.7	0.9200145103103785
12.71	5.427203350011936
12.72	3.1281876827777046
12.73	2.7300270120723362
12.74	2.0588896509368038
12.75	3.9585513930669864
12.76	2.9429913847764597
12.77	2.077581659354771
12.78	3.244033834909394
12.79	4.053824674840534
12.8	4.6828827352849665
12.81	2.7748813319649166
12.82	2.345028617873793
12.83	3.7233085665889285
12.84	4.14786734988259
12.85	5.127483039416172
12.86	3.7511894629499998
12.87	3.485885539479375
12.88	5.234893537437522
12.89	6.8569071160417465
12.9	4.174785804168097
12.91	5.838737301816471
12.92	4.835167699445968
12.93	5.52032581027531
12.94	3.331390095938292
12.95	2.264789192335952
12.96	3.535533416247189
12.97	3.9915376493674537
12.98	5.1783693460404105
12.99	4.639498965361097
13.0	3.227866421193808
13.01	2.70072486514937
13.02	3.316922537888097
13.03	3.735449889398153
13.04	4.275439779716611
13.05	1.6469148343817088
13.06	1.048845735217268
13.07	3.765946888585843
13.08	1.2419791829269455
13.09	2.9310369737393325
13.1	2.2039925293644753
13.11	3.75540381936501
13.12	1.7645154514922268
13.13	3.8000413820418903
13.14	3.4143367801613245
13.15	2.5317572890102356
13.16	3.2558604243651024
13.17	-0.2211581884338023
13.18	2.9176543727723403
13.19	3.4759083205827905
13.2	4.294031326265806
13.21	2.6772590727729564
13.22	1.7110646031988028
13.23	1.3057813362436295
13.24	2.62166573975439
13.25	1.5198819707970264
13.26	2.2528844646584467
13.27	2.2696010327257437
13.28	0.9945885718979055
13.29	3.690980443382686
13.3	2.705022461018959
13.31	1.774004858746611
13.32	0.7842964285186147
13.33	3.1201651752881436
13.34	4.887716560927225
13.35	-0.6474715764659336
13.36	0.48563032790907124
13.37	1.900722313422595
13.38	1.034600384574046
13.39	3.562731566093427
13.4	3.7495108667342865
13.41	0.4719055917764634
13.42	2.7407988482613477
13.43	3.037313020351042
13.44	1.9743741446249465
13.45	2.755259324957917
13.46	2.6979725118459137
13.47	5.301109486923413
13.48	2.3094225920725977
13.49	3.178084464705982
13.5	3.027094026405602
13.51	-2.3778402868371624
13.52	3.614600162078192
13.53	1.6805132163506535
13.54	1.9690644653167602
13.55	1.4419419635744093
13.56	4.401513807379654
13.57	4.263850508617889
13.58	1.347972995824874
13.59	1.7813854333135493
13.6	4.721532496419958
13.61	-0.2517314588828383
13.62	0.7098238100109684
13.63	2.1837553157971135
13.64	1.5875207934675228
13.65	1.461358732615066
13.66	1.4451510545506
13.67	0.7372513131042924
13.68	2.819606648124387
13.69	2.3357332619406117
13.7	2.095954857651237
13.71	3.651078941367185
13.72	2.2720285199351093
13.73	2.342777918749646
13.74	5.4798889737699845
13.75	1.4352312714890545
13.76	-0.25477952812968896
13.77	1.5120046828306435
13.78	0.638448761886699
13.79	3.5878628319933994
13.8	4.639128463883259
13.81	4.159121738946493
13.82	6.299439415366606
13.83	2.4623493842548934
13.84	3.7803296899615635
13.85	4.1571042456273855
13.86	2.9523657400744665
13.87	1.8962538944083902
13.88	1.243517293584239
13.89	3.191884164406881
13.9	3.7438006753499016
13.91	3.714704918101055
13.92	-1.1387350681608082
13.93	1.147745275818301
13.94	4.435893822665829
13.95	0.8216701946647773
13.96	-2.8970312164706806
13.97	1.759329357404074
13.98	0.8069045638576939
13.99	0.829653947951805
14.0	0.5282092973127317
14.01	-1.5208781622321441
14.02	0.3534943570665259
14.03	2.8308529136413467
14.04	2.8864143827662803
14.05	0.8401974870903474
14.06	3.989503630133499
14.07	5.720195395134184
14.08	1.244741294917178
14.09	0.6185709178019163
14.1	2.702534469299003
14.11	-0.1468988008739529
14.12	0.15628147690149286
14.13	-2.026683421935349
14.14	1.021510860778152
14.15	0.16213139044448388
14.16	1.0526746359461217
14.17	2.5373015471779823
14.18	0.08669010200509031
14.19	1.6763611689883988
14.2	2.034067670399603
14.21	2.1077057882557226
14.22	1.1382885188519434
14.23	1.6168146980935783
14.24	0.08821359211969027
14.25	-0.4339609249794196
14.26	-0.1650545813957569
14.27	3.22484026168772
14.28	5.126062815891252
14.29	1.9578409925316662
14.3	2.472614089787785
14.31	0.41017836536446073
14.32	-0.6434060369552144
14.33	0.359396967536074
14.34	0.8738299490524375
14.35	1.1324381924987008
14.36	2.496117024133107
14.37	4.340904276546065
14.38	0.25251544577865515
14.39	1.7743203786246766
14.4	1.8102467645302258
14.41	-0.899866563387482
14.42	0.6356141941795583
14.43	2.01967224422425
14.44	0.32017190266336226
14.45	3.8828149048874403
14.46	-0.01238074605413586
14.47	2.0958631343046576
14.48	-0.5977391612109855
14.49	0.3302847082187004
14.5	3.240975051934159
14.51	0.7083620180415915
14.52	1.1079006208209097
14.53	1.5846348859591022
14.54	2.605465038248904
14.55	1.8708765241756404
14.56	1.4717976704587263
14.57	3.355515219515227
14.58	1.586838087828729
14.59	-2.8608668172588603
14.6	2.1259006199359245
14.61	0.563710820418023
14.62	1.3077799039750995
14.63	4.2045395652707755
14.64	4.882608033110354
14.65	-0.6309215288841172
14.66	1.0408440640977652
14.67	1.012059720827592
14.68	3.0562530438311297
14.69	0.9831746531442285
14.7	3.9881601773219435
14.71	-0.9796914907813901
14.72	2.6108877202700413
14.73	1.1127589877414756
14.74	2.8109102300642923
14.75	3.4337155850379055
14.76	1.5510500596399357
14.77	-1.2030878793096136
14.78	1.6323765934293075
14.79	1.2115353099533104
14.8	2.112887866137026
14.81	3.3228151510934474
14.82	-0.5654068183231851
14.83	1.7284359559811961
14.84	2.869539912137702
14.85	2.651336210703073
14.86	4.324788690625867
14.87	2.6846111741330714
14.88	1.2083634480940926
14.89	4.177787630300893
14.9	2.785370956652436
14.91	2.8027424335722357
14.92	2.8622612026603256
14.93	2.1646540995832746
14.94	2.3990702547317624
14.95	0.7979516206185449
14.96	2.115720719090696
14.97	3.067215710289543
14.98	2.636260935257427
14.99	0.31866067929977726
15.0	1.407059969244215
15.01	2.7949252458562537
15.02	-0.35076014185992244
15.03	3.366630624762443
15.04	1.9364010455057723
15.05	2.1260108091795145
15.06	-0.6454472368711304
15.07	2.4971585541700856
15.08	1.711297316841891
15.09	2.85580523880507
15.1	-0.31372949485175883
15.11	4.152106278373685
15.12	2.1506475972893613
15.13	1.8763068877729494
15.14	-0.045060377345929714
15.15	2.5343135844042477
15.16	2.4752018524742043
15.17	1.9086022319376856
15.18	1.2964657960426664
15.19	2.6542949116605605
15.2	2.1814211185031285
15.21	1.7532856207849474
15.22	3.688827554645383
15.23	1.2671149888118387
15.24	-1.848762114457535
15.25	3.209241542323028
15.26	1.689893116629157
15.27	-1.4049697747497818
15.28	1.0965046267769454
15.29	-0.9313971759658459
15.3	3.4182631384961715
15.31	-0.5657225013129581
15.32	1.9325235791734845
15.33	2.8299239681350015
15.34	-2.5524234444136296
15.35	-0.6849938810101397
15.36	0.908860029184207
15.37	2.241909054183662
15.38	-2.807522142287401
15.39	-0.08626615152724448
15.4	0.3622495145309883
15.41	-0.19507639523001918
15.42	1.565186525225121
15.43	-0.13633741542755828
15.44	-0.2995522515101048
15.45	0.9807466543336661
15.46	1.08955935741362
15.47	1.9978798608104733
15.48	0.4810393460185549
15.49	0.7697723401083134
15.5	1.2658160824187128
15.51	0.7871551149998142
15.52	-1.1943488246692275
15.53	-0.5712088412921781
15.54	0.6839028540884695
15.55	1.2601145870913912
15.56	2.612470955116489
15.57	0.9629144961582186
15.58	0.3920973466724881
15.59	2.7525401697806253
15.6	-1.039797166479026
15.61	-0.3754383086038914
15.62	3.0823307793538293
15.63	-1.953879871965749
15.64	-1.2051834244079453
15.65	2.3787307035044334
15.66	-1.0601336061670377
15.67	1.3077768654986586
15.68	0.45154251653939526
15.69	1.2499748245715216
15.7	-1.2421229406726677
15.71	2.913300431434971
15.72	1.8869672475885708
15.73	-0.25875760599204534
15.74	1.5530177208191325
15.75	1.3052160529191905
15.76	3.0256303795863415
15.77	-0.14534647513560817
15.78	0.30317949416691914
15.79	0.14380868036508176
15.8	1.1709572892168154
15.81	3.11748447845216
15.82	-0.7952607300400809
15.83	0.8862287553444359
15.84	-0.187729198340836
15.85	2.8947417387242633
15.86	2.30236295611385
15.87	0.8712918240248764
15.88	3.453694597076553
15.89	1.4053049950471803
15.9	2.295537790603869
15.91	2.880638394385137
15.92	1.189869911760495
15.93	2.877040060464114
15.94	4.350308787572769
15.95	2.9397622670186863
15.96	2.061972439641079
15.97	4.135409673049562
15.98	1.9283367270248508
15.99	2.3498202454140675
16.0	4.469008231004292
16.01	5.183344133978617
16.02	2.9791821955229416
16.03	1.6500379622355477
16.04	2.5943290175823464
16.05	1.894252174125164
16.06	1.0079541319204377
16.07	4.849387706845908
16.08	2.1486004356719888
16.09	1.2114359077039754
16.1	2.2895653736030446
16.11	0.9692699981088594
16.12	3.571842164152204
16.13	-0.4870849139588309
16.14	1.4487463697103202
16.15	3.946730845163687
16.16	2.154643928746394
16.17	-1.09612841430103
16.18	1.2218338374855253
16.19	3.1247171177086646
16.2	4.353158111938242
16.21	2.966278067213058
16.22	-0.8114125939572616
16.23	0.0824957636369561
16.24	3.4663652851570377
16.25	2.760640611131368
16.26	1.755027698532291
16.27	2.5751680072558827
16.28	1.6213287616973728
16.29	1.7423659332464796
16.3	3.222024171168611
16.31	0.3207232680253753
16.32	0.4076265041225009
16.33	2.5389543888646675
16.34	0.7431993187703703
16.35	2.6587767198552212
16.36	0.8780378774869413
16.37	0.7012994043630445
16.38	-2.083750964390931
16.39	-0.637112777307
16.4	1.9606889681773134
16.41	2.512134135188591
16.42	0.17578090540760494
16.43	0.10785105249180837
16.44	-0.7584082891194781
16.45	1.6866594334932223
16.46	-2.1879967785152292
16.47	1.7311222807750322
16.48	-0.5676412671310003
16.49	2.2529490115229325
16.5	1.6969219460773828
16.51	3.5234801459460385
16.52	0.5806157048935526
16.53	-0.6128662333467034
16.54	2.35468092869433
16.55	3.792014848450399
16.56	0.87573320961131
16.57	2.694603083807796
16.58	1.2191293057753743
16.59	0.3858995999408874
16.6	-0.08309554877129988
16.61	2.237852706804482
16.62	1.415337582488642
16.63	2.6943986094437085
16.64	0.4309477609438217
16.65	2.567597886624502
16.66	3.512839392916627
16.67	1.6897370234209805
16.68	3.568091444744736
16.69	0.7688550945610094
16.7	0.13007355981181723
16.71	2.671390415682685
16.72	-2.266929989273149
16.73	-1.815150639462025
16.74	-0.7344682200974295
16.75	2.2075877577222514
16.76	1.7902085257677354
16.77	1.9898897911588271
16.78	-0.9799832481033184
16.79	-1.0637881392485056
16.8	-1.4160940807331122
16.81	2.4126605752194106
16.82	2.2270070064229603
16.83	3.582176210241557
16.84	0.37849892476645497
16.85	2.2252622633797507
16.86	-1.0772533354233749
16.87	2.7334843497718335
16.88	-1.804679137234139
16.89	-0.2871673264156871
16.9	0.27373735776302976
16.91	2.8501778095378896
16.92	0.9891305873853279
16.93	0.32341916442933893
16.94	2.3030044848168303
16.95	1.3958711016121084
16.96	1.1033945226788868
16.97	2.402132039124261
16.98	1.376039947554749
16.99	2.8869887227449866
17.0	3.625801227348636
17.01	3.0864318711464738
17.02	2.5519840578751154
17.03	1.6844402427970462
17.04	1.4164677383213569
17.05	0.1916148549477661
17.06	0.8684764081055012
17.07	1.2415666714032902
17.08	1.273080595329883
17.09	1.4323046653968705
17.1	0.9586128119237987
17.11	4.07964683377306
17.12	0.7875697899567397
17.13	0.693641653338952
17.14	2.4019752813685353
17.15	-0.364517956936971
17.16	1.802313852768529
17.17	1.9634624468180062
17.18	2.428852879086595
17.19	1.0655448216085621
17.2	1.7321327921612228
17.21	4.941225756898662
17.22	1.7252257349374784
17.23	0.3039461507108401
17.24	4.115276342572118
17.25	0.5441452336519166
17.26	-0.45888520774269237
17.27	3.051968840067707
17.28	1.8304137253995405
17.29	1.2821854011552813
17.3	2.9958572529423737
17.31	4.523569822079633
17.32	5.315346296614591
17.33	2.7862595009011084
17.34	1.910283297479215
17.35	0.6786623856944265
17.36	2.9980185272910735
17.37	2.7932568864703886
17.38	0.7107149698728867
17.39	4.386456868636481
17.4	4.0668153708845844
17.41	2.435860947279436
17.42	2.1251135122212776
17.43	-0.9431488260119587
17.44	3.124570210633181
17.45	2.504639175738292
17.46	3.5277844733819244
17.47	1.6909937963813273
17.48	3.0814482794337206
17.49	1.4914203017579895
17.5	3.326659363985049
17.51	2.9637905370252944
17.52	3.9046340945492606
17.53	3.2780937953089815
17.54	2.464456016632652
17.55	5.881878108310445
17.56	2.0716794762440855
17.57	2.342602449293069
17.58	5.1027474609508205
17.59	2.115066031666484
17.6	3.5695751355498677
17.61	4.760795754975783
17.62	1.696540163332186
17.63	4.121731650510111
17.64	5.070824119482976
17.65	4.097373113287511
17.66	3.145970489088702
17.67	4.028622045531228
17.68	3.6878174608595415
17.69	3.057270775947441
17.7	6.4294653255959835
17.71	7.006297233554299
17.72	4.265545516433274
17.73	2.299505996581306
17.74	3.996300037020031
17.75	3.3999418159703487
17.76	4.7635517669901875
17.77	2.778886117288753
17.78	5.036235364384458
17.79	4.906293097704135
17.8	3.3212332664386555
17.81	5.246443759588081
17.82	5.295131863382875
17.83	3.8144897985293826
17.84	2.844934478080483
17.85	6.11374764562672
17.86	6.413854005323875
17.87	5.582912671316344
17.88	6.324394995469522
17.89	5.70725521977891
17.9	6.886939520603757
17.91	3.6308251414901993
17.92	4.121964386858067
17.93	4.907629604263635
17.94	4.175339619069631
17.95	4.335029963927607
17.96	4.0699856260968925
17.97	7.507405252756079
17.98	3.2599270634452697
17.99	2.7927642699372432
18.0	5.650494818829042
18.01	6.022780498107996
18.02	3.4128217860209062
18.03	5.7054554287057595
18.04	1.97841487771427
18.05	3.3184315860011457
18.06	6.304968946423498
18.07	4.985151946862868
18.08	5.254629700694369
18.09	4.345921332255462
18.1	5.605100742291243
18.11	2.625881448010144
18.12	3.4178969570428532
18.13	4.753381104374274
18.14	3.233455518480799
18.15	4.639977032667983
18.16	2.8217172983522087
18.17	4.710632769122145
18.18	4.483370416846622
18.19	5.813445677312718
18.2	6.373162495747751
18.21	7.307438457954681
18.22	7.121531820959351
18.23	5.758066765083356
18.24	3.954801045840739
18.25	5.740751071305998
18.26	2.436370744026662
18.27	3.9171572357685833
18.28	7.3347498431931015
18.29	5.56107216823813
18.3	4.734195311627778
18.31	5.293572475354482
18.32	5.17830788446715
18.33	4.171092457779994
18.34	7.497437591027449
18.35	2.181479544817461
18.36	1.8829093294736388
18.37	4.235332456568676
18.38	2.167862367253485
18.39	3.161705013791743
18.4	0.03618429140713797
18.41	3.448903943497832
18.42	1.7351987185455928
18.43	7.048932503898829
18.44	2.7619219461601765
18.45	3.8409950602726513
18.46	6.800347992100816
18.47	3.5302149566961547
18.48	5.017236680655135
18.49	3.9788837599228084
18.5	3.6046422907205358
18.51	4.536683136151646
18.52	3.3593246877889333
18.53	2.9297930798798326
18.54	4.365210114063553
18.55	0.5505151481786839
18.56	4.155713112612387
18.57	1.1422262336167168
18.58	1.174584679495066
18.59	4.539659756616807
18.6	0.5349240989539599
18.61	3.6429073191162527
18.62	1.0961177902526507
18.63	3.191975655932647
18.64	3.850758503778719
18.65	4.6030244819610795
18.66	1.6285310722155484
18.67	2.1674878214455875
18.68	1.6249542838325293
18.69	2.64962565725626
18.7	1.4777477225564
18.71	3.1736082186216423
18.72	0.5293594925571183
18.73	-0.20694649686409772
18.74	2.617885548722746
18.75	2.281535468206637
18.76	1.6306517800683067
18.77	-1.822767193095463
18.78	2.9617197947956093
18.79	2.776398831887941
18.8	3.1485826786178617
18.81	1.7982207550881386
18.82	3.82892023450935
18.83	4.030201549417967
18.84	1.5906863436809935
18.85	3.203244922705262
18.86	4.307911016809025
18.87	2.7843120725856805
18.88	3.6216879265375965
18.89	0.048491611241317845
18.9	2.14619298587538
18.91	1.3917368600896063
18.92	1.209104661179616
18.93	2.0140813084233877
18.94	2.072485957559459
18.95	3.7307944511668225
18.96	0.9128625179748844
18.97	1.5093906820271008
18.98	-1.7037844389491097
18.99	1.8946665716653113
19.0	4.755538006181903
19.01	2.027453919606966
19.02	0.7520238408480662
19.03	1.3243253509950612
19.04	2.271047537697042
19.05	5.22763897051076
19.06	0.7577839236411128
19.07	1.1562429489955042
19.08	1.418209630049757
19.09	0.3534380817466043
19.1	3.1984747500643085
19.11	4.398519849188665
19.12	7.222298327281452
19.13	0.52119167391885
19.14	1.6352028169862418
19.15	2.761095517318008
19.16	3.0273551836320785
19.17	2.1657603279527597
19.18	2.458648277810563
19.19	1.3823156611863436
19.2	3.248630926370206
19.21	3.0409769774944473
19.22	2.8434189361471347
19.23	3.41948714397792
19.24	4.4624142824505615
19.25	3.17315919931645
19.26	0.03964752891763634
19.27	4.310979331724761
19.28	1.442135413126106
19.29	3.137533436970927
19.3	0.5570920209447161
19.31	3.6303696531608285
19.32	3.5898956301371525
19.33	4.993492359086258
19.34	0.614691403209553
19.35	2.393635595403762
19.36	3.1577642758979088
19.37	1.5870076633994372
19.38	3.77642341472271
19.39	2.897165137850636
19.4	3.6770810555439137
19.41	0.7468044505700877
19.42	3.0162182981310233
19.43	4.212616843317592
19.44	3.425502669781342
19.45	2.3757639685463605
19.46	3.745759853495981
19.47	2.811353033243863
19.48	3.1833636104331053
19.49	3.6488426114578205
19.5	3.6303735607838385
19.51	4.341767032785663
19.52	1.4204765496197926
19.53	6.872813319632375
19.54	2.1051914553928617
19.55	3.1563106509349543
19.56	2.36932856790116
19.57	4.377574905977842
19.58	1.0717680291331342
19.59	2.383630896266829
19.6	3.2976729576889605
19.61	0.7606767409066961
19.62	4.662562791211334
19.63	7.032719650090712
19.64	3.072599596933448
19.65	2.643098538552108
19.66	4.08010802624664
19.67	3.0322707821265666
19.68	4.512428141030573
19.69	2.33105051011268
19.7	2.3762783096273346
19.71	0.6977375570940048
19.72	3.1108761627668233
19.73	3.5200117614634863
19.74	3.959226862436934
19.75	5.742706795736339
19.76	4.8470489478958685
19.77	2.1340982820799397
19.78	7.0519912577536985
19.79	5.314276528604886
19.8	2.2597239666331164
19.81	2.5163869574891926
19.82	4.637358617907312
19.83	2.1955322592083872
19.84	1.4161211705833585
19.85	2.0706284802934194
19.86	2.4527768055204158
19.87	0.9817868209497189
19.88	4.551782090796237
19.89	3.5301129560990976
19.9	1.6983591431875242
19.91	6.529218995574643
19.92	-0.48820534460579124
19.93	2.8504751471615988
19.94	3.5688104934326756
19.95	2.942423872690202
19.96	2.768284609267381
19.97	2.74889396099624
19.98	5.998905201189617
19.99	4.836249845670472
20.0	4.3397497510414915
