10.01	32.3508592802719
10.02	30.89004341310083
10.03	27.160620833123044
10.04	28.8003476479507
10.05	28.57909624548271
10.06	26.2690348988455
10.07	27.40907367498531
10.08	27.161355990239837
10.09	24.28378844953248
10.1	25.642344224577364
10.11	21.540110983266253
10.12	24.18087323920258
10.13	23.761367716729342
10.14	23.390338912531956
10.15	21.206237657302196
10.16	23.509812976869544
10.17	21.16379649736862
10.18	18.093762269258942
10.19	17.70971808730262
10.2	18.316488468233633
10.21	16.772806110810055
10.22	14.994061250188699
10.23	16.264445045763043
10.24	13.80799592355147
10.25	12.664933415894359
10.26	14.54007051643611
10.27	11.869974154128666
10.28	11.45189573543987
10.29	10.14657582561474
10.3	7.927821484352062
10.31	9.537307231205228
10.32	7.916389168553962
10.33	7.067255698919351
10.34	8.584098192313908
10.35	8.883860982733935
10.36	6.131449942253725
10.37	7.861721857041925
10.38	7.909832461065682
10.39	7.1839442758491545
10.4	4.56660362067263
10.41	4.0511151190807
10.42	6.657901959154717
10.43	4.292502967723078
10.44	3.9375678747962657
10.45	2.5451170464858484
10.46	4.403389537870268
10.47	4.788519343503727
10.48	4.815236457883158
10.49	5.442832022802
10.5	3.172033215694052
10.51	5.184677004311932
10.52	1.8656217807495752
10.53	1.125861827914779
10.54	3.230025125397264
10.55	3.12099494571558
10.56	3.3806670040559315
10.57	5.153267583692717
10.58	5.618978495824848
10.59	3.086508075281942
10.6	4.41690631817478
10.61	4.131567414768085
10.62	6.634462365572178
10.63	4.179414204570969
10.64	6.94544279520874
10.65	3.909025357665394
10.66	7.738397039381121
10.67	6.526870590117973
10.68	8.163874554118292
10.69	9.40176755835444
10.7	7.2363464739449235
10.71	11.674157378395154
10.72	11.845860384935808
10.73	10.383328006989059
10.74	10.163298630021744
10.75	10.084169147014673
10.76	11.234547777710224
10.77	11.706799093386005
10.78	14.118538139799117
10.79	18.0455730869102
10.8	17.702286480840176
10.81	16.039942166577667
10.82	16.764265151655433
10.83	17.512005322900027
10.84	16.943573542188208
10.85	21.55712970107457
10.86	20.804934514769997
10.87	24.68797447289097
10.88	24.560409401155294
10.89	24.92661011448582
10.9	22.78811605088063
10.91	25.18943559428785
10.92	24.261639566915118
10.93	27.961938319376067
10.94	26.79386979462217
10.95	26.665669641014595
10.96	25.59184757200615
10.97	27.18426791678065
10.98	29.37652914388903
10.99	29.316427131279656
11.0	29.954693328368393
11.01	31.331490110418006
11.02	29.46891560991706
11.03	30.89781319395171
11.04	27.87143364699679
11.05	28.602597761195263
11.06	29.294260885735362
11.07	29.626530937168372
11.08	28.933732232369117
11.09	29.70891141326725
11.1	29.905361038741713
11.11	31.516689193596235
11.12	35.323000851094555
11.13	30.791210722536512
11.14	30.33411869384759
11.15	28.943370336011352
11.16	28.660503859433465
11.17	29.57336697974549
11.18	32.31902684316553
11.19	29.145207899959242
11.2	26.328302999607633
11.21	28.997410056732946
11.22	30.480083714490977
11.23	28.247797247566346
11.24	26.793349428883904
11.25	27.589876435019015
11.26	27.399323190577814
11.27	26.56308927698386
11.28	25.446104214351575
11.29	26.327722935982425
11.3	25.954169523257224
11.31	25.779048401066994
11.32	23.236546149273085
11.33	21.320139657668353
11.34	19.54501226185199
11.35	21.4165770346439
11.36	20.96958020255694
11.37	17.66681834011723
11.38	15.374006562979222
11.39	18.224858752662357
11.4	17.041620197199325
11.41	16.73784732281872
11.42	14.188032714414529
11.43	11.225079972081668
11.44	14.778324548400983
11.45	11.490976135414416
11.46	15.485190211683886
11.47	11.060304504989823
11.48	10.961928044334337
11.49	11.314174027453374
11.5	9.306853630409861
11.51	9.26351225221509
11.52	8.913657444020288
11.53	8.106910611807011
11.54	5.716321774724725
11.55	6.2454797463574865
11.56	4.2145503534390745
11.57	5.623815051398011
11.58	6.81839211625243
11.59	4.5107860528799195
11.6	2.5186749453007975
11.61	5.346448614217454
11.62	0.6899813086542959
11.63	2.918476641075727
11.64	-1.0095900043782873
11.65	2.726096493618518
11.66	4.086727682522401
11.67	3.209727888487704
11.68	0.3835299064999269
11.69	-0.633752073358129
11.7	-1.7126487555752925
11.71	-0.4215882752315496
11.72	0.8253878662564977
11.73	-0.2676592262999906
11.74	0.579796702406228
11.75	2.5442627082846765
11.76	1.3711565291340775
11.77	-1.0595752448314253
11.78	2.7234873131908057
11.79	3.0209896019597506
11.8	0.2941606708024431
11.81	0.03155792913787503
11.82	-0.8110608123080338
11.83	1.545254201978425
11.84	3.1062033281025307
11.85	2.2157346508726268
11.86	-1.3128284767040512
11.87	0.06360789593238503
11.88	3.308499348988607
11.89	1.42024548452468
11.9	1.550437726533035
11.91	3.0617474851746698
11.92	2.888309177887873
11.93	2.9110661063779237
11.94	2.8981664690816054
11.95	4.695441919193611
11.96	2.578757865855744
11.97	1.0013136184280338
11.98	2.16111529092887
11.99	4.031715166699156
12.0	3.9422740508962635
12.01	5.55294453698396
12.02	7.501490201094864
12.03	6.28719737435981
12.04	8.53830891021925
12.05	10.951190857730737
12.06	6.35080096135749
12.07	10.001306262116216
12.08	8.485857982364799
12.09	8.899308075821107
12.1	9.400710557114774
12.11	12.168872113086245
12.12	12.464873813519992
12.13	14.472252485091051
12.14	12.66625421686688
12.15	14.597479723737994
12.16	13.627242132510027
12.17	17.780982264543443
12.18	15.356843388863869
12.19	17.272458838705386
12.2	18.670359162943775
12.21	20.802617754796604
12.22	18.248095157441046
12.23	19.470035705826767
12.24	19.218166246832514
12.25	20.711549744704406
12.26	20.678163614877736
12.27	23.7842361481307
12.28	22.080565422036994
12.29	25.349981982653713
12.3	25.046494780288736
12.31	24.87297601873084
12.32	25.811349099468252
12.33	24.58806972019131
12.34	27.556096790431358
12.35	25.361029656739667
12.36	27.896254995932214
12.37	28.499131455371206
12.38	25.71446556723938
12.39	29.1301050331621
12.4	26.917010744175464
12.41	26.808325804275523
12.42	29.84469128806353
12.43	29.67760791051163
12.44	26.942894410979093
12.45	29.595312161067145
12.46	28.520111912497093
12.47	28.11898557659534
12.48	32.01398019184325
12.49	29.286010194040845
12.5	31.830402857399786
12.51	29.448440329094186
12.52	30.540293497647184
12.53	30.027474423356896
12.54	29.979760137593168
12.55	28.9475181836558
12.56	29.899524410526894
12.57	29.287992922301953
12.58	30.758303728573686
12.59	26.09451473579125
12.6	29.81024448607434
12.61	31.43048835962699
12.62	30.45913794644629
12.63	29.49128282214296
12.64	29.648118203758163
12.65	31.92995915422903
12.66	28.02082440225337
12.67	29.457536984570343
12.68	29.319191671248763
12.69	25.73131089274237
12.7	28.535819038689795
12.71	25.299968739827627
12.72	28.22124803983789
12.73	25.825798254007477
12.74	28.861174071538215
12.75	26.507654502110725
12.76	29.305856651879175
12.77	22.93614820896672
12.78	21.737581097572406
12.79	22.84926956744385
12.8	24.610384877474868
12.81	23.64150241501073
12.82	20.16730026876662
12.83	22.15180703259317
12.84	24.8407885070655
12.85	18.18997711985112
12.86	21.42799290382912
12.87	19.307477494718835
12.88	19.238893055771165
12.89	21.44920798077778
12.9	16.684020065083285
12.91	16.860841923225703
12.92	14.770950289828354
12.93	15.690868124896134
12.94	15.197059145104465
12.95	14.25982110288697
12.96	14.393996396630623
12.97	13.014735903689903
12.98	9.706613598698697
12.99	12.770502252671278
13.0	8.999966465170738
13.01	9.66523178707289
13.02	9.314945473447729
13.03	10.735357269232063
13.04	7.520209299159236
13.05	9.32553045304042
13.06	7.847911974632456
13.07	8.047737695906228
13.08	8.666156334553145
13.09	8.09740182590814
13.1	7.69640470710695
13.11	3.188586723324527
13.12	7.475082997742932
13.13	6.198337426621624
13.14	5.380290089615065
13.15	5.046985528586774
13.16	6.3879987593287835
13.17	2.2752270188282084
13.18	5.169850694326974
13.19	5.722375492989295
13.2	4.391985953811837
13.21	2.9335663659364846
13.22	4.2553092269830355
13.23	3.6127414063738885
13.24	4.784506714696397
13.25	3.1757898954425245
13.26	5.970413901179822
13.27	3.053342323481449
13.28	6.240849983361267
13.29	3.534010497438453
13.3	2.6787863840571973
13.31	3.93243420996206
13.32	4.927459810713974
13.33	2.4886620782388764
13.34	4.421594812652706
13.35	4.413799017735029
13.36	2.897102485656726
13.37	2.7832379982253634
13.38	2.190877601447221
13.39	4.554243498450026
13.4	6.711945945402278
13.41	5.746251848235373
13.42	4.380096051966724
13.43	4.871302670397721
13.44	4.44801285522805
13.45	8.101634401829905
13.46	6.432969202057131
13.47	8.20683136873465
13.48	7.918235705297911
13.49	7.327040015019974
13.5	8.90012587187478
13.51	10.781286913507401
13.52	9.104191381046961
13.53	9.550350774592456
13.54	9.785547516219774
13.55	9.873819985312872
13.56	10.78821191629688
13.57	11.786340259713366
13.58	11.743557129423541
13.59	11.754078037538818
13.6	13.839453562088137
13.61	16.047717249816777
13.62	15.452948738526908
13.63	16.136429185597187
13.64	17.749772620940163
13.65	15.231312949806343
13.66	17.512916152721413
13.67	18.91756996418251
13.68	20.413694724785014
13.69	18.236007991011167
13.7	21.59716452446983
13.71	18.91981699423266
13.72	23.093512894279506
13.73	20.595648263795745
13.74	21.91731137739235
13.75	24.650915675647582
13.76	23.615201806723604
13.77	25.555865757266353
13.78	20.950114161332394
13.79	23.06227517827871
13.8	23.98503376224307
13.81	23.669840713998187
13.82	25.901549174880135
13.83	23.060162848162268
13.84	27.764200463999885
13.85	23.535145503052227
13.86	22.569739267488462
13.87	27.088152972109928
13.88	25.96402790323745
13.89	27.642824378766477
13.9	27.747293941870772
13.91	30.133548967578186
13.92	25.691843502837422
13.93	27.827054730004107
13.94	27.9260448192463
13.95	27.816975593002805
13.96	27.886220924940353
13.97	26.126072313229947
13.98	26.754793423085783
13.99	28.002947907319857
14.0	27.730805757397004
14.01	24.212747061404922
14.02	27.858609095454966
14.03	25.187487641562043
14.04	23.156071654064238
14.05	26.309539790955846
14.06	25.689490973410493
14.07	26.528367352012115
14.08	29.206102419606545
14.09	26.298630577013583
14.1	26.59988922677701
14.11	26.081248166444375
14.12	25.44970537136945
14.13	23.89852004723394
14.14	26.65143211964021
14.15	24.582089875150974
14.16	26.293566043903507
14.17	24.806531872434903
14.18	23.671597080932916
14.19	24.195100491810212
14.2	23.79125877602293
14.21	23.318348428353712
14.22	21.209221509631252
14.23	18.74719205936174
14.24	18.933032008852404
14.25	20.662662683617228
14.26	19.8809526563584
14.27	19.326427145011557
14.28	19.262210991292175
14.29	19.384200630931062
14.3	17.191209027912713
14.31	16.623798224461503
14.32	14.971898729988293
14.33	15.219608707266056
14.34	13.245772409447396
14.35	14.06486720628828
14.36	14.869667854410103
14.37	12.60190080059753
14.38	10.18160530459017
14.39	9.58236845276692
14.4	8.812616546074485
14.41	12.334188523707962
14.42	10.489072172290442
14.43	6.381862088132414
14.44	7.771140436175036
14.45	6.847833328968431
14.46	8.902628245287836
14.47	4.603879607780145
14.48	5.501256186841209
14.49	5.1049756030435525
14.5	4.608312962152867
14.51	3.0222998730882695
14.52	1.4987424930795101
14.53	4.073097581536462
14.54	4.475693166091917
14.55	4.87458077950625
14.56	0.4115395345215034
14.57	3.1148605858556
14.58	1.5336139812124348
14.59	4.578324612776305
14.6	3.8129511478613196
14.61	3.16649234092427
14.62	3.2560944672824927
14.63	0.17376752535023865
14.64	-0.03570242403472412
14.65	-0.25864483860409915
14.66	-1.0865857455594257
14.67	1.9929341745049396
14.68	0.5724418652342883
14.69	-0.7903377160673213
14.7	1.7978982370270777
14.71	-0.0764782483377302
14.72	3.9050892297534725
14.73	0.3227436660102636
14.74	1.7205611701696648
14.75	3.850327688658348
14.76	0.5904678951685505
14.77	2.3605387160531217
14.78	4.038991993371799
14.79	-0.33321717474292845
14.8	3.7249235142486796
14.81	0.977214470098783
14.82	2.132007128527711
14.83	2.0935205718250494
14.84	3.4963922274617043
14.85	4.853983475353175
14.86	5.927172291750941
14.87	5.769668674786946
14.88	9.339595074331328
14.89	9.35966442585743
14.9	10.415225714882101
14.91	9.27280035577481
14.92	10.988596670322242
14.93	11.046967838337451
14.94	12.372938569396718
14.95	10.370285059978915
14.96	12.58691333143981
14.97	14.17031862128644
14.98	14.786386298514191
14.99	14.419177122968449
15.0	15.986675646924217
15.01	16.674441306404233
15.02	16.15700485950762
15.03	18.202251842312915
15.04	17.383207302817198
15.05	17.967982561619557
15.06	19.149982408752386
15.07	19.349914410755357
15.08	23.725072856967962
15.09	23.677337490037612
15.1	23.602219125344096
15.11	24.59449843688585
15.12	25.025273438718436
15.13	25.73847979862962
15.14	21.265187784150108
15.15	23.819627675319545
15.16	24.647333340060378
15.17	24.621846819926574
15.18	23.137196842012173
15.19	26.84153043895493
15.2	26.710453127314768
15.21	25.02927638464185
15.22	26.494038691068095
15.23	28.161443334068114
15.24	25.95420944612381
15.25	27.37349364818056
15.26	27.385020156866993
15.27	27.11970165299929
15.28	26.47127802405037
15.29	25.3762429842698
15.3	29.044317286900075
15.31	30.940383476482342
15.32	29.34159951245096
15.33	26.830132512210326
15.34	27.797789170525952
15.35	30.856912906529324
15.36	27.800760660671642
15.37	29.916865033992412
15.38	27.78049661775851
15.39	27.69684947952198
15.4	23.748800936373936
15.41	23.383881531418197
15.42	24.36543560377902
15.43	25.07438219038034
15.44	26.309140218731567
15.45	26.895748934852968
15.46	24.271965803368534
15.47	25.49873122454882
15.48	24.516183639428956
15.49	21.34713938007176
15.5	22.86701219698297
15.51	22.80159043774631
15.52	16.78994493247129
15.53	22.141258553259505
15.54	19.65342251034656
15.55	18.716031238139553
15.56	17.498322788849155
15.57	15.388781198247266
15.58	17.27539414159602
15.59	17.406385988393165
15.6	16.076584414249933
15.61	13.694906602194044
15.62	15.445661411802106
15.63	13.027405142854754
15.64	12.72294166827493
15.65	10.930037792658652
15.66	12.255958121791949
15.67	11.441685802785674
15.68	10.661498415590087
15.69	8.652819701318146
15.7	7.543633925093449
15.71	7.85479396804169
15.72	7.5347018352289865
15.73	7.3200538600796925
15.74	4.3675371069842
15.75	4.258564676582151
15.76	3.3018983513274334
15.77	3.844158835842073
15.78	2.7717445011348225
15.79	4.63884707162796
15.8	3.514972066529464
15.81	-0.42915956297920355
15.82	2.001243633642548
15.83	-0.1764136195548922
15.84	6.287322045397187
15.85	1.0828235890045055
15.86	2.176809204806119
15.87	0.9772859465380342
15.88	-0.7113978259855493
15.89	2.7921145223971244
15.9	0.1705931910686565
15.91	0.7322798211482201
15.92	-1.1312734005172238
15.93	-1.727728606975541
15.94	1.1924609720871646
15.95	0.599252532224286
15.96	0.17312308798397597
15.97	1.381672744722065
15.98	1.5660165707579523
15.99	-1.0605717820267013
16.0	2.0509441297410627
16.01	1.0242415507693372
16.02	2.3364447916793516
16.03	0.6703010469444066
16.04	-0.36286639325392844
16.05	1.7863013586055856
16.06	1.6684473331288372
16.07	3.7334317941332666
16.08	4.017753841489015
16.09	5.6282608057262244
16.1	7.316811353306136
16.11	5.733689079695826
16.12	4.089182280211955
16.13	7.653069957922053
16.14	5.236216389084308
16.15	7.5848576960311735
16.16	9.938869228268862
16.17	7.966845914611808
16.18	9.213693959911074
16.19	8.975185046369345
16.2	11.943116135195813
16.21	15.963110334854715
16.22	13.38463083478429
16.23	10.87215531663164
16.24	14.604684360376215
16.25	13.41397928351541
16.26	16.271118235800813
16.27	15.744582986141054
16.28	16.315359458155154
16.29	17.97429085833066
16.3	20.548010057772007
16.31	21.253484399484734
16.32	22.95690218782709
16.33	21.874470292259506
16.34	19.018216945941738
16.35	21.833644280786487
16.36	22.051616542700692
16.37	20.84593588621461
16.38	24.068253229016566
16.39	26.337672393628353
16.4	26.210236560700828
16.41	23.88672965371323
16.42	24.898319242710595
16.43	24.825237168805405
16.44	27.842184463307788
16.45	23.724833839974192
16.46	25.205173206341822
16.47	28.098513978432432
16.48	27.923165035303363
16.49	28.689995558024503
16.5	25.52379958949888
16.51	26.13641472861607
16.52	28.600086524614856
16.53	27.57636267513562
16.54	29.11865960215748
16.55	25.438205692793147
16.56	26.96066722364833
16.57	25.16845840545388
16.58	31.172411316205274
16.59	28.730661670605496
16.6	28.25061204209905
16.61	29.152861758308994
16.62	29.661513075673508
16.63	27.994992558222897
16.64	24.349916154041654
16.65	28.823396655056545
16.66	28.848659992786033
16.67	26.685226813011507
16.68	25.81069331165764
16.69	25.787272064245784
16.7	26.399348344217408
16.71	25.819311275038814
16.72	28.307260032956904
16.73	26.857496709222012
16.74	25.271302376680826
16.75	24.734934817561165
16.76	26.482401298212544
16.77	23.458664599877096
16.78	21.945425671512368
16.79	19.683051304464847
16.8	23.931330438878348
16.81	20.409866592231463
16.82	19.437441410402517
16.83	19.922416847313606
16.84	20.93974566789587
16.85	18.654669171719153
16.86	21.295054112900843
16.87	17.769901307051608
16.88	16.32035499230196
16.89	17.65970063249905
16.9	13.783022364470188
16.91	16.197229692841766
16.92	18.903020169882662
16.93	16.674039343825864
16.94	12.630856587511248
16.95	11.405003556133094
16.96	13.157688916568334
16.97	14.263371662933459
16.98	10.348060744384208
16.99	13.30719740010269
17.0	12.12648511542532
17.01	9.747178236877634
17.02	10.561148327377149
17.03	8.179310729880502
17.04	7.102094389624278
17.05	8.730209978040548
17.06	7.1514425367003165
17.07	11.924721501872888
17.08	7.651837933673929
17.09	3.7990282412295837
17.1	5.594601001242871
17.11	6.204365655586671
17.12	6.725364210247232
17.13	8.034187969555909
17.14	5.016469322354632
17.15	6.1567144671029315
17.16	5.296111593041273
17.17	2.078458287763448
17.18	2.580783948615338
17.19	2.013343564136386
17.2	3.7507026013304676
17.21	2.8920427806698963
17.22	3.965222261506807
17.23	4.036422547191365
17.24	2.1602203093877996
17.25	5.513410950909774
17.26	3.4644964770865907
17.27	3.8135708499061804
17.28	6.663778570471651
17.29	4.51497818740838
17.3	3.133805154237082
17.31	1.4829992399257996
17.32	3.6089740989522827
17.33	9.208604455914188
17.34	2.815578135887644
17.35	5.273668533526216
17.36	5.171054836952223
17.37	9.530004236629772
17.38	4.804339340341867
17.39	4.755497496250274
17.4	6.597258873748737
17.41	8.298519399681279
17.42	9.588874170383788
17.43	6.995912599327332
17.44	8.109729283617746
17.45	8.812442140331976
17.46	10.570570512536245
17.47	9.167837575370946
17.48	9.599848680895372
17.49	12.179002120936428
17.5	12.094411351158705
17.51	12.560296902651608
17.52	14.65993581995842
17.53	14.3373852075672
17.54	12.322441545435044
17.55	14.157299956905534
17.56	17.048762516439808
17.57	19.064685655907574
17.58	17.705564767156524
17.59	20.22825886253176
17.6	20.390225011096003
17.61	16.851474084482668
17.62	19.69726567723881
17.63	21.50731238266315
17.64	19.93228960745703
17.65	23.479078322427643
17.66	22.459208818137967
17.67	24.954898947422315
17.68	26.042651692112422
17.69	22.806840957012394
17.7	25.529320084936103
17.71	24.489371067104784
17.72	26.17128797070995
17.73	26.116461142383955
17.74	25.370614663982494
17.75	28.676015939367737
17.76	27.187958872709764
17.77	27.37261070788612
17.78	27.421677589275788
17.79	24.478383032239496
17.8	26.706989256257927
17.81	26.095439294921647
17.82	30.023778970216064
17.83	25.801173790352838
17.84	29.41006765823759
17.85	28.468845689132774
17.86	27.96088054797274
17.87	23.695578839269448
17.88	28.081671466880355
17.89	26.325164463416804
17.9	25.74022815917214
17.91	25.993475211362366
17.92	25.120059990124087
17.93	27.800582961499604
17.94	27.18773081603858
17.95	23.975596895983273
17.96	25.36320160457353
17.97	24.988048388899614
17.98	26.45545454320818
17.99	24.572389637095487
18.0	23.512017162466552
18.01	20.994101651822017
18.02	20.40793923629303
18.03	20.85725512391384
18.04	21.892558658636
18.05	21.243308236228522
18.06	18.928537972965067
18.07	19.565493569117862
18.08	19.131244426716275
18.09	15.962843051861087
18.1	16.90014884471507
18.11	16.185206510764473
18.12	16.15650421701217
18.13	12.532661151246439
18.14	14.231310951328908
18.15	12.807875596322493
18.16	11.196956721267359
18.17	12.340587183715954
18.18	9.534499704101751
18.19	8.645912484482032
18.2	12.522630471802104
18.21	5.672571620225693
18.22	9.87424754142703
18.23	7.980810008842325
18.24	9.552388471235023
18.25	6.886618108043457
18.26	7.938452942248163
18.27	4.98432923948038
18.28	6.823034304716467
18.29	7.962860279619445
18.3	1.9164622727521183
18.31	4.158970463191322
18.32	4.099009118304092
18.33	6.543385921983286
18.34	4.731104888850067
18.35	4.883371979791145
18.36	4.058465846737013
18.37	2.541157573066842
18.38	2.1769762274889026
18.39	5.822275155772017
18.4	1.8750031597717753
18.41	4.092532954317505
18.42	6.049684047560158
18.43	1.5800394948131298
18.44	3.5878473987683295
18.45	4.922018737206025
18.46	5.35012547581362
18.47	3.558166104099478
18.48	3.6494496989333953
18.49	3.988870648341327
18.5	4.093612058621593
18.51	5.8377340063694865
18.52	5.230937472711916
18.53	3.4845841124586774
18.54	2.6752758263875585
18.55	3.506157680576736
18.56	6.536825724332153
18.57	9.708853805687221
18.58	6.094308628239573
18.59	8.654243644028728
18.6	5.963699438618686
18.61	9.925668585018627
18.62	7.666738531883519
18.63	7.027145503101199
18.64	11.578817418256122
18.65	10.346525213849805
18.66	12.597443660336543
18.67	9.185263077880787
18.68	13.799013182111356
18.69	14.806818465358072
18.7	14.986929679110581
18.71	13.626775107949566
18.72	17.467788213834368
18.73	18.796369825661436
18.74	17.623010761501497
18.75	17.934273477113496
18.76	15.658780854443789
18.77	16.833945511872457
18.78	19.532969226195718
18.79	22.80480943074071
18.8	21.64005595195548
18.81	21.6193393113822
18.82	24.497160639592053
18.83	23.312580904220376
18.84	25.760253786167027
18.85	23.08654690466502
18.86	23.391276416395787
18.87	25.400345671515268
18.88	24.724517073085956
18.89	25.386292765165813
18.9	26.48682199085495
18.91	25.797349490791813
18.92	26.768510670996694
18.93	27.329527265421227
18.94	25.648756316326736
18.95	24.905667887171766
18.96	24.74378315242141
18.97	28.02714963496538
18.98	24.54855311499635
18.99	28.490960981831464
19.0	27.015971662747233
19.01	29.438590095705177
19.02	30.14387306612987
19.03	26.608338621335214
19.04	25.423442407904727
19.05	28.123698684142422
19.06	28.296863720815224
19.07	25.90997831111259
19.08	29.13501114307262
19.09	27.2959659675308
19.1	25.60625962539143
19.11	28.76879013089134
19.12	25.069765495903066
19.13	29.673144099432562
19.14	25.668856875198124
19.15	23.21002381618191
19.16	25.300606583616847
19.17	24.757054295322448
19.18	25.552852171344075
19.19	23.11580604081455
19.2	22.541699852008517
19.21	21.908131853847618
19.22	24.807567102650065
19.23	23.373422485394197
19.24	21.577280524170227
19.25	24.18911383946044
19.26	16.955923679813033
19.27	20.23124657056837
19.28	16.598193519580043
19.29	16.237819913749814
19.3	17.16333106102398
19.31	16.636483738350936
19.32	14.21703058537887
19.33	15.548828832969814
19.34	14.154935074884648
19.35	8.99682085477977
19.36	13.836809616407573
19.37	12.04149390098327
19.38	12.138370219575105
19.39	8.322553451255022
19.4	8.140053567672755
19.41	9.45614970714473
19.42	7.604398663252618
19.43	7.4789536991648315
19.44	4.650283815580945
19.45	6.497729724399867
19.46	6.691570593645568
19.47	4.9000333108407075
19.48	4.093468844622076
19.49	2.874012018913148
19.5	4.694528688139322
19.51	5.649888510179647
19.52	-0.19984340942337564
19.53	1.3026750204757909
19.54	1.7650609599287121
19.55	0.38408637617502217
19.56	1.8887830909839112
19.57	2.1908051809723488
19.58	1.2999494097930167
19.59	0.6599431125857074
19.6	-1.6131494687689314
19.61	2.0964333110965265
19.62	3.331306213005893
19.63	1.876102915801344
19.64	-1.1538507627256545
19.65	-0.30418995988800795
19.66	0.6835040493197037
19.67	2.1227081990942356
19.68	-0.08263006837808107
19.69	0.1352480542256191
19.7	-1.2456847448992174
19.71	0.5422055023327977
19.72	3.0492467220264867
19.73	1.199042726409443
19.74	1.167989374256074
19.75	-2.808087986072638
19.76	-0.09920830549081283
19.77	0.8266387806312244
19.78	0.4669253910107771
19.79	2.30313864853962
19.8	3.0816581406973147
19.81	0.19934334646481933
19.82	0.8461570725544474
19.83	3.807763856222514
19.84	2.58609917920986
19.85	1.3078433739645248
19.86	5.564283130375497
19.87	3.2112607974046425
19.88	4.012777622484167
19.89	3.284713020408593
19.9	5.507357393598826
19.91	3.219277131337017
19.92	5.87437816748188
19.93	5.784745554857561
19.94	8.784249253280624
19.95	8.000176051273135
19.96	8.434028220087976
19.97	11.57668755833159
19.98	12.1814258037815
19.99	9.578874068299193
20.0	11.948428949002182
