10.01	9.81476362565307
10.02	9.429108926327935
10.03	7.620850783416605
10.04	9.068594095819597
10.05	6.119988520137363
10.06	7.951562921070289
10.07	7.826681268833812
10.08	5.849726608554034
10.09	4.998268856634383
10.1	6.08457791013486
10.11	3.7671611752384684
10.12	4.804477362059481
10.13	4.42035830384586
10.14	5.958365250972083
10.15	5.193374997708114
10.16	5.57234096771907
10.17	4.70864162709811
10.18	4.528905110639082
10.19	3.7517261799236996
10.2	2.540958797345992
10.21	3.3227247066402192
10.22	3.395660126277591
10.23	2.6910288556410493
10.24	5.2430262149505
10.25	2.267553682693812
10.26	3.8832506917317646
10.27	2.5305289291113775
10.28	4.089205018933326
10.29	0.9641850246316754
10.3	2.82218424571466
10.31	2.0062766327968475
10.32	0.4521857690116857
10.33	3.280870660463523
10.34	4.602500648866416
10.35	1.5963701266050534
10.36	2.0841085866131595
10.37	3.4390600679511683
10.38	2.056606249587932
10.39	4.627436802426387
10.4	1.8297381383934932
10.41	1.7072431879361876
10.42	4.680346756715119
10.43	2.978361682099239
10.44	4.009242552012962
10.45	2.0609363320335072
10.46	5.771367636659474
10.47	7.244404350099572
10.48	7.304028297598107
10.49	4.480906653115797
10.5	9.162352454040272
10.51	8.56345457238393
10.52	6.040941597895187
10.53	4.840437014811749
10.54	7.772515208516587
10.55	8.083269868512437
10.56	9.340961296130052
10.57	10.660425939064279
10.58	9.889586720569719
10.59	11.317706172337784
10.6	7.488883791662204
10.61	14.67237928860683
10.62	11.047585130364073
10.63	10.690014052705553
10.64	12.399076596331337
10.65	9.935928961890983
10.66	14.355088300715789
10.67	14.290521743291844
10.68	13.39515556671825
10.69	8.968604163701631
10.7	11.952698377330469
10.71	12.075480972403687
10.72	14.369082339185258
10.73	5.7492812775493904
10.74	12.736416362141533
10.75	12.66073644660655
10.76	10.301414875767168
10.77	10.315648139461167
10.78	9.641497965297757
10.79	10.776804165878346
10.8	11.213368650273964
10.81	9.218729618926968
10.82	8.308284781526547
10.83	8.244420751552287
10.84	6.62989268238157
10.85	7.1360506863794315
10.86	7.397491740851777
10.87	7.645570297247171
10.88	9.329788581390972
10.89	6.318357416405738
10.9	7.328575737607998
10.91	4.999078538997234
10.92	5.34946929201316
10.93	4.860577956682553
10.94	8.370925143868856
10.95	7.354795885537942
10.96	4.723208750661124
10.97	6.960641979574012
10.98	4.683110795819873
10.99	4.862170381606386
11.0	3.0924612699493528
11.01	2.9618275438185266
11.02	3.669954523040795
11.03	1.6378417081608845
11.04	4.171525197247989
11.05	3.4849280041306905
11.06	3.3198658599540876
11.07	3.2143266887409343
11.08	2.1019210372298156
11.09	3.5372678547912195
11.1	2.7989726650111737
11.11	1.9714414400062976
11.12	2.445684718228158
11.13	3.85260683481042
11.14	3.441506481834236
11.15	1.8715636572144712
11.16	5.5891358486380245
11.17	2.5864432118076364
11.18	2.3186395315929738
11.19	2.3030962299963393
11.2	4.597651966163779
11.21	3.074403387398802
11.22	2.626433242089645
11.23	7.7299127015857865
11.24	5.284393980520778
11.25	8.490080401105658
11.26	7.060732036845148
11.27	6.664948240772809
11.28	5.544292800647725
11.29	7.341792553460938
11.3	7.839506703604849
11.31	8.007185203854622
11.32	9.633517178952324
11.33	11.16681980995735
11.34	11.931421840702583
11.35	13.356359105781733
11.36	11.711697708523959
11.37	13.63662174206118
11.38	11.794724703221481
11.39	13.150241440060118
11.4	11.78982343591032
11.41	11.66946304626228
11.42	13.992050932409157
11.43	11.723877222263189
11.44	11.889308588786081
11.45	10.430346273423268
11.46	12.755695724523566
11.47	11.887600856471277
11.48	11.06793075772689
11.49	13.75561953915413
11.5	14.190571241278272
11.51	10.584844900214064
11.52	10.762600141835646
11.53	11.960750603089629
11.54	11.472907435204114
11.55	13.541100348297565
11.56	10.097362695217525
11.57	11.511857039102846
11.58	9.206315246439306
11.59	10.92831159217409
11.6	7.4457286370019276
11.61	7.584412524177428
11.62	8.805328008908546
11.63	8.826469008322457
11.64	3.013450428729235
11.65	7.14693902363085
11.66	4.63623744508497
11.67	5.620515933722314
11.68	5.89489880207085
11.69	5.215911444956482
11.7	6.231851704282693
11.71	3.3663840066787323
11.72	3.116342397327125
11.73	5.7035493166712
11.74	2.6825758339035652
11.75	1.2845307948390952
11.76	3.037832983514665
11.77	2.2617299748514506
11.78	1.5203250862725408
11.79	0.6927013425963142
11.8	2.683876183108913
11.81	0.18517882125898
11.82	-0.9374694200829239
11.83	-1.0921892339728436
11.84	0.48383103416186857
11.85	1.6019447695495397
11.86	1.1266110212323097
11.87	0.3016070561205868
11.88	0.8679786443647479
11.89	4.709850134442543
11.9	2.134243814467945
11.91	1.551582531472628
11.92	2.9511348692630204
11.93	0.9782503925430301
11.94	1.3435000069955545
11.95	1.2974990858157311
11.96	1.5716355360275522
11.97	3.036781290066335
11.98	1.2694611657645574
11.99	2.6125350053822967
12.0	2.8563783535466896
12.01	4.9637627898200165
12.02	4.484034332275404
12.03	4.91204638382136
12.04	3.6982248380110923
12.05	3.792834351844901
12.06	4.9156351358909465
12.07	7.322035640414236
12.08	5.725210709668559
12.09	8.751075943413372
12.1	7.627254728429043
12.11	7.249126644588793
12.12	9.282368627806967
12.13	9.532839181730328
12.14	9.743113971352518
12.15	9.176716082018162
12.16	7.8202108082364195
12.17	10.017999611057158
12.18	11.874225114154353
12.19	8.481501542431786
12.2	11.83358314723316
12.21	11.021082955446268
12.22	11.823565330375303
12.23	8.854518769691968
12.24	11.550772130101834
12.25	9.076243841577087
12.26	9.622559450408216
12.27	10.603445967387138
12.28	8.342335006109177
12.29	9.41846192755687
12.3	11.386675252346928
12.31	7.5325875803963775
12.32	7.608897475425953
12.33	9.443894447713229
12.34	5.674395630190508
12.35	8.384019116042655
12.36	5.154122601748983
12.37	8.162460939616217
12.38	6.929071376737591
12.39	6.528519657126533
12.4	6.444160264536554
12.41	7.858293640878868
12.42	6.516300662025126
12.43	3.7671114938136414
12.44	7.624694253917058
12.45	0.32946281035324754
12.46	6.108154724531801
12.47	2.2737618173658545
12.48	0.8586309346918048
12.49	3.458862015592166
12.5	2.870279497838955
12.51	0.021487529026059216
12.52	0.7421025934847058
12.53	2.4136595037002633
12.54	1.8580122507563508
12.55	0.8060545352758787
12.56	2.0688758268990375
12.57	2.6934559437079386
12.58	3.2229240085505824
12.59	2.5245394310166756
12.6	2.1520943156924104
12.61	-0.8244038520933364
12.62	2.639916785839468
12.63	-0.06667255032778072
12.64	-2.4248840301317065
12.65	3.8117645459752167
12.66	0.7331391758633312
12.67	0.790393072986154
12.68	-0.9423902855495792
12.69	1.7296706057557065
12.7	-0.7727299778125608
12.71	1.05387526746244
12.72	1.6472190058275815
12.73	2.122915095463329
12.74	0.839573560658176
12.75	3.4290041243789195
12.76	-0.9410555975467929
12.77	4.316507162042219
12.78	4.284831628853847
12.79	2.5428332766643154
12.8	4.546159600210167
12.81	4.1867236810904815
12.82	4.1744230026468685
12.83	6.519529886060578
12.84	7.286306799121639
12.85	3.1151663212189025
12.86	5.286797167523314
12.87	6.701889274911511
12.88	7.562716209654854
12.89	5.369491376822937
12.9	8.42803370926287
12.91	9.32146557922387
12.92	8.511933240545147
12.93	3.5329760185490917
12.94	9.660457972412935
12.95	8.037190256082235
12.96	9.791583700270468
12.97	7.874312628933258
12.98	9.694686856245099
12.99	10.710268321265701
13.0	10.755320932384539
13.01	10.629249072650811
13.02	8.712539150020437
13.03	10.970134132231125
13.04	8.0453876684084
13.05	8.950793032018774
13.06	9.92749567473788
13.07	11.334813372208256
13.08	8.374948605962183
13.09	10.17938160438923
13.1	11.389739563139221
13.11	10.276633052947144
13.12	10.253332428989857
13.13	6.875524558291227
13.14	11.154267235896945
13.15	7.749571341438906
13.16	6.551375837012253
13.17	6.34243992102805
13.18	6.391992239529416
13.19	4.624120265498393
13.2	6.393646485763616
13.21	7.683234279898101
13.22	6.344236391700842
13.23	6.768372179390366
13.24	4.418748584059991
13.25	4.8900308406382145
13.26	3.1021260623208393
13.27	2.030415096650227
13.28	2.982841410310888
13.29	2.9519262578140864
13.3	3.0166854936280565
13.31	1.5660364850405717
13.32	2.5014876157510257
13.33	2.8536410153898752
13.34	2.412428769883643
13.35	3.2755536267397938
13.36	1.525050961685283
13.37	2.5265113553025165
13.38	2.279325225761296
13.39	0.6751723662046971
13.4	2.243804259082901
13.41	3.3632114458043674
13.42	3.4134418939752447
13.43	-0.682183949718558
13.44	1.5640694440552525
13.45	1.9195300198639131
13.46	3.523710585894184
13.47	1.4252477844907592
13.48	2.2647681826913564
13.49	4.628115998391018
13.5	3.7590842938165028
13.51	5.341014073739096
13.52	5.52599620309783
13.53	6.637796452654986
13.54	4.499451503438704
13.55	4.085023423057397
13.56	6.162242723900397
13.57	6.435107483200445
13.58	6.6849910684693015
13.59	6.936986930789021
13.6	5.84707124220919
13.61	4.906329858805071
13.62	7.1979202998983585
13.63	9.445753192677643
13.64	8.178915351832465
13.65	5.719771752566054
13.66	9.677151972951972
13.67	15.781741418591075
13.68	9.948658249638589
13.69	8.753639775334605
13.7	11.441657132280916
13.71	9.940410867826015
13.72	8.1490760474851
13.73	8.975340419113678
13.74	11.11754975521649
13.75	10.162655382421757
13.76	10.704750370502799
13.77	7.049171250170529
13.78	6.106590022171469
13.79	11.84712272110513
13.8	10.046151145784536
13.81	6.930072706376055
13.82	8.509655372988743
13.83	8.93389094632541
13.84	6.767530653477177
13.85	9.701346240916596
13.86	7.350406769987471
13.87	8.158979385147783
13.88	6.599253432419411
13.89	6.96147677079157
13.9	5.179435758705681
13.91	4.434482899320983
13.92	5.070143588810033
13.93	5.369160824633859
13.94	4.5998073363229866
13.95	7.8203288391149695
13.96	5.8441836921225265
13.97	4.0441371500276295
13.98	3.2618144973083476
13.99	5.752407537640705
14.0	2.564888904383072
14.01	2.310880754930535
14.02	2.9657909521090042
14.03	3.087949381135168
14.04	1.9949965997980919
14.05	2.550137827924295
14.06	3.109075658280428
14.07	2.387285640101363
14.08	3.2690588921115524
14.09	0.991025269175899
14.1	2.7058255341091852
14.11	-1.4266759994503915
14.12	0.6359522913873739
14.13	2.3743314424909268
14.14	1.5041777934596143
14.15	-0.6021788920123625
14.16	1.353940372331389
14.17	-1.0540616108232632
14.18	2.3302337752028204
14.19	1.9140682680373615
14.2	1.7386234265323754
14.21	3.0916420247779275
14.22	0.5473672081204897
14.23	3.71230302588393
14.24	4.155483069869771
14.25	2.309817138720124
14.26	4.073511075704282
14.27	3.237665587845213
14.28	3.1229782519927305
14.29	5.271658666612252
14.3	9.961124125111905
14.31	6.682360901560767
14.32	9.01859092583741
14.33	8.126625225382544
14.34	5.359797265710726
14.35	7.265586711214853
14.36	5.171566886663815
14.37	6.687114483461982
14.38	9.3025330457026
14.39	8.225729332158757
14.4	9.716082726635285
14.41	10.708159661235296
14.42	9.726305594935551
14.43	9.327157925852267
14.44	10.145378709655615
14.45	10.204954850039725
14.46	8.955325280332483
14.47	9.389702740141777
14.48	9.257802142940397
14.49	7.151149096407378
14.5	10.170860999396217
14.51	9.71038922549583
14.52	7.804584971157826
14.53	6.566918252470477
14.54	8.366165085538254
14.55	5.265673849428454
14.56	8.454099128887206
14.57	9.115744644318495
14.58	9.184514480121821
14.59	6.798437364105198
14.6	7.393425595211623
14.61	7.306390601747856
14.62	7.06653433804563
14.63	3.349461676088945
14.64	7.995913413702434
14.65	5.691324288768266
14.66	3.743754475146477
14.67	5.462679316041463
14.68	3.374624588288172
14.69	5.302208512321873
14.7	1.048931582706603
14.71	3.9045286674394375
14.72	1.6939481655385293
14.73	1.407571407027119
14.74	-0.39531450853551453
14.75	0.6079563762974858
14.76	1.7915927848328268
14.77	0.5849165822669775
14.78	2.474799563795538
14.79	2.7252045758937986
14.8	-0.18872090443751
14.81	1.4090328360183215
14.82	2.6436826515336493
14.83	3.151690377729321
14.84	2.1798981897909617
14.85	-0.1048229295900911
14.86	0.8374018724533674
14.87	4.392555533909966
14.88	0.4489718375132761
14.89	0.1084727084557704
14.9	4.8385673088120065
14.91	1.8816555897310439
14.92	2.5664481804043335
14.93	4.266361075536336
14.94	4.215370705921197
14.95	5.769181632530143
14.96	3.7034820030276783
14.97	3.5072843695291143
14.98	5.89495870679072
14.99	1.5605821532741717
15.0	3.650103210906887
15.01	7.516842442961803
15.02	7.654949532483914
15.03	6.145671599679828
15.04	6.20763565809128
15.05	7.5117400873773255
15.06	6.877480130308291
15.07	8.472842830743573
15.08	7.100817333719297
15.09	7.527252902953592
15.1	7.459125325906536
15.11	7.076207550212903
15.12	12.87283301707525
15.13	11.643121649522953
15.14	11.302136293830886
15.15	9.232545269846918
15.16	10.764394941184769
15.17	11.308700886681608
15.18	10.297739673073693
15.19	14.668715125054337
15.2	11.18789540593558
15.21	8.534820801890408
15.22	10.983830176952718
15.23	13.848100940270088
15.24	10.033545252407363
15.25	10.553079597296419
15.26	12.25312421258817
15.27	12.840386745769418
15.28	9.648736621295484
15.29	11.364667325513707
15.3	8.120602508574432
15.31	8.331241837446544
15.32	11.870162349325309
15.33	12.786168730591216
15.34	11.612739391836236
15.35	12.07727589499518
15.36	8.99262413767881
15.37	9.473171979663404
15.38	9.493259529123756
15.39	9.682731536981894
15.4	9.982262325157809
15.41	8.624638610230168
15.42	8.56086738912891
15.43	4.140532886915171
15.44	10.066822542602486
15.45	11.286603574480324
15.46	6.933359263228438
15.47	6.754122993324584
15.48	3.402717710000165
15.49	6.243635349841111
15.5	5.643474770583147
15.51	6.055940183804724
15.52	4.43612608425252
15.53	6.564895453334057
15.54	0.9704201394625072
15.55	1.8652859733665712
15.56	2.2232694024621917
15.57	1.5467586680371088
15.58	1.8711714570930542
15.59	2.918236732789392
15.6	-0.8280409023103734
15.61	-1.5388545854698188
15.62	2.1435850244467916
15.63	0.0008349282942995417
15.64	-0.2831527979464047
15.65	1.8513374114350558
15.66	-0.18107652729963664
15.67	0.29790911583633795
15.68	1.959281014901334
15.69	-0.7028052088513342
15.7	-0.9681307095649666
15.71	-3.7122046482567295
15.72	0.30399582904128974
15.73	2.4775069454800076
15.74	1.8785444065577608
15.75	-0.7341017351383737
15.76	2.008126368614225
15.77	1.9401282329992544
15.78	0.3126620939167634
15.79	0.007147695053850711
15.8	0.46083752669648925
15.81	0.9353337827250943
15.82	3.346613071135484
15.83	-0.8079992282320281
15.84	2.829954458301219
15.85	2.1723645725609164
15.86	4.170271144348369
15.87	1.3762115008822517
15.88	2.9982854423385774
15.89	4.326402733896956
15.9	2.9279353104995294
15.91	1.812649798815856
15.92	6.009030244112909
15.93	9.574452223687336
15.94	7.726412287146451
15.95	5.339932195703485
15.96	7.7634746460842425
15.97	9.056882592921902
15.98	6.787665667493617
15.99	7.213644198865956
16.0	10.793032800362933
16.01	8.761131354308173
16.02	7.909779171801944
16.03	10.782738162558584
16.04	9.548610401245881
16.05	8.464260201756845
16.06	8.660165656547914
16.07	8.898155789013805
16.08	10.018952380556357
16.09	8.379763481424447
16.1	8.216371046223921
16.11	8.466711500301848
16.12	8.2301908001528
16.13	8.399353024789669
16.14	8.887340680579948
16.15	8.307715193231573
16.16	9.431430495172938
16.17	9.235866708476479
16.18	7.784323311826215
16.19	11.086111647937223
16.2	6.696214160699813
16.21	6.997650020611227
16.22	9.037480745924531
16.23	4.243560907584475
16.24	5.462928159327361
16.25	3.986539177163188
16.26	5.162218096402615
16.27	7.770166867426392
16.28	5.405914296913597
16.29	4.315006294448899
16.3	2.651299959820481
16.31	4.213940388306495
16.32	3.1998990172216777
16.33	4.8178822347642285
16.34	4.564355678349296
16.35	1.522867003372165
16.36	0.8675413073183869
16.37	2.3827889367825286
16.38	2.7554508183783355
16.39	3.5247076814799447
16.4	3.0577394546446697
16.41	1.2321811615035148
16.42	2.221097298897016
16.43	-2.4662222861925613
16.44	1.9964416415128539
16.45	2.9256473335466455
16.46	1.0747989676215337
16.47	1.5351181609626847
16.48	1.271746030827475
16.49	1.3884129810013723
16.5	2.2054655635835525
16.51	-0.10133514613411654
16.52	2.5489647628784837
16.53	1.54416790885316
16.54	1.2165500176673576
16.55	2.790464365494105
16.56	2.2773763495304684
16.57	2.0681327331923125
16.58	2.299522078513169
16.59	2.50440976417977
16.6	4.262632935798366
16.61	2.3373858879772427
16.62	3.135906242112177
16.63	4.29135426196293
16.64	5.468433619254699
16.65	3.7956351384121674
16.66	8.803880132118321
16.67	5.036071235401842
16.68	8.531255399454638
16.69	9.05480186665589
16.7	6.914677841360458
16.71	7.645304785127265
16.72	9.091818851777651
16.73	7.83919563807857
16.74	9.148201114405976
16.75	9.635269378311161
16.76	8.952434807752908
16.77	11.743322557149616
16.78	9.812659844211616
16.79	10.009934905277918
16.8	8.800458802832475
16.81	10.51631099796243
16.82	10.45173339308461
16.83	11.842481988514802
16.84	10.099383344387192
16.85	9.063787076061777
16.86	9.724752882293595
16.87	9.13362889293703
16.88	10.197319907930526
16.89	9.004606709456622
16.9	10.454370889211466
16.91	9.15834823573582
16.92	10.584564987735677
16.93	11.532810055464935
16.94	8.320750014742927
16.95	11.3433663315621
16.96	6.162280337658524
16.97	6.959141069075916
16.98	4.866557050097155
16.99	7.896125004808
17.0	6.176618173773149
17.01	8.817284020478764
17.02	7.173864661060918
17.03	5.171026446695054
17.04	6.958859471979324
17.05	4.40215663569678
17.06	3.6427545773794847
17.07	3.637198793549557
17.08	2.077245437663108
17.09	6.588837173694605
17.1	1.9180166023063971
17.11	2.568716420701332
17.12	0.9464572283138315
17.13	1.8717958546019098
17.14	4.898741694031743
17.15	0.007766611992807704
17.16	0.1835502045715396
17.17	2.02011876990559
17.18	3.849839495073275
17.19	1.2049776896832087
17.2	3.6442498394508793
17.21	1.1648696567568728
17.22	3.193007836030845
17.23	4.763210588254298
17.24	4.451615859043679
17.25	3.804427997554015
17.26	4.5766964432281805
17.27	3.5169213307269542
17.28	3.657569223947158
17.29	3.738716207831531
17.3	1.6093974889193752
17.31	2.636179283144135
17.32	4.802049648652261
17.33	2.0480714377740004
17.34	5.431795459436835
17.35	6.09079520106029
17.36	6.850249249813707
17.37	3.6505373452539627
17.38	6.6497722053867925
17.39	6.257592887137684
17.4	6.45871269023394
17.41	8.90612801395811
17.42	10.48145684612829
17.43	7.679370020584922
17.44	5.688694322592344
17.45	6.828082672474174
17.46	8.918685780735505
17.47	10.91661369575359
17.48	7.963433246052232
17.49	8.979949507759741
17.5	10.471554277759429
17.51	10.936992943955191
17.52	9.303582724979417
17.53	10.983564704753933
17.54	10.384673818444808
17.55	10.846049175784461
17.56	9.80214107585966
17.57	9.79330832536721
17.58	11.064354272677122
17.59	10.707875502097016
17.6	7.895277266653546
17.61	10.537943339340135
17.62	9.443489057668195
17.63	10.433801406427124
17.64	7.565124485125908
17.65	9.487569801602865
17.66	12.387440767382735
17.67	8.578742288625214
17.68	6.845689474212828
17.69	4.7105864053934745
17.7	8.227908545312083
17.71	4.54706717237091
17.72	4.962116541204319
17.73	8.824753897354492
17.74	4.478001864136012
17.75	4.69508258643827
17.76	3.475587960532991
17.77	4.586713333080167
17.78	4.4293959458230034
17.79	4.341250540888878
17.8	3.6798268798844855
17.81	3.2162100870870396
17.82	0.5560891760526936
17.83	-0.07921447654113756
17.84	2.6558699968768
17.85	-0.17671391664803737
17.86	1.8624625397788068
17.87	1.7146884581093562
17.88	-0.3074197815784998
17.89	1.2527365649815083
17.9	1.3093859721250543
17.91	3.026252841787407
17.92	2.4752372473352735
17.93	-1.2369619056238785
17.94	-0.6445661372873797
17.95	-0.2601011097974766
17.96	1.999105797736192
17.97	2.4997580152322136
17.98	0.5956545871836365
17.99	0.9504741845063687
18.0	0.35894763691105136
18.01	1.1117423471056636
18.02	2.1084338458469314
18.03	3.068401878478479
18.04	1.434395418183968
18.05	1.884127030069246
18.06	5.684862950056857
18.07	1.7414711129172338
18.08	2.662515812346657
18.09	4.283258954281514
18.1	1.1364292327767762
18.11	2.30556002825376
18.12	9.23991698959081
18.13	8.372128239749076
18.14	6.775151003734751
18.15	6.804326564133042
18.16	5.579611432163751
18.17	8.703153918824926
18.18	4.294232476699164
18.19	8.241433152486929
18.2	8.948822311827993
18.21	9.280516949473878
18.22	6.589165325937469
18.23	9.190150325256782
18.24	9.689083751349186
18.25	9.735481053137475
18.26	7.929618543321046
18.27	5.263897055209689
18.28	9.90243118594589
18.29	10.268621939731931
18.3	6.852708389617579
18.31	6.5214084824129035
18.32	10.18511615088372
18.33	6.303209863817658
18.34	10.828739653466751
18.35	7.775274063254836
18.36	7.914905609484047
18.37	10.258301126402921
18.38	9.331316952345684
18.39	6.7560387106773785
18.4	7.784950140581677
18.41	7.814541312104765
18.42	7.3881223769938815
18.43	7.476115733619409
18.44	8.224883249597665
18.45	6.683971407863477
18.46	3.5179171577576493
18.47	4.6248427198346285
18.48	4.797313878277841
18.49	4.504421009902109
18.5	2.3369543254043723
18.51	2.173637896124883
18.52	3.797175243418401
18.53	2.813984028226993
18.54	4.040386182794424
18.55	2.0042710092972045
18.56	1.1150597630146855
18.57	-0.26105646690298556
18.58	-0.154036666163617
18.59	1.4866512890241412
18.6	-0.7766199628461774
18.61	0.7428348563178326
18.62	0.27055005316698233
18.63	1.67559381364488
18.64	2.0159740142680196
18.65	-1.8474735678597258
18.66	-0.454116399583986
18.67	1.9416763982179535
18.68	-0.24026875193759611
18.69	2.3161340092866394
18.7	1.0804790560475033
18.71	0.631862156755822
18.72	0.5591657687334465
18.73	-0.8563678350154871
18.74	-0.16216473897481865
18.75	-0.45255017541677445
18.76	0.6829147917574361
18.77	2.057160433037108
18.78	2.5785455491112996
18.79	3.452147884416386
18.8	2.494984606372396
18.81	5.068105770499636
18.82	6.230219288270133
18.83	3.45186599595644
18.84	5.371526953791973
18.85	5.006533288336896
18.86	3.5762539835264953
18.87	7.004071537566137
18.88	5.648075094409916
18.89	4.994409204565287
18.9	8.606940352128689
18.91	6.730362493742307
18.92	9.125657620668091
18.93	7.270441515963211
18.94	10.399875592413977
18.95	8.520733428449683
18.96	6.924674942799648
18.97	10.05051059026952
18.98	9.140936345883558
18.99	7.420506238511343
19.0	8.665674175522932
19.01	8.188341412085927
19.02	12.245640260948466
19.03	12.932900704603277
19.04	11.93354763876461
19.05	8.31028112316374
19.06	7.670825786084253
19.07	11.47577243045606
19.08	8.409439997254742
19.09	6.886037383617465
19.1	5.399630212876818
19.11	10.242915004585448
19.12	8.237811507911356
19.13	11.921784551276449
19.14	9.705090046062201
19.15	11.55045825707102
19.16	10.53351434266245
19.17	6.887986428508216
19.18	9.309589519497434
19.19	6.321832021185481
19.2	10.005540884926187
19.21	6.780600890401079
19.22	5.900194404565507
19.23	8.076960640886783
19.24	5.36132616150887
19.25	5.969345953035334
19.26	8.768466583402638
19.27	4.721755869704307
19.28	5.129808397403998
19.29	7.321822334282249
19.3	4.496551059156924
19.31	5.294255048845152
19.32	5.088055742357332
19.33	0.5642583087621493
19.34	4.4256790458309565
19.35	3.136611432670723
19.36	3.9440843692316716
19.37	2.2146099446896965
19.38	3.9003050891135462
19.39	1.9099562024874546
19.4	6.324695592833864
19.41	3.1534025827068577
19.42	3.966988875717794
19.43	0.9132466466941613
19.44	2.6689792836762165
19.45	0.3576099491579261
19.46	4.388842213461179
19.47	1.9772484067451421
19.48	3.47603682303469
19.49	3.4770520657900104
19.5	5.912066590326708
19.51	1.5888533282910133
19.52	0.7613451071478137
19.53	3.372254503186264
19.54	4.18483720717383
19.55	4.046786426375978
19.56	4.213813937658172
19.57	6.602543011071946
19.58	4.208419115855995
19.59	6.548682086288251
19.6	5.395452321710213
19.61	4.517736956378174
19.62	9.063816832652519
19.63	5.810627571445966
19.64	9.372025385174135
19.65	6.818683756941587
19.66	8.239281903283704
19.67	8.906124000326239
19.68	8.84105143258218
19.69	10.616654962955835
19.7	7.983596287393668
19.71	9.73707428727282
19.72	8.888907232224836
19.73	7.835236438290388
19.74	11.741186808617949
19.75	12.01368654378054
19.76	11.501099933661822
19.77	8.799444691238548
19.78	12.518033786785299
19.79	11.59529175190205
19.8	10.231386046955333
19.81	12.94452457000032
19.82	11.523759635093592
19.83	11.437406869516069
19.84	11.453294251337736
19.85	12.00678041383219
19.86	13.614384283686897
19.87	8.291074223485133
19.88	12.742744090537407
19.89	7.748633712089257
19.9	12.666498990645357
19.91	9.689207962262007
19.92	12.435397466944721
19.93	10.172309346283086
19.94	9.513234403681038
19.95	8.501027702217412
19.96	8.153694924954406
19.97	10.232445335737127
19.98	5.91488333775942
19.99	6.366945558744076
20.0	8.578987195393244
