10.01	29.413885663419684
10.02	29.673840480641264
10.03	27.411046786052594
10.04	27.052670797325277
10.05	27.93522162534646
10.06	28.90333712922108
10.07	27.602859035023016
10.08	28.55778599606639
10.09	26.16521067768462
10.1	22.094026893697333
10.11	25.849789630264365
10.12	24.563608531858023
10.13	24.45379159133794
10.14	26.084994496240913
10.15	20.570195632623125
10.16	21.075180588955178
10.17	20.71582684348805
10.18	18.536617749515234
10.19	18.242661208051082
10.2	15.660044299797246
10.21	15.418578186309118
10.22	14.379099334094285
10.23	15.064853429331086
10.24	13.4798233742805
10.25	11.247665998464395
10.26	12.395676748944792
10.27	10.712292353031497
10.28	13.113788355904926
10.29	10.646048265802236
10.3	12.700698089025861
10.31	9.284304224853592
10.32	8.281879115350232
10.33	7.358926414664064
10.34	4.701251962624692
10.35	7.560583666930052
10.36	8.354136133975693
10.37	5.288067557306431
10.38	7.996048081789759
10.39	5.909655088356884
10.4	4.107760136299389
10.41	5.209832687244672
10.42	5.007853894373967
10.43	4.037798206497652
10.44	1.3169325499985636
10.45	3.577511857412523
10.46	3.4121396036640883
10.47	2.7652461761063902
10.48	4.889815269277337
10.49	2.553033155708217
10.5	3.2306386947574763
10.51	6.5440355061296
10.52	0.9185341417665152
10.53	3.854225442649184
10.54	3.72869911597398
10.55	3.8401150741421497
10.56	4.107689529271206
10.57	7.621329445308859
10.58	7.706668753633075
10.59	2.8055812214756273
10.6	3.6326631354718417
10.61	4.8155336458389755
10.62	4.893647015847108
10.63	5.005173337734864
10.64	3.8343099751504126
10.65	5.443168314827541
10.66	6.182614072929527
10.67	5.3416792850965615
10.68	9.661323821702782
10.69	8.399192403830126
10.7	7.7048339541517485
10.71	8.53879543423741
10.72	8.44463455867902
10.73	9.87575952110503
10.74	10.770692577838947
10.75	13.281688435227215
10.76	12.962727548378862
10.77	12.121038879513936
10.78	13.000278010723875
10.79	16.894377248611693
10.8	16.50473139407147
10.81	17.259125124535462
10.82	16.38298744320753
10.83	18.778420260454126
10.84	19.05995306613681
10.85	18.931948477273473
10.86	21.99165976314147
10.87	19.488300143530136
10.88	19.106855171601058
10.89	22.924164041988114
10.9	26.367800579081525
10.91	23.903096740880947
10.92	24.47936842499293
10.93	24.61351364459158
10.94	25.99105049694883
10.95	25.37368188025781
10.96	26.556221464897646
10.97	28.633963474618742
10.98	29.12509949095138
10.99	25.472433645570668
11.0	28.66258597684093
11.01	28.69597123570477
11.02	31.878256603123862
11.03	28.451012983823123
11.04	28.927102809031204
11.05	29.943075076094914
11.06	31.46915327161915
11.07	31.841297456688913
11.08	29.88074374996395
11.09	29.055041289576373
11.1	32.201584530129836
11.11	27.382560472636907
11.12	33.4543717533671
11.13	32.86394070860986
11.14	32.351709845718105
11.15	29.122275000118194
11.16	33.07405004394382
11.17	25.879834812008426
11.18	32.24743934997453
11.19	29.7144281372934
11.2	27.364804582830473
11.21	26.412726383983248
11.22	30.974102569191913
11.23	26.12960019200982
11.24	29.63982805907937
11.25	27.21681064992635
11.26	25.526804285315574
11.27	28.14620877881667
11.28	28.0602052762685
11.29	26.757006037168754
11.3	21.65645274550472
11.31	22.14219392492084
11.32	22.02079043621064
11.33	22.20188093726023
11.34	20.87469384529019
11.35	19.861185653101543
11.36	19.59789421200788
11.37	18.518158819732378
11.38	15.874877986799637
11.39	17.901851608559344
11.4	16.81011585093302
11.41	17.128926912541694
11.42	14.779655360109723
11.43	13.039936243976873
11.44	12.309598772506872
11.45	14.49155359103511
11.46	14.298851606210375
11.47	8.942962161052982
11.48	10.426510697272084
11.49	11.913459063599724
11.5	10.112339368360074
11.51	7.752764650026106
11.52	6.705161367896508
11.53	7.383871045320738
11.54	6.376110580071553
11.55	7.1893741087651915
11.56	5.9073908966565
11.57	7.000335641639159
11.58	6.1341924558035466
11.59	3.312248908374625
11.6	2.5455196504913964
11.61	4.417448931353823
11.62	2.047453373045516
11.63	1.9415220571626464
11.64	3.3572886637657784
11.65	2.910784096697474
11.66	3.695741816432302
11.67	2.364090973308711
11.68	3.269630609354522
11.69	0.9813220181153348
11.7	2.042926921885907
11.71	2.0635438571447677
11.72	0.13200507470940304
11.73	2.6435385286560282
11.74	1.2291597051365828
11.75	0.9612416713430091
11.76	1.8456283044223523
11.77	0.7623167682967631
11.78	1.8776294623717493
11.79	-2.27165688929351
11.8	1.323137825314515
11.81	0.43902826226432795
11.82	-1.6476340694795069
11.83	2.9487476748129255
11.84	2.694852449083003
11.85	0.5744225939303602
11.86	0.2505287472306812
11.87	-0.5604341422574026
11.88	1.7862836353510814
11.89	0.9008216552201347
11.9	0.8861039182510475
11.91	1.1817846029285632
11.92	0.41779409478387675
11.93	2.773565818045203
11.94	4.124466848037745
11.95	1.086137142315481
11.96	4.9042950300465495
11.97	3.8821426418421527
11.98	4.892427900614603
11.99	5.6962311644671075
12.0	3.2055876357191275
12.01	7.784173161058867
12.02	4.751808065068712
12.03	5.968256619786925
12.04	6.657868541526219
12.05	6.114719063021348
12.06	10.929445206646164
12.07	4.716393658905133
12.08	10.116304642664344
12.09	10.206972555473138
12.1	10.36117507579413
12.11	11.201344066680223
12.12	12.079383508229093
12.13	13.697006231519195
12.14	14.190779647798472
12.15	15.306546539896992
12.16	15.196233315112893
12.17	17.170258998774088
12.18	19.331833232081234
12.19	17.429982174275732
12.2	17.983914331929032
12.21	19.081461008788313
12.22	20.303491694957252
12.23	21.073873924944788
12.24	20.99932903595498
12.25	23.588274555836104
12.26	20.891581048385742
12.27	23.681935879223552
12.28	26.98197589152516
12.29	25.624623449094496
12.3	23.932777224136142
12.31	23.45110184583168
12.32	23.52810065201332
12.33	25.41790999433729
12.34	27.72279776579189
12.35	26.05099932645321
12.36	27.0052292404017
12.37	29.859156618109036
12.38	31.054545292844843
12.39	28.03358535050573
12.4	26.863059226218166
12.41	25.590236553560374
12.42	29.02982009072257
12.43	29.39051671475296
12.44	30.195900905872417
12.45	30.48715919272076
12.46	28.210456242236255
12.47	29.993369999749948
12.48	29.69787023781333
12.49	26.878017235246475
12.5	30.18799558968802
12.51	30.968399261832957
12.52	27.524005021648886
12.53	27.3583467378247
12.54	28.55228185372925
12.55	26.296439559353313
12.56	27.56862523425886
12.57	29.48453315699816
12.58	29.70734109553903
12.59	28.237970572070797
12.6	31.926152725512132
12.61	29.4986042432864
12.62	26.986046419636875
12.63	28.831928463821015
12.64	32.09667220624692
12.65	29.67712910293368
12.66	29.82890631321989
12.67	29.640955686317273
12.68	26.309596523753356
12.69	27.161848364344173
12.7	29.277803150094556
12.71	26.42952384696985
12.72	27.282354606492017
12.73	27.45227757846183
12.74	26.42646557968637
12.75	26.410874964187627
12.76	26.774738428797598
12.77	26.442169855400707
12.78	22.616353614150675
12.79	25.585572350129652
12.8	23.343414938194186
12.81	25.456124900702804
12.82	23.07837753474377
12.83	22.289187654145618
12.84	22.793444061539834
12.85	20.65636663965087
12.86	21.81420141748982
12.87	21.593998692491187
12.88	17.272293157039897
12.89	16.667401203384006
12.9	19.496629988170525
12.91	18.908611884174352
12.92	18.5583807891263
12.93	13.859596266432627
12.94	15.36558878854564
12.95	13.350200717001785
12.96	11.607863111264642
12.97	11.963187700041072
12.98	11.834942408410914
12.99	11.31331318824742
13.0	12.420217919612416
13.01	10.253165641608106
13.02	12.93479231172033
13.03	10.49538311254411
13.04	8.836207464364634
13.05	12.965704474666921
13.06	9.177044437726774
13.07	6.778967753106508
13.08	9.485345184212935
13.09	7.921331423736272
13.1	7.531784724771164
13.11	5.624242249176079
13.12	4.828832812018456
13.13	3.7188565692941165
13.14	5.4076027342321265
13.15	8.092008705681236
13.16	5.194394274168584
13.17	6.247812120708014
13.18	6.321939587186003
13.19	4.497536570195721
13.2	5.497512537300467
13.21	4.022329849716586
13.22	3.766914519687523
13.23	3.7163994668171956
13.24	6.916875009362389
13.25	7.336061047633318
13.26	3.9035102505415487
13.27	6.475161883112653
13.28	4.323792409280836
13.29	2.907139556477011
13.3	6.701761716917203
13.31	4.549754997269513
13.32	1.3539193402538396
13.33	6.005970190706045
13.34	4.425564166262232
13.35	6.521848939780973
13.36	4.2710940967758155
13.37	8.375564832331229
13.38	4.136108762426973
13.39	5.011196519104483
13.4	4.733006629932845
13.41	4.08926900003718
13.42	3.691188416081609
13.43	4.266482984640537
13.44	8.717964565115514
13.45	6.139397026124679
13.46	5.674224799884913
13.47	6.8100347317600125
13.48	7.030715873663328
13.49	8.841276483939758
13.5	7.6936342033585445
13.51	7.817553201124252
13.52	10.729158051457004
13.53	10.494953114784458
13.54	11.291080753866968
13.55	10.476366309395665
13.56	10.948399588239543
13.57	14.649670363186415
13.58	13.297915730472212
13.59	14.366570824474366
13.6	12.488882137812652
13.61	17.003668961438652
13.62	15.022009205930244
13.63	14.354973653773204
13.64	15.80953307817553
13.65	17.2114216612933
13.66	19.25821291642471
13.67	20.657982939789516
13.68	19.516256243494663
13.69	18.771467812498994
13.7	22.489973775056832
13.71	21.135989657635626
13.72	21.00976668382694
13.73	22.117147821972413
13.74	25.03710314523732
13.75	20.136638596604833
13.76	24.90375628499037
13.77	20.968495113937653
13.78	26.37611176486877
13.79	22.328768249626812
13.8	23.433180786932446
13.81	25.84352515934615
13.82	26.2520366516131
13.83	23.968280825663477
13.84	24.87081356171071
13.85	28.62346463822634
13.86	24.472268725054242
13.87	25.639628161075628
13.88	26.700325546346875
13.89	22.487340265326484
13.9	22.322455124235415
13.91	28.567848487502022
13.92	26.78299770358205
13.93	25.624911966024346
13.94	25.878017871249394
13.95	28.185868431842675
13.96	28.756366868636103
13.97	26.612304265726443
13.98	24.5979854209939
13.99	26.81729459066802
14.0	24.940137248001076
14.01	27.676514605471617
14.02	26.77199182733399
14.03	28.006686629390806
14.04	25.13741801221042
14.05	27.29475983346774
14.06	27.738351591856457
14.07	27.870846207742527
14.08	26.868872496393486
14.09	26.293743908898424
14.1	22.800718719040223
14.11	25.978515568326625
14.12	25.71193551028037
14.13	25.135571767944455
14.14	23.480618705247107
14.15	24.354810929845343
14.16	23.998417364524823
14.17	22.486290950410208
14.18	22.51758115988384
14.19	24.22459187151718
14.2	22.592955682020243
14.21	23.90057839281451
14.22	22.125414959993517
14.23	21.81020424439547
14.24	21.157137198356462
14.25	18.798859651237876
14.26	22.122141044560138
14.27	18.443438490985564
14.28	16.739394669301433
14.29	16.781962874518864
14.3	16.803306240584078
14.31	15.771920694336956
14.32	14.529572591457136
14.33	14.013039581203552
14.34	14.896998876896506
14.35	14.379137412706502
14.36	12.35954080243824
14.37	12.556331891254567
14.38	9.513518888672916
14.39	10.733783158861439
14.4	9.766281026870386
14.41	9.12914942417073
14.42	7.909640096840259
14.43	6.47524770241864
14.44	9.357471950554595
14.45	5.883242113325452
14.46	6.191481382958194
14.47	7.407342543975326
14.48	5.980131047109628
14.49	6.065260750020248
14.5	5.248847750862234
14.51	4.462101621871622
14.52	3.5138774913477215
14.53	3.9056803980269024
14.54	2.235666239315117
14.55	4.287604899616079
14.56	4.411966077945382
14.57	3.925400972715255
14.58	1.0070626956520639
14.59	2.7844590649782557
14.6	-1.2403229235787387
14.61	4.28418112425751
14.62	1.5334001206148833
14.63	2.632928583167602
14.64	-0.6695665943027336
14.65	-0.3693810473690524
14.66	-0.3871662779677232
14.67	-0.2317985129622504
14.68	0.9205990548525105
14.69	-0.028219307041924324
14.7	-0.7084984419883213
14.71	1.9722632053649782
14.72	0.41370960977918947
14.73	1.2427657870427016
14.74	-2.629990121266415
14.75	0.1877110195022329
14.76	2.906505345835681
14.77	2.0079678389687388
14.78	3.5727333544889985
14.79	2.2935151552600352
14.8	4.5798159901213
14.81	3.8155041379020886
14.82	3.085027771599626
14.83	8.012246812870076
14.84	2.9417504692227063
14.85	5.625049364879944
14.86	3.127044431374328
14.87	8.481031015144882
14.88	5.289622895958419
14.89	9.055224145621793
14.9	11.252452531246288
14.91	7.547787597594304
14.92	9.797047843302492
14.93	9.130998495984176
14.94	10.651150865425091
14.95	13.708108226275801
14.96	13.587786879967958
14.97	13.633204636309479
14.98	15.705526161873834
14.99	13.933772781867516
15.0	14.406999830040304
15.01	14.28416377490204
15.02	19.64886232185438
15.03	17.90917453727136
15.04	19.344577601012148
15.05	18.106411883529734
15.06	22.30815426986587
15.07	20.364741869361275
15.08	23.483166602790664
15.09	20.34915599709905
15.1	22.67704721421384
15.11	23.525955772574466
15.12	25.099220398857952
15.13	22.756937020038986
15.14	23.76840051008312
15.15	28.351240368969187
15.16	26.21257832096154
15.17	25.02431247160687
15.18	27.47490625061063
15.19	25.887904179242522
15.2	27.99657030094664
15.21	27.904624314866705
15.22	26.93295861801659
15.23	27.78005521173691
15.24	28.685918672629406
15.25	27.188474732926057
15.26	25.711071020538373
15.27	27.69790508239523
15.28	28.36947513544598
15.29	28.079488952258195
15.3	29.960873209327936
15.31	27.916782212013167
15.32	27.688592329564734
15.33	26.529149479091647
15.34	29.80104717305385
15.35	26.552657633046238
15.36	27.746390095964074
15.37	28.879112491531224
15.38	29.456780653572608
15.39	27.14064247212751
15.4	27.369361905180813
15.41	25.938971587433855
15.42	25.48724713194098
15.43	26.760252309464157
15.44	23.705703804593025
15.45	25.767991414935008
15.46	26.25646117505177
15.47	22.824928110693865
15.48	23.338034767471918
15.49	25.03574552800052
15.5	21.802144381064235
15.51	22.220061788555057
15.52	19.806672019803695
15.53	22.95302304956938
15.54	20.26486015017907
15.55	21.055319265837426
15.56	19.94882879852163
15.57	15.121188940237477
15.58	17.036552860544916
15.59	14.89351472373221
15.6	18.01876520559253
15.61	13.77161368545241
15.62	13.081662800206365
15.63	11.747078700733988
15.64	10.018634609371626
15.65	12.924853609601847
15.66	14.376842476203423
15.67	12.262599426693805
15.68	10.126890480699513
15.69	11.977401256352376
15.7	7.023463011681772
15.71	5.76543966025034
15.72	6.750026071466995
15.73	6.747029525940934
15.74	5.297206595770127
15.75	4.183025287792616
15.76	2.579991662966087
15.77	5.8359567484904185
15.78	5.3451573202515394
15.79	1.1807962510707706
15.8	4.014031026707143
15.81	-0.1209234292336574
15.82	2.84388595589009
15.83	0.4396065847421222
15.84	2.4479113675386994
15.85	3.4785272686509625
15.86	0.0368256167064509
15.87	0.9293340546636361
15.88	-3.5642462849680348
15.89	0.3784708001349014
15.9	1.6897530827692422
15.91	2.2409171539094563
15.92	0.5785454016707878
15.93	-3.6189066446097278
15.94	-0.66603399793737
15.95	-0.7142425673126288
15.96	1.0662858106180237
15.97	0.8392513781816004
15.98	-0.3226087565150175
15.99	-0.9358906203594162
16.0	-0.4022795436118767
16.01	3.356727968786232
16.02	1.3648567283374677
16.03	-0.8814849401958733
16.04	4.693976877583802
16.05	1.2086351974273577
16.06	3.8077520292137166
16.07	1.062646519275262
16.08	2.26807872593161
16.09	6.495667191756526
16.1	7.389567666577069
16.11	6.623629378991714
16.12	5.03241668630733
16.13	5.353297210033145
16.14	9.496055763921131
16.15	4.846794133910851
16.16	8.510737374680543
16.17	8.218743535687757
16.18	9.177114031170195
16.19	12.927225245017423
16.2	13.03213463022209
16.21	12.10856389249481
16.22	15.311560649458047
16.23	14.08781328227305
16.24	17.14565373975567
16.25	15.9210778944708
16.26	12.70194668601745
16.27	19.120308824741752
16.28	18.651782352713045
16.29	18.529508283978988
16.3	18.436450127611717
16.31	20.25522364877403
16.32	21.979560747013135
16.33	21.17625928266526
16.34	21.654286343628588
16.35	21.060023923522984
16.36	22.87356862112927
16.37	20.27373522609627
16.38	25.687404593773635
16.39	23.390596863646472
16.4	24.628764690083827
16.41	22.46361319693427
16.42	24.861281862670374
16.43	26.81108853410339
16.44	25.862149374074615
16.45	24.75593089837594
16.46	26.31184211197756
16.47	25.607904521315533
16.48	26.145813885647108
16.49	25.511119085988582
16.5	25.330684961281975
16.51	26.586235615613596
16.52	27.431950907182927
16.53	27.545530765589486
16.54	29.326231250414658
16.55	29.652562800150122
16.56	27.13497429337068
16.57	31.092034375931657
16.58	28.664069846115495
16.59	28.78631595907592
16.6	29.221160269119576
16.61	29.804657436956987
16.62	26.869560726483368
16.63	27.865639490427156
16.64	27.737665242378927
16.65	25.206956295565302
16.66	28.1389616692519
16.67	25.76591826453077
16.68	28.025981450720202
16.69	27.513185647150948
16.7	26.13114642635612
16.71	26.86733872843909
16.72	24.585878265027
16.73	23.004986423292916
16.74	24.79276298753804
16.75	25.259310261408878
16.76	24.782970085197988
16.77	22.64507109782576
16.78	18.27595767724997
16.79	24.992258948090683
16.8	20.78432368756846
16.81	22.248881744450344
16.82	18.875990358870787
16.83	18.937795778988804
16.84	20.9763575083776
16.85	19.98658787099047
16.86	18.377598827396326
16.87	17.2832905114885
16.88	16.928376321391823
16.89	18.03883456108736
16.9	17.021823508081354
16.91	17.086311526336186
16.92	15.91967485304683
16.93	11.605402430986064
16.94	13.586513754956345
16.95	14.17853263358315
16.96	11.703250409555157
16.97	10.724758003519991
16.98	11.243719893895967
16.99	10.62029447194488
17.0	9.971651556862865
17.01	10.23113476545438
17.02	7.446442208085599
17.03	10.187736114642696
17.04	8.638786202039086
17.05	8.674595875292201
17.06	7.147601540471922
17.07	7.526005919605985
17.08	5.925518412858065
17.09	8.697436447923252
17.1	3.1290184541007084
17.11	7.251203680270494
17.12	1.4928680149369136
17.13	6.999521115806121
17.14	4.173624472747398
17.15	7.162314163656877
17.16	1.71951604372748
17.17	2.9119796558238886
17.18	3.649701609657145
17.19	4.4010110294547715
17.2	3.4583464830838335
17.21	5.389494503161739
17.22	1.8919355716258415
17.23	3.0119329832746855
17.24	7.700347035652014
17.25	2.1432981646810125
17.26	0.5318382599485876
17.27	5.67690536153952
17.28	5.68239319689069
17.29	6.655426342217083
17.3	4.398018795089999
17.31	2.8394517999306066
17.32	6.251018129223545
17.33	3.016606637142547
17.34	5.408711271134721
17.35	5.636664625081834
17.36	5.213495306378857
17.37	5.7201364002230966
17.38	5.5752886468924086
17.39	8.916813377166724
17.4	7.0484274839934375
17.41	8.04013204724915
17.42	6.09460091397694
17.43	7.995806139447021
17.44	11.072799751762755
17.45	11.783315831297154
17.46	11.531378187984323
17.47	12.554236682491991
17.48	10.809241628140807
17.49	13.979272338489897
17.5	13.941490224621965
17.51	12.671846855835348
17.52	17.992336251097136
17.53	13.918327975606143
17.54	14.42402603836362
17.55	18.841917960878078
17.56	16.27065654275483
17.57	19.22317723681725
17.58	19.036882504629805
17.59	17.34403814610717
17.6	20.04861469646573
17.61	19.833567077076065
17.62	19.540428345369712
17.63	19.504244399231418
17.64	21.65500153052986
17.65	24.017255005396294
17.66	22.295384541150902
17.67	22.08102286257376
17.68	22.701318821041305
17.69	23.677726920587357
17.7	24.696422467735076
17.71	27.211064755688184
17.72	27.587867953929255
17.73	26.894674490399147
17.74	24.924405698046296
17.75	25.926208168322564
17.76	25.00356252093421
17.77	28.3486475846173
17.78	26.615645664542065
17.79	25.323622795038236
17.8	26.860529797705524
17.81	27.617043685472396
17.82	26.18318427065705
17.83	28.45088669469359
17.84	30.052339323467994
17.85	25.002773912067518
17.86	26.14202995420757
17.87	25.888988490919196
17.88	27.552592671965435
17.89	27.762682246484573
17.9	26.504916138593956
17.91	24.653831749035987
17.92	26.512351572866557
17.93	26.167788531802177
17.94	26.279370137001155
17.95	26.501771974871488
17.96	24.868994854715414
17.97	26.46814918164836
17.98	22.488470937938523
17.99	24.27754958872536
18.0	23.416643237972604
18.01	19.893175205526653
18.02	22.41297789360036
18.03	20.604874446106443
18.04	22.03903892859453
18.05	20.387699826668413
18.06	17.700953019423164
18.07	19.487807954100447
18.08	19.41531409213498
18.09	17.37208731211452
18.1	15.915557586984278
18.11	16.024757572226818
18.12	13.876747890491991
18.13	14.358483504743512
18.14	12.14435663384788
18.15	14.585428714314766
18.16	10.620787131625828
18.17	8.799589733153326
18.18	9.531097626318012
18.19	10.800734203070032
18.2	10.674108523805064
18.21	11.466112263870503
18.22	8.829075158008097
18.23	9.253007961658833
18.24	4.735789672649114
18.25	6.478187145359436
18.26	6.804762643150988
18.27	6.510937033738132
18.28	6.250155373659701
18.29	5.320122903659781
18.3	7.111530320054403
18.31	6.763333364318478
18.32	4.576217481580816
18.33	5.326407926604704
18.34	5.189619586311119
18.35	5.385965593728091
18.36	4.479688330655932
18.37	4.255018729408166
18.38	3.6205827912962603
18.39	4.5926358091325765
18.4	4.694793721119272
18.41	4.1117930897759205
18.42	5.42771248383944
18.43	5.2032336716668475
18.44	0.2220491694058202
18.45	3.102935192855756
18.46	4.5798213949154265
18.47	4.282144826454648
18.48	5.309070209824793
18.49	4.777665275787264
18.5	4.895445627001682
18.51	5.108311097621547
18.52	3.9520342670535404
18.53	4.05938981665043
18.54	2.032165989244719
18.55	4.715846453484074
18.56	6.869548550435897
18.57	3.797195871886309
18.58	5.292765597463689
18.59	8.357595813233642
18.6	7.54975070616082
18.61	9.387814646526726
18.62	9.089020590187898
18.63	10.276675334499206
18.64	10.450660350670757
18.65	12.511174468725454
18.66	10.905698165489806
18.67	11.569709092829173
18.68	12.79255474555661
18.69	13.359052693822148
18.7	12.025999705047704
18.71	13.907078876560703
18.72	14.348263093186944
18.73	16.787191785456063
18.74	18.70063659127087
18.75	15.780314767855415
18.76	17.842688191378436
18.77	20.556774766736975
18.78	20.538088188778858
18.79	22.555487322522243
18.8	22.5066599232911
18.81	24.59519345975535
18.82	20.982776862526833
18.83	25.78881126598701
18.84	25.952603806923392
18.85	24.98171369215853
18.86	25.675241954804143
18.87	26.045656475719976
18.88	26.14745166515254
18.89	26.727276216169372
18.9	27.634698448535143
18.91	24.977750843821205
18.92	25.345323393700546
18.93	23.91305865421797
18.94	27.813637583169132
18.95	28.541399950040976
18.96	27.457571643174266
18.97	26.57424520160803
18.98	28.00402207345311
18.99	27.164884388757525
19.0	26.10837350493058
19.01	29.301634141761728
19.02	25.227651526094444
19.03	25.28958698861546
19.04	26.44199845795409
19.05	26.481558792528308
19.06	29.95364651729116
19.07	27.807810791149233
19.08	24.979359792388678
19.09	27.427091944023864
19.1	27.702374758134617
19.11	24.724880459946164
19.12	23.51879421015819
19.13	25.521080316277292
19.14	25.29425803920929
19.15	25.4395398525938
19.16	26.377091739294247
19.17	25.773975976985028
19.18	27.521060416966087
19.19	20.7974692018117
19.2	26.05724353204602
19.21	22.315314038944916
19.22	21.951632823833428
19.23	20.05353226827298
19.24	21.587686010244596
19.25	19.953696686126786
19.26	19.1989545961066
19.27	18.242174544888893
19.28	16.908156098525016
19.29	15.329493763193101
19.3	15.660453773982491
19.31	14.234745304393666
19.32	15.66764870449235
19.33	13.118749875724774
19.34	13.50579893435935
19.35	14.704433844320414
19.36	13.547614080557244
19.37	13.31489364076217
19.38	13.62927942918554
19.39	10.454202382769235
19.4	8.320700684985967
19.41	8.417099779838082
19.42	7.937624664155624
19.43	7.088553468532362
19.44	7.545535911282851
19.45	6.066920215231707
19.46	7.111818581223985
19.47	4.383038759105016
19.48	2.991250405611028
19.49	3.31085680541823
19.5	4.914752581920142
19.51	4.1041898717384875
19.52	0.8189187091635461
19.53	3.0629230147942685
19.54	2.6502236764491727
19.55	2.8987217410899015
19.56	1.929370090729527
19.57	-3.087012635733366
19.58	1.5425096714083872
19.59	-0.2921355763356952
19.6	3.055348519212652
19.61	0.543688131665067
19.62	1.5142734495342824
19.63	2.5929168706701406
19.64	0.3906209534236834
19.65	1.0762911932926407
19.66	0.6075707475735418
19.67	0.5097897613815026
19.68	1.2183539280864615
19.69	-1.5199892929313195
19.7	0.8181159696343162
19.71	0.3790830088086088
19.72	1.2667418676577427
19.73	-0.6476216359596185
19.74	0.47891276798715376
19.75	2.253567965599937
19.76	1.5072260017704517
19.77	4.470228276236379
19.78	2.3064291449892123
19.79	1.2510859939254986
19.8	0.682596426715282
19.81	4.552910091387362
19.82	1.720544640547418
19.83	1.299635054973707
19.84	2.293947680243565
19.85	5.101593435018996
19.86	4.390386413632047
19.87	3.145078689047046
19.88	5.15814371018457
19.89	5.015708317560623
19.9	4.3992222205833915
19.91	8.098296950800746
19.92	7.736189575618285
19.93	9.898494571193648
19.94	7.263673116473026
19.95	7.09679848510845
19.96	11.929876078267007
19.97	9.457220499416737
19.98	9.742644661561004
19.99	10.773019693526116
20.0	13.893052557791359
