1.968503937	-95.73903111672831
1.970472441	-80.52423979510642
1.972440945	-71.94680088242201
1.974409449	-85.15556468378959
1.976377953	-107.18357833168429
1.978346457	-109.91350189596045
1.980314961	-91.53115198729732
1.982283465	-73.10348801721169
1.984251969	-73.63173668843565
1.986220472	-89.1234793519051
1.988188976	-88.69166143004743
1.99015748	-73.69377745349965
1.992125984	-54.364816968584044
1.994094488	-50.88587789905059
1.996062992	-66.12555301717244
1.998031496	-79.43654125083579
2.0	-77.5908356704232
2.001968504	-64.09591009934933
2.003937008	-61.65187494742822
2.005905512	-71.70359104900278
2.007874016	-89.34935384554643
2.00984252	-91.20010212909686
2.011811024	-78.91467121460595
2.013779528	-64.35938520610239
2.015748031	-64.13955595247415
2.017716535	-70.91571517514228
2.019685039	-73.90714311167272
2.021653543	-75.54408926419441
2.023622047	-82.98635915429378
2.025590551	-99.83710139078833
2.027559055	-109.23948053409045
2.029527559	-100.16349297769001
2.031496063	-80.79321141963634
2.033464567	-75.88151134227735
2.035433071	-93.51070991180612
2.037401575	-116.6148528131939
2.039370079	-116.44934504446991
2.041338583	-94.3956567301725
2.043307087	-72.05322486289356
2.045275591	-75.39979254812168
2.047244094	-98.17304828867597
2.049212598	-113.36458698663832
2.051181102	-104.23453983740704
2.053149606	-85.15609132732916
2.05511811	-78.7988936917408
2.057086614	-89.48890371886539
2.059055118	-103.90775276423476
2.061023622	-108.07257360458196
2.062992126	-100.80288820014717
2.06496063	-95.20488146122274
2.066929134	-95.96576737731226
2.068897638	-98.17739954290872
2.070866142	-97.17632709866282
2.072834646	-99.97795993144629
2.07480315	-108.7310649424625
2.076771654	-112.55739724117001
2.078740157	-99.35258968075175
2.080708661	-74.51072838979658
2.082677165	-64.25423467944816
2.084645669	-77.95353857096333
2.086614173	-106.24693698490141
2.088582677	-112.24259657740862
2.090551181	-92.21303602159601
2.092519685	-72.73224216421671
2.094488189	-84.63756464571462
2.096456693	-121.27538424328091
2.098425197	-145.8337436659323
2.100393701	-143.37782384659644
2.102362205	-120.86198589790571
2.104330709	-112.189736528966
2.106299213	-115.91113680602606
2.108267717	-120.77138215298565
2.11023622	-108.38435684259336
2.112204724	-89.68273632795804
2.114173228	-86.16528664748763
2.116141732	-94.5773907458334
2.118110236	-108.76655937104373
2.12007874	-116.54737101073853
2.122047244	-115.27477603988602
2.124015748	-111.70713835912613
2.125984252	-104.38046667390904
2.127952756	-103.65136252219084
2.12992126	-113.80662555763834
2.131889764	-129.82888984782193
2.133858268	-137.15584475726772
2.135826772	-125.12581331264019
2.137795276	-103.66804315550091
2.13976378	-93.41198174805763
2.141732283	-108.37611030221751
2.143700787	-134.15138486150948
2.145669291	-143.06677156139764
2.147637795	-124.99436292992283
2.149606299	-98.3584045174641
2.151574803	-89.56837868669226
2.153543307	-103.47153008492188
2.155511811	-117.09967094374687
2.157480315	-106.11350472389785
2.159448819	-76.9331300781853
2.161417323	-56.161147156325256
2.163385827	-65.87766609851208
2.165354331	-98.6431414301312
2.167322835	-124.1018072115034
2.169291339	-122.4544679746567
2.171259843	-100.70088070207967
2.173228346	-88.2449952969713
2.17519685	-104.16676705937573
2.177165354	-136.41650364213214
2.179133858	-154.81757818080382
2.181102362	-147.86327206591923
2.183070866	-128.05531555561532
2.18503937	-120.77948556819977
2.187007874	-131.5202215109105
2.188976378	-143.3761703771011
2.190944882	-133.00996600218724
2.192913386	-104.07701873562807
2.19488189	-79.06495102388293
2.196850394	-79.59041882101788
2.198818898	-98.49561206608514
2.200787402	-112.51841529328019
2.202755906	-110.57121558726669
2.204724409	-103.72973583757364
2.206692913	-109.27180852912508
2.208661417	-131.98422446283868
2.210629921	-154.40337332737857
2.212598425	-156.63017303933844
2.214566929	-139.7264369260725
2.216535433	-123.08323439659823
2.218503937	-126.1396385155019
2.220472441	-142.61184103447167
2.222440945	-152.42083375420447
2.224409449	-145.41210771360252
2.226377953	-129.5365941614361
2.228346457	-124.28070839156437
2.230314961	-132.7251305241071
2.232283465	-139.68684760208467
2.234251969	-135.11155553443686
2.236220472	-119.05455528739277
2.238188976	-108.41616437878297
2.24015748	-109.24028627149544
2.242125984	-118.21259268815041
2.244094488	-122.19796018020006
2.246062992	-124.6477585020135
2.248031496	-129.1406475297685
2.25	-136.2514979781097
2.251968504	-137.73090411795872
2.253937008	-132.3999192640618
2.255905512	-127.80529480844551
2.257874016	-127.45439454322683
2.25984252	-131.24730697592972
2.261811024	-135.63706038842133
2.263779528	-137.66560211223407
2.265748031	-136.23949519058183
2.267716535	-132.03297876524564
2.269685039	-130.33371402202755
2.271653543	-136.91654356493572
2.273622047	-149.34148019153665
2.275590551	-158.70031142812184
2.277559055	-154.3901722882749
2.279527559	-131.4065574205874
2.281496063	-111.98628353668545
2.283464567	-116.53965265473119
2.285433071	-137.4650344624838
2.287401575	-146.93311316237626
2.289370079	-133.55774015936296
2.291338583	-110.59523622416917
2.293307087	-105.14096230815225
2.295275591	-124.17165802821849
2.297244094	-154.02163414470485
2.299212598	-167.70573413433303
2.301181102	-164.1422524826194
2.303149606	-149.25154634478437
2.30511811	-142.60327581702037
2.307086614	-145.33823295697837
2.309055118	-153.54429665279343
2.311023622	-153.32345423128956
2.312992126	-137.2023172281336
2.31496063	-114.00177993868927
2.316929134	-103.32803462199601
2.318897638	-115.04655994834887
2.320866142	-137.88068920382412
2.322834646	-148.0893751955109
2.32480315	-145.55183632731692
2.326771654	-147.85637235931233
2.328740157	-164.45713592337518
2.330708661	-178.42744262235163
2.332677165	-170.19587051216428
2.334645669	-146.7734212356649
2.336614173	-137.9812122461315
2.338582677	-156.751510325308
2.340551181	-179.84267176967688
2.342519685	-172.05477262823663
2.344488189	-134.313827809222
2.346456693	-111.93045611124435
2.348425197	-136.0706459253368
2.350393701	-186.83527507381888
2.352362205	-210.1275284292556
2.354330709	-183.0045274247043
2.356299213	-142.58408534953207
2.358267717	-136.6629785264293
2.36023622	-174.19561235099522
2.362204724	-213.83048921593783
2.364173228	-214.47511672126146
2.366141732	-185.97587620270622
2.368110236	-162.6597486172362
2.37007874	-169.06736578996797
2.372047244	-188.5201337453523
2.374015748	-206.27319388310084
2.375984252	-211.2426611318256
2.377952756	-217.0242728675233
2.37992126	-219.5229334787941
2.381889764	-209.0335453200817
2.383858268	-189.4173096539628
2.385826772	-175.66497641882864
2.387795276	-183.6393254108866
2.38976378	-199.64998958590343
2.391732283	-204.805495289864
2.393700787	-191.9081133673967
2.395669291	-179.87140165781483
2.397637795	-182.03617926330668
2.399606299	-188.80768496083533
2.401574803	-185.2571286514459
2.403543307	-164.0490044529583
2.405511811	-143.81441934039034
2.407480315	-135.93590664545422
2.409448819	-139.28905661025678
2.411417323	-138.0054413574655
2.413385827	-124.34013346513521
2.415354331	-101.93899534062807
2.417322835	-90.06078820658713
2.419291339	-97.69566534140365
2.421259843	-127.196847559288
2.423228346	-154.47700019906208
2.42519685	-150.51128638908534
2.427165354	-116.43852862500631
2.429133858	-79.1966558408844
2.431102362	-74.17396975629664
2.433070866	-106.47083979054084
2.43503937	-135.35300040887145
2.437007874	-125.86269464049323
2.438976378	-88.29688564646867
2.440944882	-68.04052033924934
2.442913386	-92.27265199139023
2.44488189	-140.91298274004035
2.446850394	-173.05751729952215
2.448818898	-168.3874652204313
2.450787402	-142.5347013671728
2.452755906	-124.86612942544646
2.454724409	-126.21632400014258
2.456692913	-137.0455700907099
2.458661417	-141.86827544348876
2.460629921	-130.52762758665244
2.462598425	-111.97256155559948
2.464566929	-101.63131937343924
2.466535433	-119.5992294185699
2.468503937	-157.9383135006215
2.470472441	-192.47542044657868
2.472440945	-217.50197973451634
2.474409449	-249.86633951007633
2.476377953	-313.58467896646357
2.478346457	-404.7636486943084
2.480314961	-483.22139074377077
2.482283465	-525.1304064306593
2.484251969	-544.330613384838
2.486220472	-579.21575995866
2.488188976	-633.6678494497829
2.49015748	-674.9585050445378
2.492125984	-663.96587881159
2.494094488	-607.2435993399071
2.496062992	-546.6810053907526
2.498031496	-507.87729849241487
2.5	-469.3533548586692
2.501968504	-401.4236240259434
2.503937008	-304.2613034421585
2.505905512	-202.58707231529783
2.507874016	-126.07700740072741
2.50984252	-79.06003599413796
2.511811024	-47.740893511577006
2.513779528	-25.532015054830737
2.515748031	-12.743098994190857
2.517716535	-11.762012343217929
2.519685039	-20.866303476475647
2.521653543	-39.26197123223327
2.523622047	-61.589604787387394
2.525590551	-75.50584934752551
2.527559055	-74.37572318973075
2.529527559	-63.66254945350165
2.531496063	-58.28343879286972
2.533464567	-64.73873107769843
2.535433071	-70.98874047612831
2.537401575	-61.1967858775285
2.539370079	-37.4811068762946
2.541338583	-21.341291926758153
2.543307087	-31.811852151536172
2.545275591	-58.423413002632394
2.547244094	-67.4691986223298
2.549212598	-48.17132868028102
2.551181102	-19.85387452289033
2.553149606	-15.310074340465405
2.55511811	-38.26647888280998
2.557086614	-60.209675977629665
2.559055118	-56.2334272928928
2.561023622	-27.576352096908785
2.562992126	-9.40592336084912
2.56496063	-21.495053391562127
2.566929134	-54.35510177967839
2.568897638	-77.82907927126097
2.570866142	-73.52650151602194
2.572834646	-58.90956292596239
2.57480315	-57.61533506221328
2.576771654	-73.42349353931905
2.578740157	-84.39417049404055
2.580708661	-73.39641657224868
2.582677165	-46.91031075957066
2.584645669	-30.82817283536179
2.586614173	-38.24152446287433
2.588582677	-56.74888479671168
2.590551181	-66.49138920732673
2.592519685	-61.50431215293551
2.594488189	-57.049102880734225
2.596456693	-57.7403731901507
2.598425197	-68.21266606143435
2.600393701	-80.75619209903454
2.602362205	-91.92730631598249
2.604330709	-101.52291620502645
2.606299213	-104.77528306291319
2.608267717	-100.49791131538153
2.61023622	-98.45637703204419
2.612204724	-103.51194554280124
2.614173228	-109.49376969608458
2.616141732	-100.1725031499554
2.618110236	-79.15366911933856
2.62007874	-70.03807513802037
2.622047244	-91.06146418041499
2.624015748	-127.81882498781347
2.625984252	-142.84139919242673
2.627952756	-119.05583128999243
2.62992126	-79.48789187142543
2.631889764	-72.28491423715792
2.633858268	-108.53301102441813
2.635826772	-155.1499826591679
2.637795276	-172.78981928679465
2.63976378	-150.68637622099973
2.641732283	-115.46859864831363
2.643700787	-99.01423359567866
2.645669291	-113.95749940890855
2.647637795	-144.86038985727603
2.649606299	-170.72302143174437
2.651574803	-173.5996569878879
2.653543307	-154.1836030896288
2.655511811	-130.16540628184873
2.657480315	-119.70796473064867
2.659448819	-131.78544252802433
2.661417323	-155.96071496214273
2.663385827	-170.24904913905928
2.665354331	-168.14106782603992
2.667322835	-154.8902239970547
2.669291339	-145.74115094923243
2.671259843	-149.8323546107809
2.673228346	-160.54975690516576
2.67519685	-171.05009933236852
2.677165354	-176.59728429534687
2.679133858	-180.11705112278173
2.681102362	-186.1077401355466
2.683070866	-202.5423001453331
2.68503937	-220.2710943272184
2.687007874	-228.52161367595315
2.688976378	-217.9709020433797
2.690944882	-196.33110204124102
2.692913386	-179.42511529943502
2.69488189	-185.1743786775758
2.696850394	-204.8517500762279
2.698818898	-213.08398510517765
2.700787402	-201.5415742106542
2.702755906	-175.75019033183705
2.704724409	-172.1016540942559
2.706692913	-197.6620247246622
2.708661417	-236.36461877883468
2.710629921	-258.75387088619516
2.712598425	-264.609506463264
2.714566929	-264.6189484595893
2.716535433	-270.2647542984451
2.718503937	-268.7669068112838
2.720472441	-252.7332040206493
2.722440945	-230.45138279204653
2.724409449	-223.12746652554648
2.726377953	-231.3201891655253
2.728346457	-245.30519365169783
2.730314961	-244.75044904827135
2.732283465	-232.27575068535344
2.734251969	-223.42376073124788
2.736220472	-234.42367217075662
2.738188976	-254.21639917865633
2.74015748	-271.04650245301434
2.742125984	-275.9486053811047
2.744094488	-270.96269184041046
2.746062992	-260.14650644532986
2.748031496	-250.97419927262186
2.75	-244.0723638806039
2.751968504	-239.85946975359255
2.753937008	-241.19366754735276
2.755905512	-241.7000967073459
2.757874016	-240.250457561212
2.75984252	-234.20491325456524
2.761811024	-230.00792218207076
2.763779528	-229.75958226563682
2.765748031	-230.17978934415058
2.767716535	-227.7251689404283
2.769685039	-216.48587371332323
2.771653543	-202.9017925034546
2.773622047	-196.56748837344725
2.775590551	-195.86753035962502
2.777559055	-194.21023317388912
2.779527559	-181.98007589082835
2.781496063	-155.8540494217266
2.783464567	-134.85177717987673
2.785433071	-135.56549583263745
2.787401575	-152.26365031985358
2.789370079	-163.52311019633467
2.791338583	-147.3374983372014
2.793307087	-110.05502176102148
2.795275591	-80.68255644977805
2.797244094	-80.14904600447089
2.799212598	-96.9526003596151
2.801181102	-104.45697169081467
2.803149606	-87.37119547052454
2.80511811	-60.75812644409118
2.807086614	-49.94354137654725
2.809055118	-66.29669667842613
2.811023622	-82.42196629710664
2.812992126	-78.98151995840836
2.81496063	-55.97739274290788
2.816929134	-40.97458039211846
2.818897638	-55.87633762059431
2.820866142	-88.50926587499737
2.822834646	-110.0783870445205
2.82480315	-101.3735010434403
2.826771654	-74.41713134648161
2.828740157	-58.88682447273432
2.830708661	-71.61098735287247
2.832677165	-95.62438726919741
2.834645669	-107.7556401010496
2.836614173	-95.51857336719316
2.838582677	-70.89940660205728
2.840551181	-56.6405404405274
2.842519685	-59.94012816502467
2.844488189	-75.31458316161088
2.846456693	-87.3118336811548
2.848425197	-88.38816197885953
2.850393701	-85.11558698762862
2.852362205	-83.60373232979562
2.854330709	-83.49104263024438
2.856299213	-81.42154185592858
2.858267717	-74.56230687542158
2.86023622	-70.58147482178103
2.862204724	-71.21187834318417
2.864173228	-76.10372765720314
2.866141732	-83.3177126803535
2.868110236	-90.54846841293273
2.87007874	-96.5121606532865
2.872047244	-98.15590035495416
2.874015748	-96.49604027598133
2.875984252	-98.18964422412665
2.877952756	-109.76215237744968
2.87992126	-127.76318940644967
2.881889764	-137.36833955952318
2.883858268	-128.41861130504742
2.885826772	-106.1627844658473
2.887795276	-88.32857556734916
2.88976378	-87.97003227406624
2.891732283	-98.04493248782696
2.893700787	-103.00071095552124
2.895669291	-100.68790083268402
2.897637795	-96.10907805502436
2.899606299	-100.04412169419301
2.901574803	-113.41202354978832
2.903543307	-127.51150301690934
2.905511811	-135.63935843781408
2.907480315	-137.06197040810346
2.909448819	-128.57191453702157
2.911417323	-116.4108384670492
2.913385827	-112.42693714818392
2.915354331	-119.94381695899023
2.917322835	-137.6544036678133
2.919291339	-142.39828021396283
2.921259843	-126.06763609717383
2.923228346	-104.57980785049152
2.92519685	-100.59643851274762
2.927165354	-119.22287814078209
2.929133858	-137.19873772893908
2.931102362	-132.72617535966214
2.933070866	-108.5158430780827
2.93503937	-89.62786631731483
2.937007874	-90.40566416529477
2.938976378	-102.20869538705537
2.940944882	-106.55731543263411
2.942913386	-107.8471880474369
2.94488189	-117.821441298873
2.946850394	-134.5891947585193
2.948818898	-134.23908276767628
2.950787402	-114.18061604739252
2.952755906	-95.78015228055779
2.954724409	-106.50078103138196
2.956692913	-136.5283664994638
2.958661417	-153.52939217939195
2.960629921	-136.73863577907258
2.962598425	-104.58030072266624
2.964566929	-93.80871459430273
2.966535433	-108.99946748259265
2.968503937	-125.7692984448114
2.970472441	-122.82007803669767
2.972440945	-113.80154912339226
2.974409449	-111.42927260005753
2.976377953	-112.39685927921914
2.978346457	-102.6118833198512
2.980314961	-85.78184175869633
2.982283465	-85.59495392869007
2.984251969	-117.70741306591513
2.986220472	-155.46174035129243
2.988188976	-162.5113367478209
2.99015748	-138.36554760398826
2.992125984	-113.15084666562652
2.994094488	-120.67792287132512
2.996062992	-147.77710691753754
2.998031496	-159.81346473014676
3.0	-138.0837338155712
3.001968504	-102.61291922385593
3.003937008	-86.21405500940241
3.005905512	-93.35109673870294
3.007874016	-110.57985336136252
3.00984252	-119.1879977750551
3.011811024	-117.77030929045985
3.013779528	-117.84738118778718
3.015748031	-117.72824938888449
3.017716535	-120.5965854478765
3.019685039	-117.19820683768205
3.021653543	-115.2479995405183
3.023622047	-117.04214231803898
3.025590551	-121.5730522769705
3.027559055	-124.90805838593893
3.029527559	-123.96727687187189
3.031496063	-121.34043101475733
3.033464567	-118.48367788085848
3.035433071	-117.72806415106957
3.037401575	-120.98358868119956
3.039370079	-124.58516696339909
3.041338583	-122.69472073404407
3.043307087	-115.3717018439874
3.045275591	-107.85540052204819
3.047244094	-106.33988871975765
3.049212598	-106.30202314016762
3.051181102	-106.91630380658113
3.053149606	-103.44401546040619
3.05511811	-106.67258838589788
3.057086614	-119.76617639476544
3.059055118	-134.86462545202968
3.061023622	-137.77214609363747
3.062992126	-123.76119007955658
3.06496063	-112.52647967197638
3.066929134	-118.53052831769625
3.068897638	-135.92450541429375
3.070866142	-142.1462768651065
3.072834646	-127.60207801094404
3.07480315	-107.02952277739259
3.076771654	-106.15226397227336
3.078740157	-128.95715505768365
3.080708661	-153.0256438914587
3.082677165	-155.87287411124925
3.084645669	-144.7018471742492
3.086614173	-132.2501042332126
3.088582677	-123.65499423751609
3.090551181	-115.5025146008048
3.092519685	-108.47926523361286
3.094488189	-111.8080796068482
3.096456693	-127.92037794040878
3.098425197	-136.38801460010507
3.100393701	-126.54383605630078
3.102362205	-107.15477845476879
3.104330709	-107.34615234571153
3.106299213	-138.37166064740794
3.108267717	-175.76276534084525
3.11023622	-185.21127529907878
3.112204724	-157.73477552411052
3.114173228	-119.84122803389735
3.116141732	-107.72849334687336
3.118110236	-121.08434246592564
3.12007874	-134.71660258444174
3.122047244	-133.8031641342135
3.124015748	-126.70983378371841
3.125984252	-129.29511987141956
3.127952756	-150.08072685520648
3.12992126	-172.13698353210896
3.131889764	-181.8946422549216
3.133858268	-182.95929312700102
3.135826772	-186.8292723222231
3.137795276	-196.65103978940544
3.13976378	-204.31632705647024
3.141732283	-200.9382074462193
3.143700787	-180.47153028281093
3.145669291	-158.7948376136944
3.147637795	-152.51751043880037
3.149606299	-168.6751632215167
3.151574803	-191.24780460787625
3.153543307	-195.21793914332346
3.155511811	-177.4689735867672
3.157480315	-157.40075945480325
3.159448819	-161.38287777622912
3.161417323	-179.37659524912226
3.163385827	-187.24409987405457
3.165354331	-166.1856607800349
3.167322835	-132.88203283125813
3.169291339	-118.18533782761774
3.171259843	-130.59252907736922
3.173228346	-145.36037593005133
3.17519685	-135.25687449357693
3.177165354	-105.69955266035025
3.179133858	-83.00139531152718
3.181102362	-85.05178975238186
3.183070866	-98.45727101224075
3.18503937	-103.08373007937215
3.187007874	-89.75079833786204
3.188976378	-75.6004023211698
3.190944882	-74.02233949888347
3.192913386	-85.30424904787284
3.19488189	-95.1441633409525
3.196850394	-94.56639088901095
3.198818898	-92.35504256714309
3.200787402	-101.3425339774161
3.202755906	-121.14565494533095
3.204724409	-131.93239587440675
3.206692913	-120.61871015499739
3.208661417	-93.19803194141433
3.210629921	-83.42968416694595
3.212598425	-102.09054940882898
3.214566929	-127.1467168271209
3.216535433	-130.81084085845515
3.218503937	-108.11843118812747
3.220472441	-89.52953513286306
3.222440945	-99.97533810723526
3.224409449	-133.4129236458058
3.226377953	-152.78017161827842
3.228346457	-141.85465378459216
3.230314961	-126.5906278292899
3.232283465	-131.66154875558937
3.234251969	-167.42956253565777
3.236220472	-214.05800438325542
3.238188976	-256.8742408541887
3.24015748	-294.8148283018867
3.242125984	-343.65699963405876
3.244094488	-406.40074251481076
3.246062992	-477.77158161255596
3.248031496	-536.8691316066805
3.25	-574.4591168160489
3.251968504	-593.8616583144998
3.253937008	-599.5642552000254
3.255905512	-593.0063587571943
3.257874016	-570.735209089753
3.25984252	-527.2823565416148
3.261811024	-464.331573607254
3.263779528	-386.38808872418565
3.265748031	-305.6120927420146
3.267716535	-228.55712850608606
3.269685039	-158.52988774265296
3.271653543	-95.84753575540817
3.273622047	-42.62202056031868
3.275590551	-9.943008615330541
3.277559055	0.6145014456749254
3.279527559	-3.048649181611866
3.281496063	-10.154478358363363
3.283464567	-19.334621473566386
3.285433071	-37.83714922725312
3.287401575	-69.02729216868748
3.289370079	-94.69364971347275
3.291338583	-95.04120795587198
3.293307087	-73.59619724099106
3.295275591	-58.45572757845862
3.297244094	-69.76928372500801
3.299212598	-89.04824285386441
3.301181102	-84.95332721014218
3.303149606	-51.059264921554025
3.30511811	-20.285786102647492
3.307086614	-21.263230604883947
3.309055118	-50.41931548898299
3.311023622	-72.7754122901247
3.312992126	-69.99327144618681
3.31496063	-58.58765235750148
3.316929134	-55.68295148967647
3.318897638	-62.809241181858845
3.320866142	-59.93885594794934
3.322834646	-53.00290759017832
3.32480315	-56.997555662783014
3.326771654	-79.07327919762069
3.328740157	-97.30042395267174
3.330708661	-93.73885507647687
3.332677165	-76.03546044445062
3.334645669	-72.30910392991419
3.336614173	-88.88043784091774
3.338582677	-112.45682494462677
3.340551181	-117.60458763594924
3.342519685	-98.2095506744278
3.344488189	-73.50198950308581
3.346456693	-63.92660887306688
3.348425197	-70.77738861661005
3.350393701	-88.45865182076896
3.352362205	-103.90410752500442
3.354330709	-104.78673521383867
3.356299213	-91.64030777750303
3.358267717	-76.13542563646598
3.36023622	-80.5471254972028
3.362204724	-105.11621073904121
3.364173228	-132.01606908435488
3.366141732	-134.6266700977797
3.368110236	-111.59608424384326
3.37007874	-90.77391246525038
3.372047244	-96.96752761475611
3.374015748	-123.82467717063642
3.375984252	-141.97786226131308
3.377952756	-129.59101906617897
3.37992126	-104.40931996197743
3.381889764	-97.02662628224572
3.383858268	-115.18181682752481
3.385826772	-139.25356603749086
3.387795276	-144.523684986815
3.38976378	-134.59524428312153
3.391732283	-126.35086798305703
3.393700787	-125.88437621272976
3.395669291	-129.6933639229318
3.397637795	-131.34294187450053
3.399606299	-133.76733372271278
3.401574803	-143.89906815817557
3.403543307	-154.93668409911706
3.405511811	-157.52574620196938
3.407480315	-156.13404130125505
3.409448819	-157.47678042331174
3.411417323	-165.14488078786098
3.413385827	-169.7228150432057
3.415354331	-161.01354602669838
3.417322835	-157.0447583440119
3.419291339	-166.92840024353612
3.421259843	-186.20475637513877
3.423228346	-189.90116206886486
3.42519685	-172.7759414904516
3.427165354	-156.74910658847605
3.429133858	-170.57846327917676
3.431102362	-206.8687937419577
3.433070866	-228.33621049526568
3.43503937	-212.55418867499196
3.437007874	-177.38983501094253
3.438976378	-163.38035289412383
3.440944882	-180.52968819620676
3.442913386	-209.7381475288756
3.44488189	-220.29948078225428
3.446850394	-212.98388188213178
3.448818898	-205.0100792060433
3.450787402	-208.115623670624
3.452755906	-210.79933952980952
3.454724409	-208.63065748806227
3.456692913	-211.32299992013301
3.458661417	-223.93697864226237
3.460629921	-239.370759554401
3.462598425	-244.1157007947566
3.464566929	-231.6901914096542
3.466535433	-220.37379499616384
3.468503937	-227.649951628757
3.470472441	-247.2632936721293
3.472440945	-260.08165727516314
3.474409449	-254.7897158143894
3.476377953	-240.4945689236238
3.478346457	-234.84739998559022
3.480314961	-241.81862270698588
3.482283465	-252.18923541872294
3.484251969	-253.61504284569892
3.486220472	-246.7259073641894
3.488188976	-241.2949976103473
3.49015748	-244.515265627531
3.492125984	-254.9291137359877
3.494094488	-261.39564313400933
3.496062992	-260.15896762871137
3.498031496	-255.01018584774158
3.5	-252.0290408100594
3.501968504	-253.8906821977409
3.503937008	-263.09260582057465
3.505905512	-270.09235814908214
3.507874016	-270.4091313703654
3.50984252	-263.32058072965305
3.511811024	-251.0697033243552
3.513779528	-240.39327283980492
3.515748031	-240.07485612615577
3.517716535	-245.01894193180166
3.519685039	-249.78914015933324
3.521653543	-244.6348087815626
3.523622047	-232.8390199483577
3.525590551	-223.45349104268962
3.527559055	-223.7191332470472
3.529527559	-229.53640712184878
3.531496063	-230.2587187158688
3.533464567	-217.90664411310337
3.535433071	-197.73784301523608
3.537401575	-177.40133636686514
3.539370079	-165.40945852185158
3.541338583	-161.2848833769622
3.543307087	-156.80741312227426
3.545275591	-141.94577799529756
3.547244094	-122.82507191414267
3.549212598	-111.7111017025135
3.551181102	-109.84546633700388
3.553149606	-113.65438179754736
3.55511811	-111.82426708316574
3.557086614	-102.53292759920207
3.559055118	-99.54259116248663
3.561023622	-101.2870447189658
3.562992126	-103.14599596501213
3.56496063	-95.2831760845208
3.566929134	-77.82523386056577
3.568897638	-63.50323094205892
3.570866142	-58.48482443495926
3.572834646	-60.18515092999782
3.57480315	-59.646444279841596
3.576771654	-52.65872533259697
3.578740157	-43.979010932962275
3.580708661	-36.333597623804074
3.582677165	-38.87891628832413
3.584645669	-49.235366348420456
3.586614173	-59.7599245815966
3.588582677	-61.75949318045214
3.590551181	-47.574542939421484
3.592519685	-30.682186087930425
3.594488189	-26.69782067623881
3.596456693	-43.78680561175507
3.598425197	-66.16244317212059
3.600393701	-74.9210888983263
3.602362205	-63.07964656174403
3.604330709	-49.682773805053536
3.606299213	-58.36564560552888
3.608267717	-83.34914826499285
3.61023622	-108.56178920570628
3.612204724	-108.3134932604287
3.614173228	-85.86223161060363
3.616141732	-64.80901431548814
3.618110236	-63.342225998960245
3.62007874	-73.81772204768484
3.622047244	-76.94617392060665
3.624015748	-62.818687127280434
3.625984252	-46.12128087640296
3.627952756	-43.935648118094605
3.62992126	-61.847312377950345
3.631889764	-80.73101066250383
3.633858268	-84.65919554455196
3.635826772	-78.82744795354564
3.637795276	-82.3251422025089
3.63976378	-101.68167726021616
3.641732283	-122.69190563589667
3.643700787	-123.24020693697976
3.645669291	-101.89770475621572
3.647637795	-82.62016778271006
3.649606299	-79.01134290901567
3.651574803	-92.81750716809297
3.653543307	-100.25567011364184
3.655511811	-93.11735809060829
3.657480315	-84.31886971076236
3.659448819	-90.5363324287028
3.661417323	-111.2658932876094
3.663385827	-125.34104633897115
3.665354331	-117.57023425453212
3.667322835	-98.87882338774203
3.669291339	-95.37928942820942
3.671259843	-114.15234166948474
3.673228346	-137.59955627428172
3.67519685	-134.21193765177222
3.677165354	-104.14018711372172
3.679133858	-77.84166641313274
3.681102362	-85.54563313042974
3.683070866	-117.03186820592897
3.68503937	-144.4514091118018
3.687007874	-145.27772977449703
3.688976378	-127.82299693206438
3.690944882	-114.51748434589473
3.692913386	-112.11770061680224
3.69488189	-117.16737032029785
3.696850394	-122.51366400850267
3.698818898	-125.42877313131741
3.700787402	-125.01476613001873
3.702755906	-115.92054186179375
3.704724409	-98.24949959200038
3.706692913	-89.75224511451432
3.708661417	-101.97913646729067
3.710629921	-127.95706924125557
3.712598425	-146.9166602864308
3.714566929	-138.54803561208507
3.716535433	-112.99648517223791
3.718503937	-98.99173654551835
3.720472441	-105.58027265326594
3.722440945	-123.45824445485185
3.724409449	-131.07771145163645
3.726377953	-125.60711626626656
3.728346457	-121.54547967655957
3.730314961	-123.66099817138188
3.732283465	-130.35726489617812
3.734251969	-130.56088727035478
3.736220472	-127.92064949404852
3.738188976	-131.8326385055676
3.74015748	-140.46653029859397
3.742125984	-137.22457240122557
3.744094488	-119.6958967973102
3.746062992	-102.64157077365608
3.748031496	-99.7714497448262
3.75	-116.74565877905533
3.751968504	-129.1665946699785
3.753937008	-123.23922832877481
3.755905512	-111.65466822547407
3.757874016	-112.08406373085472
3.75984252	-128.14845136277935
3.761811024	-136.7623853602723
3.763779528	-130.32778625508803
3.765748031	-116.54546815042931
3.767716535	-115.88925793515912
3.769685039	-122.01369221155923
3.771653543	-123.89377774372409
3.773622047	-109.18326225109857
3.775590551	-97.20167694409638
3.777559055	-97.87848233402715
3.779527559	-105.94502844398586
3.781496063	-105.88160006840516
3.783464567	-95.68201951498645
3.785433071	-95.03326406150666
3.787401575	-110.7626966033912
3.789370079	-130.18650060465276
3.791338583	-130.53283861831687
3.793307087	-112.33598682560165
3.795275591	-99.22671720647212
3.797244094	-104.58490254624272
3.799212598	-119.59822092533719
3.801181102	-126.58797989960158
3.803149606	-116.10826619767589
3.80511811	-99.81068194440853
3.807086614	-94.95635022873013
3.809055118	-98.92203403636364
3.811023622	-105.79751720184849
3.812992126	-110.81461923675914
3.81496063	-113.268181927555
3.816929134	-119.47311079974237
3.818897638	-124.18342615253145
3.820866142	-128.24839601652582
3.822834646	-125.94607592115715
3.82480315	-123.31054751757873
3.826771654	-118.83228819279111
3.828740157	-119.02592689447887
3.830708661	-119.23764046552061
3.832677165	-121.36512125230244
3.834645669	-123.96839614086944
3.836614173	-129.33285778138384
3.838582677	-132.40648449937652
3.840551181	-133.18739399301808
3.842519685	-141.46307529068244
3.844488189	-156.59026869396314
3.846456693	-179.9589564595946
3.848425197	-191.9052221104432
3.850393701	-185.8011284069426
3.852362205	-163.8735351039816
3.854330709	-140.45714869251273
3.856299213	-127.88732080419477
3.858267717	-127.57508830348108
3.86023622	-134.08727937086906
3.862204724	-139.4161262757502
3.864173228	-141.4330556262604
3.866141732	-137.01860121169761
3.868110236	-135.43340764403732
3.87007874	-142.2223073760903
3.872047244	-157.8432288607205
3.874015748	-175.05603088948598
3.875984252	-183.05223812897827
3.877952756	-188.09899462136912
3.87992126	-192.90225400918868
3.881889764	-202.6154021987144
3.883858268	-204.99483397905007
3.885826772	-196.78370696502984
3.887795276	-186.2963579973406
3.88976378	-189.90362523408845
3.891732283	-203.14381334159694
3.893700787	-207.75726052694492
3.895669291	-190.84406280836262
3.897637795	-165.20661425000625
3.899606299	-153.46811986680925
3.901574803	-162.3158539702145
3.903543307	-172.34129983561692
3.905511811	-165.67366385619886
3.907480315	-145.18514738130867
3.909448819	-123.62323316805464
3.911417323	-114.26486950125566
3.913385827	-114.85454872225844
3.915354331	-116.05680918179414
3.917322835	-110.63396537497879
3.919291339	-99.30556374774052
3.921259843	-88.84186360167777
3.923228346	-88.83046830610047
3.92519685	-103.64207014384353
3.927165354	-119.07225483573157
3.929133858	-120.71509329115308
3.931102362	-102.01990544405984
3.933070866	-86.14548228167891
3.93503937	-93.8759896880041
