10.01	10.348015813723766
10.02	9.945802688241928
10.03	8.978488156761461
10.04	8.986120586598329
10.05	7.870208798483391
10.06	7.97754676499863
10.07	6.856829363562038
10.08	6.8828459588804956
10.09	6.9667212189889405
10.1	6.430837482404546
10.11	5.510467658235627
10.12	5.023640989175291
10.13	4.317814962598185
10.14	5.502682873137752
10.15	4.478874685414167
10.16	3.959018219077997
10.17	3.3950566381622194
10.18	3.3043266716021717
10.19	2.5232318597408385
10.2	2.331476141200673
10.21	3.4848033884292757
10.22	3.3591225793366863
10.23	2.8013028170891747
10.24	2.3418723564654966
10.25	1.9302735504650828
10.26	2.902319908451206
10.27	3.481269763652081
10.28	2.4412690226327975
10.29	1.934068293865017
10.3	2.5110908141418893
10.31	2.6152987085737838
10.32	2.812204204930583
10.33	2.397110728016247
10.34	2.0792277888320005
10.35	2.4343235089428528
10.36	3.034737530844726
10.37	2.4724045677810986
10.38	2.3699611599820125
10.39	3.3451014767767298
10.4	4.435211710464206
10.41	3.8602961214205864
10.42	4.161785142448462
10.43	4.846978855698696
10.44	4.423495938395764
10.45	5.331173967703746
10.46	6.057519615861519
10.47	6.121391060918003
10.48	5.7593940921689635
10.49	6.224218592949405
10.5	6.809033458791801
10.51	8.231393935709008
10.52	8.101258655615402
10.53	8.355651980397186
10.54	8.89609164434783
10.55	8.270685873025359
10.56	9.017252951846704
10.57	9.38515397231166
10.58	9.846651951719341
10.59	10.592030892378682
10.6	11.100177818395373
10.61	11.847803381384535
10.62	11.128403156296411
10.63	11.499185362274355
10.64	10.449146328126915
10.65	11.176118699597405
10.66	10.970319053304289
10.67	12.200452198653753
10.68	11.625939406251756
10.69	12.56204619653853
10.7	12.491610985842033
10.71	12.188419096633355
10.72	11.762132786833149
10.73	12.945782766531044
10.74	11.397713853683733
10.75	11.772431590280776
10.76	12.08104763702352
10.77	10.513170075265977
10.78	10.764715597552193
10.79	9.947855590315736
10.8	10.175724426357165
10.81	10.403712786208112
10.82	10.205680763498568
10.83	8.543302512471291
10.84	8.85564805027125
10.85	8.615201987458232
10.86	7.7670851017041205
10.87	7.7677532466537285
10.88	7.4348839815494
10.89	7.324407655899025
10.9	5.9834724476935826
10.91	5.8473671109721455
10.92	6.154915501060972
10.93	5.542218072519113
10.94	5.324237395023794
10.95	5.317335693199198
10.96	3.498913102264104
10.97	3.828479925599289
10.98	3.8139151462600807
10.99	3.8551470351008343
11.0	3.63158815090026
11.01	4.141848841740435
11.02	3.6378326441420796
11.03	3.9721397870044433
11.04	2.9387147725418443
11.05	2.8007619764702
11.06	2.7444227270691424
11.07	2.4786100984441415
11.08	2.932905352765832
11.09	2.579813178099186
11.1	2.1384430578065308
11.11	3.033515719695804
11.12	3.2985000807667144
11.13	3.0336786239466194
11.14	2.34641091759956
11.15	3.065295220057231
11.16	3.7315798559919813
11.17	4.001909076232599
11.18	4.174836921159747
11.19	4.230980412331658
11.2	4.850549597171293
11.21	4.907936776510861
11.22	5.0467986743839175
11.23	6.068646840402569
11.24	4.9899665819032855
11.25	5.968033014424344
11.26	7.059804886870255
11.27	7.807313245594526
11.28	7.358414594328483
11.29	8.467115256237063
11.3	8.483585142685982
11.31	8.549052727289888
11.32	9.633255451232886
11.33	9.448973459669674
11.34	9.663540664979783
11.35	10.365655977216601
11.36	9.866885876593697
11.37	10.936120466108788
11.38	10.270262629993603
11.39	10.965746254053318
11.4	11.16896251007522
11.41	11.449903219174502
11.42	11.546575636626843
11.43	11.759035858161305
11.44	12.48174098181646
11.45	12.3840184860069
11.46	13.283043128521747
11.47	13.481387983353875
11.48	11.864574323834187
11.49	12.064369729492839
11.5	12.895472564765493
11.51	11.564935146292967
11.52	11.508664705541268
11.53	11.198209645956489
11.54	10.724841631759869
11.55	10.509124862404525
11.56	10.842233869106668
11.57	9.274437631143535
11.58	10.453593836077728
11.59	9.692651173630022
11.6	8.994326390610818
11.61	8.995388140321378
11.62	8.435218380133993
11.63	8.274597687127212
11.64	7.539389499071165
11.65	7.312486394338963
11.66	6.071667764879542
11.67	6.443910263634591
11.68	6.342628379157612
11.69	6.35508065922026
11.7	5.095089891744535
11.71	4.178966150287133
11.72	4.030802855485887
11.73	3.229461573787884
11.74	2.739012824005764
11.75	2.3289217182466144
11.76	2.9208220420518134
11.77	2.6215345192082835
11.78	1.6407688230529045
11.79	1.524194875054946
11.8	0.5741182423257877
11.81	0.9150030211022714
11.82	1.623850289937825
11.83	1.9979257639502903
11.84	1.036315002834093
11.85	1.2918432922424856
11.86	1.2987457740309296
11.87	1.0748766665559857
11.88	2.311435203692716
11.89	0.5389874450330259
11.9	1.6544996380106878
11.91	1.932632671681186
11.92	2.025191426525812
11.93	1.7490041981619444
11.94	2.460398218751856
11.95	3.370931707253284
11.96	2.61981286042107
11.97	3.410562946614296
11.98	3.3248093456757535
11.99	3.1461667958668547
12.0	3.7424789682578257
12.01	5.089220688302877
12.02	5.333634437858058
12.03	5.723477429659436
12.04	6.232655168652769
12.05	5.1520843595846975
12.06	5.748406232786402
12.07	6.444472007525038
12.08	7.6414745939453645
12.09	7.8241239018687425
12.1	7.376953231971503
12.11	8.266536726590969
12.12	7.704625766412449
12.13	7.929893285143194
12.14	9.116695347895517
12.15	9.234925149632259
12.16	9.287016474392123
12.17	8.494481402971509
12.18	9.420387473747896
12.19	10.355473917473354
12.2	9.676162433182764
12.21	10.068978169644689
12.22	9.702810306952365
12.23	10.581482512504573
12.24	10.676914191640847
12.25	9.560586914339764
12.26	9.167313377834946
12.27	9.80304044002089
12.28	9.367099995627253
12.29	9.411306715594025
12.3	8.788852955408267
12.31	9.714881087513453
12.32	8.642460961638974
12.33	7.588801517426637
12.34	8.158047460981061
12.35	7.625396848626462
12.36	7.499800985574272
12.37	6.894275517319575
12.38	6.045803330953706
12.39	6.1063930963432895
12.4	4.992327145289263
12.41	5.056058179877268
12.42	4.205928749710355
12.43	5.299185135391386
12.44	4.545654405844062
12.45	3.564282956067105
12.46	3.479692060873829
12.47	2.7351605159665535
12.48	2.6254503326305185
12.49	3.01249384635675
12.5	1.4595299632499286
12.51	0.8792357272082296
12.52	0.473597149446231
12.53	0.1588002381350353
12.54	1.042872565773217
12.55	1.079552177793895
12.56	1.4888210596193314
12.57	0.4986482172464028
12.58	1.524704359791698
12.59	0.6764094979744795
12.6	0.5571583534780487
12.61	1.096102281341429
12.62	-0.466046735686145
12.63	-0.01004757708570959
12.64	0.6733722320191549
12.65	-0.10955743544809264
12.66	0.33544429468892484
12.67	0.7393309080272807
12.68	0.32524762190356965
12.69	0.5992600459197251
12.7	1.2133318894969138
12.71	0.4929972338959248
12.72	0.5128351122009644
12.73	1.186694977137265
12.74	1.7202916619423472
12.75	2.428384931110098
12.76	2.3078568908442074
12.77	2.6688010580674675
12.78	3.8500698501511215
12.79	3.106326204716966
12.8	4.855298427482433
12.81	5.013659927636117
12.82	5.121729342244552
12.83	5.422299444239617
12.84	5.087039114178329
12.85	6.794803768117385
12.86	6.247165747241474
12.87	7.343074533775871
12.88	8.658238784977506
12.89	9.12655108252265
12.9	7.477581811292364
12.91	8.954117551100888
12.92	10.1090382332223
12.93	10.282689156037346
12.94	8.890825915367603
12.95	9.700406994165698
12.96	10.473172384816692
12.97	9.889774731560014
12.98	9.335936373899782
12.99	10.60066073679128
13.0	10.376659560562125
13.01	10.533035730319193
13.02	10.316182451074164
13.03	9.298781478434952
13.04	10.172766810801539
13.05	9.889870657757694
13.06	10.634973009302598
13.07	10.44178615119058
13.08	9.90299233690388
13.09	10.300014397970312
13.1	8.88819227234827
13.11	8.706983971071027
13.12	9.002117826551443
13.13	8.555502266717568
13.14	8.146325751320976
13.15	6.856375960491587
13.16	7.573308554996903
13.17	5.581890809460091
13.18	7.645013516756913
13.19	6.73902284070579
13.2	6.053071148405733
13.21	5.334495427179957
13.22	5.120721763282759
13.23	5.835923003260135
13.24	4.528688047859168
13.25	4.492345726668922
13.26	3.926598874872769
13.27	4.18296198708292
13.28	3.319646874646131
13.29	3.274727199629606
13.3	2.786121171563415
13.31	2.762708383720687
13.32	2.0887115967960437
13.33	2.086791246282318
13.34	2.123523583346947
13.35	1.6824892050746787
13.36	1.2518036113572304
13.37	1.6577875104241966
13.38	0.6340685374378985
13.39	1.323015737558731
13.4	1.3550193888370228
13.41	0.9999310727011694
13.42	1.719308695703168
13.43	2.277921211053699
13.44	1.5442198841591352
13.45	1.3476220254810602
13.46	1.0443964925370681
13.47	2.089927397395458
13.48	3.033933679282608
13.49	3.488155166289558
13.5	4.559709534677348
13.51	3.496343017153968
13.52	4.055323979107373
13.53	4.034669307024867
13.54	3.712090980242916
13.55	5.311105039309804
13.56	5.219787007002721
13.57	5.020946309930003
13.58	6.114492050914846
13.59	6.576542060773407
13.6	6.202256287185755
13.61	6.159897034245281
13.62	7.643288052627555
13.63	7.868101390595317
13.64	8.400839985418406
13.65	7.321432574455521
13.66	8.207626439502132
13.67	9.079511186767869
13.68	9.141194702943945
13.69	8.396838864142332
13.7	8.501097247085722
13.71	9.550883947596617
13.72	10.02850285714406
13.73	8.859271520121071
13.74	9.10869525817077
13.75	9.444551731758503
13.76	9.86671616176127
13.77	9.632869052390767
13.78	9.503046079288884
13.79	9.568506934690935
13.8	8.771080478710319
13.81	8.367255291767318
13.82	9.498873318401168
13.83	9.65121243773986
13.84	8.251840722684726
13.85	7.667461939499562
13.86	8.3086253058968
13.87	7.453120519591296
13.88	7.006723631080801
13.89	6.172208176627556
13.9	5.896946187364241
13.91	6.18766430892315
13.92	5.432776743626035
13.93	5.457872640386742
13.94	4.933397306541178
13.95	4.376394163642404
13.96	4.802904956262796
13.97	4.143452042213484
13.98	4.044073688564988
13.99	3.494468515198496
14.0	3.7492544852253284
14.01	2.55280626000362
14.02	2.990482333493778
14.03	3.308685109123471
14.04	2.4297205057774565
14.05	1.9160607647812793
14.06	1.642831852642345
14.07	1.3727153818075268
14.08	0.60277684164785
14.09	2.02413153933013
14.1	1.3920375093529287
14.11	1.45054972322369
14.12	1.2729456062973163
14.13	1.4816135582798222
14.14	1.3120496400316144
14.15	1.0016578981848585
14.16	0.8396848676150666
14.17	1.946334419598588
14.18	1.0810741602289338
14.19	2.550575755479531
14.2	2.488834362908504
14.21	3.3084504176539578
14.22	3.1733531189362463
14.23	3.498389864879507
14.24	3.7831200499530317
14.25	2.599726890784151
14.26	3.792200029656132
14.27	5.81498191490804
14.28	4.515160763786635
14.29	4.827168551756292
14.3	4.813723832686228
14.31	5.853816233519899
14.32	6.005966217846934
14.33	5.101967218604915
14.34	6.079820541642181
14.35	6.723846344209625
14.36	7.636284264717506
14.37	8.18253451852857
14.38	7.1181168072417575
14.39	8.137685624772013
14.4	9.177205735818173
14.41	9.568932215966571
14.42	9.212695472648235
14.43	8.48657124743527
14.44	8.90678047847386
14.45	9.739360923376099
14.46	10.364154643590526
14.47	10.161893300629487
14.48	9.198644902676547
14.49	8.748325577086918
14.5	8.589055085893467
14.51	9.110472798079982
14.52	9.148046310714212
14.53	8.874720381113251
14.54	9.778510337720165
14.55	9.015887205164915
14.56	8.032295446588616
14.57	8.158842211678586
14.58	7.65361788013646
14.59	6.104780972124257
14.6	6.594874128563823
14.61	6.015860547094595
14.62	6.410643069290127
14.63	5.595228533215107
14.64	6.513489434244244
14.65	5.23587572570722
14.66	5.29280753995315
14.67	4.605004715914973
14.68	4.507586930076877
14.69	4.229855594340999
14.7	4.543889029797354
14.71	3.4693779413637524
14.72	3.7369357102603558
14.73	2.922077945721919
14.74	2.83105651426141
14.75	2.7103941154367353
14.76	3.509940238138416
14.77	2.9251909426774594
14.78	1.7572220189162424
14.79	2.0399707521754964
14.8	1.8001625781955972
14.81	1.5638138125771324
14.82	1.414035304437386
14.83	1.9987244199993615
14.84	2.5813554290492444
14.85	0.49636892730939064
14.86	1.8680527063647179
14.87	1.9536597637753772
14.88	1.9419563063628367
14.89	2.070731312684213
14.9	2.305108429941611
14.91	2.1917592150105643
14.92	2.692161857633552
14.93	2.696068687643405
14.94	4.379907847282315
14.95	3.991427802221107
14.96	3.3491262747895867
14.97	3.884622511779021
14.98	4.736567925136132
14.99	5.173032099491273
15.0	5.7409963384563945
15.01	5.719680861697996
15.02	6.113644955372727
15.03	6.975387883909772
15.04	7.324562272966563
15.05	7.757307262147204
15.06	8.232709622885265
15.07	8.144135771039293
15.08	8.804351538563374
15.09	9.409637146244156
15.1	8.622101197170783
15.11	9.400542356028387
15.12	10.374788342883313
15.13	9.80672735811157
15.14	9.977974370208672
15.15	11.020608866220924
15.16	10.109368081987318
15.17	10.289099750422396
15.18	10.978409624928691
15.19	9.384423617983323
15.2	10.55696425596946
15.21	11.214748408763505
15.22	10.040723077212178
15.23	10.515493450886979
15.24	10.322223165753927
15.25	11.481582647425505
15.26	11.228575671894681
15.27	10.723204242824952
15.28	10.48943511863794
15.29	10.776274964700201
15.3	9.838811610154822
15.31	10.729837928740602
15.32	9.744361699391376
15.33	10.621671682739528
15.34	9.83067440686289
15.35	9.937678913670725
15.36	8.893087924287524
15.37	8.58336832220519
15.38	8.160242235890129
15.39	8.421419386843121
15.4	8.680430839950498
15.41	7.723272511959156
15.42	7.507434344314019
15.43	7.330765660872432
15.44	7.471630033275799
15.45	7.016746309186974
15.46	6.248089052645639
15.47	5.697888384708838
15.48	5.565210913827906
15.49	5.304835784178664
15.5	4.787327082925906
15.51	5.0164740077013885
15.52	4.647198406922046
15.53	3.8526446479776
15.54	3.4289366828093937
15.55	3.223696641026574
15.56	3.1361478100504714
15.57	1.519166344492648
15.58	1.357415242405844
15.59	1.9652629287589158
15.6	1.504420304695784
15.61	0.8117568237217178
15.62	1.787691831016868
15.63	1.530031945520053
15.64	0.4226089120190455
15.65	0.04008555390301333
15.66	0.6749599419123996
15.67	0.6043246406413247
15.68	-0.6331405227728529
15.69	-0.7056480135964087
15.7	-0.1810634835776587
15.71	-0.42689965857126766
15.72	0.0891176605876922
15.73	0.03338336626461474
15.74	0.7020743050964156
15.75	0.5712163264971882
15.76	-0.2880704673407437
15.77	0.7065382416553748
15.78	0.4392716196809497
15.79	1.399413646547897
15.8	1.332728137606277
15.81	2.055832960174111
15.82	2.086616735431063
15.83	1.5503338289290796
15.84	2.8474682290773776
15.85	3.218226971293114
15.86	3.0922646988895037
15.87	3.153697889401412
15.88	4.354516903017282
15.89	3.90569654718972
15.9	3.9169356299031626
15.91	4.76816584870934
15.92	5.4184161555584165
15.93	5.3155316338710055
15.94	5.700090374722261
15.95	5.557113180810357
15.96	5.863264986749697
15.97	6.355138537930593
15.98	7.2575227584607775
15.99	8.546463613627157
16.0	8.551954294975411
16.01	8.387045337019892
16.02	8.481492824333614
16.03	7.6116109831354795
16.04	8.425176106928898
16.05	9.121495633307388
16.06	8.416305315750439
16.07	9.182462926989674
16.08	9.528416792896845
16.09	9.015709611607598
16.1	8.554641115632027
16.11	8.850665678291293
16.12	9.583447795421103
16.13	9.019571440607335
16.14	8.463510740151055
16.15	9.406699120491002
16.16	9.414625460039213
16.17	8.61753314149316
16.18	8.613682222213882
16.19	7.817640473567089
16.2	8.318878553470238
16.21	7.947536908821562
16.22	6.962310641379264
16.23	6.0373772066930025
16.24	7.1135264544475705
16.25	6.324283043090713
16.26	5.069517179580767
16.27	5.44588561304465
16.28	5.278461198391639
16.29	4.802855561267058
16.3	4.772167778038084
16.31	3.829569325703204
16.32	3.9957782552504764
16.33	3.140103869910306
16.34	2.9100113868464
16.35	3.096086735328876
16.36	1.5896920587672119
16.37	2.2722492127577243
16.38	1.0973083365652228
16.39	1.4996424801205852
16.4	2.3290763619513486
16.41	1.8970038421418391
16.42	2.130281029107427
16.43	1.7556052896294032
16.44	1.4875138411762072
16.45	0.6960699827314626
16.46	0.6775867907318458
16.47	0.314694437908142
16.48	1.044191196085304
16.49	1.5600861405515667
16.5	1.6979459045371497
16.51	1.7484027855661282
16.52	1.6838453907556783
16.53	1.7440190727159306
16.54	1.9310678150097589
16.55	2.654700723569711
16.56	2.8887021432942404
16.57	2.6432575807023873
16.58	3.9556384524858155
16.59	4.612821138108312
16.6	4.114957057149104
16.61	4.304111425375359
16.62	5.281173596616458
16.63	5.108583466574806
16.64	5.765135928943522
16.65	5.827098842147732
16.66	6.696165582396563
16.67	6.028775569704162
16.68	5.858415028056622
16.69	6.65222847151367
16.7	8.061206432800281
16.71	7.663922403851724
16.72	8.035399837536769
16.73	8.017219868927665
16.74	8.75800507337216
16.75	9.478637423263464
16.76	9.12913352081997
16.77	9.46559826166916
16.78	8.960669088497143
16.79	10.343650948197995
16.8	9.618602606774239
16.81	10.18138794163406
16.82	9.930212789392916
16.83	9.302813091476995
16.84	10.963929270961485
16.85	10.127986591285602
16.86	10.971161642934192
16.87	9.144475775450292
16.88	9.587782127965035
16.89	10.199027720001428
16.9	9.087401737772225
16.91	9.660121482929855
16.92	9.812276760876019
16.93	8.412261401572898
16.94	9.667071434097513
16.95	8.687866355877723
16.96	7.402651478316891
16.97	8.116132027752412
16.98	6.718173967097735
16.99	6.061572380271918
17.0	6.372874480588834
17.01	6.438569332949953
17.02	6.052047279706037
17.03	3.9052270148586916
17.04	5.479060442713836
17.05	3.880714974060096
17.06	4.250467175017426
17.07	4.507497628682676
17.08	3.283651630876091
17.09	3.5146971072319904
17.1	2.439644679626912
17.11	3.2705433221242064
17.12	3.1008184070400278
17.13	2.5024502925133523
17.14	2.3980291481057554
17.15	2.039348523884498
17.16	1.8855558531207806
17.17	2.2074824144942107
17.18	1.4446443598783414
17.19	2.1616417251065605
17.2	3.469619180409969
17.21	0.8312260558814439
17.22	1.8862997749543855
17.23	2.1992671682775837
17.24	2.1310199258479727
17.25	1.3561741647419052
17.26	2.576737864963316
17.27	2.338001169757094
17.28	3.0790339997578022
17.29	3.237692726877682
17.3	4.267851375204642
17.31	3.5483404997317116
17.32	3.6396646928212206
17.33	4.818544915342694
17.34	5.8669879016296616
17.35	5.010737226491047
17.36	5.559132150718191
17.37	5.372857911321287
17.38	7.243257834390299
17.39	6.298235345421266
17.4	7.20991115712074
17.41	8.113798611759087
17.42	7.067022311212233
17.43	7.6393612404817866
17.44	7.901188715019749
17.45	9.043927237693763
17.46	8.08355571511237
17.47	8.407543192042962
17.48	10.079022528131341
17.49	9.649498590299434
17.5	10.7603045964733
17.51	10.097457181139402
17.52	9.644410291122224
17.53	9.71951801819689
17.54	10.139847714163375
17.55	9.99102963038415
17.56	9.914164885691987
17.57	10.900537634873308
17.58	10.146338628101347
17.59	10.876531535507894
17.6	10.970443564614015
17.61	9.475209411437023
17.62	10.050442402221087
17.63	8.962020597621667
17.64	8.730999922207351
17.65	8.499753288866573
17.66	8.465273356889137
17.67	8.490236726754583
17.68	7.026581565792945
17.69	6.437226440289465
17.7	6.1122522505574155
17.71	6.55977069333235
17.72	6.21403487306429
17.73	6.453011860174831
17.74	4.283828872345374
17.75	4.790906220111661
17.76	4.838794473242432
17.77	4.532880452211824
17.78	3.48239253045978
17.79	2.896903378501547
17.8	3.6239339318865103
17.81	3.0942178809015095
17.82	1.7860281391778794
17.83	2.262078942183506
17.84	1.8153013158262923
17.85	1.4735729349628082
17.86	1.7692759177232447
17.87	0.9083006880760202
17.88	1.1622574916873025
17.89	2.483364297660889
17.9	0.7854443861642117
17.91	1.2983460307392596
17.92	-0.0979230702284663
17.93	0.9847614037390985
17.94	-0.2858976813855155
17.95	0.06306109743972865
17.96	0.9568035077372354
17.97	1.4193710304334517
17.98	1.5795554020388054
17.99	2.2398174855888424
18.0	1.1117826712259988
18.01	2.3964987003107154
18.02	1.1366964642413033
18.03	1.8558782948668366
18.04	2.5040682909125302
18.05	2.180828913341789
18.06	2.9560874739657144
18.07	4.3397761600664575
18.08	4.694769992543243
18.09	4.049891077037033
18.1	4.698423818995252
18.11	5.1122634992511164
18.12	4.500638201891926
18.13	5.949192267905672
18.14	5.990372117954511
18.15	5.493689159550812
18.16	6.912287853836379
18.17	7.403231493554146
18.18	7.516180673386125
18.19	8.65817288145614
18.2	8.144951918188319
18.21	8.220275802956044
18.22	8.257507565063989
18.23	9.09960146366138
18.24	8.980170421328046
18.25	9.021217575913614
18.26	8.523220197737194
18.27	8.549202638935357
18.28	9.163551001984414
18.29	8.563771018261683
18.3	8.721714304468644
18.31	9.477468291139177
18.32	9.057057791066292
18.33	8.778285117276312
18.34	8.609747738420939
18.35	8.909100196555894
18.36	8.914819551295915
18.37	7.937463018599603
18.38	9.1487646819679
18.39	7.68601929870559
18.4	7.380839779764606
18.41	6.571113969580681
18.42	6.0530215177967355
18.43	5.8545340222953985
18.44	6.143026574004895
18.45	5.717847097273447
18.46	5.342385787994648
18.47	6.0267765106772035
18.48	4.168421236429233
18.49	3.8355584450945965
18.5	3.3093667320252225
18.51	3.350960235861894
18.52	4.184648329680167
18.53	2.9006063581058363
18.54	2.937648716511985
18.55	2.364698829759528
18.56	2.4087496823901544
18.57	1.1387467061657808
18.58	1.0914027514054316
18.59	1.5518090458306242
18.6	0.8578436200723537
18.61	0.6630015619825043
18.62	0.8265238657538513
18.63	1.1899684007153883
18.64	0.6470860663664725
18.65	0.36167898778304236
18.66	1.7952991389669024
18.67	0.4296791416917306
18.68	1.1396536505027428
18.69	0.527741277166234
18.7	0.9479153685168084
18.71	0.885557713678452
18.72	1.185899421582185
18.73	1.82133440091945
18.74	0.9349394492267356
18.75	2.300800325960764
18.76	2.399276911413923
18.77	2.617857980649198
18.78	2.2161913911756166
18.79	3.579855806428975
18.8	3.3072210495194123
18.81	3.71290038831234
18.82	3.9906598940449096
18.83	4.174587991586795
18.84	4.3302735565514485
18.85	5.247682419940816
18.86	5.744623811121134
18.87	5.106799135701976
18.88	5.522504982146522
18.89	5.5800800891078515
18.9	6.3112710366527995
18.91	6.301300767626415
18.92	6.9631428828948705
18.93	7.520355580553577
18.94	7.675852981241347
18.95	7.9789115187296344
18.96	7.625398858545156
18.97	9.22323598726893
18.98	9.275093807168098
18.99	9.643893011760134
19.0	9.20069649559009
19.01	9.501580069003428
19.02	9.46050671838707
19.03	9.628950307344814
19.04	9.85224487695419
19.05	9.748385747071035
19.06	9.956015298341397
19.07	10.380184487926645
19.08	10.554011088184122
19.09	10.13900774991072
19.1	9.86430845832834
19.11	9.736691695284273
19.12	9.548720277046378
19.13	10.212932059511694
19.14	9.322921305022287
19.15	9.295388421794405
19.16	8.551959111394329
19.17	9.311929797056914
19.18	8.976317011214817
19.19	8.479553385467016
19.2	7.654282122727711
19.21	7.634562049457902
19.22	8.584597424136152
19.23	6.988014087399401
19.24	7.3370809000409
19.25	6.552583047212328
19.26	5.138357020069034
19.27	5.8403414816632235
19.28	4.97105526047627
19.29	4.473724611168929
19.3	4.565587395192771
19.31	5.005099255058405
19.32	2.422615556064038
19.33	3.0845973368807353
19.34	3.061419935089547
19.35	2.9581516625213706
19.36	2.827804570257108
19.37	3.2847009914676955
19.38	2.9613303926354275
19.39	2.251711473564338
19.4	2.848451222091665
19.41	1.187609738702268
19.42	2.5814788167279237
19.43	2.7592581548989257
19.44	2.917833404744047
19.45	1.9441731881137336
19.46	2.442104202575409
19.47	2.807045704982838
19.48	2.755866241585534
19.49	3.66803929595794
19.5	3.742471759943706
19.51	2.81031701549983
19.52	4.136497185069622
19.53	4.129416413156969
19.54	5.205931985895609
19.55	5.13081663675823
19.56	5.717068701199437
19.57	5.776933684401374
19.58	5.896747939517123
19.59	5.8786210347704575
19.6	5.936101276225722
19.61	6.198267441065654
19.62	7.5708434666782605
19.63	7.588077968547038
19.64	8.656166378009935
19.65	7.811339271985454
19.66	8.894249982607855
19.67	9.140863183039876
19.68	9.380043720622835
19.69	10.346763516285915
19.7	10.004166236502565
19.71	10.522847456566035
19.72	10.967361924517625
19.73	11.214108899828855
19.74	11.6232083758264
19.75	11.563720573767373
19.76	11.397070842241964
19.77	11.745181800520735
19.78	11.2491753299013
19.79	11.41205481107286
19.8	11.282038388098009
19.81	12.624532166350772
19.82	12.11171830795841
19.83	11.933021517289104
19.84	11.912676166337633
19.85	11.644257568175906
19.86	12.389067974388839
19.87	12.355019009692233
19.88	12.24883113047482
19.89	11.757579643065649
19.9	11.111974839397432
19.91	12.350601626419985
19.92	11.291530311594675
19.93	10.508946004509925
19.94	9.626224091021223
19.95	9.593727001730404
19.96	9.09318159190521
19.97	8.85871715478289
19.98	8.257990310070298
19.99	8.905205760704256
20.0	7.621754748266193
