10.01	29.849819502984644
10.02	26.883286560007694
10.03	28.306542446339904
10.04	28.703287000429913
10.05	28.644365976469945
10.06	26.172437640838872
10.07	27.461244875446784
10.08	24.45662702020034
10.09	25.985886953966283
10.1	23.00780037198538
10.11	25.574937408843343
10.12	25.297254715975043
10.13	20.680832302451968
10.14	22.965354782182896
10.15	22.732858562361645
10.16	17.71911738381444
10.17	22.270557426143895
10.18	19.233174532461653
10.19	18.844845286267628
10.2	17.25674304673193
10.21	17.470914064095783
10.22	16.319596105349632
10.23	15.668700219390754
10.24	13.342725837694832
10.25	14.036924664813064
10.26	12.199241249027727
10.27	15.530045974846747
10.28	12.921350860235357
10.29	13.81711504965351
10.3	7.892274355928732
10.31	9.244638490351075
10.32	9.223082598140772
10.33	8.045038379193697
10.34	6.083239802141179
10.35	8.100621010255102
10.36	9.064041704869751
10.37	5.368937400655124
10.38	9.703733834670713
10.39	4.827646439504758
10.4	4.359217855890964
10.41	4.038319118700276
10.42	4.78253125346195
10.43	5.067493470797462
10.44	3.8629000221042316
10.45	4.300028209368314
10.46	5.051833934222507
10.47	5.540277785472618
10.48	1.7142142758121923
10.49	4.0873528874993506
10.5	2.776538551325718
10.51	5.1264651223005275
10.52	5.864155461257664
10.53	1.977991756692928
10.54	4.56415927736306
10.55	6.033758159953203
10.56	4.576920579528912
10.57	1.2701863846816415
10.58	3.7732824706606114
10.59	4.987498027896677
10.6	3.14410600108653
10.61	7.177666129721367
10.62	3.248326826098907
10.63	4.869493197484038
10.64	7.03948548810353
10.65	3.5940139838815046
10.66	4.6851422325204295
10.67	5.3130456922793545
10.68	3.578946555991044
10.69	4.755291716342395
10.7	9.729761573075528
10.71	9.805786695935852
10.72	9.033128805984251
10.73	9.523064481288937
10.74	7.289992708161565
10.75	12.155526985617627
10.76	15.165261569108376
10.77	14.581701747777744
10.78	13.689197291654866
10.79	18.759904702482114
10.8	15.740537597928615
10.81	16.09096348326344
10.82	16.99594162047161
10.83	16.860782407853673
10.84	20.972563400121004
10.85	21.23429650240664
10.86	22.91159761992551
10.87	19.504957767375092
10.88	20.850989964777977
10.89	21.924337280781756
10.9	24.088196613339743
10.91	23.95545607321612
10.92	22.76199155734831
10.93	25.551354557339668
10.94	27.549434262926184
10.95	24.723982690842934
10.96	24.68750011374601
10.97	29.19899256067769
10.98	26.84687024782328
10.99	28.027362507046472
11.0	27.489569419613616
11.01	29.67228989292422
11.02	30.265886161961838
11.03	29.558026456790344
11.04	31.26479800688817
11.05	29.983599929277315
11.06	30.59038641683349
11.07	31.983899835004923
11.08	29.03168476178012
11.09	29.185982006666613
11.1	31.466180383490997
11.11	28.931637745988084
11.12	27.997441644634378
11.13	30.975157425651428
11.14	28.947143523875347
11.15	31.34872526302508
11.16	29.079180428890865
11.17	28.562223627687576
11.18	27.634104684102066
11.19	28.549490456594842
11.2	28.9586911890001
11.21	28.774666501644745
11.22	29.900194616550383
11.23	26.528741506868894
11.24	30.16512399639762
11.25	26.79589636181902
11.26	28.047285931825822
11.27	26.198536019305354
11.28	25.530003763926487
11.29	22.075280807465788
11.3	24.051400484187134
11.31	23.68898925795456
11.32	22.937173905687043
11.33	21.384883202604023
11.34	22.915813962429755
11.35	19.654474449928866
11.36	19.166631906684543
11.37	22.141710066768127
11.38	17.942940843475586
11.39	18.048711532615688
11.4	19.29152593595816
11.41	16.309935412549088
11.42	16.746989076063723
11.43	15.086094276815553
11.44	12.425844277547611
11.45	14.39934913675964
11.46	12.863839420013688
11.47	9.337903833333673
11.48	11.923948262307208
11.49	9.530611254537108
11.5	8.35913029469568
11.51	8.086853062034502
11.52	8.238194983321044
11.53	6.175297368860772
11.54	8.866917964630762
11.55	9.36258023284472
11.56	8.49701567840329
11.57	5.38374296922211
11.58	5.041631136920796
11.59	7.359600946977972
11.6	1.987443452761804
11.61	2.6312371038590943
11.62	4.584151085937689
11.63	0.9162923555164175
11.64	2.4527004131195684
11.65	2.5793218997333343
11.66	3.3453579270517273
11.67	1.6456369283809833
11.68	1.4825552777779871
11.69	1.0767375106456052
11.7	1.838980398846903
11.71	2.031733302167764
11.72	0.5004465906846477
11.73	2.750869309889941
11.74	4.3521948524659475
11.75	0.5037907892040776
11.76	0.9722898635502345
11.77	0.6664156842257952
11.78	-2.468541177288066
11.79	3.177742882361135
11.8	-2.1390415640095775
11.81	2.137939878800302
11.82	0.6742104734260339
11.83	3.153044300624298
11.84	2.0341130122888913
11.85	0.1410800931617382
11.86	-0.9407770543320433
11.87	1.7328390440788453
11.88	2.800638936071279
11.89	1.873664282953167
11.9	1.304793705421151
11.91	0.5111591649905127
11.92	-0.7911236429821709
11.93	3.4064379874200577
11.94	2.416358508031089
11.95	4.489011453402105
11.96	3.8986960520359992
11.97	2.2045423635951513
11.98	5.606717286102858
11.99	3.434863784878761
12.0	6.9429083143869335
12.01	5.956206546173036
12.02	4.947893068870767
12.03	5.358041032866679
12.04	5.704605435708941
12.05	6.8577965562003715
12.06	8.73334584566335
12.07	9.520073427777952
12.08	9.32419245271901
12.09	9.852538825344244
12.1	12.660995541869625
12.11	8.153526920585243
12.12	12.005650233739269
12.13	13.88638950785234
12.14	14.043104577138951
12.15	11.448407035892776
12.16	15.4191833023464
12.17	14.090767965348459
12.18	16.721016796480576
12.19	17.150761491168492
12.2	19.2963140753939
12.21	16.763499524490758
12.22	20.708695019224468
12.23	18.55194265418717
12.24	19.137910480698547
12.25	20.5210011977535
12.26	19.262294381686583
12.27	22.136499838328017
12.28	22.341530354516006
12.29	24.195739759223862
12.3	26.42850518970185
12.31	23.229664108373434
12.32	26.580175912207295
12.33	26.06775944507864
12.34	27.36939219764898
12.35	26.08883834206218
12.36	26.68667073239333
12.37	24.76446417556427
12.38	28.582006759676556
12.39	25.139731595249142
12.4	27.95670301412819
12.41	28.324192712784217
12.42	29.343199908369417
12.43	26.64544146712545
12.44	28.02615500918869
12.45	29.730287253003553
12.46	31.478647477134455
12.47	29.689635392553697
12.48	29.913441724163377
12.49	33.19202782280159
12.5	25.90433787966876
12.51	32.07975478263773
12.52	29.1703277417574
12.53	29.471273772810363
12.54	29.454013299043634
12.55	27.381338507266964
12.56	28.313779234811577
12.57	31.415827352716498
12.58	27.66146841077957
12.59	30.790699592286018
12.6	26.874319862849983
12.61	28.58358102625916
12.62	27.697276570475623
12.63	30.46615338251926
12.64	29.740911927949345
12.65	33.22475909600028
12.66	29.28957926341478
12.67	31.99790260254866
12.68	28.357933432965137
12.69	28.68650435742375
12.7	27.756563133831495
12.71	29.78747330507018
12.72	28.05656950666102
12.73	27.895826049198373
12.74	27.81019783408268
12.75	23.69748953928959
12.76	26.04546715177351
12.77	24.68651158219723
12.78	23.14014736074041
12.79	24.80261717389044
12.8	23.700043496308584
12.81	22.761123150712724
12.82	24.239200890498452
12.83	22.795908017388708
12.84	23.376312385983137
12.85	21.86405163829243
12.86	22.90714412855354
12.87	20.923907828876985
12.88	18.731176605480737
12.89	17.33115323605463
12.9	16.737559091413
12.91	18.09221561072178
12.92	17.623418232819688
12.93	15.823191905865254
12.94	16.80146280948076
12.95	12.853807927574737
12.96	12.148346199730252
12.97	15.967999837914437
12.98	14.324462447837394
12.99	15.172688035583368
13.0	10.646802615446651
13.01	15.532258560882454
13.02	13.864096737042832
13.03	11.45154034095384
13.04	8.874287936180384
13.05	8.879906362379698
13.06	8.055165537107879
13.07	8.18135026013445
13.08	7.301243268877307
13.09	8.830004072516868
13.1	7.195755943082269
13.11	6.151152707730073
13.12	5.766758922727785
13.13	7.455726911845774
13.14	7.605080889409534
13.15	6.339423971337452
13.16	6.671296912536942
13.17	5.931842861510201
13.18	5.711639290135464
13.19	6.393123355128829
13.2	3.1520235036392243
13.21	4.362970977903294
13.22	3.1745648037733853
13.23	5.372472040560087
13.24	2.4993567644270858
13.25	3.5183538534534096
13.26	4.943133870370458
13.27	3.878418505296711
13.28	6.5171489165747065
13.29	4.231209750462336
13.3	3.568685059098118
13.31	4.54623066743651
13.32	1.7660330867001997
13.33	5.959405320581128
13.34	5.497982965444732
13.35	9.016336404450708
13.36	6.890632098367661
13.37	6.198110140848714
13.38	5.840237350326777
13.39	5.103708034635403
13.4	3.7029401893438685
13.41	7.4094374086090316
13.42	3.216146484498127
13.43	5.786985821239672
13.44	5.37438223809067
13.45	4.210490665398892
13.46	6.169438600105087
13.47	4.938396161879421
13.48	7.408531906861235
13.49	6.2365139414863915
13.5	8.236722882177144
13.51	8.986906245747962
13.52	9.037798786379202
13.53	11.053720477045191
13.54	13.361961672814173
13.55	10.394713540576324
13.56	11.055165268067212
13.57	12.463727992777574
13.58	14.072882074542463
13.59	13.56879834762341
13.6	13.63165068824012
13.61	16.35019930833632
13.62	14.407916955271334
13.63	16.18229242761298
13.64	14.946462749293726
13.65	19.586501902953295
13.66	18.102445954197986
13.67	19.226269664842384
13.68	20.76714742943606
13.69	21.52257562226728
13.7	21.97266583687125
13.71	20.687377748627252
13.72	21.615509570331316
13.73	23.40585791997836
13.74	22.752017673674832
13.75	22.751660943703495
13.76	21.938195951878306
13.77	22.512821922085678
13.78	25.295129684245477
13.79	23.133162272403652
13.8	23.181467296364666
13.81	25.173710043035662
13.82	26.621424239441787
13.83	22.869877287250056
13.84	25.40798042976357
13.85	26.70152537794757
13.86	25.563173934773626
13.87	25.20328869838106
13.88	26.774868075490676
13.89	28.455426862783753
13.9	27.795840837742936
13.91	23.82462219494403
13.92	27.97771980892979
13.93	28.778746739526113
13.94	28.017074856055235
13.95	26.48380930502668
13.96	25.663221031320965
13.97	27.261558708971
13.98	26.60830558786575
13.99	24.446071574359557
14.0	27.626213993769195
14.01	29.666979885795552
14.02	28.933976124164726
14.03	24.20347608664341
14.04	27.036293590394543
14.05	26.27667440374812
14.06	26.036444179475712
14.07	26.905347937812774
14.08	26.298720120911238
14.09	25.88909205888419
14.1	25.24456249912887
14.11	23.272191850546555
14.12	26.159963087110796
14.13	22.901906392915077
14.14	28.385657031573913
14.15	23.695247470528752
14.16	26.104842071290783
14.17	23.80478039410017
14.18	24.286327246309767
14.19	22.938159372609466
14.2	21.17857628787727
14.21	23.26514775815344
14.22	20.064230359276095
14.23	20.708203932568853
14.24	21.040230978407877
14.25	20.78537947869325
14.26	20.14529830266367
14.27	18.505690509889902
14.28	18.985688606197225
14.29	19.707342030499753
14.3	18.39517409493051
14.31	14.483852792282942
14.32	16.00302672763659
14.33	16.722770017012316
14.34	13.17757475717142
14.35	13.512624877301285
14.36	10.547142884366163
14.37	11.198035499571738
14.38	14.066187142068411
14.39	11.288406371734652
14.4	9.59270471393892
14.41	8.562073781087935
14.42	9.898717203792222
14.43	10.665332572226353
14.44	6.838166968308394
14.45	6.6539203686270465
14.46	4.568825258702849
14.47	6.802563848530509
14.48	8.213442204118397
14.49	7.047751503564598
14.5	4.764942456169644
14.51	5.54333737123117
14.52	4.8981298624070355
14.53	5.6967485968839515
14.54	0.8692197428444155
14.55	4.350192204473542
14.56	-0.007934353456477972
14.57	4.072557518705246
14.58	1.8796279908867635
14.59	1.758547327039539
14.6	-0.15653211402418843
14.61	2.5849098127554875
14.62	3.483904023705867
14.63	4.051946331748747
14.64	-0.302889457606081
14.65	2.452506178604294
14.66	1.4640126988289985
14.67	1.6785637769131307
14.68	-0.059289133209561196
14.69	-0.06970700014821518
14.7	-1.4987985424799084
14.71	-1.329317914649702
14.72	0.6011471355918051
14.73	1.795174933578782
14.74	2.7108200003391154
14.75	0.07479253163741562
14.76	3.678811290560381
14.77	1.9879452299688365
14.78	4.858409336547632
14.79	1.763852952363379
14.8	1.886488740450256
14.81	3.0005236171384784
14.82	5.21678830042196
14.83	4.430803449569132
14.84	5.931502795263163
14.85	2.8879355941624256
14.86	4.365662156604151
14.87	8.322546981025036
14.88	8.673444553488213
14.89	6.923663383247147
14.9	6.602669476734215
14.91	8.016443456516821
14.92	8.61191175172394
14.93	10.453403726366213
14.94	11.556196975480335
14.95	12.01468145754379
14.96	9.113686874622267
14.97	17.473692029039626
14.98	13.199604535357096
14.99	14.125016075506117
15.0	15.840986788664283
15.01	14.261959809898899
15.02	17.866089941486756
15.03	17.153403108696104
15.04	18.517056562896066
15.05	20.790632059126416
15.06	21.404982740995635
15.07	19.33660376279332
15.08	18.914049252428796
15.09	24.971852168801803
15.1	20.24051386653916
15.11	22.111693947773045
15.12	22.807372302256837
15.13	22.960994043069814
15.14	26.479204109632697
15.15	26.041156687152196
15.16	25.393026248576614
15.17	23.549217277345083
15.18	27.023825444427235
15.19	27.54925380557066
15.2	25.989935537218443
15.21	25.044150174158816
15.22	28.213119789416226
15.23	26.33902247624546
15.24	28.601164784576646
15.25	28.517712299251357
15.26	28.474934408841474
15.27	27.202217715726462
15.28	27.75892010836375
15.29	28.619577236445302
15.3	25.371082660667607
15.31	27.537767516498683
15.32	29.861798000224663
15.33	27.081216973871516
15.34	27.632099132456297
15.35	30.010453983693992
15.36	29.44263083209927
15.37	27.549587793899377
15.38	27.3904617794977
15.39	26.378104245273597
15.4	25.409406661594677
15.41	26.738253394647288
15.42	26.55848466678053
15.43	24.8930749632645
15.44	25.06763231066623
15.45	27.206997695471685
15.46	26.871706138481382
15.47	27.174174895446757
15.48	25.994704167149738
15.49	24.44360016315551
15.5	23.712340287977643
15.51	23.162275882244337
15.52	20.409137615393316
15.53	18.876183691125483
15.54	20.188546610550617
15.55	20.062379350911158
15.56	14.618442538722006
15.57	16.13366759001184
15.58	13.37583956625064
15.59	15.930277334490219
15.6	19.767488666045054
15.61	14.948797867342767
15.62	14.792936613911516
15.63	12.319658200162
15.64	14.493386537820681
15.65	12.551646679439171
15.66	11.450430401839789
15.67	7.810297067684346
15.68	8.466742504046497
15.69	8.319823823672134
15.7	8.400665629921251
15.71	7.144622236272607
15.72	10.603813715943039
15.73	5.954951121358193
15.74	6.71669067269297
15.75	4.805466791795262
15.76	2.498563454503665
15.77	5.622589770228032
15.78	6.087611551945194
15.79	1.4355071385434743
15.8	2.6726894060547006
15.81	4.455281505669964
15.82	2.809811304039335
15.83	0.8927174298449515
15.84	2.910194900312872
15.85	1.0857549591916467
15.86	1.5737836584951816
15.87	2.569004048969331
15.88	-1.947244141866037
15.89	-1.2045086720113454
15.9	1.368321597763782
15.91	-0.2503099915431111
15.92	-1.2863110939152176
15.93	2.845791568225641
15.94	1.264001462122383
15.95	-0.10357134801747245
15.96	1.1520217978618763
15.97	-1.0588896498049856
15.98	-1.2721568327436446
15.99	2.0921043357820386
16.0	-0.673115559860098
16.01	0.7299946327020002
16.02	0.7381172712639661
16.03	-0.009942812460894235
16.04	2.003375331070515
16.05	0.11329593470868016
16.06	2.904097575460212
16.07	2.920603400504322
16.08	5.3363200119622585
16.09	4.7499816950377465
16.1	4.033356622860702
16.11	3.777455338038899
16.12	6.911004051190779
16.13	6.104316845268141
16.14	6.608285812110875
16.15	9.516859797756219
16.16	7.639151425603075
16.17	10.172952317349631
16.18	10.173549021851631
16.19	10.380323580430687
16.2	12.844184512038602
16.21	10.07730499606738
16.22	16.421611251253598
16.23	13.787262075497047
16.24	14.600539961637992
16.25	17.37182818371223
16.26	15.019711743307617
16.27	15.298008365410864
16.28	19.564095868440745
16.29	20.38717985945793
16.3	18.130464833106696
16.31	18.188336887785646
16.32	19.41796681036425
16.33	20.912277799655467
16.34	24.062590053855335
16.35	22.233304235619038
16.36	22.041441649677605
16.37	21.971517047974455
16.38	22.924381963791067
16.39	22.803488604950797
16.4	24.814371660581354
16.41	24.132253737493
16.42	26.90007662122423
16.43	27.175438741087323
16.44	23.995468061277627
16.45	27.9616198334285
16.46	30.06505479315276
16.47	27.110344167303065
16.48	26.74871254799921
16.49	23.490139530662734
16.5	24.518101668129646
16.51	24.25766393242176
16.52	27.811868927797452
16.53	27.448095214779205
16.54	27.402591634610765
16.55	28.25587674746418
16.56	28.644080835997283
16.57	30.863268499940503
16.58	27.452914449196033
16.59	30.326689028204285
16.6	27.784761228736443
16.61	29.504004403160586
16.62	25.90503988667497
16.63	29.914401171043075
16.64	27.88951996028023
16.65	28.21082828692359
16.66	27.279997652323015
16.67	26.51952638969792
16.68	27.557521069387327
16.69	25.11364088599912
16.7	28.23319162219824
16.71	26.271439812538716
16.72	27.37768482712087
16.73	26.681683920490645
16.74	25.39864481169382
16.75	23.421085719215416
16.76	23.598736396851177
16.77	24.707796903560478
16.78	25.696152869668598
16.79	23.977970105636313
16.8	25.684047039287808
16.81	22.163159044785317
16.82	21.02468065180585
16.83	21.044893378691164
16.84	22.676813680813773
16.85	20.30427603480587
16.86	19.46331575896682
16.87	18.50632178420469
16.88	17.06922623907825
16.89	16.663912842788438
16.9	17.441979829247753
16.91	14.016510979123249
16.92	13.738272417329307
16.93	14.62339427924467
16.94	14.295785685260286
16.95	15.130847753588903
16.96	13.216803840282694
16.97	11.890231952325886
16.98	10.410487297162232
16.99	9.19242265462632
17.0	8.588624793964998
17.01	9.009193494269491
17.02	11.304235369860093
17.03	8.061683544272102
17.04	8.009388872341349
17.05	7.713089326779783
17.06	6.9175915435063615
17.07	9.169721768185669
17.08	7.626366995495997
17.09	6.488955520473357
17.1	5.8799851305541555
17.11	6.266937560390077
17.12	5.236746105327194
17.13	2.1108025839895697
17.14	4.2825934840806195
17.15	5.8530828880157895
17.16	4.30251581042053
17.17	1.312689570673096
17.18	5.41715652294522
17.19	5.30280857786247
17.2	4.288980575279782
17.21	4.310935016329442
17.22	4.125958752171805
17.23	4.0400500568649225
17.24	3.6431487004110457
17.25	3.9465864784584612
17.26	4.723693664346612
17.27	2.9624432623132204
17.28	4.933843126914259
17.29	4.118588187017466
17.3	5.583795815365237
17.31	5.496882597912162
17.32	2.8931653926358525
17.33	3.2882896481819968
17.34	5.18490980476452
17.35	6.5771809353843
17.36	5.148414023905286
17.37	3.752045071202387
17.38	5.043081463577847
17.39	4.4917080510475005
17.4	6.238559361396426
17.41	9.06978362757329
17.42	7.270632644993491
17.43	9.23953149080971
17.44	6.525524034119465
17.45	10.139183138769567
17.46	10.622529891510174
17.47	8.852698653561895
17.48	9.720879699076253
17.49	12.570034718430568
17.5	13.726999058908248
17.51	14.119199920001616
17.52	13.702642664718246
17.53	16.1956216199958
17.54	16.36929517540602
17.55	14.246672457210659
17.56	17.092121493844193
17.57	15.754378153078127
17.58	18.50412954285557
17.59	21.469822420758927
17.6	17.823735751086083
17.61	20.752263076102953
17.62	17.55728537183431
17.63	19.740535775469713
17.64	22.989077993092074
17.65	22.20465595805483
17.66	23.49160282157331
17.67	23.999923347914475
17.68	24.1566667319947
17.69	21.507479262947466
17.7	25.331323446997065
17.71	28.3439339805945
17.72	22.514880354951664
17.73	26.750633121901007
17.74	26.13503643291853
17.75	26.08561315365931
17.76	29.06615312012343
17.77	23.394161393694386
17.78	29.120828325273326
17.79	26.272037452256207
17.8	26.654053406789217
17.81	27.04773035680564
17.82	25.15270615061742
17.83	28.471700598465823
17.84	29.05692387250247
17.85	30.074694266077124
17.86	27.727963778396475
17.87	27.67887252983962
17.88	26.58200656094132
17.89	31.839072435263247
17.9	28.47011172262555
17.91	26.996077819610004
17.92	27.166721206690564
17.93	25.328449841230192
17.94	26.682458788748022
17.95	28.020599318531584
17.96	24.813709928698362
17.97	24.088834548155376
17.98	23.71314989361331
17.99	24.805173787278715
18.0	25.04564004098667
18.01	22.797754068746467
18.02	24.073196678263113
18.03	19.40966777051739
18.04	21.283288287659868
18.05	21.546862285895028
18.06	17.151415645340933
18.07	18.840354287929532
18.08	18.94662182368576
18.09	20.175156551454883
18.1	17.203641722107363
18.11	14.190758089196686
18.12	15.020107112290658
18.13	12.721542110925014
18.14	12.458455626606357
18.15	12.733902236894039
18.16	11.714863643258976
18.17	11.610749814553216
18.18	10.209855827694591
18.19	8.89853011979529
18.2	9.266436383932158
18.21	8.591692119500927
18.22	6.4470891346004215
18.23	8.302229613551706
18.24	10.526484204113004
18.25	8.943207350623034
18.26	8.361292837015705
18.27	7.722181331306449
18.28	5.620950445134313
18.29	8.340994381688828
18.3	6.646802397407345
18.31	5.677663641080427
18.32	7.898917064702042
18.33	2.1915481770069802
18.34	3.7596266531706997
18.35	3.66284039512664
18.36	3.3200038546233417
18.37	6.942759677747599
18.38	6.847847812605377
18.39	3.360064824379857
18.4	4.915841741869926
18.41	4.564160427813358
18.42	5.231031407758029
18.43	3.904362744199839
18.44	3.4738954448903314
18.45	4.127306691656489
18.46	2.0668143776774723
18.47	3.811637799972849
18.48	3.8678394001567216
18.49	1.6465149324728392
18.5	6.22081768913754
18.51	4.23709834809391
18.52	3.556048328682008
18.53	2.9177672628448192
18.54	4.580404960076118
18.55	4.386647937596313
18.56	6.848526858673181
18.57	6.003481792106648
18.58	6.583495520196472
18.59	6.1136955204488945
18.6	9.856447658109087
18.61	8.163141062060877
18.62	6.81207630402384
18.63	5.855917655893918
18.64	8.057412192251403
18.65	11.239557015910453
18.66	10.976694630416088
18.67	12.37794894556015
18.68	12.344849327738027
18.69	13.640960925718094
18.7	12.943085008411334
18.71	13.243924794000733
18.72	15.842353875348955
18.73	16.173639199530363
18.74	21.36252349829602
18.75	17.1976698441839
18.76	20.87331483847912
18.77	21.94962900234485
18.78	18.788179446801944
18.79	19.46371148551357
18.8	18.894706723379837
18.81	23.076869120180426
18.82	24.368540383621355
18.83	23.021863018801202
18.84	25.686419129947033
18.85	23.56512848788571
18.86	26.68894944664101
18.87	26.302006220450956
18.88	23.894387397682173
18.89	25.52297387157522
18.9	26.718381602673524
18.91	28.694410516498955
18.92	25.84243632267774
18.93	25.808260004137477
18.94	29.273654564293157
18.95	26.40466260441892
18.96	27.840840878024643
18.97	27.925066094359074
18.98	28.381523128817445
18.99	25.33634440986206
19.0	24.043666362185984
19.01	26.057042550373286
19.02	28.044885824508583
19.03	28.367133478847965
19.04	27.738869284482334
19.05	25.180387494708032
19.06	26.819600943034455
19.07	27.25914279281893
19.08	28.528772936965233
19.09	23.964466716073808
19.1	26.9991639561855
19.11	23.352674988806932
19.12	29.267749956795612
19.13	26.938594356876507
19.14	27.623815438081586
19.15	24.070744831316816
19.16	27.352396451626134
19.17	25.203105980548333
19.18	26.839119423421792
19.19	22.801159695125182
19.2	23.955486706930284
19.21	21.67806984223928
19.22	23.022029641392177
19.23	22.630359841096222
19.24	22.23496651125934
19.25	18.898572325300933
19.26	20.90009700739652
19.27	18.783967912168034
19.28	14.910193837208357
19.29	15.858499155984434
19.3	16.477228524459775
19.31	14.885567200111975
19.32	15.122774570942395
19.33	16.077435896966865
19.34	10.433094733287714
19.35	13.919905903611609
19.36	12.792184555691033
19.37	13.662296869951136
19.38	9.323156284594425
19.39	9.589982285816065
19.4	7.738202296906316
19.41	9.399946722076237
19.42	8.117096163448169
19.43	5.494944977257927
19.44	3.7442293578379005
19.45	7.949324441731545
19.46	7.149810875501924
19.47	4.776754209860729
19.48	6.58843385307177
19.49	4.2015698448992
19.5	2.62256772576102
19.51	2.5724697557762353
19.52	3.138021876148332
19.53	5.965192629282992
19.54	2.8019368824960886
19.55	1.267759518475923
19.56	3.9100116586980014
19.57	2.4279646657953875
19.58	2.769249416868991
19.59	0.14305584779527902
19.6	2.6829723105487875
19.61	-0.6452156338203441
19.62	2.856308802798626
19.63	3.4256970926962085
19.64	1.6437641203977393
19.65	-0.199111610080661
19.66	0.8525317620562041
19.67	2.6736505607028533
19.68	-1.797353080733887
19.69	0.053579113139022604
19.7	-0.30037949700299205
19.71	0.003791381872750669
19.72	-1.4098035071857509
19.73	2.7012054508701056
19.74	1.4975342863955075
19.75	1.6264737259353672
19.76	1.6555562136780915
19.77	-0.3889249018063512
19.78	2.7002928391108894
19.79	1.1721915978080544
19.8	2.298733874922614
19.81	1.537696253787567
19.82	2.794950143203131
19.83	4.281250009998501
19.84	3.3846786983297483
19.85	3.9911134646096236
19.86	2.523796614784744
19.87	6.149243662464789
19.88	6.243981492077553
19.89	6.374543053486086
19.9	3.894666032745935
19.91	9.341479434211145
19.92	6.983378142708876
19.93	7.969501312097501
19.94	8.404454400174707
19.95	8.564882445489935
19.96	10.65005157397261
19.97	8.07069982115274
19.98	13.154256688158497
19.99	10.216070113145244
20.0	12.66166623691619
