10.01	29.215561033925027
10.02	29.389650423511327
10.03	28.55485937381835
10.04	27.250679928898435
10.05	28.43389679046806
10.06	27.9111406713627
10.07	26.670374489919723
10.08	26.612410792431703
10.09	25.363664511861998
10.1	24.973731674005826
10.11	24.080212424150456
10.12	23.230465984271014
10.13	23.162908931096077
10.14	21.113634236947
10.15	21.112180676008833
10.16	20.77484623308552
10.17	19.482898321336393
10.18	18.383977280808747
10.19	18.179416666563725
10.2	18.23199655115973
10.21	15.813733238587435
10.22	15.157464387290116
10.23	15.35336590642288
10.24	15.0865583869013
10.25	13.808608382674697
10.26	12.138426982622825
10.27	12.1334101385802
10.28	10.325374856820657
10.29	10.52400972459432
10.3	10.401830026901212
10.31	9.40741079874268
10.32	8.763128430935225
10.33	8.240514496773542
10.34	8.051032125816118
10.35	7.4428410687669375
10.36	6.737864618024752
10.37	7.312817892985885
10.38	5.663783409049623
10.39	6.1396404725483
10.4	5.150853570979715
10.41	5.161621020124376
10.42	5.463673932800961
10.43	4.302688479510819
10.44	3.9366444188553658
10.45	4.0972612756073055
10.46	4.502244570392723
10.47	4.481314572671877
10.48	4.171549900068679
10.49	4.717797958817383
10.5	3.630522063042529
10.51	4.303285691429848
10.52	4.20083121487107
10.53	3.344551358321449
10.54	4.031531094390372
10.55	3.1902841443099144
10.56	3.615962530131877
10.57	3.088364722000641
10.58	4.309319182044114
10.59	3.325233637228369
10.6	3.463351831321226
10.61	4.16372435329334
10.62	4.749040202327062
10.63	4.492018881257119
10.64	5.3038265274768355
10.65	5.138045214420903
10.66	6.483980733934444
10.67	7.192793521528946
10.68	6.834382043103172
10.69	6.286845528239802
10.7	8.400306333923107
10.71	8.98461385056507
10.72	9.759017084720137
10.73	9.646629860827293
10.74	10.245453698690223
10.75	10.905495065401395
10.76	12.099850284263654
10.77	12.362583106471018
10.78	13.932855618027288
10.79	14.89707120676639
10.8	16.2801202962677
10.81	16.544387564928538
10.82	17.70705001345465
10.83	19.198254652258935
10.84	18.533287506467275
10.85	19.36497012225266
10.86	19.957071271129788
10.87	21.383101125413397
10.88	23.28329392048379
10.89	22.36298623713261
10.9	23.36290339360713
10.91	24.817126730383773
10.92	24.25175196729564
10.93	24.580034787536377
10.94	26.013493759726693
10.95	26.631347974803752
10.96	26.14267081354078
10.97	27.268186192548164
10.98	27.302972725967905
10.99	28.45316530785357
11.0	28.745214759002156
11.01	30.004922879540224
11.02	29.967219272194644
11.03	29.774311706071735
11.04	29.087852448524924
11.05	28.97763663101818
11.06	30.377892039103664
11.07	30.752846585735554
11.08	30.496927766998546
11.09	29.813888550015193
11.1	30.728546310525225
11.11	29.921249347609763
11.12	30.612858845743837
11.13	31.34998292850842
11.14	30.380531334315258
11.15	30.331302872667383
11.16	29.64880117878425
11.17	29.525837183516455
11.18	30.140935629809054
11.19	29.23961361975952
11.2	29.37654295141954
11.21	28.387318910567352
11.22	27.566870194766686
11.23	27.614667239461788
11.24	27.175873220579984
11.25	27.111234412900508
11.26	26.194356294399654
11.27	25.549545851142238
11.28	25.529347446460186
11.29	23.91462771261412
11.3	23.861056502804495
11.31	22.774747497779945
11.32	23.38332875137386
11.33	21.62597941428261
11.34	21.38173565992408
11.35	21.685971337752967
11.36	19.83634328878033
11.37	18.55886974466881
11.38	18.78132879879601
11.39	17.209816950784656
11.4	17.44707178082843
11.41	15.635322019634613
11.42	15.665658243107645
11.43	15.252965455367509
11.44	13.842107732409566
11.45	13.878686442464486
11.46	11.679373964962869
11.47	10.836049614103509
11.48	11.744191154924213
11.49	9.446204168324993
11.5	9.058587992003588
11.51	8.597345809299426
11.52	8.654562209360199
11.53	7.839782597776082
11.54	6.690184689399932
11.55	5.733485179676201
11.56	5.865716318012493
11.57	4.820328566873902
11.58	4.564971619855027
11.59	4.807187884966866
11.6	4.369828525622379
11.61	4.082006502846066
11.62	4.353787236731152
11.63	3.6100540862107895
11.64	3.4957248664364404
11.65	2.5908677215300453
11.66	1.6852114242257943
11.67	2.6810860918639006
11.68	2.768301257448689
11.69	1.3886369169428487
11.7	1.0538498383297212
11.71	1.5049926689441697
11.72	0.3608728082961975
11.73	1.6728847436221632
11.74	0.9256708521553143
11.75	1.2730716435948486
11.76	0.7740237134011624
11.77	-0.2648330368510168
11.78	0.6305514502891394
11.79	1.146417015343752
11.8	0.625208584245438
11.81	0.3291833144308449
11.82	2.19843288588982
11.83	2.0283144566329274
11.84	1.2522991589274108
11.85	0.2984702683013467
11.86	1.4268625308311085
11.87	0.006544352177072277
11.88	2.058406715367484
11.89	1.8847095692338696
11.9	3.0047005266935596
11.91	2.3004008301964167
11.92	2.0805739726241272
11.93	2.0843998317531836
11.94	2.6584001326092594
11.95	2.316202166030858
11.96	3.7873916176873816
11.97	3.837293724891402
11.98	3.5345265994440824
11.99	4.018894683636795
12.0	4.918745861951755
12.01	5.126301933520315
12.02	5.73694404806228
12.03	6.518087270130725
12.04	6.783484226907938
12.05	7.8605941523745635
12.06	7.6512838518472055
12.07	8.072714794794857
12.08	9.375124917078832
12.09	10.131729595669364
12.1	10.50763364325201
12.11	10.852315716509064
12.12	12.26803566217363
12.13	13.38110123948383
12.14	13.418267093167595
12.15	14.468223470997884
12.16	15.332408277895953
12.17	14.71511779622887
12.18	15.734557152054162
12.19	17.7360520705059
12.2	18.191960495987637
12.21	19.304184005476934
12.22	19.631932301668048
12.23	20.666108778458952
12.24	21.00802495892288
12.25	21.611798523235322
12.26	21.648597004141163
12.27	22.695927722910536
12.28	23.250618407020664
12.29	23.671569369177455
12.3	24.212181951380412
12.31	24.60028605725675
12.32	24.515608147821954
12.33	25.592855979036845
12.34	25.80326077700736
12.35	27.065472497849367
12.36	27.528496967735304
12.37	26.76525011701669
12.38	27.19845514471513
12.39	28.10304144553592
12.4	27.356361747545957
12.41	28.49744346103403
12.42	27.95221623264129
12.43	28.841489682157903
12.44	27.591728342510972
12.45	28.655259981670447
12.46	29.561760054214158
12.47	30.059086672388247
12.48	29.409103603809697
12.49	29.425108868799835
12.5	29.241697830109526
12.51	30.05569613832357
12.52	29.29568145850739
12.53	29.58438595231895
12.54	31.15924027232063
12.55	29.623948280439926
12.56	29.804399275807594
12.57	30.098958468973795
12.58	29.72196384005538
12.59	29.811864920349887
12.6	28.648011362089136
12.61	29.35188070176362
12.62	28.698869050646383
12.63	28.283959514129833
12.64	27.998346788358944
12.65	29.212261165515827
12.66	28.595767663261654
12.67	28.515862685561437
12.68	27.45883814014467
12.69	27.478528321278485
12.7	28.162689721225302
12.71	27.324236768850977
12.72	27.22959493774917
12.73	27.815307014920542
12.74	26.905934524554535
12.75	26.663768995849473
12.76	27.368114413701036
12.77	26.16056530259318
12.78	24.540778368231607
12.79	24.296711346821883
12.8	24.02108461750767
12.81	23.79952994651182
12.82	22.539013409659955
12.83	22.38889094696669
12.84	20.88267715215997
12.85	21.312794225080236
12.86	20.771023988377205
12.87	20.99646805344238
12.88	18.260659604803152
12.89	19.38870812706022
12.9	18.652337174831008
12.91	17.11727797155275
12.92	16.157611354091216
12.93	15.647182272103136
12.94	15.043913930945516
12.95	14.982224395102946
12.96	13.970461546743755
12.97	13.272892060692973
12.98	11.717518734636002
12.99	12.738129267197218
13.0	10.934358689229786
13.01	10.630692933978338
13.02	11.05658183235298
13.03	9.56744853090954
13.04	8.265906734220408
13.05	9.51443381913764
13.06	9.864505009681697
13.07	8.001659132860224
13.08	8.370149244928193
13.09	7.15366110263226
13.1	7.457861959762075
13.11	6.85487756195483
13.12	7.308740810967323
13.13	6.408763719758008
13.14	5.678097940733126
13.15	6.329400733775024
13.16	5.948023141249031
13.17	5.1463444498132525
13.18	5.4536108882857
13.19	4.977740762503997
13.2	4.168572542683384
13.21	3.745934355241139
13.22	4.001378960875229
13.23	3.9004017141025935
13.24	4.124244351986569
13.25	4.676215860670062
13.26	4.822340960532833
13.27	2.405256616567687
13.28	4.113133233466429
13.29	4.030752695149948
13.3	4.164863465583725
13.31	3.876346411623624
13.32	4.800517891016147
13.33	4.708708562892769
13.34	3.9703464569890143
13.35	3.295637376808712
13.36	5.425862149202317
13.37	5.0190830490891924
13.38	5.294442395937872
13.39	5.696324143604473
13.4	4.758111143916528
13.41	4.8674690554632605
13.42	5.1743107450012635
13.43	4.975716806613379
13.44	5.68207175440037
13.45	7.250012879008302
13.46	7.139164686716353
13.47	7.4940926298157455
13.48	8.533048110381566
13.49	8.808969383290925
13.5	8.398468137940279
13.51	9.602256833098108
13.52	9.009447591389943
13.53	10.100851089928495
13.54	10.135378769007682
13.55	10.354902558249458
13.56	9.983536181416856
13.57	12.823211716665346
13.58	12.528594992422061
13.59	12.89521185267072
13.6	14.014135189220525
13.61	13.91255516506455
13.62	15.067854771598137
13.63	15.866966208664898
13.64	15.906162656140056
13.65	16.69047255962205
13.66	17.394691024186677
13.67	17.66612846859477
13.68	19.3904455200634
13.69	19.24530186487601
13.7	19.77502786782138
13.71	20.811732713922634
13.72	21.0365722392041
13.73	20.547246248034682
13.74	22.25224252692246
13.75	21.285330850809057
13.76	23.934607132935735
13.77	23.920833265460924
13.78	23.784334769121994
13.79	24.326248470429597
13.8	24.939518094627886
13.81	24.411416428743912
13.82	25.554400913192243
13.83	24.699805660487158
13.84	26.5288649305691
13.85	26.16727294754342
13.86	26.245268668136543
13.87	26.038796029471374
13.88	26.46793039986306
13.89	26.62522986873502
13.9	26.555233947364666
13.91	26.58131045034885
13.92	25.989091805592505
13.93	25.882028555158293
13.94	27.51265531374196
13.95	26.640964142711052
13.96	26.870191933466625
13.97	27.08493132060357
13.98	26.148059131980084
13.99	26.416932926791148
14.0	26.51211889820068
14.01	26.88076772783465
14.02	26.92628350578786
14.03	26.64110909741019
14.04	25.22201472184847
14.05	26.667386497113448
14.06	26.087628407534755
14.07	25.686443489132138
14.08	26.443949100186785
14.09	26.483744049138732
14.1	25.913742965864014
14.11	25.19998720193945
14.12	25.801834189878576
14.13	24.180420776558122
14.14	25.11796854526146
14.15	24.98764459110834
14.16	23.66375434487034
14.17	23.666850753198275
14.18	23.323399300852355
14.19	22.568447995068837
14.2	22.06134531242946
14.21	21.754002190282307
14.22	21.611616883601936
14.23	20.44126069232927
14.24	21.55513464962019
14.25	19.53538737594598
14.26	19.491170851806185
14.27	19.27417581368623
14.28	18.152353377522935
14.29	18.3991235877877
14.3	16.898419700585933
14.31	15.656404073868403
14.32	15.899321016557916
14.33	14.444154146209716
14.34	14.110835122880168
14.35	13.530408137594273
14.36	14.311911786716596
14.37	12.35812486486588
14.38	11.357953673039308
14.39	10.44933316691953
14.4	10.607844893036638
14.41	8.862308193609815
14.42	9.14505966931761
14.43	7.610906997768826
14.44	8.021051832427867
14.45	8.02773739482955
14.46	6.2558922047593475
14.47	6.16565355279809
14.48	4.630770029663744
14.49	5.026967561209607
14.5	4.380356665215557
14.51	4.947183264052738
14.52	4.389605379276999
14.53	2.7678319798364672
14.54	2.179765677404907
14.55	3.1314871597166216
14.56	3.6489969616112274
14.57	2.968142224414012
14.58	1.9262772045227055
14.59	1.5089448446505813
14.6	1.2649633791857362
14.61	1.9033790760373535
14.62	1.2036826076734806
14.63	1.3612609480149305
14.64	0.7401028077037479
14.65	1.4713313270018604
14.66	0.9901069354984128
14.67	1.186900282193468
14.68	0.9079408273904063
14.69	0.2019447457925988
14.7	0.5714407771198768
14.71	1.0750245470252424
14.72	1.1548718813622834
14.73	1.7737982081726247
14.74	1.279033270657502
14.75	2.1920478899288818
14.76	1.941769970426172
14.77	1.805370971115
14.78	2.7731702529769837
14.79	4.012343533620741
14.8	2.6987770626152114
14.81	4.285387835314083
14.82	4.774819435918733
14.83	5.019293156696448
14.84	5.427892363331362
14.85	5.698903083092355
14.86	5.931753769342448
14.87	6.205781335039321
14.88	7.183261299089183
14.89	8.886229917297117
14.9	7.926413826416493
14.91	9.210660133632963
14.92	9.041977776018626
14.93	10.539024156179549
14.94	11.08420695291142
14.95	11.317372317031417
14.96	12.79550688006069
14.97	14.22316380421935
14.98	15.20337524753371
14.99	14.516913759043893
15.0	15.569308143688586
15.01	16.632724596092817
15.02	16.321924417060796
15.03	17.888612247438573
15.04	18.852179572058617
15.05	18.79116213576121
15.06	20.105069486627258
15.07	19.97292808564143
15.08	21.982746632392203
15.09	22.00802787344157
15.1	21.453293444234685
15.11	21.953412517248413
15.12	23.838176625232965
15.13	24.200491521207596
15.14	23.54282181234478
15.15	24.522267638233068
15.16	25.600336468933335
15.17	25.865664171304115
15.18	25.132242274498797
15.19	26.48939199148107
15.2	26.58731286124601
15.21	26.753242983492786
15.22	27.338060636320932
15.23	27.029492657608138
15.24	27.59334600071676
15.25	27.657436107782306
15.26	27.79397178650744
15.27	27.26173168468433
15.28	28.22161048600662
15.29	28.005607381900866
15.3	28.625439636190347
15.31	27.800429847502905
15.32	27.816836218000432
15.33	27.11432650877943
15.34	28.409767776792457
15.35	28.07003678447745
15.36	28.009497261413866
15.37	28.664648876354136
15.38	26.676632709116543
15.39	26.1290582213262
15.4	26.95850808455271
15.41	26.194538760792433
15.42	25.694318418269983
15.43	26.04066127140927
15.44	25.239498027284178
15.45	25.338048352006204
15.46	24.512592190791583
15.47	24.461849420227946
15.48	24.38016549349921
15.49	23.161537008429825
15.5	22.5149852966471
15.51	22.791773742211788
15.52	21.11968612597607
15.53	20.572688094255295
15.54	19.343525275940358
15.55	18.95637856683981
15.56	18.656017849002424
15.57	16.896613928298617
15.58	16.541768103555462
15.59	16.107621909570245
15.6	15.457878581189334
15.61	14.278633376542672
15.62	13.832263014842416
15.63	13.968517563727334
15.64	12.733569995723109
15.65	11.597167247612166
15.66	12.00789182299104
15.67	10.0757490312817
15.68	9.152892614333776
15.69	9.570567986878908
15.7	7.555322103296782
15.71	6.895813455030224
15.72	7.486422096263545
15.73	5.917554296263525
15.74	5.493285229428624
15.75	3.62676084692576
15.76	3.8466306365546803
15.77	5.2226657475108995
15.78	2.8891531584265944
15.79	2.8392410153064622
15.8	2.403455065834798
15.81	2.132412809585856
15.82	3.242393373798423
15.83	1.2170539858198404
15.84	1.790781083122364
15.85	1.5329935660086895
15.86	0.5076271593541158
15.87	1.6051049667103594
15.88	0.9504114651111965
15.89	0.9255102893775449
15.9	0.4483635214032035
15.91	0.22669735722193948
15.92	0.35842402504115917
15.93	0.11523565295746789
15.94	0.2589649223865711
15.95	0.16990576151364542
15.96	-0.8223058513028981
15.97	0.49431056963220094
15.98	0.3672003888127684
15.99	1.5967629419804492
16.0	0.9148141629000948
16.01	0.7866950035998623
16.02	0.757584432367187
16.03	1.2364274851341541
16.04	2.1854905625273315
16.05	2.3217040382703655
16.06	2.659541590338825
16.07	2.3575161327568717
16.08	3.290282945744573
16.09	3.963922280948826
16.1	4.640802645368641
16.11	6.0344629139283255
16.12	5.4014645760447655
16.13	5.954414550331553
16.14	7.382781004801505
16.15	7.7152263545047965
16.16	7.922881115021917
16.17	10.186977219511473
16.18	9.098278282643205
16.19	11.590994266939564
16.2	12.264796909597631
16.21	12.845875644552583
16.22	13.119761726204965
16.23	13.468218746979572
16.24	14.403783892164046
16.25	15.09459636692863
16.26	16.021769958866834
16.27	17.532152736962
16.28	17.457693877291998
16.29	17.935322210920937
16.3	19.065021522130817
16.31	20.963545022092692
16.32	20.051720223734794
16.33	21.278889319260188
16.34	21.147754323965934
16.35	23.252862533786864
16.36	22.03187943534195
16.37	22.861702059992165
16.38	23.33790643545389
16.39	23.028264115933275
16.4	24.106698346953873
16.41	24.895616538938224
16.42	25.69260967617252
16.43	25.53536070957346
16.44	26.551758687983433
16.45	26.084813344467644
16.46	26.622982190175648
16.47	27.145218683419824
16.48	28.01632391519525
16.49	27.46549456952392
16.5	27.415268970782794
16.51	27.955316858751864
16.52	27.577113277663354
16.53	26.832555985203662
16.54	28.098876503987455
16.55	26.656281794101723
16.56	27.756271808359458
16.57	28.357619888483416
16.58	28.803779970488232
16.59	26.61095629025973
16.6	26.84329939031956
16.61	28.25456246761401
16.62	27.862806317001215
16.63	28.04663606393172
16.64	27.162257085029964
16.65	27.798819419068383
16.66	27.317787200948715
16.67	27.518448903413766
16.68	26.340045802328035
16.69	27.007967886081474
16.7	27.161580071425433
16.71	25.908196745605892
16.72	25.80001160905937
16.73	25.574203216071226
16.74	25.302882910124566
16.75	25.11567836524774
16.76	23.992069443106736
16.77	23.621378587342896
16.78	23.651375316030077
16.79	22.956789235630627
16.8	22.181159602757717
16.81	20.941825123548117
16.82	21.68543361015799
16.83	21.53370352666427
16.84	20.480455616035037
16.85	19.291637270789078
16.86	18.5382974593682
16.87	18.31200944392016
16.88	17.63271874956044
16.89	16.676925825526865
16.9	15.739126112945366
16.91	16.0319298664442
16.92	14.602181019314022
16.93	14.25977664692534
16.94	14.797788776369183
16.95	13.412791964962482
16.96	12.532277656363593
16.97	11.253825502598888
16.98	11.586038203167787
16.99	11.262673873323077
17.0	10.227274985631379
17.01	10.361044510366547
17.02	10.357405476799839
17.03	8.424662636373373
17.04	8.003046587232877
17.05	7.777000835471065
17.06	8.62612721911497
17.07	6.3373193125193925
17.08	7.316312565365297
17.09	6.263762836789899
17.1	4.384689056092572
17.11	5.213767303959815
17.12	5.3730524003124005
17.13	5.1852394610880514
17.14	3.501643442050037
17.15	5.5352558508539325
17.16	4.3126542509211045
17.17	4.419548028320605
17.18	4.103037661149026
17.19	4.613018932583797
17.2	4.623346899582767
17.21	4.251431416559407
17.22	4.2650946288333325
17.23	3.281202575613617
17.24	3.324472557386792
17.25	3.1663867436992263
17.26	4.1123787577425865
17.27	3.3078578195956942
17.28	3.122898467181138
17.29	3.407977057734203
17.3	4.500991256419229
17.31	4.523290204995413
17.32	4.117161938283303
17.33	3.5445027478668107
17.34	4.908691210771605
17.35	5.403271288797748
17.36	4.493088833572857
17.37	5.332969664986365
17.38	6.80614530272438
17.39	5.717567191226183
17.4	6.307668222498296
17.41	6.916367839127696
17.42	8.101426386624404
17.43	7.823131943857615
17.44	8.71264233550006
17.45	9.964951257990572
17.46	10.204558871967244
17.47	10.658766064449855
17.48	10.975821249306634
17.49	10.325115014085853
17.5	11.21315016524983
17.51	12.38512679688612
17.52	13.98180911858912
17.53	14.683460345738142
17.54	15.552922870078072
17.55	16.360778475841823
17.56	16.1442612305413
17.57	17.363818506333374
17.58	17.781489400632076
17.59	19.46464481087123
17.6	19.186999759262587
17.61	20.3045101438758
17.62	20.608204561914796
17.63	21.374644760528255
17.64	22.927411020583076
17.65	21.370175802698846
17.66	22.353192199170937
17.67	23.260748384703003
17.68	23.58180564307563
17.69	24.08142923694654
17.7	24.92601836450144
17.71	25.394519966879024
17.72	25.215927612194783
17.73	26.382294204774706
17.74	26.43301934758793
17.75	25.296312256193545
17.76	27.511147890546862
17.77	26.123115159627382
17.78	26.665996141173586
17.79	26.646186872751876
17.8	26.39535073684406
17.81	26.845172913512837
17.82	28.045103033079183
17.83	27.938665439223215
17.84	28.259064510733605
17.85	27.233257390194673
17.86	26.605120383889368
17.87	27.08122522671567
17.88	27.04803988137833
17.89	27.09947508411432
17.9	26.58196075928772
17.91	25.920903279928357
17.92	26.14417941964123
17.93	26.56284106852796
17.94	26.31993945226474
17.95	25.628734516629372
17.96	24.782634161880562
17.97	24.77725342888537
17.98	24.182959153286447
17.99	23.886437515020376
18.0	23.337020903505334
18.01	21.623779979703656
18.02	21.106379121246864
18.03	21.361998982675807
18.04	20.851925374749555
18.05	19.783746570810564
18.06	19.745307876896113
18.07	18.78678187653163
18.08	18.638099990994874
18.09	17.11913657039869
18.1	16.536760660145067
18.11	14.809253212726967
18.12	15.09857613179671
18.13	14.122501178043525
18.14	13.083906856980256
18.15	13.707814976036985
18.16	12.196872694562417
18.17	11.534748138904874
18.18	10.855745448160041
18.19	10.581379026631144
18.2	10.64858962983195
18.21	8.388586369209518
18.22	8.722062209314755
18.23	8.587194264898612
18.24	7.394755867187878
18.25	8.196589241345682
18.26	6.942572802853906
18.27	6.721838716392554
18.28	6.519095749724363
18.29	7.183056244989524
18.3	5.152886383712
18.31	6.255847220446281
18.32	6.101116007705301
18.33	5.066650635823352
18.34	3.9810566337564444
18.35	4.2634759880108115
18.36	4.721551098103775
18.37	4.921774915415176
18.38	3.775630005187619
18.39	3.5169715550664957
18.4	3.1321945825703708
18.41	4.483720295180276
18.42	4.37067275043829
18.43	3.0358272180456725
18.44	3.3954829160240445
18.45	4.667936411931387
18.46	3.639508259559749
18.47	4.530644714895405
18.48	4.116872503309594
18.49	3.4777375277883897
18.5	3.891895530151249
18.51	4.441597275894033
18.52	4.553755628519824
18.53	3.6502249041570987
18.54	4.969863103672027
18.55	5.138436134223637
18.56	5.673756578114186
18.57	5.704604213710699
18.58	6.990223285288986
18.59	7.469809476984587
18.6	6.816017767194841
18.61	8.332546005828352
18.62	8.249898967572111
18.63	8.864192812314473
18.64	10.856781158401766
18.65	10.805107310054936
18.66	12.281479603273302
18.67	12.251925958654875
18.68	13.238164918890106
18.69	14.24979391455686
18.7	13.260588710286687
18.71	14.73370473850714
18.72	15.462259470643746
18.73	16.492265519202302
18.74	16.85407447777715
18.75	17.77824087155106
18.76	19.30324923038218
18.77	18.979009424485934
18.78	20.965877685953274
18.79	20.992793496737992
18.8	22.729225193656585
18.81	22.443278500875824
18.82	22.961075049606684
18.83	23.92790543972201
18.84	23.493611864577062
18.85	24.50976308072407
18.86	24.313764060108625
18.87	25.25081533963134
18.88	25.69067849812449
18.89	26.102971225354807
18.9	27.777925572416635
18.91	25.967968255092938
18.92	26.615246448331273
18.93	26.89756699068036
18.94	27.34806547137268
18.95	28.04536109373738
18.96	27.538883527292054
18.97	28.159989409476786
18.98	26.89275521721172
18.99	27.554255385092898
19.0	28.249421488905114
19.01	27.189038680793352
19.02	27.405376952556605
19.03	27.429787826819158
19.04	27.68896404302525
19.05	27.84432155723225
19.06	27.503364548469442
19.07	26.88833915715197
19.08	26.957341676407513
19.09	26.76197868373496
19.1	26.34379575952202
19.11	26.895548245576276
19.12	26.346644132269606
19.13	26.260702100252285
19.14	26.548492522958316
19.15	25.39929984731917
19.16	25.803622112696775
19.17	23.269390533763392
19.18	22.415734955168926
19.19	23.325893462688782
19.2	21.98025687153772
19.21	22.507667826377403
19.22	21.501468347928636
19.23	20.78101951904781
19.24	20.757508207912124
19.25	20.363539415780767
19.26	18.38456767621663
19.27	17.743226253109675
19.28	17.325011363597703
19.29	16.791766208125384
19.3	17.54263226668948
19.31	15.261160953619619
19.32	14.543227531729963
19.33	14.025506158140313
19.34	13.110101315951887
19.35	14.249014831278677
19.36	12.145239130118117
19.37	11.174604991962855
19.38	10.653324764639423
19.39	10.041343303829283
19.4	9.111105735708241
19.41	8.587463885254133
19.42	7.1418192313562905
19.43	6.883477446897276
19.44	6.6361755059421865
19.45	7.774812453189017
19.46	6.16948200264445
19.47	5.232930442240528
19.48	5.27387180637118
19.49	4.378092099940692
19.5	3.822786578367421
19.51	3.2895623407203516
19.52	2.4955947440451443
19.53	3.3386817231134165
19.54	2.278931692073968
19.55	2.216795328554993
19.56	2.239925124889239
19.57	1.9458637482881234
19.58	1.1811957830916957
19.59	0.24271429693629798
19.6	0.7305102428906385
19.61	0.48035512815897063
19.62	0.7890664785944704
19.63	-0.12893692987419136
19.64	0.38428907451741007
19.65	-0.22746665261515872
19.66	0.7489619351375288
19.67	0.5042426092864598
19.68	0.6088917826402299
19.69	-0.00950498239145509
19.7	0.11378367910167113
19.71	-0.029030227763325974
19.72	0.8301636502599384
19.73	0.8067174980708426
19.74	0.00017809537514223983
19.75	0.7283394437921764
19.76	2.1593893382010916
19.77	0.2648557917818506
19.78	1.7888121031715765
19.79	0.7265989423522945
19.8	2.3581247469313875
19.81	1.9233480083693597
19.82	2.294967477875267
19.83	3.9006207195182325
19.84	3.223672223624715
19.85	3.3259327094592592
19.86	2.8176203969200713
19.87	5.00282662615687
19.88	4.7773880624722995
19.89	4.905139870336925
19.9	4.343323504224092
19.91	6.185226512308302
19.92	7.32470068321846
19.93	8.167378036187626
19.94	8.60068657138902
19.95	8.997938634321125
19.96	8.218952342670764
19.97	9.647626130357247
19.98	11.010898157815134
19.99	10.833936270489138
20.0	10.356438860131005
