10.01	4.996241476262339
10.02	1.6549535674013125
10.03	1.562186413315464
10.04	-0.679315811811425
10.05	-0.9147242861501611
10.06	0.9585811805563615
10.07	-1.9306322614685874
10.08	-1.1973525840259378
10.09	1.7420879403546405
10.1	0.8093863507262993
10.11	-0.5584962961523153
10.12	-0.5865501065335247
10.13	-0.2825540691531283
10.14	3.1042745418397075
10.15	3.165785599129949
10.16	-0.39877506158014187
10.17	-1.9244391470658018
10.18	-0.05014446174939152
10.19	-0.013544560476319245
10.2	0.2841904455185192
10.21	2.545295127457331
10.22	-3.5000082505140795
10.23	-1.4584063453955274
10.24	0.11501690438681444
10.25	1.8169593704618667
10.26	2.1551233387710957
10.27	1.5588427006429162
10.28	0.2659285333925011
10.29	-0.1696695777490238
10.3	0.7022152406994051
10.31	0.224075046324961
10.32	1.2757881688438863
10.33	-0.040327597880889465
10.34	0.7664876990169006
10.35	-0.05358134313934049
10.36	-0.39232272534470536
10.37	1.8491122649054672
10.38	3.0611948544470566
10.39	1.0612407724894342
10.4	0.09635314995371039
10.41	3.3578273865320094
10.42	-0.7634495428068594
10.43	-0.15633553516533572
10.44	1.339094219056092
10.45	-0.23643958911870167
10.46	-1.2340265066499736
10.47	2.351888220500259
10.48	-0.08431998418963738
10.49	0.9494242196569327
10.5	-0.6760395706989024
10.51	1.5203774743154184
10.52	1.3874843601236355
10.53	-0.36754411925300523
10.54	3.366750514673274
10.55	2.725736393275173
10.56	1.639558457100923
10.57	1.4411772958006621
10.58	1.9452131746369496
10.59	-0.8105417008241201
10.6	-0.26326951817638367
10.61	-2.2027339787970828
10.62	-1.3565614586132049
10.63	2.0494357744376743
10.64	-1.1719219051969154
10.65	-0.9280312831403624
10.66	1.7349550066717403
10.67	-1.133122622230764
10.68	0.090703297343875
10.69	0.5028704184531763
10.7	2.91501622249604
10.71	-1.28363660813821
10.72	1.5007069467650955
10.73	0.03989456857538376
10.74	0.47382339829115594
10.75	-1.256621629127742
10.76	3.691652756919085
10.77	1.3328271493501287
10.78	1.651570585569007
10.79	-1.9733951524616709
10.8	-0.46557743442314503
10.81	0.06687193481947185
10.82	0.6621372789421445
10.83	-0.7326276426464925
10.84	0.9468525981358626
10.85	2.972108137134297
10.86	3.568086367708492
10.87	-0.7219898500814483
10.88	3.1781488386373646
10.89	1.266579761853131
10.9	3.3957820661739015
10.91	0.36793960678415877
10.92	1.593877186699586
10.93	1.1999882022975752
10.94	-0.2550714447075081
10.95	0.9571008203332981
10.96	0.2566917768004224
10.97	-0.7077745310463716
10.98	-1.8110135148275623
10.99	1.6539026977528182
11.0	-0.5556835394017569
11.01	0.8954545960409254
11.02	0.16094925010945205
11.03	1.048931310627101
11.04	1.3768389616936894
11.05	-0.3160519282989984
11.06	0.023837519101586255
11.07	1.8882837030622188
11.08	3.057281547055494
11.09	-0.5463240126533903
11.1	2.1208733894328056
11.11	0.22676480503332613
11.12	3.450219463444075
11.13	-0.06278769664376538
11.14	1.0918230821110704
11.15	1.36732019626394
11.16	2.991159515051533
11.17	1.718995264552351
11.18	-0.5938492804179872
11.19	0.5466644344161495
11.2	2.099659889823328
11.21	0.41081583948368816
11.22	0.587125575144003
11.23	1.012490548587111
11.24	1.6826763581067699
11.25	2.46568671556946
11.26	2.0027866918922745
11.27	-1.483836567730079
11.28	-0.48667943850926154
11.29	1.1275205204907621
11.3	1.1182810716549976
11.31	1.2781434551850044
11.32	-0.3334500442310546
11.33	1.0266643882191708
11.34	-1.0738472746986387
11.35	-0.6578873408245419
11.36	2.1529820895056653
11.37	2.331607970174921
11.38	-0.03658204292153422
11.39	-1.736610394854945
11.4	-0.3787556175423704
11.41	1.6349344709544733
11.42	0.12453134901593464
11.43	-0.1839818525175022
11.44	2.6322629020368127
11.45	3.1535655086691103
11.46	-0.8318060613704427
11.47	-2.590494471551189
11.48	1.8904339690751444
11.49	-0.4653657452278358
11.5	1.1793765607567002
11.51	-1.227628731393271
11.52	-1.7284452337407263
11.53	-0.08860541429860502
11.54	0.41999169330399283
11.55	-1.6570869291889232
11.56	2.7082717295238905
11.57	-0.48746771377092235
11.58	1.222765080539077
11.59	2.2909525207493986
11.6	-0.0017873059216693687
11.61	1.701545787349711
11.62	1.6917080097002368
11.63	4.400263894954604
11.64	1.4478121471441192
11.65	0.7102690438219843
11.66	0.08061629804182971
11.67	-0.058987686059107924
11.68	2.9361193714672944
11.69	0.06415643646148989
11.7	-0.243345400189452
11.71	0.33256475217806725
11.72	0.766647895754349
11.73	1.2073434814267334
11.74	0.04225934625492922
11.75	-0.6205124236385443
11.76	1.6803078962921298
11.77	1.4236419490750478
11.78	1.672169662315716
11.79	0.4788502549847724
11.8	1.0428244262669406
11.81	0.8256177213789715
11.82	4.035646277427771
11.83	-1.0260788014013849
11.84	2.9834731502480976
11.85	0.11699467694757049
11.86	-2.656180317371533
11.87	0.01869098707874617
11.88	1.1351798446361203
11.89	1.62518887188335
11.9	0.05449104577755626
11.91	1.0015349686835302
11.92	-0.3253989549749977
11.93	-2.3334482920348107
11.94	1.2968122471385992
11.95	0.33610740887655144
11.96	1.8266626571371014
11.97	0.37372171318610015
11.98	2.0449826036145105
11.99	1.6521830906394936
12.0	0.6060860524940305
12.01	-0.2754009746539148
12.02	0.505557162621753
12.03	-0.2152865820984845
12.04	0.9016142878579173
12.05	1.4852158930278354
12.06	-2.014530445687698
12.07	-2.617521104159853
12.08	0.4676405765187824
12.09	2.6522770135292935
12.1	-0.3957221173354169
12.11	-0.06637875884649358
12.12	1.2067623901901894
12.13	1.1245993258303988
12.14	3.615674698583988
12.15	0.9208881018914903
12.16	1.5751341823495877
12.17	1.890902371243215
12.18	-0.9584907308845394
12.19	1.4982847758105187
12.2	0.2313959050234238
12.21	-0.6924469630204062
12.22	1.629262229562497
12.23	-2.1580802371762284
12.24	1.7198205002521392
12.25	-0.39937584315958957
12.26	-0.9891392063812745
12.27	-0.6645360477435445
12.28	-0.13817395724131115
12.29	-2.608078018177496
12.3	-3.736258445660616
12.31	2.0780121083988305
12.32	0.771582887552833
12.33	-1.8470770005038522
12.34	3.2701471348186604
12.35	1.9787761951987306
12.36	-2.070680295329051
12.37	0.20971270652193597
12.38	0.7355394818694285
12.39	0.7491840591893821
12.4	-1.83523216618083
12.41	0.616503457748435
12.42	-2.068449343500231
12.43	1.4234599976096678
12.44	-0.7360381875689644
12.45	1.5644446706927417
12.46	0.26237194841990946
12.47	-1.5647934805367023
12.48	-1.9859757357193915
12.49	3.628504776748657
12.5	1.673999348750931
12.51	0.9566104921264418
12.52	-0.9492449066954356
12.53	1.3872641888235842
12.54	1.2998369391668017
12.55	-0.13509886269559124
12.56	0.3128883022185468
12.57	2.7110373514385615
12.58	-0.07800311479482014
12.59	1.5310145842787843
12.6	0.08311944088017614
12.61	-1.8815948957420527
12.62	0.2023088740057591
12.63	-0.6575457590357556
12.64	0.8830312170861938
12.65	0.5950769978446573
12.66	-0.685551240628054
12.67	-0.32396501633752905
12.68	2.2181758133563143
12.69	2.892555560551491
12.7	-0.14981503340082308
12.71	0.23624377172208358
12.72	-0.9109665484271199
12.73	0.13518138406458868
12.74	-0.41987864974855954
12.75	-1.4514898520011374
12.76	1.6555265444791394
12.77	1.7764672809144657
12.78	2.7892414930578835
12.79	-1.2846700044456756
12.8	-1.75131571840153
12.81	1.7542433833892734
12.82	-0.21491473832540442
12.83	-0.41314254483571106
12.84	0.3068927735066166
12.85	-3.260428973013717
12.86	-2.2088872290650743
12.87	-0.1543324218885468
12.88	-0.4444968512250919
12.89	-0.5815356564685779
12.9	-1.0334224887493801
12.91	1.0547242371926275
12.92	2.145795552753658
12.93	-1.09344749054561
12.94	2.56171805177873
12.95	-1.407533213428279
12.96	1.2038173861148116
12.97	-0.19209197573302722
12.98	-0.04559185990877307
12.99	0.1545196510636083
13.0	-1.5040643079206404
13.01	-1.318282349632282
13.02	-0.922312749049117
13.03	0.052868874815648975
13.04	0.9330347168169983
13.05	0.20913520356987647
13.06	-2.413241666604429
13.07	-1.7226620323027628
13.08	0.6970650709117456
13.09	-2.312476872240616
13.1	0.045406481577827784
13.11	0.09185421922474121
13.12	1.3341442244543984
13.13	0.30293362721159195
13.14	3.4432127828084638
13.15	-1.2002819701545098
13.16	-0.21166603109999083
13.17	0.4667290346087714
13.18	0.5081314570399551
13.19	-2.0689827721750187
13.2	-0.9631259010785485
13.21	0.8769098994363838
13.22	0.5556779772475834
13.23	-0.597483814941181
13.24	1.1030361142619753
13.25	0.06851788370994968
13.26	1.8828661110982552
13.27	0.1453256393894432
13.28	-2.3683149492303945
13.29	0.8841672210506153
13.3	3.1311571875874233
13.31	0.89914758837665
13.32	-1.5238297870096096
13.33	-0.5677283543770761
13.34	2.3362422914016694
13.35	-1.155997579820915
13.36	-1.5507547624316949
13.37	0.7860318227409873
13.38	0.8653806364812004
13.39	2.725854338960646
13.4	-0.6499184841765802
13.41	-1.3308116979073483
13.42	2.9819156552909925
13.43	-2.6176248666563127
13.44	0.6910552684331126
13.45	-1.141922890884065
13.46	-1.1046967578339686
13.47	-2.220769899898528
13.48	-0.9161480019454735
13.49	0.648992794534063
13.5	0.8659531134777572
13.51	3.4650922091986742
13.52	0.07242059805804013
13.53	-1.9382254928299716
13.54	0.19831427693070652
13.55	-0.42058150799914185
13.56	1.3218970760804323
13.57	2.327946290204131
13.58	1.7230601613332155
13.59	0.04258976191774379
13.6	-0.9837981781034701
13.61	0.714038686867841
13.62	-0.25408228469787625
13.63	0.9637228563205615
13.64	-1.4255025364252227
13.65	-0.7157995547064757
13.66	1.0084680534708732
13.67	-0.44496664415672976
13.68	0.6541345855804486
13.69	0.6942192871793497
13.7	1.162159245035141
13.71	2.921070980301336
13.72	-0.03007914820154131
13.73	1.8737509775880596
13.74	-2.458890498130609
13.75	2.0771268246618124
13.76	0.12310673922026291
13.77	0.3155481416740617
13.78	0.6002149170672988
13.79	0.6299713708284638
13.8	0.19463772266362822
13.81	1.255562878722834
13.82	0.46076391407630746
13.83	-0.949258324554719
13.84	2.04346631856241
13.85	-0.9199660348734704
13.86	2.960138343638308
13.87	0.11582487663343152
13.88	-0.5336507312666915
13.89	1.0890008646327414
13.9	0.4973401210158703
13.91	-0.3199215485318826
13.92	2.5221210433035632
13.93	1.5695207274672456
13.94	1.6697768673406281
13.95	0.7125328927099646
13.96	0.24488421148948314
13.97	-2.880450635828061
13.98	-1.0124349738127967
13.99	-3.2650065841319944
14.0	-1.6278553986999522
14.01	1.0082988772629196
14.02	1.2618762137310928
14.03	1.03163640598165
14.04	-0.781156276815343
14.05	0.9194141795528656
14.06	-2.2492379337161355
14.07	0.15481248647565812
14.08	-2.237861765373073
14.09	-1.2001415494771257
14.1	0.4764517633552032
14.11	-1.3204453725121204
14.12	0.48059818426508705
14.13	-1.0959438773220578
14.14	2.0431994654525516
14.15	1.996355914474047
14.16	0.9043481492224548
14.17	-0.04697719415522009
14.18	-0.9400200578651285
14.19	0.039085978455466866
14.2	3.0338067271633107
14.21	-1.562916691645773
14.22	0.8820906874216081
14.23	1.4874647852047411
14.24	-1.0103947721376423
14.25	-0.4773843725727465
14.26	1.9787051198068912
14.27	-0.4028995753283631
14.28	0.6034072172233359
14.29	-0.8354942086228933
14.3	0.4293256732250014
14.31	0.42263188654749895
14.32	-0.758382166471046
14.33	-2.7882265052661483
14.34	1.962653753681937
14.35	-2.2990544478270234
14.36	1.2679557456548807
14.37	0.15607412868160114
14.38	2.2954468099827636
14.39	-0.9288144650992324
14.4	0.6247554185867006
14.41	-1.8259210462097055
14.42	-2.8927020552123976
14.43	-1.5587715900077679
14.44	-0.3409545286232276
14.45	-0.20402553761469355
14.46	-3.01932178343604
14.47	0.22919694155852194
14.48	1.8330555952846712
14.49	-1.8177184165418805
14.5	-0.8925122989855403
14.51	-3.045248725634087
14.52	0.9913625413548928
14.53	-1.8218285925907174
14.54	-2.5327461099051645
14.55	-1.8160679898159846
14.56	-0.7979803665560008
14.57	-0.3347755232512155
14.58	-0.6499381234621757
14.59	0.6000817426627663
14.6	0.15815411070974605
14.61	0.21773789482262584
14.62	1.8723395248391654
14.63	-0.9303476623180265
14.64	-0.27266853380075323
14.65	-0.1939920820246983
14.66	-0.9345207590235447
14.67	0.6308888500914973
14.68	-0.8398341722480953
14.69	0.9324418791967919
14.7	0.6387667736143843
14.71	0.6242842571723692
14.72	2.1438669121394294
14.73	-1.8043246656530147
14.74	-0.1245863954562269
14.75	1.4795348885796882
14.76	-0.7373760625172769
14.77	0.28256790847380175
14.78	0.32735840202265815
14.79	-1.74085458555577
14.8	-0.6883322539128576
14.81	0.7804727700919449
14.82	-0.8547920279506342
14.83	0.2397057028491723
14.84	1.4116103725380948
14.85	0.13639069123645736
14.86	-0.431106316238191
14.87	-1.6025320741212217
14.88	-0.6199172096187444
14.89	0.7542479046219652
14.9	-0.6820421875576985
14.91	-1.638516217348561
14.92	-2.41823129438174
14.93	-0.7030615505719626
14.94	0.57947067907139
14.95	-0.6025685414797217
14.96	-2.3217674396805075
14.97	-1.7913832803274423
14.98	0.5957151148182349
14.99	0.27108413940981213
15.0	1.0408107546743774
15.01	-0.26858234317279006
15.02	-2.0776263624830356
15.03	-1.9488768173787316
15.04	0.07468937688033808
15.05	0.8835511711035966
15.06	-1.0835536832041857
15.07	0.044923971804089774
15.08	0.17413043115163637
15.09	2.7995582591744705
15.1	1.7264077226107988
15.11	0.7166053986357321
15.12	0.8771656257573084
15.13	0.8844760683633552
15.14	-0.9141182670177594
15.15	1.3786762825055106
15.16	2.127097611614556
15.17	-0.2113303461440259
15.18	-1.0718399103821623
15.19	3.122262888226795
15.2	-0.8801706050599654
15.21	-2.8591455546195643
15.22	0.911907003736671
15.23	-0.9773506490849444
15.24	-1.2477979183382222
15.25	2.9677139017009013
15.26	-0.5131967623282045
15.27	-2.1050975801143705
15.28	-0.4902371369444081
15.29	-0.21168773131136992
15.3	2.0995619515413124
15.31	-0.8328220401604489
15.32	0.8760375490987253
15.33	-0.49881574134970114
15.34	0.7739790217653648
15.35	4.245565907478111
15.36	2.3893393262516214
15.37	1.1566767614063471
15.38	0.4703713667431857
15.39	0.8937867778421023
15.4	2.8593170730468107
15.41	1.1221239084592038
15.42	1.7531147371461095
15.43	-2.714025290694891
15.44	-1.1745314245611376
15.45	1.1839579640767923
15.46	1.6383870587028362
15.47	-0.3075196492670729
15.48	0.19672887010002363
15.49	0.08321007142248905
15.5	-0.6687784411332698
15.51	-1.9690396942488033
15.52	1.805732802983379
15.53	2.03727596527517
15.54	0.969355334353412
15.55	-0.2380523640449959
15.56	-1.1535193723322292
15.57	1.7415482057420717
15.58	-0.11215822751922039
15.59	-1.2061129326493099
15.6	1.8604621997654247
15.61	-0.47030879737524206
15.62	1.3608148532429412
15.63	1.1754004004754894
15.64	0.1857287990835858
15.65	-0.627457962275658
15.66	-2.89178059674113
15.67	0.3746338392627948
15.68	-0.3471701216660005
15.69	0.042346536711066
15.7	0.6773314108489374
15.71	1.0381042814724175
15.72	-0.30094441741523215
15.73	0.16969058492132785
15.74	3.1169192779424932
15.75	-1.7231395961178462
15.76	-0.06026016435796938
15.77	2.274093127117425
15.78	-1.2376147359769356
15.79	0.7297810660702764
15.8	3.2344099010578464
15.81	-1.563318346791862
15.82	0.29987851558359707
15.83	2.45915031075956
15.84	1.8801255206023473
15.85	2.5219855569011345
15.86	0.8621706486296685
15.87	-2.402704495755006
15.88	1.1908148429794192
15.89	-1.5301420203471172
15.9	4.444454725204951
15.91	-1.9739134180540931
15.92	-0.18229505614665453
15.93	-0.6725160999803701
15.94	0.653731136232307
15.95	-0.33931546426664577
15.96	0.13654289887115498
15.97	2.450169806191106
15.98	2.455187287425195
15.99	-0.08009423896061854
16.0	-0.025133589439228783
16.01	0.21453365853366732
16.02	-1.559874646501548
16.03	3.037902928729017
16.04	-2.236985158802461
16.05	1.4778562229148269
16.06	-2.024069663590402
16.07	1.2247821250690505
16.08	-2.461479319412333
16.09	1.5762480177302505
16.1	-1.0100984379342546
16.11	-1.769312848661102
16.12	1.5152388011607414
16.13	-0.8004148973084908
16.14	2.153409538940104
16.15	-2.884534358153099
16.16	1.0174859811521286
16.17	0.8090043357861589
16.18	1.6239017840313705
16.19	3.1617933527328694
16.2	1.6691824810271874
16.21	2.8169281419736594
16.22	-0.1640532168303097
16.23	1.0319952509149903
16.24	0.17490292600183627
16.25	-0.12372993448810878
16.26	1.6022191790833984
16.27	-1.3625464050991989
16.28	-1.4168223381652174
16.29	-1.6627635595033776
16.3	-1.7820367256007694
16.31	-0.6261812341213024
16.32	-0.025121375692309295
16.33	0.8372235585004157
16.34	2.5569189102880334
16.35	-0.7747870291798769
16.36	1.4190273619355351
16.37	-0.30964620527955367
16.38	-0.5673314288641986
16.39	-1.7818274685940847
16.4	0.7768122808036154
16.41	-0.595698863350961
16.42	2.287099575660921
16.43	0.06110559139441057
16.44	0.3689325175053585
16.45	1.5940306480322706
16.46	-0.7846256523986913
16.47	-0.006746720689885251
16.48	4.254791342979069
16.49	-0.5203805763370013
16.5	0.1266595493651034
16.51	-0.051752004163756596
16.52	1.1025964650197522
16.53	-2.7984536429831173
16.54	0.7107570319468701
16.55	-1.1888110805867789
16.56	-0.950389286383029
16.57	0.8464930009413609
16.58	-0.4335049983199732
16.59	2.271462143202888
16.6	-0.1707054899522259
16.61	-0.8950808197335249
16.62	1.058381266329408
16.63	-0.8963057493110278
16.64	-1.9198117678273143
16.65	-1.018391076351277
16.66	-1.3867513406576932
16.67	-0.7796351927246208
16.68	2.337405927176224
16.69	-3.645964694918272
16.7	-0.1880611697975113
16.71	-1.482389988988927
16.72	1.4359051124607534
16.73	-1.506501476313875
16.74	1.2229496430650961
16.75	-0.49740492284385196
16.76	-0.5729219709869062
16.77	1.1491158356015518
16.78	0.41200714644374503
16.79	-3.5418035635487612
16.8	2.6178811960367936
16.81	0.6975723524491693
16.82	-0.9324105046333904
16.83	1.3895955107695235
16.84	1.9917775025223117
16.85	-1.3713843339943474
16.86	-0.6757746242733966
16.87	0.7270966891783143
16.88	1.23048502137196
16.89	-0.9114573630325912
16.9	2.354313303943666
16.91	0.3114518059282332
16.92	0.37369127025432597
16.93	0.1233286406275719
16.94	0.6559633777831588
16.95	2.169914007935242
16.96	-0.03862041603926236
16.97	-0.5349391544048375
16.98	-0.4113983807444343
16.99	0.5727895858996903
17.0	-2.2661364022003943
17.01	0.8130345215638182
17.02	-0.4544603529086742
17.03	0.7039630251468277
17.04	-0.6338944997219083
17.05	2.454355179599403
17.06	-0.46873445251640855
17.07	-0.6838095525674232
17.08	1.722391518593216
17.09	0.02001925609299116
17.1	1.0113997903017993
17.11	0.0383134003363763
17.12	-3.3416534726847535
17.13	0.5905983268421098
17.14	0.12986280617878074
17.15	0.8030827896609838
17.16	1.3859663689510509
17.17	0.44491327323213153
17.18	2.118651292182343
17.19	2.292224115951308
17.2	-2.5552611827054355
17.21	-0.5169490813786346
17.22	2.0235591698361803
17.23	1.0931382832832113
17.24	0.3921890927016657
17.25	1.4243680263139125
17.26	-0.9818881773559077
17.27	-0.22280415667864298
17.28	-0.4406277084522359
17.29	-0.6981688145311831
17.3	3.0627797808709425
17.31	-0.08407381896017646
17.32	1.834716885084487
17.33	-0.7424772431785394
17.34	-1.1215822876845665
17.35	1.751039507599626
17.36	0.14762875263738864
17.37	-1.8278222994363702
17.38	1.1195026682237967
17.39	1.2904573539945006
17.4	0.3863252981988993
17.41	1.4271338627795591
17.42	-0.9201948433734628
17.43	1.1982967617296187
17.44	-0.011399090292356154
17.45	-0.6286308517275911
17.46	-1.0279444924395813
17.47	-1.4559108581169737
17.48	0.7253212573056953
17.49	1.0870606612164673
17.5	-0.9530857292887744
17.51	2.592367950340182
17.52	0.29551042340209543
17.53	-2.096761960940906
17.54	0.9424700824133898
17.55	-1.6859810798328987
17.56	-0.15564224247551256
17.57	0.9146589727666758
17.58	1.8259907242767595
17.59	-0.7032380868184045
17.6	2.499819242583039
17.61	2.7474552672234376
17.62	-2.1634516820107987
17.63	2.8767940867094737
17.64	0.7639958316942435
17.65	0.9364651806819196
17.66	1.0830019259701205
17.67	0.5281782277961056
17.68	0.40734729838911304
17.69	3.3665835491305924
17.7	-1.3283770660133567
17.71	-0.8525380273506951
17.72	0.48217638410704505
17.73	1.710972082635868
17.74	2.7881580312214305
17.75	0.7566108774436773
17.76	-0.6593708541148795
17.77	0.8720777736061465
17.78	-0.9551518629247515
17.79	-1.2775823010170497
17.8	-0.6150578624976795
17.81	0.19257358801429902
17.82	1.2796605547056619
17.83	-0.5909656048429031
17.84	1.0618608457084067
17.85	0.556805806956031
17.86	0.9048664494614436
17.87	0.7529108328709646
17.88	0.42435896569079606
17.89	0.2897773382583282
17.9	-0.4229289415017992
17.91	-0.27210726675566893
17.92	-2.220142796216462
17.93	0.03414230469067986
17.94	0.9107138082354973
17.95	-2.396664949747312
17.96	-0.5686317948928279
17.97	1.3523084543340473
17.98	2.697099130367557
17.99	-3.1102765427324566
18.0	0.8532670908669748
18.01	0.04506585133396203
18.02	-0.48902255255458815
18.03	-1.16269663350037
18.04	-0.8903546302602777
18.05	1.8105156112088818
18.06	0.187304572801552
18.07	-0.9372613691145252
18.08	-0.20834676725096712
18.09	1.0760979367550023
18.1	2.5837564729362335
18.11	0.19624674554540655
18.12	-1.8028081086369472
18.13	2.051038420970746
18.14	1.6994573780737943
18.15	-0.65621929560723
18.16	3.1211002448018905
18.17	-2.1726370180433734
18.18	-3.226717846245041
18.19	1.186796025062553
18.2	1.4020620220196136
18.21	1.1152197385726308
18.22	0.6379470391295385
18.23	-1.2041049533004902
18.24	-0.6391177703136729
18.25	1.6044289914881786
18.26	2.8192657673403114
18.27	1.3170947763970227
18.28	-1.0471690472143185
18.29	0.7149279030239968
18.3	0.04256517083415484
18.31	0.1953443314713651
18.32	0.6412838521750904
18.33	-0.5420189908848089
18.34	-1.8636036664152749
18.35	2.023379597558011
18.36	0.5608195615013818
18.37	2.3306008832298515
18.38	-0.3373315596350135
18.39	2.3270334767939502
18.4	-0.35932828710316833
18.41	0.36119961867300826
18.42	0.4551026314284515
18.43	-4.485718486795085
18.44	-2.1401554874324273
18.45	-1.1585644526181482
18.46	-1.5931818114471872
18.47	3.7462608966020374
18.48	3.199099815754322
18.49	0.5554013871848239
18.5	-0.4231986451219403
18.51	-1.5462455483508588
18.52	-1.1139826465167388
18.53	1.5943714987101032
18.54	2.3530822821496717
18.55	0.20637717957950658
18.56	1.7619064680741494
18.57	-0.5587554106553368
18.58	-0.34128907270159825
18.59	-0.19303026881807184
18.6	0.4543964156213506
18.61	0.16005169355626603
18.62	-0.8458897151141463
18.63	-4.219233486496085
18.64	-1.10887390166405
18.65	-0.3448364458612164
18.66	-1.2197202314881603
18.67	0.6777578958528434
18.68	-1.1481375020048854
18.69	0.31952773489752934
18.7	-0.7535970598822236
18.71	-0.7834587284252262
18.72	-3.198064007426792
18.73	-0.7176838319855127
18.74	3.1469179485097745
18.75	1.8862913269301695
18.76	-0.7754639276172043
18.77	-0.12525025417619406
18.78	1.00005741943345
18.79	0.5966981934007393
18.8	3.687469936158338
18.81	1.9589841179062475
18.82	-1.2695332331032265
18.83	2.8862049680832738
18.84	0.3362136586542417
18.85	-0.7393193303990439
18.86	-1.9946309905687776
18.87	0.9934616621207392
18.88	1.1580405859576985
18.89	2.8124708399400307
18.9	-0.4673383626006329
18.91	0.15876118111616405
18.92	-1.056615187075845
18.93	0.6134799569910474
18.94	0.3381170300558299
18.95	2.6883966327821778
18.96	-1.3006106886103406
18.97	2.6161554562216356
18.98	-1.3553188898482826
18.99	1.7787364641498318
19.0	1.8430945191355743
19.01	2.633992483221061
19.02	0.1693553638610958
19.03	-0.6499878647931726
19.04	-1.0464486064829974
19.05	3.0460199234030836
19.06	0.4630841178938302
19.07	1.937892627995046
19.08	-1.899828554006385
19.09	0.17171791033834055
19.1	1.4330269594300722
19.11	1.4030232489331294
19.12	1.7934607557955915
19.13	1.0684867589566298
19.14	0.4151782383368876
19.15	0.5176507152107254
19.16	-0.3877654618801514
19.17	-0.12848107585889923
19.18	2.0121425315228243
19.19	2.8091310929269473
19.2	1.5434005175666536
19.21	3.0324005417601745
19.22	-0.9465152506607738
19.23	2.7208175606175344
19.24	2.1632336170524016
19.25	0.26649516716135785
19.26	-0.7109658325405351
19.27	0.041875586207415216
19.28	-1.0018006467714313
19.29	3.3629285802821753
19.3	1.0416347286651817
19.31	2.545569108101329
19.32	2.5200351695959586
19.33	2.233140263205807
19.34	2.2190064455577954
19.35	0.9217661211962633
19.36	-1.4372004644853051
19.37	1.368452229965171
19.38	-0.4421169230310268
19.39	-0.8219888268647034
19.4	0.13118045942167378
19.41	0.6315315572800686
19.42	1.145823753534019
19.43	2.676869464490585
19.44	-1.238033577455539
19.45	0.6345148674367402
19.46	1.5622081561089889
19.47	2.1333996049898434
19.48	0.16736521960931156
19.49	-0.29921319736804886
19.5	1.0846012308779212
19.51	1.1438399649175555
19.52	1.6781285999778541
19.53	0.20897368879961564
19.54	-0.5779474001995398
19.55	-2.268576704765236
19.56	1.3605379904001014
19.57	2.2941568724618744
19.58	-2.580535298916626
19.59	0.5809331900354994
19.6	0.06451450838167916
19.61	3.6808166287022472
19.62	-0.2891103497213289
19.63	1.66078492760803
19.64	1.0502703358420602
19.65	4.257334716817765
19.66	-0.4571222089347765
19.67	2.282040902082513
19.68	0.5783285864858625
19.69	1.2607373735160847
19.7	-0.1206387699819711
19.71	0.31304174229043524
19.72	1.189875896473013
19.73	2.0038858178087513
19.74	-0.794472556734695
19.75	-1.1436753147358547
19.76	-0.6383145779712983
19.77	0.7476747892244671
19.78	0.21048435006081678
19.79	1.1124585839715335
19.8	-1.342972381723977
19.81	-0.534465891301671
19.82	1.4770927456117908
19.83	-0.6653073294237996
19.84	1.2000862707000874
19.85	1.5556879044937748
19.86	1.9252799025249865
19.87	1.1124948301905033
19.88	-1.0357462622128812
19.89	0.4109101893793996
19.9	0.47133455479645003
19.91	1.4196408801272642
19.92	-0.7488332924522559
19.93	-0.6919488854047456
19.94	1.31485918970583
19.95	-1.336602988804965
19.96	0.8410590015873349
19.97	3.142574716458178
19.98	0.38133697464483723
19.99	-1.4133466765957508
20.0	-0.0965067530558732
