10.01	3.3813493698986834
10.02	3.7875746803521193
10.03	3.4650549326691538
10.04	3.5890146714882816
10.05	2.393810353602194
10.06	2.504319857105863
10.07	3.0063542772137026
10.08	2.829662566443764
10.09	2.0595394373581923
10.1	2.6648692638114992
10.11	2.4639957871738547
10.12	2.8691766034201702
10.13	2.356426799006003
10.14	3.1704420767610313
10.15	2.913582889409408
10.16	1.9761681766830663
10.17	2.766963352152745
10.18	2.6118607728939534
10.19	2.81411793555144
10.2	2.7263500705413968
10.21	1.8403523457446824
10.22	2.1200821463748873
10.23	3.006821664270096
10.24	2.0990108605592677
10.25	1.766143973217362
10.26	2.135222138997657
10.27	1.5253941241252924
10.28	2.2424098049753196
10.29	1.7518330639007917
10.3	2.1019191453391795
10.31	0.9288995857116795
10.32	1.5080122311579116
10.33	1.1217919712696367
10.34	0.9343343624685598
10.35	0.5031424100687861
10.36	1.828927850700146
10.37	1.4903510852500443
10.38	0.9106238315135218
10.39	1.1271873209803203
10.4	0.5263147241378253
10.41	1.1931718008313923
10.42	0.2591691330389528
10.43	0.19378935988485674
10.44	-0.5490542901512895
10.45	0.34204690608256044
10.46	-0.2828538806108824
10.47	-0.04911121577759453
10.48	-0.1838028541696786
10.49	0.32629932198995026
10.5	0.2191875546051762
10.51	0.47553005027142725
10.52	-0.7172375543130759
10.53	-0.8915270529031465
10.54	0.38216950582110565
10.55	0.469146828956406
10.56	0.08740626847628168
10.57	-0.2913279805481888
10.58	-0.822447744423658
10.59	-0.3184221433392514
10.6	0.13658530927193044
10.61	0.3557675193997982
10.62	0.06259541784259216
10.63	0.29102578057948963
10.64	-0.2748029348850419
10.65	0.09313156325046956
10.66	-0.49573498635184815
10.67	0.3894284086262023
10.68	-0.2757513026953688
10.69	0.43431726821354155
10.7	0.21476981386138128
10.71	0.6931804910312993
10.72	0.5274376756276957
10.73	0.23936786282310468
10.74	0.13717485832765008
10.75	0.33212899327740575
10.76	0.9444130016626973
10.77	0.8709649966565683
10.78	1.6290993502268853
10.79	0.45790452071151255
10.8	1.007736929822141
10.81	1.269953134564315
10.82	0.8964108718125556
10.83	0.8173139448839598
10.84	0.5274120683440771
10.85	0.9411996685531239
10.86	0.981130252681612
10.87	0.7147367334037178
10.88	0.6623254740601507
10.89	1.7284947950907052
10.9	0.6051237679068864
10.91	1.249411935529817
10.92	0.6282548426474323
10.93	0.8382966069831188
10.94	0.5010372708907589
10.95	0.7036599754663349
10.96	1.398956603299117
10.97	1.327560904928138
10.98	0.8209337748879411
10.99	-0.3809787797583716
11.0	0.6620359184504686
11.01	0.24641653989986068
11.02	0.49279290150904365
11.03	0.5770520213037669
11.04	0.8243548511547117
11.05	0.11506229070031182
11.06	1.7625763433581865
11.07	1.8144377789774284
11.08	1.451053120865701
11.09	0.5453025646334568
11.1	1.216185794615921
11.11	0.3853840825672391
11.12	1.4893137518255435
11.13	1.6666778543611802
11.14	1.3744698257184902
11.15	-0.02452519582934931
11.16	1.6999177386733582
11.17	1.5948236998386556
11.18	1.3884857749123032
11.19	0.5128599017277452
11.2	0.3406295784704848
11.21	1.0302612459981155
11.22	1.0322971720878082
11.23	0.20416098471100452
11.24	1.039494883104656
11.25	0.22164944754461113
11.26	2.1153369753633395
11.27	2.305915687522416
11.28	1.0554589599907418
11.29	1.826720729789149
11.3	1.6166711536273894
11.31	1.7501941847379676
11.32	1.025561455847959
11.33	0.8987350539309173
11.34	1.3453535283788403
11.35	1.2650111632348928
11.36	1.4489599028234765
11.37	1.335740876971068
11.38	1.5053367095066583
11.39	1.5388104103902014
11.4	2.015272096319815
11.41	2.272537965592033
11.42	1.2989423623371033
11.43	1.7848027624802218
11.44	1.9380394823072231
11.45	2.0710661781881057
11.46	2.049940896464634
11.47	2.584996473811941
11.48	2.0640867746598417
11.49	2.376530380316958
11.5	2.920118925173395
11.51	1.7795178581911726
11.52	2.066453207203375
11.53	3.7711580242491443
11.54	2.9862337212644006
11.55	1.5996962087620257
11.56	2.555588355464853
11.57	2.80964932538123
11.58	3.2390879764364007
11.59	2.621055378209054
11.6	2.31817743844789
11.61	2.115367413402205
11.62	3.592347755875098
11.63	2.462217602948026
11.64	2.1165336624605673
11.65	3.4379682137851573
11.66	1.9910069405130635
11.67	3.377326300519793
11.68	3.1797692912287823
11.69	2.853252412640514
11.7	2.6922724088298295
11.71	4.049042419872093
11.72	3.02044780856314
11.73	2.5705905195445613
11.74	2.5960416369666954
11.75	2.546503883856182
11.76	2.346375733676903
11.77	1.9009655011210158
11.78	2.8585173854906643
11.79	2.872587607403304
11.8	1.7909120611085672
11.81	3.051589851562672
11.82	2.3431975196870023
11.83	2.5624196683801252
11.84	2.1475616386549556
11.85	2.3056845909464574
11.86	1.8257581521588295
11.87	2.8599895202762755
11.88	1.7993595858879878
11.89	1.9791105397042357
11.9	1.7702436627078824
11.91	2.0484378452812777
11.92	2.7904662455700247
11.93	2.0419441052478917
11.94	2.026787173307239
11.95	1.6080610223270182
11.96	2.10606886019987
11.97	1.3643300582205864
11.98	1.3173677024857282
11.99	2.5581059287139154
12.0	1.9372257201969516
12.01	1.9073521112092628
12.02	1.2800206210031395
12.03	1.6237589772904846
12.04	1.898779019593487
12.05	2.4876253726040263
12.06	1.7053945504096892
12.07	2.6028073673016463
12.08	1.804918564707384
12.09	1.9009089532243761
12.1	2.199812276757846
12.11	1.9120648181348883
12.12	2.1488536761266706
12.13	1.9731602049507553
12.14	1.5842560831425814
12.15	2.556430702400463
12.16	2.9241460288358807
12.17	1.371774596044851
12.18	3.2291496819476224
12.19	2.5363239004048856
12.2	1.8572088969745597
12.21	1.4805415420780237
12.22	1.4233622309895977
12.23	1.218083532536361
12.24	2.8703078663558537
12.25	1.9021023494502765
12.26	1.9159989030437536
12.27	1.3649772397894528
12.28	2.093986420759104
12.29	1.1428524970227338
12.3	0.6132350475423298
12.31	0.8966343251619658
12.32	0.8814934814775692
12.33	1.393967412491696
12.34	1.8369997011564856
12.35	1.223162993347037
12.36	2.5441796205923866
12.37	2.497407233625098
12.38	1.7243322835098545
12.39	0.9419466301444941
12.4	2.0649304249244866
12.41	1.5537908348180003
12.42	0.8026224688959605
12.43	1.9235124624415527
12.44	2.5488251629320717
12.45	1.6147686475518779
12.46	1.9426437835479677
12.47	1.3183403479857179
12.48	2.048306992558337
12.49	1.088565214279965
12.5	1.748430233865412
12.51	1.5485062692414893
12.52	0.746458500416816
12.53	1.335749302285833
12.54	1.7724536914730482
12.55	1.5465550978425227
12.56	1.0666557794779168
12.57	2.0497598372993076
12.58	2.4508516850379864
12.59	2.1415937826580547
12.6	2.442955414338268
12.61	2.5714149444566092
12.62	2.4018961403670294
12.63	1.9603297025603859
12.64	2.465045615414049
12.65	2.5229602089337155
12.66	2.8312736456310565
12.67	3.2650598943722615
12.68	3.4487413105687628
12.69	3.2655277687907356
12.7	2.8405001413318116
12.71	2.758718633353962
12.72	3.0201017770720147
12.73	2.8767261012077148
12.74	4.021839289875931
12.75	3.481344824152997
12.76	3.5233883353822195
12.77	3.004194038673623
12.78	3.74443289191149
12.79	3.8537894627795195
12.8	3.9281737232414033
12.81	3.018918554671846
12.82	3.667490624944511
12.83	3.740686202220129
12.84	3.8123088656196833
12.85	3.330478085515362
12.86	4.165263780322131
12.87	3.558018412644602
12.88	2.8620424644285376
12.89	3.75548392224267
12.9	3.3253449851952386
12.91	4.501536634416034
12.92	3.607802218350533
12.93	4.279451349086412
12.94	2.361441825999906
12.95	3.4437484348619893
12.96	3.5744676633250028
12.97	4.252235897211324
12.98	3.931006075197568
12.99	4.085772422885576
13.0	3.3537710495650734
13.01	2.185245600667159
13.02	3.530773801633495
13.03	4.241946703510594
13.04	2.8893760066763443
13.05	2.8391902776473383
13.06	2.860193133478405
13.07	2.801445592933768
13.08	2.6654266048396345
13.09	1.9501888160222107
13.1	3.64157849067984
13.11	3.0818895648009836
13.12	3.419976349990577
13.13	2.9224232845158244
13.14	2.157875013528875
13.15	2.7616467242760137
13.16	3.9716714029831506
13.17	3.273759871173824
13.18	2.391926296754928
13.19	3.3499818237971786
13.2	1.6469629083714603
13.21	2.165989974984115
13.22	3.035507885540974
13.23	3.1725346974388247
13.24	2.9331748653588
13.25	2.7766722517154534
13.26	3.490126837903522
13.27	3.1683832264597824
13.28	2.1533341648561644
13.29	2.25203781035421
13.3	2.282126833152334
13.31	3.223897144144137
13.32	1.817066595546681
13.33	2.2028958400344627
13.34	2.606729816553291
13.35	3.0445267761966255
13.36	2.9107209950427393
13.37	2.914512587883375
13.38	2.049457445754073
13.39	2.3223935193830916
13.4	1.921655558663917
13.41	2.7386884162641087
13.42	2.5219762361202482
13.43	2.658688020841012
13.44	1.6868254927519943
13.45	1.6337234735029318
13.46	2.1912071548149115
13.47	3.014129099337593
13.48	1.8319552603243658
13.49	2.489649296269893
13.5	1.5706111919539487
13.51	2.028759995625443
13.52	2.091229826617256
13.53	1.956171452993173
13.54	1.9119142343915494
13.55	3.366856791539765
13.56	1.211112901174773
13.57	2.262532455593699
13.58	2.937575986625809
13.59	2.1813521167172536
13.6	2.673325469090309
13.61	2.663297341840834
13.62	1.8741800053429052
13.63	1.8606077178129716
13.64	2.4799663554866953
13.65	3.178571199380649
13.66	3.094624732464059
13.67	2.040617549638078
13.68	2.796821264417942
13.69	1.9639872097066355
13.7	2.890216359959943
13.71	2.440256589400657
13.72	2.809418859129207
13.73	2.7569497253436097
13.74	1.7912085941275824
13.75	2.5054149546458984
13.76	2.7432694057178257
13.77	1.8665404093568114
13.78	2.561349247892061
13.79	2.2072443320467294
13.8	3.126168489530368
13.81	2.655841565038448
13.82	3.1327812563970268
13.83	2.2850856770438672
13.84	2.241965873024237
13.85	2.903260684869348
13.86	2.163586971079971
13.87	4.282614548731893
13.88	2.3605921012490256
13.89	2.7631888408575604
13.9	1.91321576685722
13.91	1.987930089139614
13.92	2.470315485237181
13.93	1.9189522999952584
13.94	2.7991113999369994
13.95	1.9514132036300427
13.96	1.7744998292460066
13.97	1.8748425926086636
13.98	2.4169455912588402
13.99	2.444875627137235
14.0	1.9779502542046052
14.01	1.7272669832976888
14.02	2.4131813540508578
14.03	2.3255515143822776
14.04	1.1760416749416898
14.05	2.17480159154309
14.06	2.102439976877176
14.07	1.9504633874174357
14.08	1.411059972847203
14.09	1.117758083583078
14.1	2.217448062482452
14.11	1.1303224300584451
14.12	1.151899891145036
14.13	0.8880639646473507
14.14	1.5275095739310762
14.15	1.0433401141042173
14.16	1.1735968090087383
14.17	1.283943986978566
14.18	2.4242224715649714
14.19	1.483415470509017
14.2	1.0092925131538095
14.21	1.9334903296046542
14.22	1.145109430724779
14.23	0.30796654932557666
14.24	1.3775004050729118
14.25	0.562764006842573
14.26	1.6949695355600678
14.27	1.6791983389625238
14.28	0.5544070624084805
14.29	1.987250226544333
14.3	0.9168521135839255
14.31	1.2942640885858838
14.32	1.633737767286818
14.33	1.4926005947591885
14.34	1.9127401610770505
14.35	0.7667418424469844
14.36	1.6287509742518824
14.37	1.0595132332766009
14.38	1.6498909008874445
14.39	1.8802883120577145
14.4	0.4110451502353474
14.41	0.9085881991166697
14.42	1.8739192318008386
14.43	1.3139527502039503
14.44	0.9783425516314047
14.45	1.1139204766772983
14.46	0.8825364151727105
14.47	0.6140472211809788
14.48	2.0278558788128462
14.49	1.6985769180199524
14.5	1.6501506220210511
14.51	2.050369918656816
14.52	1.984774404753182
14.53	1.94705769086479
14.54	1.7805241043941311
14.55	2.3986539467268777
14.56	1.0139735781732027
14.57	1.1948790551574873
14.58	1.4659718994198092
14.59	1.2783782742506604
14.6	2.812639931713119
14.61	0.8417587979346324
14.62	2.0214928408075337
14.63	1.7862140588974558
14.64	0.9088315318614316
14.65	2.3501350587896943
14.66	1.6106127349196662
14.67	2.256208375100188
14.68	2.130331412597692
14.69	2.6213216207692542
14.7	1.2136543887652382
14.71	2.623532425564941
14.72	1.9711833528805731
14.73	2.377826225762
14.74	2.068394879360211
14.75	2.280244837467973
14.76	2.906075419169595
14.77	2.9275090432204216
14.78	2.197399193927297
14.79	2.420930739967937
14.8	2.7462182460370275
14.81	1.9663810695619994
14.82	1.7859594741056046
14.83	2.780763917980531
14.84	2.1622710193683625
14.85	2.1143445397095526
14.86	2.2811845775552024
14.87	2.1598278622595726
14.88	1.9437801119696003
14.89	2.717950971209092
14.9	2.8742037409595715
14.91	2.2982933431482233
14.92	2.3569011634546
14.93	2.3191239155734062
14.94	2.719625394453399
14.95	2.108389027861534
14.96	2.3836480804599556
14.97	2.0931841923867154
14.98	2.1376815217488563
14.99	2.572836047000849
15.0	1.7647023199986835
15.01	1.5497102860989946
15.02	1.4119154479576657
15.03	1.544306952776716
15.04	1.379529878374115
15.05	1.7015865688421763
15.06	1.2114553223944662
15.07	1.1173796428819731
15.08	2.052978882468549
15.09	1.545859636228232
15.1	1.063644791464863
15.11	2.308723592288078
15.12	1.7731109167669514
15.13	1.418770616631758
15.14	1.311140511719499
15.15	1.471985700954624
15.16	0.8353035403035328
15.17	1.5033500464832954
15.18	2.104303926697749
15.19	0.9660185264346768
15.2	1.0821124743752655
15.21	1.349837178043766
15.22	1.3792858819604972
15.23	1.8316208700871697
15.24	0.8288679338403806
15.25	0.7839587235222907
15.26	1.3808906957125486
15.27	0.838733120771789
15.28	1.2833678902668906
15.29	1.3751528306126246
15.3	0.6469277224637942
15.31	1.0451158544853705
15.32	0.9119244665541344
15.33	1.578650691656755
15.34	1.5625833341657167
15.35	0.7364383884083304
15.36	1.3084933769571616
15.37	0.8093962186819486
15.38	2.2512706601314685
15.39	1.3254924046139434
15.4	1.7566111163406002
15.41	1.4206052582566602
15.42	1.7177418401916054
15.43	1.709046703452728
15.44	1.3742335414825304
15.45	1.0120077323909324
15.46	0.887688580109384
15.47	1.850003012503758
15.48	1.2041032248553165
15.49	1.5636522639449533
15.5	-0.2748014572498859
15.51	0.9983669354858395
15.52	1.8474401947017316
15.53	0.7165103974476131
15.54	1.1128079197843697
15.55	0.4003757176040881
15.56	1.3034077479351929
15.57	0.8661748090111265
15.58	1.241181936627072
15.59	0.5559293187441583
15.6	1.234784657020941
15.61	1.1832101632601255
15.62	0.9571385713444799
15.63	1.1227977514982883
15.64	0.9751637663396397
15.65	1.0966405595089674
15.66	1.1687166731574603
15.67	0.4249976460068111
15.68	0.3257699083278708
15.69	1.0733079871420743
15.7	0.5782980924828975
15.71	0.8329032270858845
15.72	1.786610023763926
15.73	1.097326974357638
15.74	1.897879618198003
15.75	1.7218052978265574
15.76	1.5109857149310582
15.77	1.2475901693683884
15.78	1.6169047554592182
15.79	2.4419424986974514
15.8	1.4381348356189723
15.81	1.1733225583492919
15.82	1.4259281842089369
15.83	1.373716494607382
15.84	1.203691497614038
15.85	2.0614973497834885
15.86	1.8952681533684517
15.87	1.6358867393178165
15.88	2.4228676364363793
15.89	2.159531236722526
15.9	1.6869253006769038
15.91	1.8415018741762448
15.92	1.504595420307559
15.93	2.061711707112364
15.94	1.8662445027119783
15.95	1.5285236170981575
15.96	0.8493516076856512
15.97	2.231930825469518
15.98	2.2189994178519283
15.99	1.5768311548310474
16.0	2.4551488004786894
16.01	1.2182001093980777
16.02	1.0862726066004424
16.03	0.6574069203030826
16.04	1.4050437834493275
16.05	1.9608054950486173
16.06	1.387310418422997
16.07	2.626052672375701
16.08	1.1147622888109003
16.09	1.785019509409198
16.1	1.3850632614249403
16.11	1.4206248658954954
16.12	1.7916865918978953
16.13	1.6441607859294691
16.14	2.108721041571521
16.15	1.6292833119132304
16.16	1.272772489070675
16.17	1.3345548490079815
16.18	2.2428911704148904
16.19	1.1562984620628804
16.2	2.308671775100718
16.21	1.1890541905748733
16.22	2.299780529449621
16.23	1.3686104159066494
16.24	1.3655514917256417
16.25	1.9757474009982459
16.26	0.7009933679968282
16.27	1.5729393981606226
16.28	1.1230349146325298
16.29	0.97419769795631
16.3	1.7646633253305726
16.31	0.9717348985434662
16.32	1.9435222477782323
16.33	1.4772875085870718
16.34	1.963278481334226
16.35	0.6958530836496684
16.36	1.826056253382928
16.37	1.8021273461477807
16.38	0.675496304544789
16.39	1.4835651958535168
16.4	1.4786607102822673
16.41	0.7449686447432822
16.42	1.0104600231731975
16.43	2.3545787550711603
16.44	1.2365456257363483
16.45	1.24287445813543
16.46	0.9398209773606463
16.47	1.7953536626767854
16.48	2.3373680767139855
16.49	1.4909671728348515
16.5	0.7536712169676704
16.51	1.2769387976674647
16.52	1.1467382719749186
16.53	0.9473746041954281
16.54	1.7308423487828328
16.55	1.2486169171992303
16.56	1.2812539477309033
16.57	1.8062785609148424
16.58	0.0026295588712303974
16.59	2.2721652540002135
16.6	1.5791347670137281
16.61	1.3749864083824923
16.62	1.3973928605186068
16.63	1.3090351483210036
16.64	0.9309408072338009
16.65	0.6590341747622601
16.66	0.9880777064814861
16.67	1.8258401329886227
16.68	1.3732639204676649
16.69	0.40692469173231816
16.7	0.5571793690988673
16.71	1.3841361440140179
16.72	1.295908722463442
16.73	0.9087269546280836
16.74	0.6833706638077239
16.75	0.8650944922316085
16.76	1.1771389864558541
16.77	0.29188770638581685
16.78	1.0882061399823384
16.79	1.2709479082130282
16.8	1.5848720005411323
16.81	1.94871943770696
16.82	1.3939034155591188
16.83	1.9096540431158346
16.84	1.2253213383058388
16.85	0.5503066889194035
16.86	0.6307426934664607
16.87	1.2580931460502436
16.88	1.0254825085294776
16.89	1.7419549945486366
16.9	1.53585659958239
16.91	1.0139697120726727
16.92	0.894378863113317
16.93	1.5458263811254747
16.94	1.6165756558605768
16.95	0.6913654582899617
16.96	1.3841872736464969
16.97	1.0175312469148414
16.98	2.1247016190329084
16.99	1.365410427374853
17.0	1.7610012733700562
17.01	1.773504317199032
17.02	1.9464536627090467
17.03	1.7100834897188284
17.04	1.8337391986304805
17.05	1.7999611672271913
17.06	1.431310279103268
17.07	2.307772143933415
17.08	0.9500957197108922
17.09	2.1822744363998727
17.1	1.5056474622226763
17.11	1.417964327227615
17.12	2.0330893039460762
17.13	1.2072781836847586
17.14	2.389841517719544
17.15	0.7883663136339649
17.16	2.4157327203963592
17.17	2.853883154655052
17.18	1.7475886207645261
17.19	1.2316866678189222
17.2	1.9071920267759865
17.21	2.1750996876412927
17.22	2.669667998181953
17.23	3.2699214742020017
17.24	1.3607963053467873
17.25	2.365823111101519
17.26	1.6779121084533748
17.27	1.710591841673756
17.28	2.7989347900515917
17.29	3.102991076044497
17.3	2.5760107899497924
17.31	2.873363697763688
17.32	2.295987498358552
17.33	2.222803522392775
17.34	2.081251499251708
17.35	2.0865638685322794
17.36	1.429140453869313
17.37	2.2007945009902237
17.38	3.1702050634899948
17.39	2.511443888619266
17.4	1.7020107437774679
17.41	1.883199287022161
17.42	3.406276309188568
17.43	2.3598130494619953
17.44	3.04566546359749
17.45	3.37036040534643
17.46	3.7407531584673146
17.47	3.0801453836102404
17.48	3.7157801729313844
17.49	2.9051927869669134
17.5	2.9719657786117906
17.51	3.424524782189362
17.52	3.548868360759891
17.53	4.070279794069958
17.54	2.8196183158756867
17.55	2.964163234848652
17.56	3.7756352005265987
17.57	3.221461692258163
17.58	2.108293890015573
17.59	3.5440688372000277
17.6	3.1171753645655405
17.61	2.9571136518128833
17.62	3.667686186039059
17.63	3.5151040605366823
17.64	3.9457725628385405
17.65	3.9349358697300616
17.66	3.6818584061685806
17.67	3.759452913545219
17.68	2.9602944649858793
17.69	4.3572791911225845
17.7	4.459907527427458
17.71	3.5879296753984957
17.72	3.211712383206548
17.73	2.944251748332288
17.74	3.553437084148918
17.75	3.945145672158421
17.76	4.283060414496703
17.77	3.7016799643212215
17.78	2.983564017951334
17.79	4.434893072301848
17.8	3.6326926332720872
17.81	2.6630997362801305
17.82	4.991941870264302
17.83	4.228716691523779
17.84	2.608645436973731
17.85	3.9135732665554976
17.86	4.3930502085226895
17.87	3.602240664061102
17.88	4.584731015988101
17.89	3.5138611360453194
17.9	4.038928153295528
17.91	4.207121601568419
17.92	4.7619348779212824
17.93	3.9859281247453735
17.94	4.9955357779545455
17.95	5.292323423929439
17.96	4.3753623711337255
17.97	5.495861997320885
17.98	4.4460412485786955
17.99	4.5492651316332635
18.0	4.923008312588255
18.01	4.012251507886834
18.02	4.953734693673797
18.03	4.830948889754078
18.04	4.957927189431316
18.05	4.18257691039629
18.06	5.211727274009858
18.07	5.8874265297807495
18.08	4.5099623524197066
18.09	5.046360690367816
18.1	5.042585601483075
18.11	5.393474047290942
18.12	5.3613031151
18.13	5.188393918891276
18.14	5.5727702272913655
18.15	4.012113053080379
18.16	4.333706177893311
18.17	4.628491713440598
18.18	5.069188971450586
18.19	5.568936984183685
18.2	5.7897009952843295
18.21	4.588797487202604
18.22	4.279749915813112
18.23	3.633369297003267
18.24	5.299011890642714
18.25	4.927537619455258
18.26	4.6386399683929715
18.27	4.358825347167115
18.28	5.038407991471177
18.29	4.086460172770837
18.3	4.687018362233894
18.31	4.206933007965637
18.32	2.6910546681438077
18.33	3.029859766934136
18.34	3.465122759230228
18.35	4.894979113503475
18.36	3.239735118785436
18.37	3.6516111625327445
18.38	3.2728310224848394
18.39	3.435808526959377
18.4	4.031410980327274
18.41	3.238313934147599
18.42	3.4904241546358277
18.43	3.319444692436708
18.44	3.6930193036698236
18.45	3.62136395590252
18.46	3.4827511270119245
18.47	4.054457501941997
18.48	4.208918833041944
18.49	4.129795096740136
18.5	4.385670160503377
18.51	3.370335569551994
18.52	3.892492091636244
18.53	2.8798550791215374
18.54	3.4908260614599347
18.55	3.4779273556136174
18.56	3.9542207430930976
18.57	3.991187508199183
18.58	3.3118874579877366
18.59	2.955581535322737
18.6	2.1542457178885934
18.61	2.799212966904934
18.62	2.8192786102775234
18.63	3.1223597932223766
18.64	2.5097132869835574
18.65	2.531829136397926
18.66	2.928167558470176
18.67	3.0186966500361536
18.68	1.5035892458451696
18.69	2.470031193007781
18.7	1.615601652541031
18.71	2.9926365358686295
18.72	2.3244157360884423
18.73	2.5005627670239052
18.74	3.658302666823277
18.75	3.257498992606851
18.76	3.176975364207557
18.77	2.060890376103239
18.78	3.1247119056768393
18.79	2.654647891286171
18.8	1.8836200029231072
18.81	2.5908413647192168
18.82	3.054532653973327
18.83	3.116593784333505
18.84	2.671044577055396
18.85	2.450976271052474
18.86	2.9240778544766446
18.87	2.040114763940669
18.88	2.749239270488287
18.89	1.8815893473783305
18.9	2.228083845766254
18.91	2.356259718902427
18.92	3.0870757640836928
18.93	2.8635363125419584
18.94	2.432972618765384
18.95	2.5861108636420775
18.96	2.223686923400828
18.97	3.0148605820219108
18.98	2.6609786169554273
18.99	3.2108216982209297
19.0	3.239332833921046
19.01	3.162687176071771
19.02	2.5625614684778033
19.03	2.337410172610829
19.04	2.408589767774702
19.05	2.700973309325984
19.06	2.985974285641691
19.07	2.527737038263714
19.08	2.8997292003453037
19.09	2.194490481250164
19.1	3.4882448531096273
19.11	2.835518537230303
19.12	3.2030398346924125
19.13	3.239067782540559
19.14	2.4027732190729916
19.15	3.1812689473228377
19.16	2.932585088275359
19.17	2.8548391533092157
19.18	3.560537317469597
19.19	2.0635572598448197
19.2	2.2212222841274953
19.21	3.5750610907399416
19.22	2.3007004601912193
19.23	2.3631440936131476
19.24	3.1307788955353306
19.25	2.441515125349605
19.26	2.629630630118759
19.27	3.1443868250517975
19.28	2.8107160954514896
19.29	2.766369577322024
19.3	2.05808397122184
19.31	2.4952259091663023
19.32	3.1982464904944115
19.33	2.260671759738432
19.34	3.244356960321398
19.35	2.483279461129356
19.36	3.2705606055278564
19.37	2.265604407070211
19.38	2.728190378948754
19.39	2.815592880663075
19.4	2.808220467180678
19.41	3.0765278852290274
19.42	3.3017436907361484
19.43	2.7140194666024904
19.44	2.807036546268099
19.45	2.180379175471019
19.46	1.8603995527167165
19.47	2.303346175450474
19.48	3.182458456318363
19.49	2.8818753555177885
19.5	2.4939773268469048
19.51	3.4706148393713177
19.52	3.0569734205782355
19.53	3.044302418962678
19.54	2.7816743865282305
19.55	2.0105752233212297
19.56	3.510611026741807
19.57	2.509092429595572
19.58	3.537566285657834
19.59	3.826110706156691
19.6	3.763584556781382
19.61	3.7765497771670478
19.62	3.221560721142838
19.63	2.268999195972582
19.64	2.6255403902826155
19.65	3.9082002594733254
19.66	3.5063009177598707
19.67	3.0060477341381215
19.68	4.057608632665598
19.69	3.2195931026798528
19.7	3.6935242512266067
19.71	4.387227164278971
19.72	4.082866747602493
19.73	3.8591797767442872
19.74	3.339865519284801
19.75	3.92163483683871
19.76	4.003690065950411
19.77	3.6178991672207044
19.78	3.076225612693012
19.79	3.512301813721526
19.8	3.8979240854404895
19.81	4.158929506909469
19.82	2.9292960499382534
19.83	3.792256612766023
19.84	4.305688146668618
19.85	3.8151347555839954
19.86	3.92503810418509
19.87	3.5223350217249685
19.88	2.9768369007591944
19.89	4.1760927968756745
19.9	3.4707378474793518
19.91	3.2365735655914327
19.92	2.8449054150361883
19.93	2.729101282994086
19.94	4.137132411336594
19.95	2.903461611499004
19.96	3.1521284054985537
19.97	3.126521394363323
19.98	3.075054800299058
19.99	3.345126986858764
20.0	2.5303861361119933
