10.01	2.7862841177744353
10.02	2.939478579273765
10.03	2.873625463578033
10.04	3.040924915905258
10.05	3.1295407979992893
10.06	3.2509942423954317
10.07	2.7070819850827643
10.08	2.8074019305585076
10.09	2.716119994584955
10.1	2.8617919208131277
10.11	2.556921596750928
10.12	2.492853173807077
10.13	2.6889693296338377
10.14	2.886670955582888
10.15	2.4626698286408213
10.16	2.4283934862801626
10.17	2.3362372531014337
10.18	2.625151415984397
10.19	2.332397914625208
10.2	2.2202276660908673
10.21	2.3963339291958152
10.22	2.380312974676368
10.23	2.4209023653613815
10.24	2.040035220833534
10.25	2.0610852021057564
10.26	1.695131723107045
10.27	1.6497237108117564
10.28	1.5138981361908892
10.29	1.3512403599056562
10.3	1.6948986706231386
10.31	1.5295020152018066
10.32	1.537254246443914
10.33	1.3444080988686016
10.34	1.2942939175851298
10.35	1.1685248147615594
10.36	1.4055715826614041
10.37	0.7332887851513845
10.38	0.5431972328034818
10.39	0.6964296247540285
10.4	0.663856128192813
10.41	0.4609549323339931
10.42	0.7716615660668833
10.43	0.9426809094705617
10.44	0.24698342909872378
10.45	0.6936280458366945
10.46	0.5928357638198315
10.47	0.31426409610529804
10.48	-0.21042641385832725
10.49	0.209239538371984
10.5	-0.040180315723334366
10.51	0.4132739530821977
10.52	0.24196518490807933
10.53	-0.46125122842336613
10.54	-0.06697264009043359
10.55	-0.1696828509016359
10.56	0.10154407929783428
10.57	0.08372414484389434
10.58	0.0904123689792595
10.59	0.0978471175541062
10.6	0.2070553004969888
10.61	0.1874266529148075
10.62	0.1252445117383819
10.63	0.17928911703125633
10.64	0.1883509224599932
10.65	-0.0022384349569377245
10.66	0.4918198647996564
10.67	0.33161117520626804
10.68	-0.04660223531777574
10.69	0.41540394838777617
10.7	0.09094766803143628
10.71	0.2178968239805999
10.72	0.6239061314484767
10.73	0.4079614793860551
10.74	0.6768646498692862
10.75	0.6425152426405992
10.76	1.063722780619343
10.77	0.9049363604055815
10.78	0.20725534117790467
10.79	0.47563995786774965
10.8	0.901380636300286
10.81	0.9314525486596863
10.82	0.7690091203046402
10.83	0.7706827985684038
10.84	0.9772574438866212
10.85	1.0686710984377352
10.86	1.19842634244739
10.87	0.913004535863094
10.88	0.8353744248176721
10.89	1.0432222011446148
10.9	0.869197701637775
10.91	1.1346978108894104
10.92	1.2001633235388303
10.93	0.926536346112663
10.94	0.7185964402562369
10.95	0.9496883985376793
10.96	0.9017378403883669
10.97	0.8991970453102391
10.98	0.8467832896396398
10.99	0.6541353064077324
11.0	0.7557130385177677
11.01	1.0389406164629993
11.02	0.772377284864498
11.03	1.0091935916293286
11.04	0.7864788065198547
11.05	0.7764287332800855
11.06	0.6346419253519517
11.07	1.1928554429241758
11.08	0.8676744051787028
11.09	1.064062588021343
11.1	1.0553825051892698
11.11	0.8758921460513235
11.12	0.7779309306131975
11.13	1.2877550015252504
11.14	0.9107889328547503
11.15	0.9298577168859863
11.16	0.6882163768336955
11.17	1.104266550690339
11.18	0.681592170714951
11.19	1.0806232112362169
11.2	0.6527233125490923
11.21	1.1018301194905373
11.22	0.8916068419553034
11.23	0.5570361224136124
11.24	1.0748453303557288
11.25	0.7064903775738227
11.26	1.2790753185997392
11.27	1.112030214314004
11.28	1.0163811196649388
11.29	1.2843766240706824
11.3	0.9016198183686743
11.31	1.3780583163337474
11.32	1.0808218952759547
11.33	1.432867081629791
11.34	1.6141263700129966
11.35	1.4784057204978953
11.36	1.838142647563161
11.37	1.6641929748810453
11.38	1.6579692688632008
11.39	1.420082111935069
11.4	1.3984560398833625
11.41	1.5509072005857276
11.42	1.6995539616052515
11.43	1.7876085016727752
11.44	2.0031259153863603
11.45	2.121443530252034
11.46	1.8162818510325003
11.47	2.101866401713267
11.48	1.9665492469871282
11.49	1.8026326840056295
11.5	2.804367254500682
11.51	2.1886467086954227
11.52	2.321171105639179
11.53	2.1726020351077255
11.54	2.7493950754445144
11.55	2.7206887929626618
11.56	2.4825229156625195
11.57	2.168758001233459
11.58	2.418838744398425
11.59	2.77497771040998
11.6	2.7817597130210654
11.61	2.9705773667058475
11.62	2.3924622778724736
11.63	2.954308997958403
11.64	2.5464130160978633
11.65	2.7580979148519233
11.66	2.669763562508474
11.67	2.7353220465489727
11.68	2.6807861761174605
11.69	2.9361171049791652
11.7	2.8256877059579817
11.71	2.9649840995772085
11.72	2.4832275749030175
11.73	2.0553071571675647
11.74	2.8716344859913794
11.75	2.824296799694741
11.76	2.641481000685293
11.77	2.686783900335038
11.78	2.3048702094588682
11.79	2.3910721794050227
11.8	2.6216080674934763
11.81	2.53269551603945
11.82	2.135725297073394
11.83	2.5017876326200743
11.84	2.0075901453733684
11.85	2.3308744148339287
11.86	2.175254633458948
11.87	1.9764892587606608
11.88	2.026309802375425
11.89	2.105114547215623
11.9	2.3038866824035074
11.91	2.009825611039482
11.92	2.6292452824636787
11.93	2.4051964485527533
11.94	1.707357312811734
11.95	2.100867629036499
11.96	2.0417465607045764
11.97	1.9747985184699857
11.98	1.876710759668608
11.99	2.328750095474568
12.0	2.3250628659778623
12.01	2.4886184539684137
12.02	1.8253787116722555
12.03	2.0861923000691025
12.04	1.886941052318567
12.05	2.004262393805627
12.06	1.9248125338531765
12.07	2.230395139076233
12.08	1.8992223720796129
12.09	1.8829201285735562
12.1	1.9870907708494796
12.11	1.99510832777337
12.12	2.1589306427277712
12.13	2.1204468719707377
12.14	2.151736473817648
12.15	2.208209464134853
12.16	2.1488542122196224
12.17	2.238830923231523
12.18	2.0976674346012656
12.19	1.9582327118824494
12.2	2.0613015719450765
12.21	1.5002461016787834
12.22	1.6013152842911913
12.23	2.2779966604539394
12.24	2.0602773600841178
12.25	2.1479783495608697
12.26	2.0060173268296664
12.27	1.5616087514257058
12.28	1.8248119599715347
12.29	1.7194981045539484
12.3	1.5095487497373516
12.31	1.5817482870206159
12.32	1.693078592214669
12.33	1.8761868504323842
12.34	2.09877720846424
12.35	1.7509979669003708
12.36	2.003466391922169
12.37	2.0692060920260875
12.38	1.8312523447020994
12.39	1.9035627386924148
12.4	1.921286907051862
12.41	1.427193586535373
12.42	1.3369713593583794
12.43	1.6558592782899615
12.44	1.5847983245767066
12.45	1.5361615608931927
12.46	1.4625716641498
12.47	1.3061461016949067
12.48	1.606861772244897
12.49	1.3104837523504613
12.5	1.262676278112013
12.51	1.8227151774246784
12.52	1.6459300308455633
12.53	1.639776473656907
12.54	1.796668907977829
12.55	2.060966723365828
12.56	2.1130478833016215
12.57	2.278171666959124
12.58	2.333881444551477
12.59	2.0307964080640444
12.6	2.4919459029355298
12.61	2.2514695159202303
12.62	3.1042440278463577
12.63	2.756683607213059
12.64	2.1542000269458965
12.65	2.4577510324706267
12.66	2.7749187936095074
12.67	2.5996395530173255
12.68	2.8377644676491585
12.69	3.2335472044371047
12.7	3.031226795932992
12.71	3.3511463006723465
12.72	2.8635172803090274
12.73	3.3978997400378796
12.74	3.346832273471239
12.75	3.4994313735156686
12.76	3.0354098572216137
12.77	3.5797223402162492
12.78	3.3279798358288484
12.79	3.265997929579367
12.8	3.436974912381108
12.81	3.042732591543661
12.82	3.494082465445977
12.83	3.2425881927617426
12.84	3.3961813508819017
12.85	3.776575315213268
12.86	4.045241192402129
12.87	3.515284842242247
12.88	3.710809082757876
12.89	3.73974194298434
12.9	3.4699965877177124
12.91	3.3305726336822077
12.92	3.7673797906627704
12.93	3.2635211163052156
12.94	3.7715763578818207
12.95	3.534130399593857
12.96	3.376547949429776
12.97	3.2235734937862843
12.98	3.201784627107263
12.99	3.3734773234387254
13.0	3.379501878329491
13.01	3.6887896263053856
13.02	3.378275959791128
13.03	2.9191496460660544
13.04	3.5017655947857023
13.05	3.2712650252107927
13.06	3.3211416520158683
13.07	3.3386231527086347
13.08	3.1537449883079987
13.09	2.9605745628944478
13.1	3.0876927660977396
13.11	3.1349318645298605
13.12	2.858604357180043
13.13	3.2812730867434534
13.14	2.933337057830199
13.15	2.744899645423252
13.16	2.6524871315421836
13.17	2.537383159520094
13.18	2.8059673806696077
13.19	3.4656897850969433
13.2	2.717612414742618
13.21	2.806213266816668
13.22	2.7731814188349837
13.23	2.4018398031748713
13.24	2.4409355056214563
13.25	2.8820125480436483
13.26	2.1147239111280562
13.27	2.3390351378315075
13.28	2.5793815200069488
13.29	2.4225398359150954
13.3	2.5412988163447565
13.31	2.584467164194476
13.32	2.2728792114930783
13.33	1.886007718474141
13.34	2.075702695213739
13.35	2.5604826805668037
13.36	2.57901256315301
13.37	2.273658318360172
13.38	2.20055150509428
13.39	2.0602665288767845
13.4	2.2740161724037296
13.41	2.1579811118131027
13.42	1.868048449239298
13.43	2.5741915679736995
13.44	2.748684143175759
13.45	2.6793395268628126
13.46	1.8613903357958892
13.47	1.964835428660258
13.48	2.015165361451609
13.49	2.2130090810460556
13.5	2.2864311893777702
13.51	2.2796613816768296
13.52	2.3656129639187804
13.53	2.2419174225398377
13.54	2.601088985310469
13.55	2.219403488836772
13.56	2.3761581361664446
13.57	2.401580485818293
13.58	2.3505993632917757
13.59	2.5026666482300253
13.6	2.3612621906417117
13.61	2.775484683009388
13.62	2.6683670943761033
13.63	2.6284577512409935
13.64	2.0810972590951895
13.65	1.8956788838482443
13.66	2.5007123808035194
13.67	2.6743914193242846
13.68	2.7024329563722747
13.69	2.885340384001
13.7	2.6038419697441104
13.71	2.7931929586232016
13.72	2.479557633802959
13.73	2.5809504788680417
13.74	2.388004280030589
13.75	2.5162806206084705
13.76	2.7607641554740985
13.77	2.5384241650209787
13.78	2.6190226752434227
13.79	2.773920567955563
13.8	2.893838946291547
13.81	2.8226953785360736
13.82	2.8893246700823356
13.83	2.767258205662536
13.84	2.9215998291262495
13.85	2.62643326596105
13.86	2.4294771307953966
13.87	2.9150203313900507
13.88	2.7320734986134485
13.89	2.5758447758833105
13.9	2.483888139880775
13.91	2.4958108036342574
13.92	2.555048333448692
13.93	2.2533983819903276
13.94	2.6743142357168215
13.95	2.253371288256452
13.96	2.2356531694897064
13.97	2.0207385601155026
13.98	1.4778112607206098
13.99	1.7598580089321736
14.0	2.046186049653545
14.01	1.3977458783384786
14.02	1.4836142684305922
14.03	2.0780448949553683
14.04	1.2703868427086682
14.05	1.25694683591048
14.06	1.4447493675827239
14.07	1.6964189141199446
14.08	1.3897577222042117
14.09	1.8602634274368581
14.1	1.2139874999473792
14.11	1.5176443451668689
14.12	0.814088894256508
14.13	1.2776417601238772
14.14	1.536918292243609
14.15	1.1309588781488864
14.16	1.6839105208986294
14.17	1.4927653350197903
14.18	0.8938732209329456
14.19	1.1571666999640244
14.2	1.3941563545416196
14.21	1.2242617952469699
14.22	1.0688669744079877
14.23	1.4477090119738725
14.24	1.2354682916629345
14.25	1.2115018336675312
14.26	1.253561483188078
14.27	1.5260004636543367
14.28	1.3707086935677204
14.29	1.308833569579993
14.3	1.1134191096200854
14.31	1.1521696855417134
14.32	1.2652664406301064
14.33	1.2892136936694092
14.34	1.634914226984893
14.35	1.5000683337427623
14.36	1.6864906144318605
14.37	1.5398149129467464
14.38	1.2688385353124088
14.39	1.7972579265472117
14.4	1.7408404936636854
14.41	1.3284688148983488
14.42	1.8421642501109592
14.43	1.4599459221951134
14.44	1.024789867551316
14.45	1.1327523392501235
14.46	1.704680800007155
14.47	1.4663016171010792
14.48	1.5066161928104123
14.49	1.636510207524077
14.5	1.6578242165685597
14.51	1.218662069489094
14.52	1.6503929043693786
14.53	2.035885025021621
14.54	1.666361339335294
14.55	1.3828960667989445
14.56	1.2611957963686575
14.57	1.3588827180922323
14.58	1.5470189267249574
14.59	1.5221445075978575
14.6	2.0155513529929143
14.61	1.4336123621597419
14.62	1.835425313092092
14.63	1.5552794803132075
14.64	1.7155972010170681
14.65	1.8790978894389991
14.66	1.4793064952805148
14.67	2.147045126257907
14.68	1.861542661424865
14.69	2.172259395245223
14.7	2.4627772940928985
14.71	2.128661559308648
14.72	2.02189726293377
14.73	2.3738433975581845
14.74	1.7964930547411426
14.75	2.3063324266809913
14.76	1.6839940581590898
14.77	2.206904776915189
14.78	2.6889665695970897
14.79	1.8996745297495758
14.8	2.507269929477696
14.81	2.3627341037756966
14.82	2.4212758796988716
14.83	2.9162345670465157
14.84	2.492663344632971
14.85	2.2251222727870212
14.86	3.1405543014740256
14.87	2.0843947756116585
14.88	2.293819028676617
14.89	1.8871334031486355
14.9	2.4136936060528478
14.91	2.4020350712070675
14.92	2.23508716143975
14.93	2.336446349812814
14.94	2.297745453118017
14.95	1.8878042000621305
14.96	2.477710721649466
14.97	2.1331832171333307
14.98	2.1799058289157833
14.99	2.013575178781888
15.0	1.9615828646395697
15.01	2.0751097144440025
15.02	1.5809468799437603
15.03	1.656934038682312
15.04	1.7534006517814653
15.05	1.7471854288653974
15.06	1.8337605468422138
15.07	1.7885997634473763
15.08	1.2505970474004267
15.09	1.558621301197244
15.1	1.838588526707443
15.11	1.663929732948037
15.12	1.6082150859249236
15.13	1.4137819666416749
15.14	1.1148307608465793
15.15	1.6977582015081654
15.16	1.171488529737846
15.17	1.3762666585003283
15.18	1.199339562275783
15.19	1.45601114349317
15.2	0.9934396343376155
15.21	1.526893847536068
15.22	1.2427970646229183
15.23	1.2539717250556779
15.24	0.6919986290648753
15.25	1.1729442421770289
15.26	1.2237329637889274
15.27	1.261028060769135
15.28	1.3047593402680269
15.29	1.0560414257557498
15.3	1.04371492354698
15.31	0.7686086628596485
15.32	0.5695505975946119
15.33	1.427365004237533
15.34	0.9217636314654613
15.35	1.288343479056722
15.36	1.3438322820270727
15.37	1.2154495545843989
15.38	1.0386951190136258
15.39	1.57387931334831
15.4	1.1020758388100302
15.41	1.2143902647911953
15.42	1.0978592157670712
15.43	0.846387316408267
15.44	1.0230325583667177
15.45	1.0171826156196093
15.46	0.9184111860180424
15.47	1.1215478061336874
15.48	1.303527648606647
15.49	1.1220687054268048
15.5	1.2630255676346704
15.51	1.1734062456785526
15.52	0.5235727462476903
15.53	0.8971372377844818
15.54	0.6811893947595147
15.55	1.343530701694957
15.56	1.615901681990707
15.57	0.7870873703377458
15.58	0.5508073084379079
15.59	0.9632337054320443
15.6	0.8557686265125743
15.61	0.8166837334983388
15.62	0.9597294169403201
15.63	0.7157559222369876
15.64	0.9733562447310021
15.65	0.9830505602587345
15.66	0.7558973567653833
15.67	0.9348913252810767
15.68	0.8953511088961521
15.69	0.9309372782893827
15.7	1.031846125416902
15.71	1.3048260480495617
15.72	0.9583341803755531
15.73	1.3098106157804703
15.74	1.355023905765952
15.75	1.7209919889416134
15.76	1.358691042930976
15.77	1.8299832826415516
15.78	1.1063039030640234
15.79	1.6688168835016333
15.8	1.8011305770242445
15.81	1.8744608063724475
15.82	1.5034403475141382
15.83	1.5474222056351505
15.84	1.834186136083865
15.85	1.6413000276615533
15.86	1.6605895868305924
15.87	1.5591510722782258
15.88	1.6630019342683744
15.89	1.41428361902152
15.9	1.8739105857498137
15.91	1.5147729743225469
15.92	1.2085622993861598
15.93	1.8161962289828282
15.94	1.5730945902754476
15.95	1.7793439606471608
15.96	1.5992040318922716
15.97	2.0594574131235572
15.98	1.6356274155531676
15.99	1.939848922107263
16.0	2.1621344492520524
16.01	2.1165798511086464
16.02	1.9308298358502827
16.03	1.7372342307940665
16.04	1.828421276284181
16.05	1.5479084039897228
16.06	1.8248897929188215
16.07	1.7442175192311695
16.08	1.5380515162401922
16.09	1.7652026965382503
16.1	1.7959477621348297
16.11	2.1341557301867673
16.12	1.973327387729926
16.13	1.7473967097344112
16.14	1.7092198273123707
16.15	1.683909832774477
16.16	1.6787148036625363
16.17	1.5386037148507041
16.18	1.8409675219842863
16.19	1.4776149710877486
16.2	1.5821062073988674
16.21	1.1253754985987818
16.22	1.6023920056731669
16.23	1.5770930899488806
16.24	1.7436067819828132
16.25	1.4392698816178382
16.26	1.4113207663829026
16.27	1.4632851173488146
16.28	1.5785881745876311
16.29	1.305746670252014
16.3	1.274812405566424
16.31	1.5300780857074046
16.32	1.7511590377891277
16.33	1.4921412876051956
16.34	1.713439865360115
16.35	1.1409502498790471
16.36	1.3231739975848453
16.37	1.404520780478585
16.38	1.4447579906057304
16.39	1.258471485896952
16.4	1.5064118117090366
16.41	1.4757147563394204
16.42	1.1390857286772116
16.43	1.45373518681005
16.44	1.2855085115471643
16.45	1.1874458581238176
16.46	1.4391891735692597
16.47	1.6743436314326705
16.48	1.3059939082511898
16.49	1.4922531379912083
16.5	1.4142721776361395
16.51	1.5452931749894776
16.52	1.3248507996604666
16.53	0.8964568528882702
16.54	1.490131269654011
16.55	1.463221602539589
16.56	1.4346516058381056
16.57	1.6316799126911388
16.58	0.8296976047022915
16.59	1.1816744022645838
16.6	1.093334341085405
16.61	1.1562276579037
16.62	1.4352400380601567
16.63	0.8323439561982875
16.64	1.0659972831695361
16.65	1.3658816654685442
16.66	1.315714739296011
16.67	1.569436686723399
16.68	1.2939115473583027
16.69	1.245892839156551
16.7	0.8790276339824898
16.71	1.5627285980690768
16.72	1.212856470943521
16.73	1.126908368859799
16.74	1.186644085587769
16.75	1.1581086106620393
16.76	0.9019913640208375
16.77	0.8793372230625611
16.78	0.9692575678738129
16.79	1.4672635052684213
16.8	1.1106198346857712
16.81	1.3128985703766056
16.82	1.4362748349362677
16.83	1.0378481700633342
16.84	1.16900871182305
16.85	0.8669946261346875
16.86	1.2351049499856561
16.87	0.9693180044491646
16.88	0.9545373294535776
16.89	1.3392168585235924
16.9	1.3234356615661909
16.91	1.4032716845461854
16.92	1.8683188973091351
16.93	1.3977308048246158
16.94	1.0028823492266568
16.95	1.6546233757914155
16.96	1.6524475801113274
16.97	1.3103366995792953
16.98	1.6970852004974117
16.99	1.9254337151197256
17.0	1.4253323392975654
17.01	1.669212298477234
17.02	2.077556466854834
17.03	1.7362607913520658
17.04	1.7984708005461905
17.05	1.7489726617400574
17.06	1.7376313712335947
17.07	1.546133566329641
17.08	1.6467331767066233
17.09	1.4228948713260965
17.1	1.4705773109453837
17.11	1.7143046851600983
17.12	1.6902532475714431
17.13	1.5871872362606387
17.14	1.8210666939166387
17.15	1.3840423984693115
17.16	1.5877647656590737
17.17	1.6164581197803547
17.18	1.5555181232690902
17.19	2.7376686286751033
17.2	1.7784978796523387
17.21	2.288897009253512
17.22	1.7373403754025567
17.23	2.427204643371574
17.24	2.58478715873556
17.25	2.6204575599289437
17.26	2.3744529468531277
17.27	2.35148182788568
17.28	2.4850968973721197
17.29	2.087279415431454
17.3	2.276474486999844
17.31	2.436310139734312
17.32	2.3929923477277883
17.33	2.4272400849749562
17.34	2.4215584303935698
17.35	2.040037517318126
17.36	2.132949305239485
17.37	2.856487191465444
17.38	2.725109744112692
17.39	2.6909981316717833
17.4	2.8038893128938702
17.41	2.7544240057994984
17.42	2.8747189311646504
17.43	3.028837436369403
17.44	2.799721792704115
17.45	2.9535376176275276
17.46	2.931334491440081
17.47	3.2535116746732755
17.48	3.187486221014594
17.49	2.8573986898748345
17.5	3.333067506918304
17.51	2.9594022729734792
17.52	2.928629750928773
17.53	3.517011647073744
17.54	3.0174989869253785
17.55	3.670240863460777
17.56	3.774151526517389
17.57	3.647043173764306
17.58	3.2294357840605317
17.59	3.488917898020889
17.6	3.525269763847321
17.61	3.172667776811876
17.62	3.3324198483359133
17.63	3.455192312751013
17.64	3.450563962915172
17.65	3.3836027529417265
17.66	3.517796423735336
17.67	3.1089706720927266
17.68	3.8209198919493113
17.69	3.7124460339775203
17.7	3.810369389737142
17.71	3.5016585419357735
17.72	4.141403465196227
17.73	4.00558159721577
17.74	3.6076828536949357
17.75	3.8631806193007647
17.76	3.729944105254071
17.77	4.015215554179453
17.78	3.8600281531057368
17.79	4.234453207084503
17.8	3.9803473453077456
17.81	3.9680017959263716
17.82	3.861003456001689
17.83	3.7878781144555984
17.84	3.33950000186382
17.85	4.200451245118351
17.86	4.31572799056668
17.87	4.777420630930101
17.88	4.192413938881471
17.89	4.746452877160455
17.9	4.528559518665539
17.91	4.224319185858762
17.92	4.4813792454831285
17.93	4.400616542570777
17.94	4.387163567887501
17.95	4.602947969020274
17.96	4.537675966378567
17.97	4.3124769637401865
17.98	4.628010413098039
17.99	4.6480487300538895
18.0	4.408341098824448
18.01	4.944779719070509
18.02	4.800481985254544
18.03	4.889047982473074
18.04	4.861644469085623
18.05	4.449726421862794
18.06	4.727960860574019
18.07	4.678618120471029
18.08	4.991311312628393
18.09	4.811510357659229
18.1	4.7117032830880134
18.11	4.284940675914931
18.12	5.0428238639648
18.13	5.221177968224652
18.14	4.58806534387304
18.15	4.816260735689238
18.16	4.7577739604628535
18.17	4.798248713563305
18.18	4.8436578851869605
18.19	4.358975875691021
18.2	4.715683346395122
18.21	4.982207938443135
18.22	4.5946125620785265
18.23	4.323841310591884
18.24	4.113812860442936
18.25	4.500508636820215
18.26	4.429874372471741
18.27	4.4062703470185145
18.28	4.51930479002449
18.29	4.201342572340622
18.3	4.312501494574694
18.31	4.1437947797713015
18.32	3.775208114026465
18.33	4.1750005180620695
18.34	3.893091481543862
18.35	4.102314754718129
18.36	3.7288196750225415
18.37	3.917624306817004
18.38	3.9260903774524425
18.39	3.7363588986399496
18.4	3.7522771758289712
18.41	2.9416399005570883
18.42	3.89060224334156
18.43	3.5610411581882353
18.44	3.6757709281942095
18.45	3.551792644463454
18.46	3.6133545691553337
18.47	3.4636000454352205
18.48	2.970635310866948
18.49	3.6076005777378204
18.5	3.573373439330181
18.51	3.5935670729061635
18.52	3.4448714641865474
18.53	3.205759814430649
18.54	2.9458356128848955
18.55	2.983040620260587
18.56	2.8424817282773454
18.57	3.2696888889964835
18.58	3.1455268632347706
18.59	2.7877523612644883
18.6	3.2196991109098114
18.61	2.8917812398486973
18.62	2.6252484107325103
18.63	3.3338853487002544
18.64	2.842897278371966
18.65	2.814405445146023
18.66	2.810212740774955
18.67	2.9331033795097774
18.68	2.1341185286999975
18.69	2.4803256389505624
18.7	2.801800692218568
18.71	2.2689311326870767
18.72	2.2522146214625063
18.73	2.5490699472811498
18.74	2.3758329333903925
18.75	2.5275484605786835
18.76	2.532137863325173
18.77	2.609677617668206
18.78	2.668489334113686
18.79	2.976908773554723
18.8	2.9892560927089016
18.81	2.920297461207735
18.82	2.622021193228036
18.83	2.5372546197319
18.84	2.1972523393759626
18.85	2.520344290680577
18.86	2.6288336274010526
18.87	2.5782914124987286
18.88	2.7773081393054193
18.89	2.6901979963264617
18.9	2.9688811344322668
18.91	2.576390796979345
18.92	2.6753953488621995
18.93	2.4018375882164724
18.94	2.726890861134401
18.95	2.6839699761498585
18.96	2.67839855325797
18.97	2.8033836795234954
18.98	2.812318205798647
18.99	2.2673786687647963
19.0	2.638547636173075
19.01	2.6452137121608508
19.02	2.384352760125394
19.03	2.6915525106093634
19.04	2.67921350540671
19.05	2.711146810240485
19.06	3.1371588523692227
19.07	2.7642583522531905
19.08	2.6391159880628905
19.09	2.938742715515578
19.1	2.3069895195256644
19.11	2.6203810497386795
19.12	3.1888074295977136
19.13	3.064652326522781
19.14	2.4058964183609994
19.15	2.850404060520127
19.16	2.722396956110728
19.17	3.0351698383746757
19.18	2.936603119749388
19.19	2.590559126231051
19.2	2.6912589935013544
19.21	2.7348230557517814
19.22	3.0097639651336494
19.23	2.442134047887186
19.24	2.6626721246183176
19.25	2.474804041762309
19.26	3.0343592908382404
19.27	2.7538769953296374
19.28	2.381285679642776
19.29	2.6915473390425912
19.3	2.5178215023009285
19.31	2.556283848392767
19.32	2.5603386581898926
19.33	2.7542485207857426
19.34	2.7153485793724474
19.35	2.2382200946513953
19.36	2.4519127987800045
19.37	2.3901313348838706
19.38	2.2552283473436807
19.39	2.314020715843614
19.4	2.2473521770956992
19.41	2.8148373587868827
19.42	2.4497273868218907
19.43	2.8383412677346
19.44	2.856715045618045
19.45	2.98150626080346
19.46	2.3192308029479127
19.47	2.783029651766687
19.48	2.959381798420928
19.49	3.2822962884997344
19.5	3.182429056151973
19.51	3.0548779930758325
19.52	3.4014308867400103
19.53	3.032030790540609
19.54	3.0804640620625796
19.55	2.837610381760546
19.56	3.750331568960074
19.57	3.439222464967948
19.58	3.247407338606711
19.59	3.3386515812460997
19.6	3.346787460985778
19.61	3.2080114714759604
19.62	3.5772902360903074
19.63	3.1918053103078985
19.64	3.5168140571025495
19.65	3.510578704460237
19.66	3.851017883572979
19.67	3.781160543781451
19.68	3.3765302466789455
19.69	3.5945309577172084
19.7	3.3662687606292865
19.71	3.5367748052743178
19.72	3.8070254475779515
19.73	3.0847243593085323
19.74	3.8229099998080307
19.75	3.8214707965067625
19.76	3.6579766549462662
19.77	3.5573690906895905
19.78	3.82754873929342
19.79	3.2536163804190856
19.8	3.6265447030673053
19.81	3.4231089460232598
19.82	3.4278893152889007
19.83	3.6663979351138196
19.84	3.4753383941079714
19.85	3.7268154408240792
19.86	3.2203460999831703
19.87	3.5652032975061365
19.88	3.319009670732759
19.89	3.0194397589986197
19.9	3.4917943544377636
19.91	3.9722583804375584
19.92	3.804517912783707
19.93	3.301721953460436
19.94	3.3670878379442915
19.95	3.630957907258632
19.96	3.2834192482235514
19.97	2.9951330982988913
19.98	3.17680418405875
19.99	2.891917961229482
20.0	3.4382302225137544
