10.01	9.7827205711274
10.02	9.716787172093623
10.03	9.163898630970413
10.04	8.752530800140487
10.05	7.985618935438009
10.06	7.937716616610203
10.07	7.527352664213116
10.08	6.840749443434199
10.09	6.423678937907645
10.1	5.815896796775518
10.11	6.114863218815541
10.12	5.705983903898829
10.13	4.908179500263871
10.14	4.744063119764376
10.15	4.609879270142157
10.16	3.794220040942819
10.17	3.6533695732479967
10.18	3.2451421551998916
10.19	2.856833176082582
10.2	2.9774708764443534
10.21	2.847244530147126
10.22	2.5322637643491985
10.23	2.687791205192383
10.24	2.526753274357401
10.25	2.912304632883636
10.26	2.36990234427277
10.27	2.2307504598316155
10.28	2.0319911668948474
10.29	2.1119209680674618
10.3	2.2500829978878327
10.31	2.3165252451908063
10.32	2.0301703185389295
10.33	2.2212795905204272
10.34	2.1768246138873764
10.35	2.6310027464710695
10.36	3.281800502332644
10.37	2.7523273352636934
10.38	3.22602815668718
10.39	3.1020149786148523
10.4	3.9558042712208628
10.41	3.59256939528286
10.42	4.423156121057499
10.43	4.073850249328699
10.44	4.765569547865023
10.45	5.215852839876886
10.46	5.554149267766272
10.47	6.047332639244127
10.48	6.017651298184203
10.49	6.041541326482993
10.5	7.040260591246949
10.51	7.456962058512966
10.52	8.1757525291575
10.53	8.235092133566752
10.54	8.346025197254226
10.55	8.630814988795334
10.56	9.094261515989748
10.57	9.821108968648744
10.58	10.006752652999475
10.59	9.924093471613617
10.6	10.29120001452641
10.61	10.653552988850333
10.62	10.583374057270772
10.63	11.094324138998049
10.64	11.180248768329173
10.65	11.260206588280353
10.66	12.082494439732157
10.67	11.581183876359786
10.68	12.043721887415868
10.69	12.031361198548948
10.7	11.735393527192
10.71	11.912390437504392
10.72	12.03652416670777
10.73	12.42043536622869
10.74	11.420923662138184
10.75	11.197652118531567
10.76	11.3474357503234
10.77	11.223053990622702
10.78	10.733687638828734
10.79	10.323056216546911
10.8	10.386233785781586
10.81	10.188270965517646
10.82	9.678956717919425
10.83	9.762476589650715
10.84	8.842877282288315
10.85	8.35155231203742
10.86	8.484135077253312
10.87	8.044297899366434
10.88	6.75771665059613
10.89	7.160629488443573
10.9	6.67729438048363
10.91	5.815782619683773
10.92	5.961242944790424
10.93	5.778412969021546
10.94	5.199816964457236
10.95	4.999558530392826
10.96	4.627229395272384
10.97	4.541115972948801
10.98	3.645190641712955
10.99	3.799540963116308
11.0	3.8128572741692524
11.01	3.31949201213746
11.02	2.8345793756363706
11.03	2.8481666139467396
11.04	2.6416014784732003
11.05	3.1575621330240358
11.06	3.008343322842928
11.07	3.202669619021602
11.08	3.2142239545159494
11.09	2.6289138560051395
11.1	2.8908768024490725
11.11	3.101836583604803
11.12	2.8721809637561297
11.13	3.1098893833409735
11.14	2.8099533348637507
11.15	3.4408557165078233
11.16	3.4837407036308283
11.17	3.752519006130564
11.18	3.720251097739951
11.19	4.2329899999095195
11.2	4.403865630969112
11.21	5.316311081803706
11.22	5.378105005591721
11.23	5.440591576089311
11.24	5.854289285138358
11.25	6.665732445258934
11.26	6.443576103582168
11.27	6.8226542652388
11.28	7.106316191473073
11.29	8.224156535322177
11.3	8.603410591805348
11.31	8.688702225011488
11.32	9.167779801803341
11.33	9.16559935251849
11.34	9.240241766911284
11.35	9.784626169356343
11.36	10.553657220814799
11.37	10.488546203772177
11.38	10.738644111169428
11.39	11.434369007948716
11.4	11.179646073200379
11.41	11.473465208606909
11.42	11.807269672594645
11.43	11.990384334601819
11.44	12.472286526278651
11.45	12.361487468392664
11.46	12.562736343480156
11.47	12.26390782820303
11.48	12.282733132668918
11.49	12.390266193998409
11.5	12.538297685728674
11.51	12.209578062724132
11.52	12.062851733520882
11.53	11.768380680879382
11.54	11.338460794086014
11.55	11.466620912318167
11.56	11.225226369253217
11.57	10.515621930039286
11.58	10.227844908132385
11.59	9.984885962196376
11.6	9.290200617403958
11.61	8.944235969020468
11.62	8.395757200931733
11.63	7.749640724094712
11.64	7.4790393874798
11.65	6.822862468715001
11.66	6.1843724057781175
11.67	6.925439158040234
11.68	5.7688149238447775
11.69	5.321494951717736
11.7	4.8018613563286845
11.71	4.59945258724192
11.72	3.749755668104293
11.73	3.7852047116781278
11.74	3.2347365678849136
11.75	2.9652916031979704
11.76	2.744915804155866
11.77	2.3312592011176028
11.78	2.0511843843626347
11.79	1.9099921399087159
11.8	1.6084841922345285
11.81	1.5149779099351302
11.82	1.3547649813720142
11.83	1.2154445540830432
11.84	1.2419329686234724
11.85	1.0554394053281295
11.86	0.5861049253979747
11.87	1.4756088875398032
11.88	1.18528317571408
11.89	0.9444185894118577
11.9	1.5228825240714583
11.91	1.253544788123477
11.92	1.8577450652505956
11.93	2.1689518917334007
11.94	1.9916190319894314
11.95	2.5920567827555754
11.96	2.472745808195877
11.97	2.7126840084430297
11.98	3.7720950769300896
11.99	3.9313064111611493
12.0	3.674135965176944
12.01	4.213364161921808
12.02	4.618200000337717
12.03	4.899959533421792
12.04	5.240414651244216
12.05	5.485764707924032
12.06	5.803309585096225
12.07	6.548832949694108
12.08	7.4986091990760535
12.09	7.542238902154636
12.1	7.7035390120078775
12.11	7.727176512882869
12.12	8.004191702476694
12.13	8.749306476685943
12.14	8.653189734549494
12.15	8.828993979915351
12.16	8.985442766832106
12.17	8.478496820857595
12.18	9.283310199493414
12.19	10.25512673569067
12.2	9.903873399130935
12.21	10.203884523743564
12.22	10.562362651836187
12.23	9.617810729509179
12.24	9.823247274618065
12.25	10.074480471320328
12.26	9.483087504885525
12.27	9.708966451923448
12.28	9.52290206526657
12.29	9.482840626225808
12.3	9.221953932268981
12.31	8.798123056702215
12.32	8.517141537510259
12.33	7.940737970654416
12.34	8.33473096959699
12.35	7.670922555814271
12.36	7.053875809316279
12.37	6.632198056817851
12.38	6.298350241657664
12.39	5.9406110729264965
12.4	6.0190114043157825
12.41	5.1625865741512
12.42	4.277326823837791
12.43	4.5077459910621895
12.44	4.439730211593166
12.45	3.7973548249976283
12.46	3.5317677921005144
12.47	3.1069353265129553
12.48	2.8260532860028675
12.49	2.4965851925187277
12.5	1.6351939470638066
12.51	1.4922487996194083
12.52	1.5230805261197076
12.53	1.1207541319081455
12.54	1.0817537084173132
12.55	0.40374695238043873
12.56	0.9122185540698553
12.57	0.7549203260823993
12.58	0.49237490124053873
12.59	0.16759128692978026
12.6	0.25614492857786775
12.61	-0.14093147751878313
12.62	0.15599431727111493
12.63	-0.03581888439195091
12.64	0.31366330783047963
12.65	0.06589335793179542
12.66	0.6766551710377813
12.67	0.15743539990644306
12.68	0.6918399669335077
12.69	0.667843446270378
12.7	0.7857813387412801
12.71	0.7429409441108941
12.72	1.0009627782284305
12.73	2.1610485404972404
12.74	1.599927495150351
12.75	2.753541949368351
12.76	2.7031406957848074
12.77	2.8152748749109406
12.78	4.358192812942525
12.79	3.757449365028903
12.8	3.999927807146101
12.81	5.000550124317904
12.82	5.208844440846134
12.83	5.495460945421022
12.84	6.077662010080748
12.85	6.1662713233641915
12.86	6.619744185462256
12.87	7.175440856691279
12.88	7.486254259798177
12.89	7.678643451492044
12.9	8.257916560588122
12.91	8.523433354760938
12.92	9.013479725054129
12.93	9.07408968923028
12.94	9.952884358225894
12.95	9.582133193768716
12.96	9.682091886615796
12.97	9.525780567940403
12.98	10.232221794675866
12.99	10.289960355626121
13.0	10.382598728737353
13.01	10.290676039594443
13.02	10.943490273885113
13.03	10.097363556419465
13.04	10.23190524731211
13.05	10.131476655121764
13.06	10.369683223883884
13.07	9.83199977363298
13.08	9.845982837312247
13.09	9.738586641647313
13.1	9.350117748107044
13.11	8.906249463082887
13.12	8.70022999917179
13.13	8.669709528675934
13.14	7.895812198777673
13.15	7.875593212399881
13.16	7.052182983626411
13.17	6.994435718310035
13.18	6.245524768285444
13.19	6.002323099784408
13.2	5.437919717678572
13.21	5.350055038719785
13.22	5.46136829221659
13.23	5.565710416793007
13.24	4.249431416451793
13.25	3.9319446676877052
13.26	3.532680954571427
13.27	3.202633106549202
13.28	2.7505030639024652
13.29	2.924392086324567
13.3	2.1970835492565364
13.31	2.502561690288943
13.32	2.520978406502151
13.33	1.9110925127719895
13.34	1.92466788550354
13.35	1.2245435379132932
13.36	1.0361380843235724
13.37	1.1572803166163315
13.38	0.9366532429914407
13.39	0.9772940791776759
13.4	0.992725036759048
13.41	1.392897843739453
13.42	0.9053711585565916
13.43	1.4940307046928867
13.44	1.6403340380335938
13.45	1.5099099114115984
13.46	2.16323745120411
13.47	1.9250394557935528
13.48	2.1724760374578844
13.49	3.281824573012255
13.5	2.773858049686396
13.51	3.9671076071874767
13.52	3.8415505778473364
13.53	3.4564640881733184
13.54	3.923215594970938
13.55	4.371986419515434
13.56	5.144826711648074
13.57	5.521396046642695
13.58	6.167500234967269
13.59	6.524870552362872
13.6	6.490803116281467
13.61	6.828763427207331
13.62	7.098031496506482
13.63	7.787435645407408
13.64	7.860863393150516
13.65	8.04411906180353
13.66	9.14730732728158
13.67	9.003274655537979
13.68	9.068881201495538
13.69	9.088731375831761
13.7	9.475633578285484
13.71	9.836501241221649
13.72	10.025028333865034
13.73	9.374041095335725
13.74	10.160091567055222
13.75	10.075354349371997
13.76	10.125914389368708
13.77	10.006432866943396
13.78	9.992570835544594
13.79	9.60311869448411
13.8	9.358046868780454
13.81	8.918643276012553
13.82	8.976713023947092
13.83	8.33692705796757
13.84	8.261787474865608
13.85	7.998355488404773
13.86	7.927888883897029
13.87	7.367780226905118
13.88	7.535474274921995
13.89	6.451970755805096
13.9	6.027560884407279
13.91	6.171309425383295
13.92	5.6084003676333465
13.93	5.286335580885583
13.94	5.501249339963823
13.95	4.543032649435476
13.96	4.544097788191932
13.97	3.903111976066999
13.98	4.279521807451599
13.99	3.341233192938428
14.0	3.243385550816129
14.01	2.8521120694058064
14.02	2.94149738724363
14.03	2.3825109243613625
14.04	2.36257396085809
14.05	2.3858424825814093
14.06	2.0681879189346177
14.07	1.602473060384151
14.08	1.6083244113375026
14.09	1.5839662959951701
14.1	1.6382413977515002
14.11	1.3696768125460295
14.12	1.3888811610367562
14.13	1.3802430088750814
14.14	1.449550743649389
14.15	1.544141937826471
14.16	1.6447012110096615
14.17	1.9494515844728193
14.18	1.9016564781498924
14.19	2.33057713442567
14.2	2.177057227916855
14.21	2.488617707516543
14.22	3.066634877687626
14.23	3.069622900370031
14.24	3.7501913479695963
14.25	3.5716716810473237
14.26	4.181670126355954
14.27	4.288866431010013
14.28	4.36821667272128
14.29	5.017204562406422
14.3	5.399778153751162
14.31	5.633767021716747
14.32	6.23576695243418
14.33	6.218659797319163
14.34	6.362287171740565
14.35	6.979855717349037
14.36	7.559271298230817
14.37	7.865724448400743
14.38	7.97543319270491
14.39	8.243617670644952
14.4	8.498360344064324
14.41	8.52626744446606
14.42	8.662272605070793
14.43	9.236113178562848
14.44	9.113922945720034
14.45	9.50181000364817
14.46	9.547686341575984
14.47	9.38008668268776
14.48	9.638017766634414
14.49	8.909540707561682
14.5	9.302363914254947
14.51	9.257068469153547
14.52	9.130585743900042
14.53	8.827653837964858
14.54	9.03964796008895
14.55	8.1303649278239
14.56	8.034872915052443
14.57	7.993950572855287
14.58	7.919267821177105
14.59	7.544818367821771
14.6	6.9801281977939595
14.61	6.657429162609998
14.62	6.278858803956605
14.63	6.378793966828934
14.64	5.637069343479114
14.65	5.399928075149584
14.66	5.131653911147541
14.67	4.809402888183442
14.68	4.291743140850784
14.69	3.7437960853374292
14.7	3.408931687785217
14.71	4.582210423150265
14.72	3.189518163834161
14.73	3.641402860925316
14.74	2.8568462079850723
14.75	2.4150390085090137
14.76	2.469492434997333
14.77	2.053618433707473
14.78	1.998305513871376
14.79	1.9590768811959292
14.8	2.1192104666897675
14.81	1.7386397562119171
14.82	1.634551360069836
14.83	1.756577080077715
14.84	1.6719413173311481
14.85	1.65630571418612
14.86	1.9710612765026991
14.87	1.676831822723096
14.88	2.5935788557703034
14.89	1.9221923230737188
14.9	2.799429648696326
14.91	2.4759939317750828
14.92	2.9166625352642246
14.93	3.3940358145747584
14.94	3.735087668134231
14.95	3.7891019859323984
14.96	3.815723039812001
14.97	4.282770856093624
14.98	5.406263200012404
14.99	5.468561807904258
15.0	5.962687059841447
15.01	6.557128355393632
15.02	6.196597130265676
15.03	7.228103424464292
15.04	7.720928246503765
15.05	7.107233741245296
15.06	8.034491593166694
15.07	8.190471957710614
15.08	8.829952706272946
15.09	8.85819418087824
15.1	8.786361556369291
15.11	9.32267546726578
15.12	9.973227135719695
15.13	9.647264594920197
15.14	10.171294131637868
15.15	10.60763990179928
15.16	10.289785698437722
15.17	10.628261212684267
15.18	10.53050604842895
15.19	11.008122713213957
15.2	10.95180581995107
15.21	10.801459132461638
15.22	10.643330069446638
15.23	10.82530948149143
15.24	10.943689265027777
15.25	10.871956355468402
15.26	10.4418254527623
15.27	10.881969117815437
15.28	10.901143306005787
15.29	10.912000263858024
15.3	10.141661813978553
15.31	10.01498263754695
15.32	10.084983499731642
15.33	10.540127646879466
15.34	9.649533086422045
15.35	10.103266054692558
15.36	9.280428543149048
15.37	9.22742067078239
15.38	8.85433040224329
15.39	8.702788497769271
15.4	8.575439260878762
15.41	8.283666857004414
15.42	7.882776231724335
15.43	7.337047581776124
15.44	7.253173725177644
15.45	7.1351739823787925
15.46	6.371444367643411
15.47	6.22347115272967
15.48	5.693698082460728
15.49	5.654477726967538
15.5	4.701060731951948
15.51	5.081968461467769
15.52	4.2758226833069015
15.53	3.9893422455096967
15.54	2.988849006064566
15.55	2.891306914406962
15.56	2.8452326906830523
15.57	2.437795208602865
15.58	1.962241474160214
15.59	2.3753669910759396
15.6	1.3303999969105045
15.61	1.250433729749756
15.62	1.2313538148341618
15.63	0.8445568069895064
15.64	0.4191172595801278
15.65	0.14284934385985554
15.66	0.8538964237824043
15.67	-0.16443415064929856
15.68	0.3387797235972987
15.69	0.545040900562929
15.7	0.26054760011937866
15.71	0.10329395650396347
15.72	-0.04814595480247168
15.73	-0.0018930782194562566
15.74	0.1938197298403172
15.75	0.1777458697588903
15.76	0.32994896112153105
15.77	0.6154330894967119
15.78	0.9222142207613307
15.79	1.2148260566462905
15.8	1.4764010129436331
15.81	1.2193717465109615
15.82	2.397476656252651
15.83	1.9137930229150877
15.84	2.639104682036273
15.85	3.468982804899641
15.86	3.2569008853596064
15.87	3.693310611527422
15.88	4.283041313689596
15.89	4.005753222663872
15.9	4.4744605729140146
15.91	5.156749363186532
15.92	5.172271006973936
15.93	5.87558845014038
15.94	6.336449190630413
15.95	6.6909707248572685
15.96	6.281493890549744
15.97	6.571414685021558
15.98	7.857411532958404
15.99	7.712250479840887
16.0	8.418428986581613
16.01	8.372053060324507
16.02	8.250442734230353
16.03	8.362131856662776
16.04	8.865080211781956
16.05	8.782999649546097
16.06	9.248987963938843
16.07	9.230516654048083
16.08	8.802760960249426
16.09	8.830620376435046
16.1	9.333230701157404
16.11	9.176183882532579
16.12	9.141905976791309
16.13	8.849741165123957
16.14	9.004446859349374
16.15	8.656562651770342
16.16	9.253477265083415
16.17	8.56419931111729
16.18	8.206608792623305
16.19	7.779170871908621
16.2	8.018413956594769
16.21	7.390914717841902
16.22	7.057399127154812
16.23	6.365493870612969
16.24	6.1263473187523685
16.25	6.519910775638471
16.26	5.769069048616183
16.27	5.353196543555197
16.28	4.899547621040822
16.29	4.759739512591886
16.3	4.392437104270535
16.31	4.431901513759652
16.32	3.428234600376929
16.33	3.63045989077484
16.34	3.1481459238797016
16.35	2.8307616425876
16.36	2.1147024703602804
16.37	1.923246824754886
16.38	2.267697101319207
16.39	2.0016898621976624
16.4	1.2998345522286694
16.41	1.161709918853363
16.42	1.4696855037341987
16.43	1.2096470962303485
16.44	0.7843687026832474
16.45	0.9628230785873024
16.46	0.9277502154036602
16.47	0.9240364986559593
16.48	1.05217391610082
16.49	1.615126882006499
16.5	1.200919983443801
16.51	1.3496545201696701
16.52	1.5007496693732465
16.53	1.9363786527275497
16.54	1.9768687957421351
16.55	2.291231790350732
16.56	2.646741561230987
16.57	3.0801353775057425
16.58	3.134067154120736
16.59	4.057804054414527
16.6	3.8085919814647
16.61	4.516510423300645
16.62	4.384471312322516
16.63	4.9196077913990965
16.64	5.572952728490362
16.65	5.844199292912151
16.66	5.7307224679724085
16.67	6.626951801191194
16.68	6.5188393675967005
16.69	7.64729641503725
16.7	7.582339317470013
16.71	8.0195918281384
16.72	7.952265632132796
16.73	8.174229319815439
16.74	8.580168159208341
16.75	9.056463705820459
16.76	8.766271519735586
16.77	9.708274148576642
16.78	9.66538951503475
16.79	9.7091627636708
16.8	10.06063820418969
16.81	9.725427446592755
16.82	10.279916768044107
16.83	10.24066367128207
16.84	9.729517076476544
16.85	9.741066130444842
16.86	10.523398436361541
16.87	9.734353312212905
16.88	9.762234163634748
16.89	9.109484546194627
16.9	9.20578478186344
16.91	9.149251756837277
16.92	8.778257616145734
16.93	8.715114198005834
16.94	7.921320038220236
16.95	8.15648207880337
16.96	7.3590077711027355
16.97	7.218413872507952
16.98	6.701584629466945
16.99	6.44848438596153
17.0	6.043836173003081
17.01	6.200387934570458
17.02	5.26494742230343
17.03	5.092562592284644
17.04	5.049205798567548
17.05	4.683604689357661
17.06	3.909204358817522
17.07	3.746933310877788
17.08	3.250847006102751
17.09	3.5923603231581107
17.1	3.321664684888517
17.11	3.332451100587091
17.12	3.139213324208387
17.13	2.53752864991018
17.14	2.3641390484110563
17.15	2.1777382448613536
17.16	2.318505621348847
17.17	2.7160641727418446
17.18	2.2610678050473862
17.19	2.0511910866955114
17.2	2.1475624653387055
17.21	1.8660761000314703
17.22	1.9303922485988378
17.23	2.2353264076739636
17.24	2.5298065191785053
17.25	2.5315675806196616
17.26	2.823580019547651
17.27	2.5900521121781725
17.28	3.352541901060536
17.29	3.800383369019118
17.3	3.810233236457581
17.31	3.7757073719624374
17.32	4.158459078403108
17.33	4.176237692422574
17.34	5.05847060957462
17.35	5.999873389396146
17.36	5.636862183499645
17.37	5.630507470551383
17.38	6.7791679197204715
17.39	6.46502907008341
17.4	6.941181375297871
17.41	7.3198708875049325
17.42	7.904363963213634
17.43	7.994066832879193
17.44	8.231552421254731
17.45	8.216844937705817
17.46	8.63114602312051
17.47	8.717115711454571
17.48	9.497110718496453
17.49	9.362723104096572
17.5	9.845038064193224
17.51	9.680353687282455
17.52	9.791349862714242
17.53	10.085887012934014
17.54	10.31093793880696
17.55	10.730443737463393
17.56	10.465341816141715
17.57	10.466480434667112
17.58	10.49201802152992
17.59	10.175042318310984
17.6	10.410810326099831
17.61	9.734675079902367
17.62	9.54250756726292
17.63	9.627482908427066
17.64	9.082751536038984
17.65	8.711743472593295
17.66	8.432370899996826
17.67	7.394281251538937
17.68	7.408494628003852
17.69	7.282680843741161
17.7	6.284680810865841
17.71	6.817117152794086
17.72	6.146056939729802
17.73	5.5260741209493185
17.74	5.5070391878412055
17.75	5.0073509605557724
17.76	4.705273389920696
17.77	4.098999114493643
17.78	3.5208986942327947
17.79	3.3805061007184913
17.8	2.664977056859469
17.81	3.3042038714708526
17.82	2.3408463210594386
17.83	2.117317943577641
17.84	1.815269798805777
17.85	1.853925779117384
17.86	1.3541769316223398
17.87	1.1686668243625549
17.88	0.8699504010382377
17.89	1.229445912944159
17.9	1.2564551652739326
17.91	1.0093268130906072
17.92	0.6341076799100258
17.93	1.2275338492913077
17.94	0.4883027087712668
17.95	0.6457437135146095
17.96	0.8859399534535972
17.97	0.8892541082810131
17.98	1.2060154257793374
17.99	0.8989551474730431
18.0	1.1065748730748535
18.01	1.8823055558343662
18.02	1.8096445318149363
18.03	2.3184813108215687
18.04	2.4245170024977756
18.05	2.593869392539071
18.06	3.2088632581459016
18.07	3.396617199732626
18.08	3.869008879988975
18.09	4.090768456014051
18.1	4.326106741687119
18.11	5.2699330370051385
18.12	5.501763082359731
18.13	5.704969770161144
18.14	6.31284894228806
18.15	6.62130416652782
18.16	6.955335371003961
18.17	7.043352926305296
18.18	7.649617990966232
18.19	8.046702818877561
18.2	7.851921505138246
18.21	8.070929057915631
18.22	8.394464467433586
18.23	9.033868068983208
18.24	8.951609949474047
18.25	9.215707637795838
18.26	8.777431242869406
18.27	9.002030693373944
18.28	9.202490144712069
18.29	9.315172539073018
18.3	9.755739159104147
18.31	8.875331791628032
18.32	9.284176224792153
18.33	9.148888982360067
18.34	9.055255591264087
18.35	9.005568852146913
18.36	8.765850736999784
18.37	8.607555881805638
18.38	8.419527940856602
18.39	8.206201656300951
18.4	7.70662233170341
18.41	7.437797103914988
18.42	6.3593245284523325
18.43	6.422114491218851
18.44	6.185076808228227
18.45	5.940172643921541
18.46	5.810593969571459
18.47	5.131229409609244
18.48	4.702272541804641
18.49	3.720452169672298
18.5	3.7869418056759283
18.51	3.5474692595591457
18.52	3.539597829738993
18.53	2.6849388809509156
18.54	2.712960774818091
18.55	2.523031842827831
18.56	2.277292202165362
18.57	2.0104982451360813
18.58	1.399197797313008
18.59	1.3227116888996109
18.6	1.0713182479272065
18.61	0.9517707759297143
18.62	1.0363267417762292
18.63	0.493012135104306
18.64	0.7013800493182022
18.65	0.7316138323206786
18.66	0.9828140426232187
18.67	0.6735433006768834
18.68	0.6067488262522304
18.69	0.964289418575621
18.7	0.9367142008947358
18.71	0.8633447366587813
18.72	0.7796877840909318
18.73	1.4628441606385603
18.74	1.3899355215578615
18.75	1.0707116836161235
18.76	1.815752199628047
18.77	2.367817712721998
18.78	1.9512478374716933
18.79	2.6720352432567793
18.8	2.873266741170181
18.81	3.2945929431606538
18.82	3.5211988992201944
18.83	4.098083605246076
18.84	4.40741486661523
18.85	4.761400410114567
18.86	5.298502071806424
18.87	5.371870047379793
18.88	5.664496081057001
18.89	6.290213562988148
18.9	6.3338733985562605
18.91	6.6674120503502845
18.92	6.414808063033761
18.93	6.962829115316189
18.94	8.088704098278887
18.95	7.816918270996618
18.96	8.015801003921208
18.97	8.113079490837888
18.98	8.983833042837562
18.99	9.085580075551912
19.0	9.017098370120806
19.01	9.136240177396695
19.02	8.665791378662227
19.03	9.691585276514775
19.04	9.4968082263203
19.05	9.79056157591638
19.06	9.656069740743622
19.07	9.725557238477068
19.08	10.363219781544554
19.09	9.922705197916192
19.1	9.767134710658953
19.11	9.940803079056032
19.12	9.477002515576462
19.13	9.793788481084183
19.14	9.315444869999746
19.15	9.429082033831989
19.16	9.423854358897048
19.17	9.050271319099457
19.18	9.059191570823824
19.19	8.704992458966094
19.2	7.688577933362518
19.21	7.3005617425432945
19.22	7.9119603894120685
19.23	7.335325897024478
19.24	6.59318591614199
19.25	6.695075826604327
19.26	5.6598242326987815
19.27	5.800454704432305
19.28	5.1100032118718
19.29	4.9872121244261205
19.3	4.728734736313461
19.31	4.128426029519483
19.32	3.968888015700919
19.33	3.8741252644954725
19.34	3.4123033120659216
19.35	3.0476241492806513
19.36	3.136277579771755
19.37	3.1462770981154677
19.38	2.6417474275376374
19.39	3.047077613901349
19.4	2.6720233143262444
19.41	2.070438973686412
19.42	2.3266983696318864
19.43	2.1120299649172227
19.44	2.569813390245642
19.45	2.5141722505557773
19.46	2.4165861221420952
19.47	2.841705744802428
19.48	2.8232914602695747
19.49	3.0258269187072715
19.5	3.6127100741137337
19.51	3.59641445239117
19.52	4.130454927040616
19.53	4.050345064409446
19.54	4.178048621929526
19.55	4.8509780597124585
19.56	4.8749302182328895
19.57	5.404014826358954
19.58	6.111037705514731
19.59	6.455997175258746
19.6	6.304965701619761
19.61	6.883784899373522
19.62	7.592315118617647
19.63	7.440437431178607
19.64	8.180237526780765
19.65	8.921749506060058
19.66	8.913045958361316
19.67	9.048149472758055
19.68	9.039207185355764
19.69	9.723927665117074
19.7	10.130447680693958
19.71	10.549058799608828
19.72	10.701467786611536
19.73	10.650036716049433
19.74	10.845222289230295
19.75	11.339572134180436
19.76	11.181458203621464
19.77	11.618934356962582
19.78	11.558074456676492
19.79	11.388160270821585
19.8	11.906037633774238
19.81	11.398526563927946
19.82	11.713722806026476
19.83	12.373951482748051
19.84	11.488292465047191
19.85	12.072865735766879
19.86	11.957666447263664
19.87	11.301327244218495
19.88	11.721606439673163
19.89	11.839207095417601
19.9	11.628088038935187
19.91	10.617853750081926
19.92	10.99870451753681
19.93	10.86608844585726
19.94	10.427974877917285
19.95	10.547658295260565
19.96	9.777405612464849
19.97	8.965175798351947
19.98	8.109386820873034
19.99	8.333784884107464
20.0	7.710157564273113
