10.01	0.9605139749541068
10.02	0.023387002782018385
10.03	0.6258555127994431
10.04	0.6103240822787382
10.05	0.8277866900247717
10.06	0.886800827659689
10.07	0.30799435606193754
10.08	0.6457837667592315
10.09	0.42457852222864484
10.1	0.4010237613040065
10.11	0.6013635995179789
10.12	0.47663705494330355
10.13	0.6864378179180229
10.14	0.5222841134061367
10.15	0.3738953751876516
10.16	1.0021511246938601
10.17	0.3814948509753797
10.18	0.6713867964512485
10.19	0.9442472595415925
10.2	0.7308714165802024
10.21	0.17847900552284285
10.22	1.1116144124724112
10.23	0.21140224476659475
10.24	0.271332612034382
10.25	1.129325955437764
10.26	0.9560056381699686
10.27	0.6333283608081955
10.28	0.5076002919709672
10.29	0.406914344320092
10.3	0.4745384909074313
10.31	0.6870678025203498
10.32	0.8091510397676946
10.33	0.6943386592169166
10.34	0.40029193144515474
10.35	0.14130455409781337
10.36	1.03299526603679
10.37	0.6232261832275717
10.38	0.4066385973094204
10.39	0.30051563976176754
10.4	0.215390357691276
10.41	0.6774669315265122
10.42	0.2851389426385753
10.43	0.5712633991481488
10.44	1.035992751192857
10.45	0.9659198058863985
10.46	0.5967804014328822
10.47	0.8229538860701304
10.48	0.7116018561873709
10.49	0.6962480353354452
10.5	0.16957922517542548
10.51	0.6475406191959782
10.52	0.9457036199070834
10.53	0.4842098535610839
10.54	0.08551293787564662
10.55	0.5714729313403604
10.56	0.7972564599086549
10.57	1.076426137096682
10.58	0.1167901020739921
10.59	0.392965691129609
10.6	0.7471731308171127
10.61	0.6932328626747367
10.62	0.39117094850111966
10.63	1.0546131400374135
10.64	0.39854903347721565
10.65	0.577153451121424
10.66	0.47147264240858244
10.67	0.7967826404593987
10.68	0.4202854850955018
10.69	0.39573386120068843
10.7	0.4013711818597701
10.71	0.46959399260174206
10.72	0.4670279925829011
10.73	0.6308661161575237
10.74	0.5036077942046258
10.75	0.31726511673191027
10.76	-0.13141224905358473
10.77	0.06436838562887959
10.78	0.6931661831232403
10.79	0.9499822378610975
10.8	0.7955257334254815
10.81	0.469325471985356
10.82	0.5199740907659339
10.83	0.5307593595220631
10.84	0.4314748315965647
10.85	0.6391594392402363
10.86	0.40823700883685515
10.87	0.10500942236322564
10.88	0.90219129332725
10.89	0.4742342529994722
10.9	0.593709897191621
10.91	0.451493295141696
10.92	0.6071216417761778
10.93	0.6552554845725945
10.94	0.24794038883490377
10.95	0.8180481557969148
10.96	0.13570113864537603
10.97	0.6130019256109626
10.98	0.48091509193740856
10.99	0.9342118636418142
11.0	0.2734383030363089
11.01	0.5358858414551793
11.02	0.7633167621796515
11.03	0.6014650892411177
11.04	0.46889278734126677
11.05	-0.0063534092981239465
11.06	0.03474643614852223
11.07	0.17196203970408513
11.08	0.40333582463248485
11.09	0.6984586192357743
11.1	0.10228294232947953
11.11	0.7177910971594318
11.12	0.4596124069951253
11.13	0.4174783877923349
11.14	0.5999715441124511
11.15	0.3951474881799017
11.16	0.7121208353297795
11.17	0.6607938840156276
11.18	0.6333877735299301
11.19	0.3403762305432555
11.2	0.39631305925550386
11.21	1.121112047728371
11.22	0.22584383457886037
11.23	0.6489892415183304
11.24	0.587959751189678
11.25	0.22787230290827803
11.26	0.7694838863328545
11.27	0.7083181224847104
11.28	0.9031237066602813
11.29	0.24680744857622788
11.3	0.7734490601447125
11.31	0.3976871420111971
11.32	0.7615688551158812
11.33	0.7793187339438638
11.34	0.539786614414618
11.35	0.3407191345990245
11.36	0.20941356202077305
11.37	0.35655124151407247
11.38	0.6015987492494733
11.39	0.007437381528208609
11.4	0.8331534181606051
11.41	0.04949691868053474
11.42	0.1706702381768766
11.43	0.6352135854874491
11.44	0.47648224681156565
11.45	0.5184515244498978
11.46	0.5629069108160467
11.47	-0.265747935188914
11.48	0.4994006910063393
11.49	0.4367182503996345
11.5	0.2526396373362205
11.51	0.26025956884931345
11.52	0.3177888562675897
11.53	0.23040205365980934
11.54	-0.1529754656484858
11.55	0.31803425939522373
11.56	0.026031180813030186
11.57	0.3000274758574822
11.58	0.859568940318727
11.59	0.29480823428565095
11.6	-0.013279871465206039
11.61	0.6843505344958435
11.62	0.44114147524303926
11.63	0.419164954154437
11.64	0.08011688496698398
11.65	0.45726649323061647
11.66	-0.02867357190608391
11.67	0.2383940995388735
11.68	0.6692792089223809
11.69	0.6263803447843013
11.7	0.11417564359427972
11.71	0.727730017090378
11.72	0.7654699895155458
11.73	0.18971366097767006
11.74	0.50971214495138
11.75	0.2982307540842174
11.76	0.25996357798190745
11.77	0.525270770437074
11.78	0.4957226417171977
11.79	0.03342266615840503
11.8	0.3356426632282856
11.81	0.09031673013254737
11.82	0.4630729423221466
11.83	0.579551988646502
11.84	0.6803614889466425
11.85	0.1776429168320629
11.86	0.6806534137272078
11.87	0.0808224936180078
11.88	0.119833011393206
11.89	0.34338908728463935
11.9	0.507581841099702
11.91	0.3189062640892887
11.92	0.6744402410481718
11.93	0.34162569812382687
11.94	0.6292875749493262
11.95	0.865365244989041
11.96	0.5240580278158241
11.97	0.44754926034060044
11.98	0.48670235148016083
11.99	0.28163885459135723
12.0	0.798850055103604
12.01	0.2984795670244613
12.02	-0.0393172217547772
12.03	0.39623871928638343
12.04	0.3378136621797175
12.05	0.0423313346031962
12.06	0.3655541673313406
12.07	0.426650884009281
12.08	-0.043797405531722206
12.09	0.05745623616919113
12.1	0.21486154110800026
12.11	0.13431609400032063
12.12	-0.014216678500556829
12.13	0.3562409623721434
12.14	0.5156799906829443
12.15	0.3625284272557969
12.16	0.08121705515636268
12.17	0.130130072066616
12.18	0.48707659930798314
12.19	0.32569817437118154
12.2	0.45854845453623133
12.21	0.40683087505285076
12.22	0.14537479752671728
12.23	-0.03962628141758284
12.24	0.10286441613030206
12.25	0.5680025166441982
12.26	0.07500967582366237
12.27	-0.08937294244520436
12.28	-0.02512275894008359
12.29	0.3623909684813167
12.3	0.19666487980626474
12.31	-0.05934140147861536
12.32	0.2421965907730689
12.33	0.39898046615402977
12.34	-0.11924403284104329
12.35	0.30079223524942417
12.36	-0.12372871826748452
12.37	0.48702789148383563
12.38	0.3655579908869143
12.39	0.5860798402103442
12.4	-0.031406743536458726
12.41	0.32151707519255046
12.42	-0.04884053105673597
12.43	0.45828981829432736
12.44	0.40056047131314987
12.45	0.17725328020016995
12.46	0.21762006256480035
12.47	-0.005651429616895298
12.48	0.015308708561195872
12.49	0.07025437914123395
12.5	0.11239630823297792
12.51	-0.056016091356628855
12.52	0.1543606143423972
12.53	0.5943943217538625
12.54	0.4366099570040152
12.55	-0.20178736615548798
12.56	-0.08915967260065544
12.57	0.21903209847153915
12.58	0.20276520578131027
12.59	0.19183011915273138
12.6	0.4947147266461549
12.61	-0.038628981266951856
12.62	-0.15284050770537783
12.63	0.07225635543256204
12.64	0.3060093319790351
12.65	0.1214415031647201
12.66	0.3806990470382361
12.67	0.2424586670904309
12.68	0.27540318234700095
12.69	-0.04585878758640327
12.7	0.06506915119356586
12.71	0.04228002524501642
12.72	-0.10156906887839598
12.73	0.7978249446114385
12.74	0.3152934761220382
12.75	0.2768903811944193
12.76	0.014810201228837777
12.77	-0.024132474188668568
12.78	0.4996107712841839
12.79	0.17453504075074405
12.8	0.14278060751060928
12.81	0.1479866863010105
12.82	-0.2669982029149723
12.83	0.1474806027456243
12.84	-0.2193004579922096
12.85	0.35378149819334737
12.86	0.1081059632360399
12.87	0.004242329028724928
12.88	-0.009975235850450404
12.89	-0.11515576300320338
12.9	0.25875058644646376
12.91	-0.4398944165595055
12.92	0.1151956881228281
12.93	0.5113889126517523
12.94	-0.1661722647916467
12.95	0.1299071354245646
12.96	0.235018217024224
12.97	0.2945444780586855
12.98	0.587612598857108
12.99	0.061762148282641136
13.0	0.29097371713478093
13.01	0.3006685268384537
13.02	0.250852424697494
13.03	0.27801445320567675
13.04	-0.030988903055481604
13.05	-0.09942336404910296
13.06	0.21885094690377913
13.07	0.2659633059477842
13.08	0.35092457042770137
13.09	0.3222136759367001
13.1	-0.2778187634972741
13.11	0.21401529751611245
13.12	-0.2990947770855942
13.13	0.5586439097443332
13.14	0.38881158279701167
13.15	0.22080748186459717
13.16	0.13982897596382754
13.17	-0.1651707144171215
13.18	0.3435046773140366
13.19	-0.12773063357020303
13.2	0.3687574707359589
13.21	0.02058729512842343
13.22	0.1191639086112445
13.23	0.17398110606610004
13.24	0.43333307320979564
13.25	0.36577149860364655
13.26	0.2560690722599187
13.27	0.09843686029160278
13.28	0.37830826685291785
13.29	-0.5250924650702329
13.3	0.455298620335075
13.31	0.047461692503553796
13.32	0.26610984019398165
13.33	0.008795673042318777
13.34	0.2919857073386032
13.35	0.03390007576525293
13.36	0.6887104191554432
13.37	-0.0972254829642685
13.38	-0.26455761424775065
13.39	-0.012631720508374883
13.4	0.2954567561817677
13.41	-0.08662364852263943
13.42	0.1755900695914411
13.43	0.02216574517584928
13.44	0.5525662965749903
13.45	0.3291038092488674
13.46	0.12292376371139274
13.47	0.2235069501247018
13.48	-0.022982429255984815
13.49	0.28505992760895316
13.5	0.2953210342463378
13.51	0.36198200745863074
13.52	0.13151889845781756
13.53	0.14583729193362488
13.54	0.3305852579968794
13.55	0.7483908181973573
13.56	0.24108146368896088
13.57	0.3612169073787714
13.58	0.31224616689814033
13.59	-0.08108199232456192
13.6	0.1910597870089078
13.61	0.2202177949446957
13.62	-0.09820259310298027
13.63	-0.14571399050316197
13.64	-0.0018648903988512655
13.65	-0.011156054229540219
13.66	0.3346289791849694
13.67	-0.03547534700912064
13.68	-0.07840190304123437
13.69	0.01985488849296633
13.7	0.157058555473735
13.71	0.003683650043271522
13.72	-0.09691784108385906
13.73	0.36962987583427576
13.74	0.3269647723175398
13.75	0.030354732694094652
13.76	0.32654147601715866
13.77	1.033788868641648
13.78	0.05929771876210489
13.79	0.2545289279061296
13.8	0.24561514571696624
13.81	0.06178845345497662
13.82	0.33535397060069694
13.83	0.33762103391756915
13.84	0.3758957186758189
13.85	0.6119805113149803
13.86	-0.14393556467738278
13.87	0.2346697654967237
13.88	0.5032817959465794
13.89	0.3555371177171094
13.9	0.1961174384357935
13.91	0.11290950310351038
13.92	0.42639324630233294
13.93	0.017145854279908404
13.94	0.2918372788570258
13.95	0.04306266447574339
13.96	0.31966749110238896
13.97	-0.1727108370486165
13.98	0.09617420603831643
13.99	0.2575402247315097
14.0	0.23878415099240796
14.01	0.21796451932619498
14.02	0.3556206202062897
14.03	0.17109381378019944
14.04	0.3423512268127299
14.05	0.2024662384805473
14.06	0.10300483759743763
14.07	0.09966569357119515
14.08	0.07310737358451991
14.09	0.16372549241947112
14.1	0.26057377071256715
14.11	0.14356039984329047
14.12	0.16714268202832044
14.13	0.23907917030954717
14.14	0.3518630881505126
14.15	0.2545492461746391
14.16	0.05123054677229713
14.17	0.38171145068213697
14.18	-0.08462564977379389
14.19	0.2876212300470723
14.2	0.15706667422128068
14.21	0.13990466314703737
14.22	-0.08101032885382642
14.23	0.221082578994574
14.24	0.5179642339560189
14.25	0.21419981902319463
14.26	-0.004704953011537644
14.27	0.29418363293115424
14.28	0.26806666925075684
14.29	0.7701424413821822
14.3	-0.03551629447514473
14.31	-0.21189780176609604
14.32	0.31513706525561636
14.33	0.3654919452627356
14.34	-0.02656593877991284
14.35	0.20354664110566062
14.36	0.22157222613687957
14.37	0.14485357708902727
14.38	0.15636153168965963
14.39	0.12840508724033275
14.4	0.5276188011116267
14.41	0.03044261754810372
14.42	0.14570554728581664
14.43	-0.1455910977585127
14.44	0.30378370922871384
14.45	0.3541553538149944
14.46	0.2545215518404813
14.47	0.8273847577529725
14.48	0.19765892996680362
14.49	0.33393345701514643
14.5	0.14711850540561547
14.51	0.3519873990370168
14.52	-0.10557032389586124
14.53	-0.027910181071868295
14.54	0.3935343157007548
14.55	-0.1395381597831259
14.56	0.2592969441579675
14.57	0.34928193202224933
14.58	0.22947988016563772
14.59	0.1894081958980729
14.6	0.05331365320687173
14.61	0.3750633974591606
14.62	0.26363977767507935
14.63	0.0093913490714055
14.64	0.208637692461268
14.65	-0.1647549163752966
14.66	0.36026187542952454
14.67	-0.042897670130081944
14.68	0.17451024758885364
14.69	0.3763722900809027
14.7	0.15417876375936934
14.71	-0.01801199943237594
14.72	0.13801028621875247
14.73	0.30104163413940366
14.74	0.317604755605091
14.75	0.6192340930169127
14.76	0.2232410720443767
14.77	0.16176393787057639
14.78	0.14334949196974647
14.79	0.1598071027485349
14.8	0.033298606546893136
14.81	0.4622403775205395
14.82	0.17804579144124968
14.83	0.16968544115537176
14.84	0.22746437003239142
14.85	0.06515828743672941
14.86	-0.1348679821035354
14.87	0.08939228529927212
14.88	-0.09639701841090784
14.89	0.2365650636851301
14.9	0.003460658867271496
14.91	-0.011217690131265556
14.92	0.08060285084561644
14.93	0.28760200349905346
14.94	0.08190480140012968
14.95	0.21134762478682906
14.96	0.12822871920632692
14.97	-0.4820811363085011
14.98	0.35978535382606014
14.99	0.2963573842971915
15.0	0.24606665549716222
15.01	-0.22890038364518633
15.02	0.08208632040686427
15.03	0.17308875307807078
15.04	0.43616437121933965
15.05	0.22711992060680136
15.06	0.05408116270373256
15.07	-0.13201359803149681
15.08	0.14375269566379584
15.09	-0.21680044856088354
15.1	-0.09302628637087074
15.11	0.05150338009601502
15.12	0.1341845731684625
15.13	0.20989623463835866
15.14	-0.006587052158111756
15.15	0.47584963941102043
15.16	0.027882224627084867
15.17	0.019449680725943552
15.18	0.3960971459800479
15.19	0.3195759255720415
15.2	0.22924763525101705
15.21	-0.08594390129690535
15.22	-0.1391688200020627
15.23	0.3363373391607528
15.24	0.05977403426312533
15.25	0.3151577306986174
15.26	0.37587972306583717
15.27	0.007933802390618111
15.28	0.3522819218189904
15.29	0.2136941885155709
15.3	0.40196107640215295
15.31	-0.016676709031965803
15.32	0.012456464732998801
15.33	-0.020973118832273346
15.34	0.4176633746277696
15.35	0.21409462407541086
15.36	-0.11461692604151291
15.37	0.2056836162891011
15.38	0.15328288580907687
15.39	0.03634705820647598
15.4	-0.22816662544282845
15.41	0.09784039308728418
15.42	0.4502679933499655
15.43	-0.11412756058539858
15.44	0.37762358374053173
15.45	0.11315683076668562
15.46	0.24988333801799412
15.47	-0.06635667803085268
15.48	0.0908189358256005
15.49	0.15471713331082482
15.5	-0.16425782964090996
15.51	-0.1660888355064718
15.52	0.07883662426085603
15.53	0.13867117310185292
15.54	0.0007485105390035718
15.55	-0.10571526886805593
15.56	0.3107932645512075
15.57	0.2512302399149561
15.58	0.14428734641433477
15.59	0.21246616313223865
15.6	-0.19327082201218043
15.61	0.17146310246887692
15.62	0.1456799875164217
15.63	-0.14405020707897231
15.64	0.14585823008487345
15.65	0.6927684509007062
15.66	0.35334209136630534
15.67	0.19101545837848183
15.68	0.3804226512993779
15.69	0.14878518336414073
15.7	0.06007107151162962
15.71	0.11719555557645817
15.72	-0.16679979516952198
15.73	0.29017876602094567
15.74	-0.19290688015652946
15.75	0.12018063469100237
15.76	0.15435887789937425
15.77	0.11739881544366672
15.78	0.6709502881460745
15.79	-0.2089642954207409
15.8	0.33050365692809813
15.81	0.289495910092057
15.82	0.03094849780101029
15.83	0.216688137981151
15.84	0.11194827618584519
15.85	0.1799987483782164
15.86	0.4577320982234951
15.87	0.38747993973963235
15.88	-0.11454096622750762
15.89	0.2304094759442764
15.9	-0.22713412860626409
15.91	0.07656092153427341
15.92	0.07605472107599841
15.93	0.16515787810919857
15.94	-0.15595781296167155
15.95	0.28111597076412687
15.96	0.1223671911869042
15.97	0.412884939962863
15.98	0.20624763688099712
15.99	-0.2949405720848104
16.0	-0.1701249495113081
16.01	0.11776940872145154
16.02	-0.2729033905325062
16.03	-0.0032319565401311423
16.04	0.05689407724767641
16.05	0.03231592108294472
16.06	0.32573563106666714
16.07	-0.045874120673951496
16.08	0.29014108583711656
16.09	-0.1207339006800619
16.1	0.024102211827141923
16.11	0.4303257062141908
16.12	-0.030571780778417018
16.13	0.04876848974248389
16.14	0.30450028389777944
16.15	0.45327203479242495
16.16	0.1680772979940379
16.17	-0.08601579587107214
16.18	-0.07884549625825028
16.19	0.04046429624307887
16.2	-0.05621055287029147
16.21	-0.09160500286276668
16.22	-0.14591107860840152
16.23	0.07240836237622882
16.24	0.19607090851913406
16.25	-0.032510162146242944
16.26	0.03224268188216135
16.27	0.12559181977633216
16.28	0.34886999854024714
16.29	0.2917949446530654
16.3	0.03169027944222679
16.31	0.41257426608780573
16.32	0.14902322488990827
16.33	0.1601409178655692
16.34	0.17898004398830836
16.35	0.03786716497620159
16.36	-0.20207666188629292
16.37	0.2113026933134127
16.38	0.1255558924512508
16.39	0.21005094730232746
16.4	-0.2320581041832779
16.41	0.13928527265660565
16.42	0.014964386014721632
16.43	-0.23414014922852866
16.44	0.3883233374929521
16.45	-0.20820158632606536
16.46	-0.060895212866187765
16.47	0.2143621553139228
16.48	-0.4035403184200036
16.49	-0.08193276983593129
16.5	-0.06658806644484211
16.51	-0.4064582951701175
16.52	0.04654699885522011
16.53	0.11362974290558835
16.54	-0.19514735029383745
16.55	-0.4182599699732195
16.56	0.1884832505839607
16.57	0.30075660430546963
16.58	0.11327108800827984
16.59	0.09363295019352348
16.6	-0.2850818051927695
16.61	0.00048458868321391723
16.62	-0.23574892781075865
16.63	0.16079270694908038
16.64	0.16663005646689288
16.65	0.36195363253173335
16.66	0.24604414992049206
16.67	0.02468552035590654
16.68	-0.19986428602414327
16.69	-0.024455173958277954
16.7	0.12923857980104084
16.71	0.3009788771120152
16.72	0.30496658651961167
16.73	0.06535317644534501
16.74	0.28841317307530284
16.75	-0.018938139301012083
16.76	0.15117930107246702
16.77	-0.04300133548821297
16.78	0.4165223693337063
16.79	-0.11109995644620543
16.8	-0.1855968556167575
16.81	0.25515339083236543
16.82	0.12493613287908552
16.83	-0.32407896571856587
16.84	0.25380328844889966
16.85	0.10192485891258221
16.86	-0.037394722904266466
16.87	-0.43054865872186043
16.88	-0.41169600521316563
16.89	0.1481431757003736
16.9	-0.047755289683986575
16.91	-0.2932680494481142
16.92	0.04969892433120582
16.93	0.1605062810341763
16.94	0.15313280212667965
16.95	0.14744012075490634
16.96	0.16335899841032062
16.97	0.33763894535718225
16.98	0.2377907029900568
16.99	0.2729502590216743
17.0	-0.22205638321316842
17.01	-0.49746251899942967
17.02	0.1629688503989856
17.03	-0.08635217559698705
17.04	0.2977693092771527
17.05	0.13006001354648777
17.06	-0.08933612530113347
17.07	0.19527586803175256
17.08	-0.184866249063613
17.09	-0.23235320584184632
17.1	0.6245517626142238
17.11	-0.21231620429896467
17.12	0.5654004589294848
17.13	-0.14857789834184681
17.14	0.04384380099136339
17.15	0.026717773095770128
17.16	0.22468174297808535
17.17	0.3544728688006814
17.18	0.4011993046025943
17.19	0.35458181623408136
17.2	0.2669631475328885
17.21	0.47168730443136847
17.22	0.3042295512824279
17.23	-0.1485912207926372
17.24	-0.011406008041825094
17.25	0.3357885403048511
17.26	-0.13857241308441345
17.27	0.33449699276751266
17.28	0.013993337788608104
17.29	0.23993826994753675
17.3	-0.06076922419490927
17.31	0.1620647942343294
17.32	0.1145914302268544
17.33	-0.2376074955252035
17.34	0.18651439955902893
17.35	0.09821217968984695
17.36	0.10679492265956976
17.37	0.09672358223249869
17.38	0.06931806882638221
17.39	0.04293241687899717
17.4	0.22590403228346068
17.41	0.1270215804064456
17.42	-0.2075676595218609
17.43	-0.03821895731986727
17.44	0.1075473494509564
17.45	0.031434319996660576
17.46	0.1283851835336533
17.47	0.30885274254004746
17.48	-0.16873646039261148
17.49	0.46057294079044
17.5	0.41885271406548985
17.51	0.07453614185684442
17.52	-0.036000681912071814
17.53	0.34173791901545036
17.54	0.3638505920727736
17.55	0.49692346157742306
17.56	0.031146019659078178
17.57	-0.1098684923282139
17.58	0.11440770981713427
17.59	-0.05706029251845873
17.6	-0.05390933280734839
17.61	0.2568128053502666
17.62	-0.24893120204686292
17.63	0.060536230371371
17.64	-0.16511330277854164
17.65	-0.2698992023002581
17.66	-0.10732025525047165
17.67	0.005398642308142826
17.68	0.3385039562058191
17.69	0.04505091051791732
17.7	0.049729529234157445
17.71	0.14405859707743984
17.72	0.4172056517234299
17.73	0.20078465955553346
17.74	0.050733464613209586
17.75	0.04789565374328286
17.76	0.010462598365699918
17.77	-0.2627056388598654
17.78	0.34967119914358824
17.79	0.3774400848471479
17.8	-0.09610407514762831
17.81	0.007934410563607261
17.82	0.4692741694705225
17.83	-0.12461627604713804
17.84	0.47430043375547226
17.85	0.9069535506507936
17.86	-0.21884798011733314
17.87	0.6686787048322935
17.88	0.377582641323635
17.89	0.5719263617412452
17.9	0.3184830054321143
17.91	0.20494380316757282
17.92	0.4864656250701296
17.93	0.4501243275472339
17.94	0.20253274002154364
17.95	0.5469310372728653
17.96	0.3239100539380807
17.97	0.03078603048419193
17.98	0.3975572115141057
17.99	0.0032374274166403483
18.0	0.4532452286642719
18.01	0.09079103753218018
18.02	0.17357703394922344
18.03	0.06277694398195127
18.04	0.43937051395688154
18.05	0.41550106548918686
18.06	0.5844121086545506
18.07	0.4686583128082345
18.08	0.31636884450232433
18.09	0.7550367259039124
18.1	0.5991972099194672
18.11	0.5461469753435002
18.12	0.2530653040088432
18.13	0.056558937300488804
18.14	0.7738079206281567
18.15	0.45106404704192904
18.16	0.40424713930739464
18.17	0.7363989077684612
18.18	0.31291990520075136
18.19	0.18900174941072656
18.2	0.7474585957529503
18.21	0.3248807689333494
18.22	0.27515503164837374
18.23	0.4872670075265241
18.24	0.6997336794962837
18.25	0.5750560315126845
18.26	0.5627107267102406
18.27	0.5677490339478499
18.28	0.6216610347267926
18.29	0.6074682754980754
18.3	0.613383979312421
18.31	0.5918722978621842
18.32	0.4620570673490239
18.33	0.6256915230897068
18.34	1.1111351008249932
18.35	-0.22744716472635945
18.36	0.4517307529459814
18.37	0.4621787627030455
18.38	0.7218192361318605
18.39	0.4254088356697271
18.4	0.9021353097484653
18.41	0.5486792415880514
18.42	0.7885303972931463
18.43	0.5485718147600638
18.44	0.6346909750603955
18.45	0.33518169096185946
18.46	0.2990606669100635
18.47	1.1187967470384055
18.48	0.5377841304634241
18.49	0.697351906583082
18.5	0.25661548928620237
18.51	0.4047921555399165
18.52	0.5143875181747938
18.53	0.22063819831660664
18.54	0.5186400130538596
18.55	0.4740078459252178
18.56	0.40038554372339974
18.57	0.5648510456517305
18.58	0.5341222705258228
18.59	0.6879646947978335
18.6	0.8125328546144042
18.61	0.2629816500864601
18.62	0.050825354127411404
18.63	0.7117793195298658
18.64	0.11679710257843073
18.65	0.5353052984766565
18.66	0.35494276574617023
18.67	0.8981350489176955
18.68	0.4881969083755794
18.69	0.11577513141618073
18.7	0.8215235241588836
18.71	0.5978479026159471
18.72	0.21192957877740015
18.73	0.3939145500778721
18.74	0.24695499491268957
18.75	0.1761139060371421
18.76	0.693839561025677
18.77	0.18167742963378228
18.78	0.31000211694860824
18.79	0.4102842022257034
18.8	0.6841318099393408
18.81	0.4433432231626603
18.82	0.7816044516912691
18.83	0.29116844326570845
18.84	0.24706693875332608
18.85	0.6474836774023776
18.86	0.3326233200689086
18.87	0.3228506946859345
18.88	0.42892198315114105
18.89	0.295370424744829
18.9	0.610294987164565
18.91	0.694096592490916
18.92	0.8810179576821001
18.93	0.40101474408449533
18.94	0.5481075931650402
18.95	0.5581588578177911
18.96	0.7518177476708668
18.97	0.49986847193888273
18.98	0.571769429083457
18.99	0.7940145679018399
19.0	1.0889581198613947
19.01	0.5997097657439971
19.02	0.5227261493847328
19.03	0.5363641459190456
19.04	0.44982530283089556
19.05	0.5771947812905588
19.06	0.41974026697630606
19.07	0.3803196958031029
19.08	0.7611708343015557
19.09	0.3792181961805064
19.1	0.6253460466193432
19.11	0.469534508980729
19.12	0.4542413410422842
19.13	0.43707825636792735
19.14	0.6597215003295659
19.15	0.6611381252881217
19.16	1.1165923709394758
19.17	0.5891422547133006
19.18	0.39521904982993994
19.19	0.6680565621805719
19.2	0.7270674847147579
19.21	0.8183800591573598
19.22	0.43769317860764223
19.23	0.7212943898632178
19.24	0.41920011908845173
19.25	0.646348673748514
19.26	0.13670901761558657
19.27	0.21627636271296613
19.28	0.36471607193398037
19.29	0.5224963340981467
19.3	0.8467955926703435
19.31	0.5054326733636827
19.32	0.6467415374072403
19.33	0.568963766175991
19.34	0.41613066472131666
19.35	0.5627323160936312
19.36	0.8107291446344036
19.37	0.4247834042039698
19.38	0.2992187709120708
19.39	0.5083069347819174
19.4	0.8846823602130933
19.41	0.25207295900326904
19.42	0.5548245392789122
19.43	0.5157121626043325
19.44	0.7148163990702897
19.45	0.2922356479212097
19.46	0.6867730311961228
19.47	0.5819189759858023
19.48	0.8644931493381104
19.49	0.7269932523615454
19.5	0.7654477247035181
19.51	0.2158185946475531
19.52	0.572040722715487
19.53	0.741585021097509
19.54	0.6341790830822571
19.55	0.6401382978591381
19.56	0.4224819269825384
19.57	0.5407764348939107
19.58	0.1959573395344817
19.59	0.908760078659137
19.6	0.5561309542729431
19.61	0.8355012892678624
19.62	0.5681109841204306
19.63	0.3843086637830617
19.64	0.5110932928785449
19.65	0.6864021586892812
19.66	1.0685850284497245
19.67	0.5064084777542059
19.68	0.4058875028395753
19.69	0.6857584185500162
19.7	0.5547326480859831
19.71	0.5046019761411231
19.72	0.40059329468122734
19.73	0.9698886847355057
19.74	0.19689149411227302
19.75	0.5353251636417163
19.76	0.7679157569775314
19.77	0.8773939743866885
19.78	0.20322163935021775
19.79	0.7196916168117412
19.8	0.43631566294020496
19.81	0.39241153763470493
19.82	0.30639870379032763
19.83	0.2355967489800872
19.84	0.5228574292448984
19.85	0.7013639479774164
19.86	0.03516920933256096
19.87	0.81297757154675
19.88	0.6180226287098112
19.89	0.6259666751442052
19.9	0.5995418054744752
19.91	0.4123936764342495
19.92	0.4599685127481607
19.93	0.262827079652373
19.94	0.10411787720790219
19.95	0.2275522910796387
19.96	0.8557154229553136
19.97	0.6851853077457568
19.98	0.3776714144807504
19.99	0.40754288360336577
20.0	0.3687177251860657
