10.01	4.313203140101055
10.02	6.867600665977292
10.03	3.789725964693284
10.04	3.786611796576004
10.05	3.9544152216562765
10.06	0.7197619445344352
10.07	3.9043390987715303
10.08	3.7591624913263204
10.09	2.222605167574455
10.1	6.050927365294886
10.11	2.265102541425348
10.12	3.8152784349827917
10.13	1.8372218783272234
10.14	-0.3326397165889676
10.15	4.312575635559815
10.16	0.4551461227233571
10.17	1.4413231603225591
10.18	2.515083574135161
10.19	1.2624534544752188
10.2	3.922688895357865
10.21	2.8984171203431286
10.22	-2.3196971164811195
10.23	-1.9536538130229841
10.24	2.2401092896098
10.25	-0.1912391744411983
10.26	2.9942184288827103
10.27	1.7180798067639644
10.28	-0.4902520725721775
10.29	0.4013961397367102
10.3	1.1278284873153979
10.31	-1.9372968857817225
10.32	2.303452990990868
10.33	3.0251483190136126
10.34	0.86982864273348
10.35	4.205067184908094
10.36	3.268463943172017
10.37	3.3220008582258247
10.38	3.03769413462078
10.39	2.6537889253443305
10.4	2.547799154170912
10.41	3.6156518082401576
10.42	2.572695392718141
10.43	4.0610942816840545
10.44	5.123226596998503
10.45	4.462083567775654
10.46	1.4070334156008588
10.47	5.758959070822449
10.48	4.954724279765908
10.49	4.559777885939054
10.5	4.543397324838158
10.51	5.233136410977468
10.52	6.427134692487936
10.53	6.23681522973543
10.54	7.090110484471115
10.55	9.354971993419296
10.56	8.339876343632515
10.57	7.756453447689752
10.58	9.767446072466317
10.59	9.726036525834033
10.6	10.648294899753683
10.61	9.79360674231019
10.62	10.001245605999127
10.63	10.64828169276561
10.64	9.63102261764799
10.65	14.953648107982863
10.66	14.204995992235519
10.67	12.257041182208042
10.68	15.59616593873522
10.69	16.973432988699713
10.7	14.431079588599308
10.71	17.083938070335563
10.72	16.05899470063049
10.73	14.732063047832353
10.74	15.36879540869981
10.75	15.386795964255231
10.76	14.305086035035238
10.77	17.67909879652498
10.78	18.839647771182317
10.79	18.75990061185332
10.8	18.83899841367038
10.81	17.470330926248344
10.82	20.342100009744573
10.83	21.94420894901492
10.84	22.015011305043956
10.85	19.00681147644305
10.86	18.655288924081436
10.87	18.010583557575394
10.88	20.29227514525282
10.89	20.9085018761518
10.9	19.36842723045988
10.91	20.130568701115077
10.92	21.0816496791109
10.93	17.874727914354278
10.94	21.031645267920272
10.95	22.282956565256516
10.96	23.68979358178834
10.97	21.143449616870825
10.98	20.619917311706043
10.99	20.09194035648698
11.0	22.067327618601983
11.01	23.592176527983515
11.02	22.580686826457118
11.03	18.227489903130017
11.04	18.16276536703782
11.05	19.75614469594514
11.06	22.916543130106398
11.07	20.871514548664774
11.08	20.492933936068162
11.09	19.596567769006885
11.1	19.48395294784646
11.11	20.238533889656413
11.12	19.468094812694
11.13	21.304361809741707
11.14	18.54342823500837
11.15	18.91451399246124
11.16	18.065662200647967
11.17	20.141852907215924
11.18	16.28012405353851
11.19	17.899762932188082
11.2	16.49409898427754
11.21	15.701632720276148
11.22	15.13953949501419
11.23	14.814143549024378
11.24	15.329229984670599
11.25	15.51720224950292
11.26	13.770712525584052
11.27	15.391866420364043
11.28	17.313242870094914
11.29	12.577449214529976
11.3	13.904832130706621
11.31	15.840336906606328
11.32	10.881136717462912
11.33	10.709135705015598
11.34	10.82509899143024
11.35	12.575672692294532
11.36	7.020233765780571
11.37	6.889112353547002
11.38	10.068800337700527
11.39	5.640819853814239
11.4	10.709335813060147
11.41	9.04076836663405
11.42	6.784452881246398
11.43	5.5147213431510815
11.44	3.8770880133037493
11.45	7.5942507970016955
11.46	7.464061136165502
11.47	7.800638858272503
11.48	8.580069485330807
11.49	5.106446280822381
11.5	6.188536370239825
11.51	4.84075568293437
11.52	4.75405117946507
11.53	5.252552733877382
11.54	-0.6973402913493927
11.55	1.5137481502175065
11.56	2.9739024512802383
11.57	3.704380939681684
11.58	2.9095801562603643
11.59	4.394582632185245
11.6	3.6937598212288734
11.61	3.9996636360849696
11.62	7.084151265787948
11.63	2.741444006069767
11.64	1.6181140002299381
11.65	2.788234611309241
11.66	3.602047087752987
11.67	2.9624112735361448
11.68	2.383096552567756
11.69	1.680181606287347
11.7	0.8651967997200966
11.71	3.562877104179198
11.72	1.8583305419719174
11.73	2.4498179029898792
11.74	1.5932763178582499
11.75	-0.5175762055689832
11.76	1.6715680726032853
11.77	1.1429010513506717
11.78	3.5921380102886973
11.79	0.11361341025229166
11.8	1.994610508078457
11.81	3.510075311246019
11.82	2.0624014002503324
11.83	3.303786477581104
11.84	0.9409079460951943
11.85	0.3333294711270458
11.86	3.9950602830023763
11.87	4.611080897368077
11.88	1.7007468034410145
11.89	3.414257039658697
11.9	5.246100059901537
11.91	5.97707847855899
11.92	5.604901237942725
11.93	5.090329754281882
11.94	4.783511218868568
11.95	6.071748471047198
11.96	7.160199199308454
11.97	5.64999389198896
11.98	6.397015913469977
11.99	2.875321660880036
12.0	8.321864455575769
12.01	9.124034826974292
12.02	9.734368083313083
12.03	6.790926429491557
12.04	7.306373263349091
12.05	8.01641905572387
12.06	6.434956755961897
12.07	11.214845585889758
12.08	6.833978060296168
12.09	9.6385134774369
12.1	9.166479767768315
12.11	11.188880792466923
12.12	10.264169519014603
12.13	11.769558417482873
12.14	9.303402944091502
12.15	11.00355608797474
12.16	10.470624511334467
12.17	12.398180205275684
12.18	12.545171404001195
12.19	11.187729757753479
12.2	14.498429758779267
12.21	16.21675943906408
12.22	15.402845331737328
12.23	15.09511860439799
12.24	15.593172800774777
12.25	14.979496324310823
12.26	14.435938906089303
12.27	13.264490055730366
12.28	18.02649737994157
12.29	13.43931376213108
12.3	13.73257279321283
12.31	16.1841813223834
12.32	13.317717926113438
12.33	14.928711881609228
12.34	18.742402780355178
12.35	14.977131976213945
12.36	17.963317342530804
12.37	15.164222144079558
12.38	17.213745439762427
12.39	19.325629075950754
12.4	16.807074790120378
12.41	17.385619155313783
12.42	17.907515500260786
12.43	17.81467058672857
12.44	15.691832576049439
12.45	17.79462771262448
12.46	15.986780193880685
12.47	17.9511747244649
12.48	15.213969046655333
12.49	16.12102766162256
12.5	17.01460775273405
12.51	17.377757468016007
12.52	17.808138213549057
12.53	15.769635167069293
12.54	15.44909690681051
12.55	17.35001758570814
12.56	18.529132206299835
12.57	14.639964415086496
12.58	17.257944892934276
12.59	16.77207738671922
12.6	16.453550525769185
12.61	15.44682749276037
12.62	13.461883274896795
12.63	11.891784224520627
12.64	14.064419162199728
12.65	15.369354341624001
12.66	12.377745322265486
12.67	11.175906832901191
12.68	13.17027393650129
12.69	11.232307489095094
12.7	12.037788414977252
12.71	10.036253717679848
12.72	10.999991703880376
12.73	10.897157514542792
12.74	10.864368588863503
12.75	8.330058109674372
12.76	10.505986187690782
12.77	8.132556248139473
12.78	7.436506750909662
12.79	8.28697787223079
12.8	6.247326030275104
12.81	4.744371759316204
12.82	7.191476566451774
12.83	6.214258054211998
12.84	2.045498173173712
12.85	4.6940159462919135
12.86	4.779209885664973
12.87	4.058086679296116
12.88	6.108505535131475
12.89	4.83083285208071
12.9	1.7894201004824317
12.91	2.9715518913170884
12.92	5.749530439787538
12.93	1.3560947579071083
12.94	4.225165918660807
12.95	1.0666388192991598
12.96	-0.5897983578565387
12.97	2.7188077256185403
12.98	0.6963075385525925
12.99	1.65442591523623
13.0	2.158758465507698
13.01	6.436138162934736
13.02	2.162911193598914
13.03	1.6194678814865813
13.04	-1.6532491961622593
13.05	1.100337675055799
13.06	1.3677617696767308
13.07	3.727520085484402
13.08	0.7764168976070476
13.09	2.818185436155174
13.1	-1.1053405745751352
13.11	1.6836497330500595
13.12	-0.12455337405563349
13.13	-0.6714369289712001
13.14	0.9783016620176226
13.15	1.6053239642117045
13.16	0.875003913462766
13.17	2.847720200803897
13.18	1.7454046210893184
13.19	4.284976487091997
13.2	0.2832217851762524
13.21	1.811603335463245
13.22	2.2427566089273
13.23	1.7831033319568546
13.24	0.2521818323951339
13.25	3.2771926591321927
13.26	3.006901969092199
13.27	4.138497496461077
13.28	4.04372548884999
13.29	3.6636917005759435
13.3	1.516401773786301
13.31	6.630074430286289
13.32	6.20562763933112
13.33	5.262224692909325
13.34	4.0746694308117615
13.35	4.51847195868291
13.36	4.841952319288737
13.37	4.997649576568132
13.38	6.564952827797381
13.39	4.040711160208828
13.4	6.532726066306705
13.41	4.486551415684447
13.42	9.713841124016449
13.43	11.301050054563069
13.44	9.703859666561042
13.45	10.011967763255761
13.46	7.701533254350163
13.47	11.677687225401394
13.48	9.676733936595534
13.49	9.010700448021787
13.5	12.424818699387577
13.51	11.414737734778264
13.52	12.652688345832162
13.53	13.879782337645898
13.54	10.459056328202132
13.55	15.96265130384673
13.56	13.474016937808408
13.57	15.799428242464115
13.58	13.064340657796876
13.59	16.315080205713198
13.6	16.651750401646503
13.61	20.01308660656217
13.62	17.13153744521029
13.63	20.139177460205897
13.64	18.495975372653348
13.65	18.34368111520812
13.66	18.809856299996877
13.67	23.37394393842529
13.68	21.594871062617923
13.69	17.95116531774294
13.7	19.551958252185926
13.71	20.438929128542565
13.72	23.819874073894972
13.73	22.303749242379617
13.74	21.418421469832236
13.75	23.43836155710522
13.76	23.524227417154123
13.77	23.202044413073796
13.78	20.51029754785416
13.79	21.59558514718598
13.8	18.52217584845432
13.81	20.684182118952144
13.82	21.86749567819225
13.83	23.757931780850594
13.84	22.170975919922213
13.85	24.644871611721406
13.86	20.73716422593352
13.87	19.565201049617762
13.88	22.931314013757213
13.89	20.219351865116693
13.9	19.39311562855018
13.91	17.57168206376562
13.92	20.890139357432435
13.93	17.951660574100856
13.94	16.951749127688295
13.95	17.422405971455994
13.96	15.31199643849686
13.97	16.970718672915904
13.98	17.956295706148683
13.99	13.794310733392937
14.0	14.032975556267973
14.01	14.215624256539353
14.02	15.075907823349725
14.03	13.165830979625934
14.04	13.514131656088145
14.05	11.647610447275495
14.06	12.928880222398568
14.07	12.639191358194267
14.08	11.274149067433763
14.09	12.811782892686557
14.1	8.507071790970729
14.11	9.59814795570368
14.12	9.451835293317032
14.13	7.242827395978671
14.14	7.344684205197954
14.15	5.382023313288295
14.16	7.113979560179232
14.17	7.656228263133418
14.18	6.426624037490949
14.19	6.87356996810175
14.2	5.903986295235332
14.21	4.420597114592957
14.22	4.734180263504686
14.23	5.096211235082946
14.24	4.029637236102614
14.25	5.786815675704528
14.26	1.5241602000972045
14.27	1.9522924263650108
14.28	2.688504909413284
14.29	2.9220522375508406
14.3	1.216608520908963
14.31	-0.12235430851400175
14.32	-0.09823734192999778
14.33	-0.11681265073176239
14.34	1.0358698611321853
14.35	4.188976458569979
14.36	0.9713085535963693
14.37	2.9484512713962103
14.38	-1.9510226079732969
14.39	0.3409139134068457
14.4	0.6500813031335733
14.41	2.289483749759691
14.42	-0.13793105826788454
14.43	2.029434864657445
14.44	2.008279519931305
14.45	1.8302393273690662
14.46	0.8150236217685989
14.47	2.3512554633589695
14.48	0.5418091196138486
14.49	5.326701989430733
14.5	2.723309466488968
14.51	4.444007934118325
14.52	3.866816656684517
14.53	3.722856563536159
14.54	1.7394911017369512
14.55	0.23198731091652602
14.56	1.1385315523222976
14.57	3.165202837853834
14.58	3.6351635945073353
14.59	2.3187892838143638
14.6	2.632575437149156
14.61	3.07332283592343
14.62	7.265328727437259
14.63	6.353073653651833
14.64	5.982287673246025
14.65	3.7499583771126446
14.66	7.078065875702385
14.67	3.202639290232967
14.68	4.403261270242178
14.69	4.691671536164405
14.7	5.453381976172069
14.71	5.167496760984559
14.72	2.6397047840401804
14.73	9.07238553324219
14.74	7.812815756898769
14.75	7.21626749793816
14.76	9.087803857312435
14.77	10.244746091658879
14.78	8.21915008720107
14.79	7.19068569418151
14.8	9.109427462620658
14.81	9.26426166558267
14.82	11.261262818740503
14.83	10.749732372902868
14.84	10.504765303552864
14.85	12.157663946899481
14.86	10.598625335064524
14.87	12.803908783679876
14.88	11.346153400525031
14.89	14.344730027836517
14.9	14.213519950388502
14.91	11.142011703371956
14.92	14.917815324878985
14.93	12.802160131377384
14.94	13.467021495093082
14.95	15.643557667778326
14.96	14.939875411091514
14.97	12.028533152197657
14.98	16.177836859460065
14.99	19.54796619433729
15.0	18.985445949580598
15.01	18.539595137680077
15.02	19.11694646375317
15.03	18.624572855409046
15.04	18.345905622552127
15.05	18.444146349834153
15.06	19.26426911293391
15.07	17.45758941532178
15.08	19.857144903122524
15.09	22.65489156486626
15.1	19.236640320136047
15.11	17.802348474653996
15.12	19.528422291435163
15.13	21.941176751651483
15.14	20.19356058456767
15.15	18.487287754634696
15.16	16.15096280036289
15.17	19.611371885779423
15.18	21.519948496568148
15.19	17.35656955327131
15.2	19.03182342573438
15.21	18.945878780201227
15.22	19.104439324854656
15.23	18.633771378372007
15.24	16.547346919286245
15.25	19.101857266046284
15.26	14.924716910480747
15.27	15.794663542541203
15.28	15.360776181674154
15.29	15.304507157714736
15.3	15.0904470877294
15.31	13.304974684112572
15.32	15.125041891542187
15.33	11.634929950242272
15.34	13.050412650075444
15.35	13.684798720551935
15.36	12.770282681915115
15.37	10.356604738109171
15.38	13.533063234010356
15.39	9.47396104803563
15.4	9.93833892157302
15.41	10.877831936732507
15.42	12.731527054449115
15.43	11.011485289585114
15.44	6.70248429884654
15.45	9.884768129081467
15.46	8.587344668186075
15.47	7.266515919689152
15.48	6.732125321778748
15.49	6.113912977159039
15.5	4.624185257834507
15.51	5.011312318674271
15.52	4.712938951509851
15.53	4.226282409232147
15.54	5.620163615389982
15.55	2.166239974428033
15.56	4.873748120778796
15.57	1.7315096515356792
15.58	3.4468664890106733
15.59	2.8201941669175774
15.6	3.1074235089830844
15.61	1.0103922944312422
15.62	0.9738674429710767
15.63	3.983971976218603
15.64	3.8991530258001195
15.65	0.27124225283028824
15.66	1.043390636829838
15.67	0.7100396153203274
15.68	-0.9027799411227349
15.69	0.27309307163832874
15.7	-1.5028178683900482
15.71	-2.052341278742544
15.72	-2.0408308210513706
15.73	2.1853922573039015
15.74	2.2894039978909735
15.75	1.7985550452761652
15.76	-0.2064862669587711
15.77	0.5013691956507965
15.78	0.026585622068037496
15.79	-1.7240557578853004
15.8	-2.328862585936115
15.81	1.9350559805593135
15.82	-0.4166057284911522
15.83	-2.2586532081188038
15.84	-0.24961213349929612
15.85	2.6307097481455477
15.86	1.2050851778421077
15.87	0.6857079712005316
15.88	0.865729677148313
15.89	3.2946447556880396
15.9	5.067728040502198
15.91	3.542735654389923
15.92	2.043887308020298
15.93	0.2535827210672199
15.94	1.6414131659008602
15.95	4.393513039994205
15.96	3.524864323602576
15.97	5.86552891053287
15.98	4.320056845227133
15.99	2.134596947428615
16.0	3.2561353338518293
16.01	1.5832573141786295
16.02	3.0254042649368897
16.03	6.129873219608459
16.04	8.702302679659836
16.05	5.935772874345962
16.06	5.5577865572888046
16.07	6.828624093193715
16.08	4.693781146913672
16.09	6.9843126627417655
16.1	8.457260069304548
16.11	4.768630390648509
16.12	6.5494535063614
16.13	10.762606146606494
16.14	10.829947497548174
16.15	11.17242170566042
16.16	9.729942225363535
16.17	9.563428831654415
16.18	9.780955349638726
16.19	11.638871560392406
16.2	12.318180840909523
16.21	12.237407818751448
16.22	13.668352128081038
16.23	13.433211186468977
16.24	13.23299525534611
16.25	13.41905039198806
16.26	14.606654854574328
16.27	15.234597887310798
16.28	12.978780487413921
16.29	17.154532641711295
16.3	16.14713520117386
16.31	14.574135237804871
16.32	18.01651070890496
16.33	15.4678334006657
16.34	17.857161308378966
16.35	14.946702340812726
16.36	19.512746186906952
16.37	17.672367505030056
16.38	18.6563657832046
16.39	16.371011636310293
16.4	19.322514750263622
16.41	16.310681691344673
16.42	18.400895935152317
16.43	15.828111308262226
16.44	16.41865839357292
16.45	20.840321168088476
16.46	17.816151329395076
16.47	20.506532511483385
16.48	19.604490936973107
16.49	18.54226529056052
16.5	19.620504180512288
16.51	17.912599378192862
16.52	20.53401707938339
16.53	17.839044450786506
16.54	18.362198855744758
16.55	20.17616775713045
16.56	19.15835516045224
16.57	16.876460046098497
16.58	16.96490178845034
16.59	15.123960434214268
16.6	15.503411503318096
16.61	16.24852579350735
16.62	15.664613400560691
16.63	16.420523985878315
16.64	17.862588247288745
16.65	16.274856616353286
16.66	16.561585434337694
16.67	16.354106474136433
16.68	16.466630225441712
16.69	15.037253706036534
16.7	16.76811121515557
16.71	14.800200988692515
16.72	14.417584151173948
16.73	13.300041252887844
16.74	18.452792897340288
16.75	11.528002845496536
16.76	11.895491176340219
16.77	12.823027705552608
16.78	10.214409799589308
16.79	10.370048994918035
16.8	12.044806044399632
16.81	12.850971280229807
16.82	9.531820353838842
16.83	8.513214537658017
16.84	8.836051158244556
16.85	8.63129995327717
16.86	7.460076139513229
16.87	6.237343068146201
16.88	6.176710168057227
16.89	5.768754656533816
16.9	5.998743480451574
16.91	6.683464331251974
16.92	5.6369624886237055
16.93	4.482295100670048
16.94	2.001646079787869
16.95	2.9469670933965286
16.96	3.8866019418090225
16.97	5.5232358309166205
16.98	2.6057041204917475
16.99	1.8823826608315934
17.0	1.4849586258365601
17.01	1.8464883077038476
17.02	0.2808344184240261
17.03	3.844088585780326
17.04	0.8744012897704582
17.05	0.9431038631080938
17.06	0.18031398329019932
17.07	-0.49440213287081947
17.08	1.1273594726940666
17.09	-1.6187087854306221
17.1	2.4865597783326243
17.11	-3.961119801646919
17.12	0.23194840394579108
17.13	0.23139698887148308
17.14	0.9277950355234219
17.15	0.5611750808770625
17.16	0.48347455974029724
17.17	1.5738160088944588
17.18	0.46741402960921413
17.19	-0.2978159473014656
17.2	-0.16794587617629753
17.21	2.161408453103689
17.22	0.2506310279848681
17.23	2.5537504617859055
17.24	0.7182877024899557
17.25	1.463931715556572
17.26	0.31019739363478505
17.27	1.2319382101069325
17.28	2.951040368103424
17.29	-1.3092056685780078
17.3	1.462871870228708
17.31	2.4137168955592907
17.32	3.513067678661269
17.33	1.6669864982937486
17.34	3.9568299732860854
17.35	5.905397646673681
17.36	4.868549374448737
17.37	3.926731614991504
17.38	5.251055196409876
17.39	0.48542741602684947
17.4	3.6774653431056294
17.41	7.088726762656217
17.42	4.923543121043604
17.43	7.5186436704130415
17.44	5.00833307868986
17.45	7.669939451390111
17.46	9.440738887818133
17.47	7.893297690539763
17.48	6.651765291473888
17.49	9.398622630786404
17.5	9.979513448858064
17.51	10.634250806639166
17.52	10.21346792386597
17.53	10.855532121027917
17.54	9.74683733570966
17.55	11.892415948281174
17.56	8.619298850433074
17.57	12.665867928707392
17.58	7.808977413618109
17.59	11.910559179718971
17.6	11.339023538485819
17.61	12.61161127371932
17.62	14.42246817158336
17.63	11.923813023707222
17.64	16.756832475826222
17.65	15.073122009270167
17.66	16.625085275123467
17.67	14.446753832279404
17.68	15.047801835612306
17.69	16.289367978259268
17.7	15.546915477354997
17.71	17.30819475722345
17.72	15.227477505860811
17.73	17.335440142318873
17.74	16.86864261712367
17.75	15.855361118043987
17.76	17.656812092972093
17.77	17.39304596577214
17.78	15.292384584577633
17.79	18.48195168382174
17.8	17.40319547826977
17.81	16.99060803134565
17.82	17.32397334698438
17.83	16.58286468139943
17.84	15.249181751217408
17.85	16.465295199969418
17.86	14.791209175326273
17.87	16.21638766412028
17.88	15.792411720051113
17.89	12.783315224389945
17.9	14.403007284571839
17.91	16.454528614135494
17.92	15.4232252712945
17.93	17.101123758696456
17.94	13.430952797363004
17.95	14.77223120085174
17.96	13.591424724928578
17.97	13.04571767267535
17.98	12.036652402161653
17.99	12.380622425208164
18.0	11.189170875924773
18.01	12.434346822063564
18.02	11.632484149789876
18.03	9.77934910437757
18.04	7.608946477165496
18.05	9.440497070642206
18.06	8.808796338386658
18.07	9.63672531437198
18.08	9.732591321502328
18.09	8.73995155707126
18.1	5.777243142611066
18.11	6.047064133642245
18.12	5.912273699033409
18.13	9.472112301029949
18.14	7.527269070864287
18.15	6.771854041723598
18.16	5.871748734681974
18.17	3.6804148990026415
18.18	5.9397406095555265
18.19	5.155712026600401
18.2	5.682652309907497
18.21	4.57417796519764
18.22	4.386669373191442
18.23	5.575574371042951
18.24	2.9377128277089404
18.25	3.141020999387508
18.26	4.209372956385956
18.27	2.6081704049979724
18.28	4.052660687097914
18.29	6.033269308125062
18.3	2.7556090447537236
18.31	1.5813475683285165
18.32	1.9535351653079904
18.33	0.008937251745535502
18.34	1.554886986339866
18.35	3.0941502594954158
18.36	0.0018473278483293054
18.37	0.8131818215332081
18.38	2.0690613144203707
18.39	2.705267995654486
18.4	1.2090639681333037
18.41	-1.3809578693734186
18.42	2.8637038980870626
18.43	0.47405735053228715
18.44	2.172556582562827
18.45	4.278109088025249
18.46	2.6563448371778184
18.47	-0.3340438425967194
18.48	4.257318341704638
18.49	2.5145469897362256
18.5	3.003611464110131
18.51	0.5520011824167677
18.52	6.592840507417435
18.53	2.4760942008528772
18.54	-0.012309677126511431
18.55	1.8861741717465565
18.56	5.197838344266314
18.57	2.7289579113633193
18.58	3.1434688417415173
18.59	5.578230009646739
18.6	5.431043617027754
18.61	5.397669001631484
18.62	5.771914347557345
18.63	6.461198754521764
18.64	7.768730505916052
18.65	6.3560861535242275
18.66	5.939987407468865
18.67	8.251895659431923
18.68	10.395678209767633
18.69	8.947387763739679
18.7	11.046990177984313
18.71	9.776575415531699
18.72	9.51260415127619
18.73	12.364030649127239
18.74	12.915109999916368
18.75	9.9218000726626
18.76	11.835193398029068
18.77	15.497943040695505
18.78	14.277193160502936
18.79	11.068526100842274
18.8	12.751283059209786
18.81	12.973684167470472
18.82	13.469692200687016
18.83	14.933686121233736
18.84	15.11127788823919
18.85	14.26762147397168
18.86	15.746490954147625
18.87	14.27701332146757
18.88	15.849548371474066
18.89	13.394845568334373
18.9	18.482904604347105
18.91	17.38476756319661
18.92	15.095065587205948
18.93	14.80544343433136
18.94	15.912541185916291
18.95	17.77974169370104
18.96	16.059691818186824
18.97	17.628589115373895
18.98	15.074441579904322
18.99	12.43274224869279
19.0	12.968229416295555
19.01	17.870926588879154
19.02	16.838336367489802
19.03	15.25880007640398
19.04	19.562694626903436
19.05	15.265992276978155
19.06	11.817771767779627
19.07	12.447107337499245
19.08	11.54212495919554
19.09	11.039699893178565
19.1	14.882095210663355
19.11	12.627493956132211
19.12	10.662678024360948
19.13	13.2458029071902
19.14	11.323495156572386
19.15	9.9946665964111
19.16	7.40481037528937
19.17	11.657387207934702
19.18	8.262585546123395
19.19	7.030816500462004
19.2	9.229103836008177
19.21	10.121021095558474
19.22	7.524056701908215
19.23	7.965617545976172
19.24	7.293480792089473
19.25	6.562162978945707
19.26	7.896777194851694
19.27	5.120687295830599
19.28	3.88460316471654
19.29	4.3680156555971825
19.3	3.6093116326787245
19.31	7.382797899889656
19.32	4.417446445334657
19.33	2.659504104650354
19.34	2.0108367555402387
19.35	3.7049754197438474
19.36	3.3563185646252243
19.37	1.8139182250911112
19.38	2.8867926865409657
19.39	3.247316916953289
19.4	5.137730155120224
19.41	2.01236045326438
19.42	1.455273530337838
19.43	2.669292868377374
19.44	4.174940286401528
19.45	-0.22668629367824622
19.46	-1.116912466985614
19.47	1.2492689529484633
19.48	3.1660219040565085
19.49	1.7598816004919093
19.5	-1.8589892551929408
19.51	-0.43923503473008707
19.52	0.47601446971962647
19.53	0.8180382702269916
19.54	-1.2304773456671236
19.55	2.578833139413484
19.56	3.151319047496312
19.57	4.3906997883951036
19.58	-0.5800410939498533
19.59	0.4906373837927904
19.6	2.229892594614979
19.61	0.35997939348225416
19.62	0.5843310498869907
19.63	0.38694688710752256
19.64	3.583910049392899
19.65	1.4131614268999393
19.66	3.7510360762260113
19.67	5.762102825412197
19.68	2.974600203702498
19.69	1.9683124028874963
19.7	8.087482795659882
19.71	2.2683095069786576
19.72	4.447702830552467
19.73	5.38335966639905
19.74	5.9226653351603735
19.75	7.330746610890149
19.76	7.964813739920289
19.77	9.867404091843518
19.78	8.234749158284183
19.79	9.363022287109441
19.8	9.466689818492878
19.81	11.417302644577344
19.82	11.08442171822682
19.83	7.895120075942611
19.84	9.98065132930798
19.85	8.846505576291632
19.86	11.740787086112737
19.87	12.032128225561246
19.88	12.77952494030089
19.89	11.323500384591373
19.9	12.755139275945849
19.91	11.982803569118206
19.92	13.572148410884552
19.93	12.68077304088824
19.94	14.913551610249817
19.95	14.87806727656981
19.96	16.007430006516636
19.97	11.305290426861676
19.98	16.43186704440021
19.99	14.437534656082827
20.0	16.082871956170965
