1.968503937	-96.69222846589827
1.970472441	-80.57162935569542
1.972440945	-72.36201126119091
1.974409449	-85.26173958611375
1.976377953	-107.04243072062766
1.978346457	-109.98533161980039
1.980314961	-92.02407393077776
1.982283465	-73.23044810310017
1.984251969	-74.51693134086324
1.986220472	-87.75792157023935
1.988188976	-89.85939104099992
1.99015748	-73.02273179774325
1.992125984	-56.111833597965855
1.994094488	-51.01972853576188
1.996062992	-65.480491567052
1.998031496	-78.81568419430143
2.0	-77.21791982645158
2.001968504	-64.66709312351246
2.003937008	-61.58280108708585
2.005905512	-72.20566454171332
2.007874016	-89.09488712060407
2.00984252	-91.80601027868546
2.011811024	-78.31509259361987
2.013779528	-64.86691002855842
2.015748031	-63.263592520126856
2.017716535	-70.21694538058652
2.019685039	-74.21772236813436
2.021653543	-74.90585817001627
2.023622047	-82.9541974072595
2.025590551	-99.72018925590706
2.027559055	-109.54603694635225
2.029527559	-99.66540207078168
2.031496063	-81.12531624351224
2.033464567	-76.20034309098182
2.035433071	-94.3891756085395
2.037401575	-116.35402152546723
2.039370079	-117.2915813774702
2.041338583	-94.27201950269406
2.043307087	-72.32861917230818
2.045275591	-75.64016619421409
2.047244094	-98.09358997013054
2.049212598	-113.4672348414289
2.051181102	-105.06009194161115
2.053149606	-85.32222043747484
2.05511811	-78.66421443673211
2.057086614	-89.44887126265041
2.059055118	-103.48421377655315
2.061023622	-106.49828071731854
2.062992126	-100.62945038444536
2.06496063	-94.2359611839238
2.066929134	-95.84051478110334
2.068897638	-98.60021906859821
2.070866142	-96.97615134813711
2.072834646	-99.60390528635573
2.07480315	-108.2196078643791
2.076771654	-112.58404001501032
2.078740157	-99.91983991560635
2.080708661	-74.99185854512145
2.082677165	-63.449337357737576
2.084645669	-78.86482562114277
2.086614173	-105.7688044480511
2.088582677	-111.49938806694524
2.090551181	-92.9993380675852
2.092519685	-73.47525812844408
2.094488189	-85.26670228278402
2.096456693	-120.65411024980817
2.098425197	-147.24458715759823
2.100393701	-142.82616110150937
2.102362205	-122.29286285762002
2.104330709	-111.64463780820292
2.106299213	-116.32589897368807
2.108267717	-119.26754497340566
2.11023622	-108.25186119527359
2.112204724	-91.19231765884294
2.114173228	-85.98622722282683
2.116141732	-94.77980078695272
2.118110236	-109.99504570764036
2.12007874	-116.83067437474983
2.122047244	-117.19093585261776
2.124015748	-109.70237565789475
2.125984252	-104.10436839484707
2.127952756	-103.77074010331413
2.12992126	-113.69063413237002
2.131889764	-129.61491813182076
2.133858268	-137.32229799305904
2.135826772	-125.81449079466773
2.137795276	-103.57290893117053
2.13976378	-93.28980951782752
2.141732283	-108.82350567415403
2.143700787	-134.51693034102817
2.145669291	-143.6513377751688
2.147637795	-125.89620949239784
2.149606299	-98.5740544473102
2.151574803	-90.50048451859028
2.153543307	-103.54836795295664
2.155511811	-116.94574168182167
2.157480315	-106.05301865776163
2.159448819	-76.52223348589354
2.161417323	-56.144339320645045
2.163385827	-65.28627088040456
2.165354331	-98.97257971340225
2.167322835	-125.32681069890133
2.169291339	-123.31122173552285
2.171259843	-99.93058703354917
2.173228346	-87.8540763277895
2.17519685	-104.32489788086485
2.177165354	-135.2663570977662
2.179133858	-155.87901115345875
2.181102362	-148.29900008040343
2.183070866	-128.09296201908884
2.18503937	-119.91866148909119
2.187007874	-131.6392611652107
2.188976378	-141.62697766267613
2.190944882	-132.69463315842444
2.192913386	-104.41820349385888
2.19488189	-79.13323735429682
2.196850394	-79.56167301509359
2.198818898	-98.56941789447534
2.200787402	-113.87449221426989
2.202755906	-110.56112619482651
2.204724409	-102.80703319786977
2.206692913	-109.75122996520194
2.208661417	-132.44365292521047
2.210629921	-153.9159935118474
2.212598425	-156.70004523639963
2.214566929	-139.26835793246735
2.216535433	-123.38733851617395
2.218503937	-126.22833033337638
2.220472441	-143.38054377657295
2.222440945	-152.08902394032512
2.224409449	-146.20212679178712
2.226377953	-130.19992855105664
2.228346457	-124.58402650333997
2.230314961	-132.48412388298306
2.232283465	-139.96578983108805
2.234251969	-134.46018987856002
2.236220472	-118.51865042588531
2.238188976	-108.03254328313783
2.24015748	-110.37623163279316
2.242125984	-117.45801609482103
2.244094488	-121.90682784515626
2.246062992	-124.49549249350073
2.248031496	-129.67157495728577
2.25	-135.69497147937068
2.251968504	-137.10039432882274
2.253937008	-133.15093253312426
2.255905512	-126.90862094697592
2.257874016	-127.26265111784033
2.25984252	-132.23731899480742
2.261811024	-136.13460901036086
2.263779528	-136.9924494396646
2.265748031	-135.65366640253313
2.267716535	-132.50956071717886
2.269685039	-131.08977175584036
2.271653543	-136.75468734580764
2.273622047	-149.70473538806084
2.275590551	-159.8815287779517
2.277559055	-152.421733506608
2.279527559	-132.4563228231665
2.281496063	-113.46291569167091
2.283464567	-116.82498601123262
2.285433071	-136.51766185437236
2.287401575	-146.14693757999086
2.289370079	-132.37658935099967
2.291338583	-110.43562905031753
2.293307087	-105.38805590228051
2.295275591	-125.72567244230382
2.297244094	-153.3561232273931
2.299212598	-168.29276019441798
2.301181102	-164.61216093549123
2.303149606	-150.6862814721575
2.30511811	-142.49005055508326
2.307086614	-145.85756528773084
2.309055118	-152.44318504612474
2.311023622	-152.69659812555008
2.312992126	-137.9642315694072
2.31496063	-114.32699487595278
2.316929134	-102.74545397728872
2.318897638	-115.23868938449286
2.320866142	-137.36005351792366
2.322834646	-148.92964975581947
2.32480315	-146.48844038928831
2.326771654	-148.8446578269876
2.328740157	-163.7337870197363
2.330708661	-178.01185433684142
2.332677165	-170.76128117658112
2.334645669	-147.24728631417943
2.336614173	-136.95000548518396
2.338582677	-157.15022113268404
2.340551181	-179.6688833610431
2.342519685	-172.51956889671052
2.344488189	-134.8427209236214
2.346456693	-111.73711220553699
2.348425197	-136.700336036938
2.350393701	-186.3321827554399
2.352362205	-208.79051158656634
2.354330709	-182.91560566513323
2.356299213	-141.60542361420266
2.358267717	-138.60231989912026
2.36023622	-174.75934000823557
2.362204724	-214.6002129444877
2.364173228	-215.48935719438293
2.366141732	-185.45207797499805
2.368110236	-162.26343121867305
2.37007874	-169.2982990589837
2.372047244	-190.3712980028984
2.374015748	-205.21626311775228
2.375984252	-212.14358336923513
2.377952756	-216.71205589371826
2.37992126	-218.97457973447
2.381889764	-209.53601764786345
2.383858268	-189.41179600888432
2.385826772	-175.4309533964491
2.387795276	-182.9842581361039
2.38976378	-200.40153989570055
2.391732283	-205.07864751359853
2.393700787	-191.91471485596793
2.395669291	-179.99383316404055
2.397637795	-180.12457789418372
2.399606299	-188.5056881194449
2.401574803	-186.12252111441052
2.403543307	-165.0096753894346
2.405511811	-143.81454902778773
2.407480315	-136.86151110013517
2.409448819	-140.9834378485708
2.411417323	-137.93876266162297
2.413385827	-124.35276864120284
2.415354331	-102.47315837065297
2.417322835	-90.90271661348366
2.419291339	-99.44755089399114
2.421259843	-127.9191284541447
2.423228346	-153.9088442557832
2.42519685	-151.75609901293473
2.427165354	-116.03068455575914
2.429133858	-78.8929819139961
2.431102362	-75.20907427002666
2.433070866	-106.53222686103511
2.43503937	-135.26386387640588
2.437007874	-125.81124701708956
2.438976378	-88.56921621083522
2.440944882	-68.19001484379663
2.442913386	-92.19471673828782
2.44488189	-141.63300701846285
2.446850394	-173.32495351781668
2.448818898	-169.29387751520392
2.450787402	-143.6238316718467
2.452755906	-125.19043933127992
2.454724409	-125.55760869197707
2.456692913	-136.29222339472267
2.458661417	-142.94180557578142
2.460629921	-130.1009944292284
2.462598425	-110.62864407408016
2.464566929	-102.5471251519
2.466535433	-119.9072321481774
2.468503937	-157.1350508988841
2.470472441	-193.00764789264485
2.472440945	-216.9546047288414
2.474409449	-249.4894862558378
2.476377953	-315.026913068929
2.478346457	-405.1678940017186
2.480314961	-483.27475946277804
2.482283465	-524.2119616417706
2.484251969	-544.2227813297667
2.486220472	-579.2948917910464
2.488188976	-635.3016906246434
2.49015748	-675.142562057707
2.492125984	-664.1861915994191
2.494094488	-607.5327489155267
2.496062992	-547.3074361124908
2.498031496	-508.1260370952425
2.5	-470.16163316072857
2.501968504	-403.06992747994167
2.503937008	-303.9549626028264
2.505905512	-202.69160055280958
2.507874016	-127.00047762101389
2.50984252	-77.64543808707246
2.511811024	-48.019947562231756
2.513779528	-24.023557085505708
2.515748031	-12.57224399117388
2.517716535	-11.86152143452583
2.519685039	-21.969450342460433
2.521653543	-38.87464236454948
2.523622047	-60.00031275512858
2.525590551	-75.21569075885537
2.527559055	-75.66684666583234
2.529527559	-65.10669914707529
2.531496063	-58.734869955908195
2.533464567	-64.42188395914951
2.535433071	-71.12342136651536
2.537401575	-61.88086221385591
2.539370079	-37.442388013992854
2.541338583	-20.082260116252556
2.543307087	-32.68901143378342
2.545275591	-57.637742295400976
2.547244094	-67.30502645983144
2.549212598	-48.060534538462605
2.551181102	-20.8649731054625
2.553149606	-15.28976493408375
2.55511811	-37.945087996768756
2.557086614	-60.597110215731384
2.559055118	-55.27361350505867
2.561023622	-27.36148149973399
2.562992126	-8.417809818475712
2.56496063	-21.40324145880327
2.566929134	-54.904230339694294
2.568897638	-77.43437731120028
2.570866142	-72.67978462194948
2.572834646	-59.103237644664354
2.57480315	-58.459325751788285
2.576771654	-72.08045742591814
2.578740157	-83.60391070214204
2.580708661	-73.47728638956153
2.582677165	-47.10533399592708
2.584645669	-30.069488766804923
2.586614173	-38.25176297818779
2.588582677	-56.736666382070666
2.590551181	-67.461113161833
2.592519685	-62.65141554551556
2.594488189	-56.26896439233437
2.596456693	-57.29925845846999
2.598425197	-68.4480288978665
2.600393701	-80.46913106470728
2.602362205	-93.42911159131103
2.604330709	-102.33159491117058
2.606299213	-103.73446884028195
2.608267717	-100.31558348378103
2.61023622	-98.47897494686619
2.612204724	-103.30866959163328
2.614173228	-109.12283994788578
2.616141732	-99.70868707200052
2.618110236	-79.10241804443636
2.62007874	-70.05027942095396
2.622047244	-90.92679980244469
2.624015748	-127.89547164124221
2.625984252	-143.48667052784901
2.627952756	-118.57838620572879
2.62992126	-79.79240931977789
2.631889764	-72.34074864267578
2.633858268	-107.75035038915145
2.635826772	-155.0481919084302
2.637795276	-174.32331743200248
2.63976378	-151.71826811478635
2.641732283	-115.53394178913949
2.643700787	-99.7688668837357
2.645669291	-112.6554732410606
2.647637795	-144.61575574916495
2.649606299	-170.81292915817502
2.651574803	-173.66307401481137
2.653543307	-155.0315475776053
2.655511811	-130.2853784985995
2.657480315	-119.40980118561004
2.659448819	-131.70662335746508
2.661417323	-155.826196663295
2.663385827	-170.26409658041072
2.665354331	-166.62633305110336
2.667322835	-154.63296610195795
2.669291339	-146.413226770523
2.671259843	-149.42101990396856
2.673228346	-160.65013697524893
2.67519685	-171.6334650117302
2.677165354	-177.18496756227717
2.679133858	-178.83882124092844
2.681102362	-185.35482184778533
2.683070866	-201.71681132705965
2.68503937	-220.4996270226591
2.687007874	-228.5124003887224
2.688976378	-218.39945421080057
2.690944882	-195.0505116341191
2.692913386	-179.19698123895895
2.69488189	-185.1559150561945
2.696850394	-205.81160581510395
2.698818898	-214.60620279540117
2.700787402	-199.44703009906956
2.702755906	-175.54521490171814
2.704724409	-171.72216352619708
2.706692913	-197.45273212233158
2.708661417	-235.45933412862004
2.710629921	-259.37670565458035
2.712598425	-264.0065974367839
2.714566929	-265.33578681440974
2.716535433	-269.4242146942076
2.718503937	-268.2235855573605
2.720472441	-252.44608070206445
2.722440945	-231.17541070675568
2.724409449	-221.91692944487573
2.726377953	-231.8507626830123
2.728346457	-245.75560364994587
2.730314961	-245.79729331726142
2.732283465	-232.2663046182162
2.734251969	-224.99703298669922
2.736220472	-234.01264148202483
2.738188976	-255.33910132073146
2.74015748	-270.2074303352308
2.742125984	-275.7569803319385
2.744094488	-269.9054541249035
2.746062992	-260.927252942159
2.748031496	-250.23072841847713
2.75	-243.07948835687216
2.751968504	-240.37415415701275
2.753937008	-240.83010992903823
2.755905512	-242.28681669766775
2.757874016	-240.36646653332141
2.75984252	-234.27157512369428
2.761811024	-229.5357919576498
2.763779528	-229.78986052253563
2.765748031	-229.63987578690347
2.767716535	-227.792121035689
2.769685039	-216.40787817734383
2.771653543	-203.16109219430683
2.773622047	-195.44215112113272
2.775590551	-196.56303046975827
2.777559055	-194.82699403849043
2.779527559	-181.03313521168354
2.781496063	-155.8328569248912
2.783464567	-135.84841464102178
2.785433071	-134.95632693764324
2.787401575	-152.4741645672329
2.789370079	-162.8257738532435
2.791338583	-147.3456408770046
2.793307087	-111.06855980075282
2.795275591	-80.92011016713397
2.797244094	-79.09225083654337
2.799212598	-96.32356829950577
2.801181102	-104.41461571932858
2.803149606	-86.61484138393509
2.80511811	-60.9275360074481
2.807086614	-50.38155271032746
2.809055118	-66.17886851309089
2.811023622	-82.66051919729158
2.812992126	-79.12170585753445
2.81496063	-55.85432043012931
2.816929134	-40.92236369557626
2.818897638	-55.008725837296424
2.820866142	-88.09999010247333
2.822834646	-111.18152881474627
2.82480315	-101.63184959810772
2.826771654	-74.57387781872633
2.828740157	-60.07060094546796
2.830708661	-71.69839738328642
2.832677165	-94.88934592560196
2.834645669	-107.7518772487862
2.836614173	-95.24713965336863
2.838582677	-71.63816022314789
2.840551181	-55.4390299645999
2.842519685	-59.66863802253623
2.844488189	-75.69578969882197
2.846456693	-86.51495871818754
2.848425197	-89.14242842989171
2.850393701	-85.3939206802794
2.852362205	-83.26510783400924
2.854330709	-83.73849219003895
2.856299213	-81.1415892310985
2.858267717	-74.93517991956182
2.86023622	-70.40594682516127
2.862204724	-70.17642790013451
2.864173228	-76.4354934657885
2.866141732	-83.21046915738091
2.868110236	-90.85775797801789
2.87007874	-95.84338824448322
2.872047244	-97.79104865315668
2.874015748	-96.89923387989657
2.875984252	-98.45280218750685
2.877952756	-109.72281485075665
2.87992126	-126.96990696486567
2.881889764	-136.81728356202237
2.883858268	-129.00185363524525
2.885826772	-105.33583617557869
2.887795276	-87.93799260974365
2.88976378	-86.6342648342458
2.891732283	-97.73461568265607
2.893700787	-103.38173194838363
2.895669291	-101.49255504250131
2.897637795	-96.90047084191151
2.899606299	-100.66253456244165
2.901574803	-112.2636588630149
2.903543307	-127.60947021768476
2.905511811	-137.78458483339892
2.907480315	-137.65313223616928
2.909448819	-128.68241135619758
2.911417323	-116.44768226615213
2.913385827	-111.94695837144147
2.915354331	-120.53969843413049
2.917322835	-136.08970654339004
2.919291339	-142.79218745995288
2.921259843	-127.50441728868617
2.923228346	-104.74005177882859
2.92519685	-100.44717106945394
2.927165354	-119.40662042655889
2.929133858	-138.78911687967238
2.931102362	-132.90048251282101
2.933070866	-108.57298893054703
2.93503937	-89.32648600494633
2.937007874	-91.51357979030843
2.938976378	-101.84914298283678
2.940944882	-106.17571184603652
2.942913386	-108.00303880530242
2.94488189	-118.12316892107332
2.946850394	-134.36791702444836
2.948818898	-134.76451805737653
2.950787402	-114.74389573517257
2.952755906	-94.52156520805688
2.954724409	-105.73297895655212
2.956692913	-138.14314678975688
2.958661417	-152.97509747409478
2.960629921	-135.71063556861148
2.962598425	-105.24060753204748
2.964566929	-93.25190306639388
2.966535433	-109.42981313024953
2.968503937	-125.68882822521986
2.970472441	-124.19673508660884
2.972440945	-114.60959149707266
2.974409449	-111.67142591309049
2.976377953	-111.96684030890128
2.978346457	-102.63825107371557
2.980314961	-84.36051925786447
2.982283465	-85.90655503398101
2.984251969	-117.77638287975326
2.986220472	-155.4479218518642
2.988188976	-163.66716739559863
2.99015748	-138.92326429444597
2.992125984	-113.22797831449219
2.994094488	-120.62326651144012
2.996062992	-148.0629989982472
2.998031496	-160.0917476126364
3.0	-138.7812473456119
3.001968504	-103.66802984456854
3.003937008	-85.6710933188965
3.005905512	-93.95649931127521
3.007874016	-111.09112343192346
3.00984252	-119.21183414174108
3.011811024	-118.89039441271197
3.013779528	-117.46911923101887
3.015748031	-118.51521032367118
3.017716535	-119.53205715890383
3.019685039	-118.60051591723753
3.021653543	-114.70159926758568
3.023622047	-117.12776576550458
3.025590551	-120.52762293896048
3.027559055	-125.02727072009934
3.029527559	-124.0841521983464
3.031496063	-120.975545377914
3.033464567	-117.6170038937589
3.035433071	-117.54071837919506
3.037401575	-120.25412072611145
3.039370079	-123.17860711162072
3.041338583	-123.5361212174714
3.043307087	-115.61975849808469
3.045275591	-109.162258789163
3.047244094	-105.75918573784982
3.049212598	-106.2486902216223
3.051181102	-105.89392300943868
3.053149606	-102.77966909641303
3.05511811	-105.6373313727874
3.057086614	-120.11038591467731
3.059055118	-134.75537058417308
3.061023622	-136.78088812264454
3.062992126	-123.81054587383949
3.06496063	-112.90195007373984
3.066929134	-117.52402344956687
3.068897638	-135.35933133148978
3.070866142	-141.94272022551414
3.072834646	-126.27600789158457
3.07480315	-105.75074338370858
3.076771654	-106.19806908241071
3.078740157	-128.80224795174124
3.080708661	-152.0218416451862
3.082677165	-156.1328363030227
3.084645669	-144.92055561465799
3.086614173	-131.6541028060383
3.088582677	-123.69600236225642
3.090551181	-114.72575452237561
3.092519685	-108.78992428838465
3.094488189	-112.03640076687029
3.096456693	-127.39518103180197
3.098425197	-135.27540970216765
3.100393701	-127.15095019725132
3.102362205	-106.76062509526362
3.104330709	-107.42638329710562
3.106299213	-138.84078582796042
3.108267717	-176.2309259401649
3.11023622	-185.12400018442307
3.112204724	-156.21288000859977
3.114173228	-119.32452380823904
3.116141732	-107.68876797447379
3.118110236	-120.13610611887945
3.12007874	-135.97553731342958
3.122047244	-134.0477656712384
3.124015748	-126.45770304840872
3.125984252	-130.91382232050404
3.127952756	-149.25176613019275
3.12992126	-172.1328332314769
3.131889764	-182.1677755367059
3.133858268	-184.08081284122852
3.135826772	-185.72936348886137
3.137795276	-196.27838699049718
3.13976378	-204.62791697128347
3.141732283	-201.66320616430156
3.143700787	-180.26108786393084
3.145669291	-158.21242155567774
3.147637795	-151.80971388699092
3.149606299	-168.2150851745544
3.151574803	-191.4445886134074
3.153543307	-194.66839543237805
3.155511811	-177.3601389827078
3.157480315	-158.1155127074176
3.159448819	-162.14716203250296
3.161417323	-180.88249005038742
3.163385827	-188.1996093376818
3.165354331	-166.73993447705197
3.167322835	-131.78262696387014
3.169291339	-119.20989389643684
3.171259843	-131.25678443992862
3.173228346	-146.20960812378004
3.17519685	-135.4301416437657
3.177165354	-107.1723208257254
3.179133858	-84.07361539435163
3.181102362	-85.28864024825842
3.183070866	-98.70493221682821
3.18503937	-101.66556185540462
3.187007874	-90.3150790011281
3.188976378	-75.90194131909776
3.190944882	-75.71543423767608
3.192913386	-84.51048311114388
3.19488189	-95.12205658880075
3.196850394	-94.26414022128715
3.198818898	-91.68519683025976
3.200787402	-100.80664744218096
3.202755906	-121.34364762096274
3.204724409	-131.82047101643306
3.206692913	-119.1529781422672
3.208661417	-94.80368686957387
3.210629921	-83.67871677640603
3.212598425	-101.06931552835984
3.214566929	-127.67928154713685
3.216535433	-131.48277388750833
3.218503937	-107.71056495008875
3.220472441	-90.52599450274086
3.222440945	-100.2670915332774
3.224409449	-132.89761215647886
3.226377953	-150.98954016046432
3.228346457	-143.59723168673813
3.230314961	-125.46542879903501
3.232283465	-132.52257538194527
3.234251969	-167.04764158846208
3.236220472	-213.9992654303938
3.238188976	-257.510322654305
3.24015748	-294.4867609863065
3.242125984	-341.6698168962727
3.244094488	-408.0184183505477
3.246062992	-477.8918404914527
3.248031496	-537.2496401830881
3.25	-574.3970176552112
3.251968504	-595.185366411957
3.253937008	-599.5480950640762
3.255905512	-592.9879225106185
3.257874016	-570.8601297873422
3.25984252	-527.8035155022875
3.261811024	-464.8599658856398
3.263779528	-387.11312250984116
3.265748031	-306.6727558162522
3.267716535	-228.8175487307089
3.269685039	-157.85992813142477
3.271653543	-95.61156671411356
3.273622047	-42.42930979136283
3.275590551	-11.36424252529501
3.277559055	0.49463069711055324
3.279527559	-4.268937383935987
3.281496063	-10.239873737223284
3.283464567	-18.063220509114167
3.285433071	-38.22977599662415
3.287401575	-68.7717880900851
3.289370079	-95.61601419374743
3.291338583	-94.51625874808775
3.293307087	-73.1297668673979
3.295275591	-58.24485507065663
3.297244094	-70.054380700731
3.299212598	-90.04015400830068
3.301181102	-85.38826457505394
3.303149606	-51.773424062833456
3.30511811	-19.688508063438007
3.307086614	-22.22156174305725
3.309055118	-51.65502169214725
3.311023622	-72.54720333070223
3.312992126	-70.05639311758972
3.31496063	-58.03250863829986
3.316929134	-56.10841285738808
3.318897638	-61.634429065204394
3.320866142	-59.93938903373377
3.322834646	-54.18507436503475
3.32480315	-57.44445774743767
3.326771654	-78.88483523138679
3.328740157	-96.91977098107193
3.330708661	-94.09165944002974
3.332677165	-77.14019484975123
3.334645669	-71.65117786575495
3.336614173	-88.80117104290724
3.338582677	-112.19117638541968
3.340551181	-116.14837836244534
3.342519685	-98.93246266248089
3.344488189	-73.55247506976777
3.346456693	-63.85025697250293
3.348425197	-71.70860284510992
3.350393701	-88.91019138869079
3.352362205	-104.72170249845912
3.354330709	-104.62278876061848
3.356299213	-90.776911732167
3.358267717	-75.9812737791826
3.36023622	-79.7977079586901
3.362204724	-104.72644312690538
3.364173228	-131.78536735263626
3.366141732	-134.09008068621554
3.368110236	-112.18361177885667
3.37007874	-89.80082511612403
3.372047244	-97.68610651712596
3.374015748	-123.44060878409873
3.375984252	-140.79329926721257
3.377952756	-128.61192971209962
3.37992126	-103.84663521723208
3.381889764	-97.54021151465308
3.383858268	-114.97277613543731
3.385826772	-137.90879034078426
3.387795276	-142.7496273216171
3.38976378	-134.28962343382176
3.391732283	-126.65107805753989
3.393700787	-125.67535764457367
3.395669291	-129.15307599470225
3.397637795	-130.48727803122082
3.399606299	-134.9879343314751
3.401574803	-144.0845756206593
3.403543307	-155.21080246894323
3.405511811	-158.5979792243962
3.407480315	-156.43166017842512
3.409448819	-158.51850249680453
3.411417323	-166.09252540968362
3.413385827	-168.82217160521262
3.415354331	-160.4417029543867
3.417322835	-156.14648617995024
3.419291339	-166.6067814875401
3.421259843	-187.21171088240354
3.423228346	-190.78412455255878
3.42519685	-172.12799814695813
3.427165354	-156.29596092230796
3.429133858	-170.7298988708269
3.431102362	-207.0676781823978
3.433070866	-227.8040660979138
3.43503937	-212.35390217041356
3.437007874	-177.81021369196122
3.438976378	-162.52356258665495
3.440944882	-182.09685471682866
3.442913386	-209.04947459416317
3.44488189	-220.417186089317
3.446850394	-212.5906063431529
3.448818898	-204.7031919260356
3.450787402	-207.34722268308744
3.452755906	-209.97332251710498
3.454724409	-209.13787274835067
3.456692913	-211.03864607727982
3.458661417	-222.99883134385215
3.460629921	-238.54873682305913
3.462598425	-242.73757126970958
3.464566929	-231.87304516913565
3.466535433	-221.72972684552508
3.468503937	-226.8756031897065
3.470472441	-247.06988829178152
3.472440945	-260.187301993402
3.474409449	-255.5565635629414
3.476377953	-240.31685123552958
3.478346457	-233.88014995227644
3.480314961	-241.78211518394292
3.482283465	-251.97078692860978
3.484251969	-253.97800489393393
3.486220472	-246.97807812443727
3.488188976	-241.73301206344826
3.49015748	-245.62766083736298
3.492125984	-254.88427446147136
3.494094488	-261.72256706817404
3.496062992	-261.2875951224022
3.498031496	-255.93312951153425
3.5	-251.8668766393581
3.501968504	-254.10100896155444
3.503937008	-261.75225965672956
3.505905512	-269.666193204837
3.507874016	-270.27226589834726
3.50984252	-263.8601853115998
3.511811024	-250.67723004081515
3.513779528	-240.35882213367333
3.515748031	-238.61245528122635
3.517716535	-245.32538690617355
3.519685039	-248.6951536221445
3.521653543	-244.60882014089412
3.523622047	-232.60783129033064
3.525590551	-223.96753473802775
3.527559055	-223.74497825639747
3.529527559	-229.72619998087268
3.531496063	-230.4705039777614
3.533464567	-218.54853697609303
3.535433071	-197.7880549866793
3.537401575	-177.74347027255334
3.539370079	-165.56217349086543
3.541338583	-161.45692528429612
3.543307087	-155.40288164838114
3.545275591	-142.56640091075715
3.547244094	-123.15518047896799
3.549212598	-110.78927710357027
3.551181102	-110.6557181919015
3.553149606	-114.21533230698823
3.55511811	-113.2755995743002
3.557086614	-105.48123563544871
3.559055118	-98.6528716727213
3.561023622	-101.70186617460239
3.562992126	-102.75779178520733
3.56496063	-95.03894515207062
3.566929134	-78.6054664097073
3.568897638	-62.96522227291955
3.570866142	-58.576991581569374
3.572834646	-60.048382907631954
3.57480315	-59.81084102304953
3.576771654	-52.047941309619645
3.578740157	-42.73722751374464
3.580708661	-36.31617817682632
3.582677165	-39.51716838610841
3.584645669	-48.999942090154
3.586614173	-59.42024742355572
3.588582677	-60.59907098592673
3.590551181	-47.68577839224661
3.592519685	-30.00677681703753
3.594488189	-26.621372966211364
3.596456693	-43.87285733369592
3.598425197	-67.73214577688071
3.600393701	-75.69218235242548
3.602362205	-63.38908052700168
3.604330709	-50.43430559059998
3.606299213	-57.140184063599456
3.608267717	-83.77327382027534
3.61023622	-107.86371124813044
3.612204724	-107.47509303759817
3.614173228	-85.04935535845384
3.616141732	-64.11983788489528
3.618110236	-63.38482442814769
3.62007874	-72.92276349163328
3.622047244	-76.57630578004941
3.624015748	-63.4068869042583
3.625984252	-46.20837819252791
3.627952756	-44.74287116419987
3.62992126	-61.57087201514114
3.631889764	-80.13626680801018
3.633858268	-84.33837878619921
3.635826772	-78.44702523458014
3.637795276	-82.41399265351666
3.63976378	-101.3094239141054
3.641732283	-122.87892941238903
3.643700787	-121.73125287722651
3.645669291	-101.29112957529547
3.647637795	-82.08478271382587
3.649606299	-79.98132753342672
3.651574803	-93.5907222727411
3.653543307	-99.66788900816599
3.655511811	-93.14745643100395
3.657480315	-84.47669534227329
3.659448819	-91.08006008406109
3.661417323	-111.45315121504406
3.663385827	-125.79381709223625
3.665354331	-117.77713992228198
3.667322835	-98.95580570979983
3.669291339	-94.5782772086298
3.671259843	-115.38522614732956
3.673228346	-137.32146667132707
3.67519685	-134.53591146147303
3.677165354	-104.72148433286392
3.679133858	-79.15997096648387
3.681102362	-84.42779779342442
3.683070866	-117.79739678172983
3.68503937	-144.24035900963375
3.687007874	-145.02894015979825
3.688976378	-128.73960520165053
3.690944882	-115.70316188961513
3.692913386	-113.63170742964621
3.69488189	-117.28071236543936
3.696850394	-121.81789790895299
3.698818898	-125.49043160467242
3.700787402	-125.41687325182664
3.702755906	-115.61881438099789
3.704724409	-99.00510275802223
3.706692913	-88.95796033103353
3.708661417	-100.7867353644972
3.710629921	-128.35613320318893
3.712598425	-146.9110855887857
3.714566929	-138.05318618345558
3.716535433	-114.25172400058307
3.718503937	-98.89067030026251
3.720472441	-104.3742313982368
3.722440945	-123.8082800543549
3.724409449	-130.2628720783521
3.726377953	-127.11502604686108
3.728346457	-120.7025040888192
3.730314961	-123.43628870352848
3.732283465	-130.550228142954
3.734251969	-130.1305408626573
3.736220472	-128.24521942487337
3.738188976	-131.88907305267702
3.74015748	-139.5927407866824
3.742125984	-137.59735131620448
3.744094488	-120.32848473549006
3.746062992	-100.08130309494535
3.748031496	-100.77276989341381
3.75	-116.05399061398577
3.751968504	-129.55519318030008
3.753937008	-124.39856371139992
3.755905512	-110.99060159084652
3.757874016	-112.40401609051585
3.75984252	-126.8273543303029
3.761811024	-136.86259958596554
3.763779528	-129.48468913341432
3.765748031	-116.54578398269071
3.767716535	-114.58782289085696
3.769685039	-122.27205323274082
3.771653543	-123.63090872405952
3.773622047	-110.3289368994853
3.775590551	-97.42945276276556
3.777559055	-96.47658708537843
3.779527559	-106.68962819647932
3.781496063	-105.25711755705885
3.783464567	-95.26866130868682
3.785433071	-94.3644081370785
3.787401575	-110.54627195135971
3.789370079	-130.14399830710923
3.791338583	-130.09148084972077
3.793307087	-112.89851660267412
3.795275591	-98.96489593216796
3.797244094	-103.86915652601365
3.799212598	-119.65799506296563
3.801181102	-126.0034237737385
3.803149606	-115.87631366628328
3.80511811	-100.82325933764132
3.807086614	-93.54765977744405
3.809055118	-99.36923059079473
3.811023622	-106.21114594638556
3.812992126	-110.9160367912354
3.81496063	-113.22932756660263
3.816929134	-117.36086329882708
3.818897638	-123.81856940513812
3.820866142	-127.3563391805678
3.822834646	-126.55825850536404
3.82480315	-122.3752889447421
3.826771654	-119.13717965059865
3.828740157	-118.65843609193531
3.830708661	-119.1311619624794
3.832677165	-120.061317006497
3.834645669	-125.91867234952491
3.836614173	-129.4034375985583
3.838582677	-131.94870572433467
3.840551181	-134.97195254855453
3.842519685	-140.80156942873546
3.844488189	-157.6089808654661
3.846456693	-179.3788436643616
3.848425197	-191.98387177601285
3.850393701	-185.43196093217753
3.852362205	-163.03593523009815
3.854330709	-139.9163692159984
3.856299213	-127.16107044420167
3.858267717	-127.09123507273823
3.86023622	-133.59832502750908
3.862204724	-139.8935459680643
3.864173228	-140.53319323087337
3.866141732	-137.82439694190614
3.868110236	-135.22088478386365
3.87007874	-143.79238015968357
3.872047244	-158.8739191929702
3.874015748	-174.38446421375085
3.875984252	-184.52270979914525
3.877952756	-186.791105095315
3.87992126	-192.5432656703365
3.881889764	-202.12442983674043
3.883858268	-204.70881268228663
3.885826772	-196.75348543281373
3.887795276	-187.16078426050905
3.88976378	-190.45656405312897
3.891732283	-203.84739849713173
3.893700787	-206.68159797577738
3.895669291	-190.90403225688132
3.897637795	-164.52310421240713
3.899606299	-153.84935764624748
3.901574803	-162.8160896940302
3.903543307	-173.98566416061738
3.905511811	-166.9667176983204
3.907480315	-144.45989271618063
3.909448819	-123.36544400160453
3.911417323	-114.51784639301584
3.913385827	-115.10758049666278
3.915354331	-115.1325396491082
3.917322835	-111.10106824480195
3.919291339	-100.19920718111992
3.921259843	-89.13586440933557
3.923228346	-89.06910564765022
3.92519685	-103.20046928600262
3.927165354	-119.75716821532268
3.929133858	-120.62813857323589
3.931102362	-103.31251088432764
3.933070866	-86.48134243382236
3.93503937	-94.16787117350631
