10.01	2.6771634605377383
10.02	-2.0221021333171922
10.03	0.2014784900094222
10.04	-0.42731082851240376
10.05	0.21709277397026994
10.06	2.700198950619392
10.07	0.011966241193220706
10.08	-1.0381358879459994
10.09	-1.56608761849611
10.1	-0.5533910311325337
10.11	0.5247739783170958
10.12	-1.988085838882395
10.13	2.895087982414856
10.14	1.1800482814150122
10.15	-2.268940631085732
10.16	-0.3638820801365107
10.17	-0.9824032711683676
10.18	-0.01596914527668225
10.19	0.01712827248296711
10.2	0.1288232416600012
10.21	-1.600016808418689
10.22	-0.4793189211107475
10.23	-1.5290572525234378
10.24	1.000822432438948
10.25	0.390774681434321
10.26	1.446664707748813
10.27	-0.3439516105251227
10.28	-1.4394471309276402
10.29	0.2237838600364359
10.3	-2.0268607761515924
10.31	-2.6926314663370836
10.32	-0.18223138564652774
10.33	1.0903777153238905
10.34	-0.8565218823211892
10.35	-1.0480599468477207
10.36	0.9692093681475205
10.37	-0.10332312409911781
10.38	1.0460711148453044
10.39	-0.4076050618900452
10.4	-0.7668887325489848
10.41	-0.7010982618977389
10.42	0.5307239522397151
10.43	1.0346212499326213
10.44	0.7764619619750613
10.45	0.12076797204459622
10.46	1.9453369756692171
10.47	-0.4872361390548986
10.48	1.0345304721121678
10.49	1.3910923421206047
10.5	-1.8272518390571737
10.51	1.3616011335982938
10.52	1.789571225381306
10.53	0.018554109170735855
10.54	-0.28770911599829974
10.55	0.9266713924631418
10.56	0.16017780910141166
10.57	-2.585532422803099
10.58	2.179695523653362
10.59	-3.3367357927778682
10.6	-1.5001706690396692
10.61	2.747672580465727
10.62	-1.0056037011591767
10.63	0.1751491760600652
10.64	0.6825889031747324
10.65	2.1879173843598267
10.66	-0.7591620359509049
10.67	-0.9969333205387422
10.68	-0.36461938952212647
10.69	2.338844260738988
10.7	1.0318798681092498
10.71	-0.3927624483109192
10.72	0.32797940479113774
10.73	1.877847127170733
10.74	1.4643776062228473
10.75	2.078189440179691
10.76	0.25954017065079277
10.77	1.2803402019536603
10.78	-0.025508339010376635
10.79	-1.3905056913273866
10.8	0.7089630549205397
10.81	2.2968486833877204
10.82	0.673957126866165
10.83	0.4888777415726701
10.84	-1.681233391304513
10.85	-0.5753375518749194
10.86	1.361085875073031
10.87	1.5901726560864644
10.88	0.1616917333035296
10.89	1.3831578290795532
10.9	-0.1489073463420787
10.91	-1.96489531453616
10.92	2.404129639799058
10.93	-0.2854727382539842
10.94	2.557994984129337
10.95	1.6374504983241456
10.96	2.8633426734782574
10.97	0.0615705382615751
10.98	-0.08031766563943998
10.99	3.084447193114879
11.0	1.3139148207004512
11.01	0.5361788535791497
11.02	-2.0274836989168223
11.03	-0.8288456054607501
11.04	0.21350357346881266
11.05	-0.8887454619764306
11.06	0.6053583437557886
11.07	0.48670982061629076
11.08	0.8533698818703487
11.09	1.120209239636786
11.1	1.1318356367643048
11.11	-0.603924401532648
11.12	2.7147694162876506
11.13	-2.173660547574451
11.14	1.0022306231181983
11.15	1.039775993182754
11.16	-1.2140384957811103
11.17	-1.227174586276245
11.18	2.0973797436330996
11.19	-0.6687711927069148
11.2	2.1606597264218306
11.21	2.5568217340162285
11.22	-2.160282829975338
11.23	1.1061114577204423
11.24	0.805470831776879
11.25	1.1031431172938355
11.26	3.2625128974443935
11.27	1.991552455681933
11.28	0.19316221968465985
11.29	2.0036044394244414
11.3	2.5784903900399847
11.31	-0.4821523495172093
11.32	-0.9517055308303178
11.33	0.2636797964993022
11.34	-0.7189437678292406
11.35	3.435875915419764
11.36	-0.4802766065482725
11.37	1.2056372245173157
11.38	-0.8993023587363084
11.39	-1.6952092127476561
11.4	0.08639914971770313
11.41	-0.8595433266372012
11.42	-0.4160106368006014
11.43	0.12997358822582994
11.44	1.283691941708514
11.45	0.5098244174919276
11.46	0.3307365622410411
11.47	-0.7589172379067564
11.48	3.1219966704152853
11.49	0.5635361023056428
11.5	-0.3735905278698026
11.51	-1.1435977151417396
11.52	-0.05682376680235504
11.53	2.1610505881182602
11.54	1.6760035587746327
11.55	1.5024801617775823
11.56	0.7907915731873896
11.57	-0.49755105658307275
11.58	0.8710410040273285
11.59	-0.807478698939475
11.6	1.122003843812089
11.61	-1.479968845701153
11.62	1.8112593431629223
11.63	1.5661974493353266
11.64	0.8943585790644988
11.65	-1.022340362310596
11.66	-0.3803383459120753
11.67	1.7758311332199657
11.68	0.8810100932515655
11.69	-0.35441810575186183
11.7	1.0179210767175497
11.71	1.5437175485084491
11.72	-2.0377691110844283
11.73	-0.9062363136662744
11.74	1.9961073538822112
11.75	-1.196840909836101
11.76	-1.137025031577219
11.77	2.2925472875795165
11.78	2.732499630506414
11.79	1.4826776198075904
11.8	1.697731015305253
11.81	1.7385765458572908
11.82	-0.27348733335358644
11.83	-0.0660556716623748
11.84	-1.4698122754038747
11.85	1.639257296021432
11.86	-0.05515292038520664
11.87	-0.5635421185669727
11.88	-0.5051442795708312
11.89	1.4153428485642094
11.9	-2.434568196343179
11.91	-0.9753588989520225
11.92	-2.5480239328838654
11.93	-0.19834037629051893
11.94	-0.8671885077905934
11.95	-0.009428341334977774
11.96	0.5481837309368908
11.97	1.7067460624546458
11.98	1.1486258923143131
11.99	2.8518521210871737
12.0	1.7340326445716485
12.01	0.056884880710671604
12.02	0.46682263454202216
12.03	-2.245801569248967
12.04	3.6823783061135225
12.05	1.0452386371213644
12.06	0.20706985578977039
12.07	-2.014288416886827
12.08	0.6311543794853884
12.09	0.9791599962932964
12.1	-0.6546303739258215
12.11	-0.09293081384277468
12.12	-0.6651560410943385
12.13	-2.8029639690202144
12.14	-0.08399307286825125
12.15	-0.3676569427482297
12.16	2.059757646328992
12.17	0.9362663583174069
12.18	-0.5138114737372663
12.19	-1.6469850500726604
12.2	-0.025026593045626766
12.21	0.5271333138305806
12.22	-1.216442846790275
12.23	-1.0305099847869674
12.24	-0.202059936731582
12.25	0.3790524282162356
12.26	1.149705836447444
12.27	-0.5828384259086521
12.28	0.9086127684946503
12.29	1.470782143103907
12.3	-1.3815065602255556
12.31	0.5056175861142939
12.32	-0.784217730973509
12.33	-1.3526397987192553
12.34	0.21289480593419327
12.35	1.8534867655174814
12.36	-0.8712566152305758
12.37	1.9520646214467834
12.38	0.09625075650150289
12.39	1.4530881040118873
12.4	1.321017809796588
12.41	0.3853307881491744
12.42	-1.215518623969708
12.43	0.7292035929580627
12.44	0.11982261137314265
12.45	0.669653535423198
12.46	1.6218950276358661
12.47	0.7027259447168972
12.48	-0.9819560044017162
12.49	0.5052463847581411
12.5	0.6408366683576854
12.51	-1.4653351560061747
12.52	-0.8378614853502033
12.53	-1.7738219506518704
12.54	0.8406030763737984
12.55	-1.5345506714340955
12.56	0.8071454689340636
12.57	-1.3346703443150896
12.58	-0.2704342028296384
12.59	1.394353232485742
12.6	3.6414566537309003
12.61	-2.212380436313628
12.62	-0.13907876223606014
12.63	2.05953264786264
12.64	-1.0993361363383616
12.65	-0.6316290685014028
12.66	-0.4072620049186244
12.67	-2.2300770050366885
12.68	1.0791863889708628
12.69	-0.9016665637682539
12.7	1.6494423656790547
12.71	-0.04255264255650165
12.72	0.2647021587131555
12.73	-1.271204598034616
12.74	-2.6484035286993532
12.75	-0.7415780829026626
12.76	-0.4226239191432259
12.77	0.11994034349461039
12.78	-0.7680750244432332
12.79	-0.41526134396002806
12.8	-0.07782281606777486
12.81	1.9824893350915147
12.82	-1.2263316020405817
12.83	-1.0306352110799935
12.84	0.3198176483366754
12.85	-1.2573653036507013
12.86	-0.8140285839203063
12.87	2.0643284199549456
12.88	0.145940222819388
12.89	1.371205163345877
12.9	1.7987373871848298
12.91	0.9748728402508167
12.92	-1.157839662799455
12.93	-1.1522256208073567
12.94	1.245909640391555
12.95	0.5475618282370176
12.96	1.887873443592138
12.97	-0.9999029010784564
12.98	1.4080821005338873
12.99	0.9508146605734835
13.0	-1.5680332245914523
13.01	-0.3435197852378754
13.02	-0.7385267014786787
13.03	-0.42128796450439515
13.04	1.4101382402300693
13.05	-0.44678939830370384
13.06	-1.8860894803472008
13.07	1.1578256844538528
13.08	-0.9382436069108822
13.09	-1.9243142213238338
13.1	-0.3273687424265676
13.11	1.6660288302880397
13.12	-0.22925209246754424
13.13	0.152023673845316
13.14	-0.21494228574418583
13.15	2.345139098605019
13.16	1.817409024744163
13.17	-1.0709437459224977
13.18	0.9148488543722351
13.19	-1.3515941589239733
13.2	0.6992222872004776
13.21	2.1688592698127636
13.22	-2.362726366312156
13.23	2.449362702610304
13.24	-0.6449848117162684
13.25	2.8047027127988144
13.26	1.8578640545021197
13.27	0.2346538940889424
13.28	-1.8342520263656994
13.29	1.2400382854911536
13.3	1.5398999368179078
13.31	1.3186628275960086
13.32	2.5798883709947575
13.33	-1.331116443403127
13.34	-3.310262355585871
13.35	0.08613155383653223
13.36	-0.5233247988431646
13.37	0.34001491407623324
13.38	-3.5769925628808297
13.39	2.200841804750058
13.4	0.4973559038919004
13.41	1.0543068418509873
13.42	-1.068366138929815
13.43	-1.6758096171422934
13.44	1.454939083233881
13.45	0.3008356321004834
13.46	1.2798512114577472
13.47	-0.5123862503904448
13.48	-0.2923132643574562
13.49	-0.006254682287836488
13.5	-1.0213271900316132
13.51	0.5525386337106271
13.52	2.397514894330278
13.53	0.5147123927623561
13.54	0.23689939938954424
13.55	0.570463413748588
13.56	3.3655002694954677
13.57	3.5822323108722
13.58	1.5720854296099331
13.59	-1.1105599772572654
13.6	-0.18008013776313925
13.61	-0.9676899002063979
13.62	0.7467058278946352
13.63	-1.8026741234685977
13.64	-3.027237808615691
13.65	2.884728192744909
13.66	2.608774080253155
13.67	-0.04490011457955018
13.68	1.7258059331926783
13.69	0.46859280763762357
13.7	1.682774692766535
13.71	-0.698212720580565
13.72	-1.0814769530658301
13.73	1.6072963617526645
13.74	-0.1268374154636741
13.75	-0.28286041888099017
13.76	0.13522834853181417
13.77	-0.2924336882692796
13.78	2.3329705061331167
13.79	-1.2742682341023621
13.8	-0.9498667698440699
13.81	-1.6995879245079135
13.82	3.002015020839275
13.83	0.15683639872868993
13.84	0.45065703242947097
13.85	-3.034017343510553
13.86	-2.1942387697206027
13.87	-0.17637975331158723
13.88	1.4133478177931353
13.89	-1.3231260833189404
13.9	-1.0454520965402792
13.91	0.6501717366254518
13.92	1.7670022855395107
13.93	1.0009882234750331
13.94	-0.9062333749038345
13.95	5.002150308070222
13.96	1.0070526849184638
13.97	0.17402186533378933
13.98	-0.17833551922799856
13.99	1.022512388332938
14.0	-1.7034357301155139
14.01	0.42352235296395774
14.02	1.612633566561328
14.03	-1.0168609164495965
14.04	-0.493636434836017
14.05	-2.081832538374579
14.06	-0.22335619586193178
14.07	-0.8737965547442736
14.08	-0.6315336528506719
14.09	0.5131102195581774
14.1	-0.8947196292139481
14.11	0.916128332556768
14.12	3.0701596144270513
14.13	-1.9555868584701295
14.14	1.0071058638805526
14.15	0.37943998463752515
14.16	-0.7628614429710203
14.17	-1.273546017466995
14.18	0.6304189012140815
14.19	-3.7627173389627706
14.2	-0.6858769210423818
14.21	-0.13101152956677542
14.22	1.0484864046257958
14.23	-0.8960169428553981
14.24	4.048783743309694
14.25	2.3218143416159407
14.26	2.0354944006964706
14.27	-0.8780516547927255
14.28	2.9797961697273183
14.29	-0.8356616425242648
14.3	-0.03615422605404223
14.31	-0.3560060946958483
14.32	1.1625921630513274
14.33	0.4355855189257226
14.34	-2.1666429311103856
14.35	-2.8086029825542336
14.36	1.459600137824109
14.37	-0.27242508694844786
14.38	-0.1016836472245658
14.39	-3.4889101159476503
14.4	-0.4032219239133186
14.41	-0.6725222943981297
14.42	0.566024133684456
14.43	1.2406430811111386
14.44	0.06726165114725963
14.45	1.7206456394192247
14.46	0.15688475143748362
14.47	-2.584995535185531
14.48	2.346916683199711
14.49	0.8817624550060517
14.5	1.2578907064057432
14.51	-1.3061723102782208
14.52	3.2069913691802885
14.53	-1.700043848991016
14.54	2.157680723044592
14.55	-0.905754123902301
14.56	-0.9415724470648692
14.57	0.9026586091847937
14.58	1.8323278051159415
14.59	1.6020450786101903
14.6	1.9636574242380764
14.61	0.4589415933605845
14.62	0.11362763814536678
14.63	0.32952247365526643
14.64	-1.8396176464197866
14.65	-0.9217086608354501
14.66	-2.1324566661407482
14.67	0.18536226627743918
14.68	0.04239991523976451
14.69	0.4734541013043413
14.7	-1.2123119602021188
14.71	-1.4226124346707407
14.72	1.753720772765789
14.73	0.8932116957906397
14.74	0.07357304913134452
14.75	0.5244402083790378
14.76	0.3735224678640673
14.77	1.5864228941325373
14.78	-0.6977891953317712
14.79	0.8302058368390224
14.8	1.5413486103986171
14.81	-0.695774453369461
14.82	-0.4097602355871203
14.83	-1.7614010907782776
14.84	-1.041501188033248
14.85	1.296081534343646
14.86	1.7231823077692519
14.87	-1.4753532108645748
14.88	-1.517062102835973
14.89	1.737470677618841
14.9	0.9373069041858433
14.91	-0.5735814370737935
14.92	-1.5347502813747667
14.93	1.9262181946388355
14.94	1.0858694327598957
14.95	0.7363965717389671
14.96	-3.1288980662693464
14.97	2.758858346059548
14.98	-2.125781721906354
14.99	-1.8572548527289539
15.0	-1.1261322069382078
15.01	0.08527287125083459
15.02	-2.8032138671371927
15.03	2.039073291573566
15.04	0.05629299554470851
15.05	-0.8829289188865885
15.06	-2.4318488802201013
15.07	-0.7882362517256145
15.08	-0.4926305732257355
15.09	-0.6867764528456666
15.1	0.6003388216348746
15.11	-0.7050339949270794
15.12	-1.656837171899716
15.13	1.691322397557127
15.14	-0.05960585875084398
15.15	3.5045650119409095
15.16	0.036319662135826436
15.17	-1.6124978683753795
15.18	2.815170495469741
15.19	0.37122200872388306
15.2	-0.4958527708305542
15.21	-0.21524649510888882
15.22	-0.43006722890240606
15.23	0.2722129590157104
15.24	0.9008464324282139
15.25	0.12982826649443036
15.26	2.6216864531809323
15.27	-1.8439880619284144
15.28	-0.1882545067476462
15.29	-1.5623702700445008
15.3	1.0848163648951108
15.31	1.3650382571535824
15.32	-1.8053373305763323
15.33	-0.5834236713589065
15.34	-0.7260555169281402
15.35	1.1697344367480624
15.36	1.5973196154569658
15.37	0.818957006059104
15.38	-0.781237483403437
15.39	-1.0062625917315295
15.4	-0.2084979256487109
15.41	0.06302918829228159
15.42	0.8931064554001471
15.43	-0.1977994757533928
15.44	0.4267729636572682
15.45	-1.6970175789603945
15.46	0.6912403432962759
15.47	-0.3033896151342955
15.48	-0.5003137862497025
15.49	-2.1443575388557012
15.5	-0.7227274835740398
15.51	1.749279518255883
15.52	-0.6483072855419327
15.53	-0.7583827348911922
15.54	2.1949545216692496
15.55	2.072602361353616
15.56	-2.4626144756679307
15.57	1.0994097825498796
15.58	-2.760493574019595
15.59	1.7656630973790346
15.6	0.14799702221558253
15.61	-0.8938048291214211
15.62	-1.2342681040807424
15.63	-0.11481704794459302
15.64	0.3663201087498563
15.65	-0.16670775136735666
15.66	-0.6527182628052577
15.67	0.18155352118244847
15.68	1.2436608420235624
15.69	2.1881355373338396
15.7	0.84331620370163
15.71	0.17291905236164948
15.72	-1.3908266520264454
15.73	-1.1827252856001087
15.74	1.167164199997456
15.75	-0.7437205718456157
15.76	-0.9513049398651425
15.77	0.6496548555674677
15.78	-0.6345746841019452
15.79	-2.470538495015053
15.8	2.8477740033269474
15.81	3.2820919477956045
15.82	3.8594931377446215
15.83	-0.14294572979066705
15.84	-0.5687426639448678
15.85	-0.2726033199360352
15.86	-0.8741557037267011
15.87	-1.8785729873806631
15.88	1.6546827197747453
15.89	2.5735043037613963
15.9	-1.1699735175388744
15.91	0.37373740505099695
15.92	-0.16175635048349346
15.93	3.28057931130492
15.94	1.2091383474862996
15.95	-1.8852189657904068
15.96	1.5763096831898493
15.97	-0.2773004579222683
15.98	0.32825240920316834
15.99	-1.9963359882254574
16.0	0.09574144501142959
16.01	0.4597394820264909
16.02	-2.8202201612837974
16.03	-1.6753759359465819
16.04	-0.18044228461035033
16.05	-0.8368658199078699
16.06	1.2088323699852097
16.07	0.8213057366653939
16.08	-0.6066252239897032
16.09	0.24998120464741497
16.1	-3.221872217186654
16.11	-0.2290260519069256
16.12	2.4737746123863067
16.13	-1.7768082893849655
16.14	-1.2522693807282594
16.15	5.06342802347147
16.16	2.9664174619722785
16.17	-1.7966537065067856
16.18	2.067533179396817
16.19	-0.9833012033006847
16.2	-1.739915476675484
16.21	1.390492673923837
16.22	1.9257069974727457
16.23	0.13414239015311497
16.24	-0.38597318570604194
16.25	-2.8597264028766602
16.26	-1.4625704621163167
16.27	-0.20005814239891623
16.28	-0.7068747612103394
16.29	1.7410313808745796
16.3	2.556039342559498
16.31	2.6623940265786334
16.32	-2.3196057851696703
16.33	-1.4070738305704782
16.34	-0.6663772416669207
16.35	-0.4292780358342606
16.36	-0.06717193303797117
16.37	0.7180210291870552
16.38	0.7043961493267059
16.39	0.9477152783523548
16.4	-0.7881736993069651
16.41	-0.9870867281166407
16.42	0.34259115875015134
16.43	-0.3181726969649192
16.44	0.09364816055262307
16.45	-1.8255387141171524
16.46	-1.0107141887735052
16.47	1.1186730041689599
16.48	1.409500890614912
16.49	1.8354134015225674
16.5	0.10836604235914388
16.51	1.2979015223985122
16.52	0.654217427711631
16.53	1.6125262521156345
16.54	-0.9647448917034129
16.55	0.2509802019722431
16.56	-2.177920982883946
16.57	0.21994158703184336
16.58	0.6899416172220747
16.59	-0.8275870460272742
16.6	1.8842955321976207
16.61	-0.661163777775595
16.62	-1.3317829411412683
16.63	0.37600808566798166
16.64	0.5124486443919323
16.65	-1.4004836418595155
16.66	1.5743302959447996
16.67	-0.12586002740752644
16.68	-0.8244376297335804
16.69	-0.24577426745250638
16.7	1.095677300936398
16.71	-0.12129214138977457
16.72	-1.1095875626056528
16.73	2.613069998660223
16.74	2.803600379212174
16.75	-1.0920432933637305
16.76	-0.9750127692147745
16.77	2.1130881659746747
16.78	1.979282834864099
16.79	1.886925188289725
16.8	0.5300265240622237
16.81	1.2527539910041414
16.82	-2.8413458362819783
16.83	-3.3915420633460958
16.84	-0.6847761140264321
16.85	-0.15037470013899712
16.86	-2.436496626665964
16.87	-0.015609614116847737
16.88	-1.3876566184267034
16.89	-0.34195481865983784
16.9	-0.1872632968000796
16.91	1.314407407336188
16.92	3.7120190665105506
16.93	1.2228003998999761
16.94	0.9928755138432269
16.95	-1.9048171167428332
16.96	-0.3604054962946546
16.97	-0.1701397228472287
16.98	-1.6883738382216247
16.99	-0.5716524773258529
17.0	-0.6205358348057931
17.01	1.2200241512451047
17.02	-0.15729356609669393
17.03	0.448462714310431
17.04	4.286877076650195
17.05	-2.093759007995135
17.06	-4.724304623212105
17.07	1.9995223022444457
17.08	0.0019555814996981696
17.09	-1.1226938199005312
17.1	-0.2672259827499542
17.11	-0.9572515491112966
17.12	-0.38227820213770763
17.13	1.6067459402254134
17.14	-0.4318190866307996
17.15	-0.31937891024850246
17.16	-0.22914976160168865
17.17	0.4631471025872072
17.18	1.217546350599157
17.19	0.3217426775038124
17.2	-1.0557327425684913
17.21	0.036485706738086376
17.22	0.3842217186150276
17.23	1.6791690308801142
17.24	0.34470557176538374
17.25	0.6464702489943335
17.26	1.5268958567873943
17.27	1.3677438146526553
17.28	0.029956625145733065
17.29	-2.4047176789752407
17.3	0.44668993595409723
17.31	0.3975084300003396
17.32	-1.564215759417592
17.33	-1.3035600746518776
17.34	1.692080609272007
17.35	-0.8549847584660897
17.36	-0.005975473455110375
17.37	-0.7349853473987134
17.38	-0.7065448721658086
17.39	0.26654894719490607
17.4	-0.9352623268878646
17.41	0.6603336050292741
17.42	0.4943673960215427
17.43	1.4480071050161982
17.44	2.4641248156653925
17.45	3.6573362723392444
17.46	-1.5070795272958668
17.47	-0.2053158567236214
17.48	-0.5956448133723804
17.49	-2.696923205520671
17.5	-2.1626702850264463
17.51	0.7469126368981924
17.52	1.0712839149002524
17.53	-1.7942601657027497
17.54	-0.6410282041868057
17.55	-2.0789340420167846
17.56	1.6695571335807609
17.57	-0.8945148839832165
17.58	-1.7746497452781382
17.59	-1.6440786596642678
17.6	0.7606958974271478
17.61	-1.0966818551197888
17.62	0.3954673730351417
17.63	-0.8693530030749559
17.64	0.2174411768351185
17.65	-1.8593128031813202
17.66	-0.3646353583967991
17.67	-0.5506439986775769
17.68	-0.2526379848777403
17.69	-0.24626268285205766
17.7	1.6506345818978658
17.71	-1.1986462931434838
17.72	3.5569631095565737
17.73	0.9615554888247313
17.74	-2.7192392411944475
17.75	0.9407440349352398
17.76	1.8473758942509408
17.77	-0.28915792459046213
17.78	1.1551386310606047
17.79	0.3183653383478258
17.8	-0.3729294635127026
17.81	-1.0023743868741908
17.82	-0.24064312565596102
17.83	1.8355628165527191
17.84	2.030020699868456
17.85	-0.34535797116295963
17.86	0.0652651495660509
17.87	0.30471480939556517
17.88	-0.09729515996792307
17.89	2.506797639835295
17.9	0.31570894613309136
17.91	-0.4254009317316832
17.92	1.039514937589899
17.93	2.8811627558398154
17.94	1.214496867288935
17.95	-0.05762095695084568
17.96	2.4841517300196028
17.97	1.3741121879820364
17.98	0.13510464548434398
17.99	0.363917563342264
18.0	0.46674349992886977
18.01	-0.9067506631238609
18.02	1.880485159120295
18.03	0.7497213761374719
18.04	0.47614533228893774
18.05	0.5656702938704942
18.06	1.6283814491988675
18.07	0.8522129676936363
18.08	-0.5743994588723308
18.09	2.1661051713413264
18.1	-2.24497130277244
18.11	-0.39783868505975295
18.12	0.059204089903445556
18.13	0.4942409627740553
18.14	2.4939893197743266
18.15	2.3063467828958926
18.16	0.09236720150702066
18.17	-1.4007735886561967
18.18	2.3613403601299567
18.19	1.0965417856451092
18.2	0.7249917142947513
18.21	1.6146641193768954
18.22	-0.5738838144030335
18.23	0.26444932151708234
18.24	3.6861326312035994
18.25	-0.7936905524073784
18.26	3.4378131858369527
18.27	-2.5002746013293344
18.28	-3.09600756469779
18.29	-0.5272372598719678
18.3	0.7205272436977043
18.31	0.34986606060966297
18.32	1.8844552624618558
18.33	0.6357681789845916
18.34	-1.4446020520005574
18.35	1.8364276305556895
18.36	1.405385642584414
18.37	-0.6018581644688837
18.38	-0.8395387735640744
18.39	-1.3800952530782955
18.4	2.5040170756312765
18.41	-0.523206780481004
18.42	1.243849923572515
18.43	-0.12177143738591978
18.44	0.15681477395250537
18.45	-1.8742902957632726
18.46	0.584908027429716
18.47	2.904402955627981
18.48	0.8357601324598912
18.49	0.3074109168038551
18.5	0.13414636707343175
18.51	0.43584729050984805
18.52	-1.936975854743316
18.53	1.5480626413115948
18.54	-1.8784288971164984
18.55	0.2459046740771254
18.56	-0.11418388695655457
18.57	0.18910840717179317
18.58	2.1820030161596016
18.59	-1.4896777576544142
18.6	-1.1139305981605783
18.61	-1.690162213892433
18.62	-0.01391599903349039
18.63	1.4790501091811317
18.64	0.4990443182239226
18.65	1.8574489630326867
18.66	2.71095375148276
18.67	-0.7752425013941074
18.68	-0.8336842248550028
18.69	0.991597850073754
18.7	2.5806451848943803
18.71	-0.5692902669269965
18.72	2.9523104992474565
18.73	0.8201231038341938
18.74	0.25156680047828517
18.75	-0.20117459132164395
18.76	0.5199162906138919
18.77	0.9891992734255878
18.78	0.22331511230703494
18.79	0.02932765799663184
18.8	1.0584756315402424
18.81	-0.922941276446087
18.82	0.04305007404561667
18.83	2.54913299398105
18.84	-0.0022657436185661295
18.85	1.176144603821622
18.86	0.37837153771718257
18.87	1.164429307417382
18.88	2.5753622961758222
18.89	-1.0506950040982788
18.9	1.0939309288092494
18.91	1.0589138031452392
18.92	-1.2870277351034707
18.93	2.0716952653776093
18.94	-0.2770927438221603
18.95	-0.7265396793329691
18.96	4.5769083131992385
18.97	-0.0487197094895333
18.98	0.6322432455727204
18.99	0.07563587385773074
19.0	0.0881758822944747
19.01	1.6081441063281052
19.02	-0.07117249750179644
19.03	1.9737392708342205
19.04	1.2898073462926813
19.05	-0.47474862289641484
19.06	-0.8954873802042994
19.07	0.050230473406173204
19.08	1.8280672249955559
19.09	0.3155084567153215
19.1	1.2291124226503751
19.11	1.383064200377902
19.12	0.45759411795817917
19.13	0.06348633472201137
19.14	-0.11467194776198075
19.15	0.31581975538607937
19.16	2.0235912932781948
19.17	0.2570659788168488
19.18	-0.10770108830222114
19.19	1.654801524428568
19.2	-1.6372867866898408
19.21	4.217808192388501
19.22	2.1385557396713426
19.23	0.3416754648468096
19.24	2.0994035888483635
19.25	0.8967830212187131
19.26	1.0104695520535816
19.27	1.3280540555172935
19.28	1.0490580089164716
19.29	-0.666640148956623
19.3	1.5509210944250604
19.31	0.2973487439521535
19.32	0.9904108775411895
19.33	-0.013384874387490253
19.34	2.243413543319626
19.35	1.101794944651291
19.36	2.1505893397698377
19.37	3.653279024738521
19.38	0.5569689767002491
19.39	2.2606459654512143
19.4	-0.22929810852760568
19.41	-2.49259421510671
19.42	1.765241046361837
19.43	-0.006530475380038925
19.44	-0.6652068131434051
19.45	0.031728646473121624
19.46	1.4639662090298646
19.47	1.0480349810514387
19.48	1.311286220301908
19.49	-0.9175692017255402
19.5	0.6210763079903724
19.51	0.17452303075737757
19.52	1.4095789326832162
19.53	1.7288163219422472
19.54	2.3556301220705778
19.55	1.5703942366900914
19.56	0.6089989551362008
19.57	1.0088785773869289
19.58	1.6880014018882594
19.59	-0.9053329545494689
19.6	1.12501504531442
19.61	-2.3402976683006056
19.62	-2.060696202930305
19.63	1.0830895485374712
19.64	1.2627117963385364
19.65	2.2324541651120082
19.66	0.9667209072446449
19.67	-1.2129080288309506
19.68	1.6877644339146305
19.69	2.9352807106147214
19.7	2.726138534636626
19.71	2.454373468433024
19.72	-1.7186310685084516
19.73	-2.2508936197644207
19.74	0.4760086309815983
19.75	0.20427253550187568
19.76	0.866633847301101
19.77	-1.0435472109636765
19.78	1.5346560379544303
19.79	1.4927388762649523
19.8	-0.6692738945368076
19.81	1.4378608044549765
19.82	2.5285674620454333
19.83	2.172275753953512
19.84	-0.024913374403208954
19.85	-2.6155505037870515
19.86	-0.45392638433537713
19.87	0.29504554224249696
19.88	-1.0521411939330467
19.89	1.5788905672644744
19.9	0.6303710017111744
19.91	0.9854642688007378
19.92	1.6886098964426286
19.93	1.561342504055868
19.94	2.064810859202966
19.95	-0.6530916634514391
19.96	2.1647376563436964
19.97	0.9241898403551241
19.98	0.5324870869433046
19.99	2.146663711388701
20.0	2.392223624525647
