10.01	3.8143961679935967
10.02	3.0221659734070903
10.03	1.19680626196735
10.04	2.743456963613282
10.05	1.8162531196501213
10.06	2.8315947923364098
10.07	0.7714338056270145
10.08	1.3655366594910976
10.09	4.7418533252463
10.1	2.9250135175734777
10.11	1.8569961204933714
10.12	2.2446746432222224
10.13	3.159766256829629
10.14	3.269686629891314
10.15	2.9481588168891744
10.16	2.7912726492143762
10.17	2.673915675999249
10.18	0.9549036450550965
10.19	1.5703780994610077
10.2	-0.10428167916720188
10.21	3.0969077993521004
10.22	3.3986499048265273
10.23	0.7735057192987418
10.24	4.841399531371088
10.25	1.397524057796471
10.26	5.0495692061299975
10.27	2.7516836502377324
10.28	-0.15840903117301997
10.29	1.1559926953093127
10.3	5.169195527483383
10.31	1.8438238721567775
10.32	2.4177482098079945
10.33	1.5925064425902469
10.34	4.577498739059451
10.35	-0.625979685890107
10.36	0.1263466889354561
10.37	2.071099001913972
10.38	1.4434725504896466
10.39	0.7069646148051416
10.4	1.5934013503585638
10.41	-2.1029194280203196
10.42	1.6434692267563094
10.43	1.8384428925351133
10.44	-0.06288763995808438
10.45	1.363600097083777
10.46	0.5182058511144421
10.47	0.2555339166759972
10.48	4.505389106637802
10.49	-0.0750437716542667
10.5	0.2371454592822401
10.51	1.8086509412350986
10.52	-0.00601148728056019
10.53	0.6224163731324903
10.54	-2.401237223093318
10.55	1.7917380385987587
10.56	-2.8308799408951635
10.57	-0.1834157137551763
10.58	2.93701174244969
10.59	-2.5430255682332343
10.6	1.799188720086409
10.61	0.3717027738653871
10.62	-0.6666944993773483
10.63	0.3841163814132079
10.64	-0.3008413349084219
10.65	0.0029705208146586924
10.66	2.4071529746664577
10.67	1.4863173592959633
10.68	1.596955592242813
10.69	0.8518247109123847
10.7	-0.4740273138287547
10.71	1.5812311175423899
10.72	0.36113291574662054
10.73	1.5064363231475042
10.74	0.11942669214001506
10.75	-1.7750532425404009
10.76	1.194176296373243
10.77	1.6903348711713644
10.78	-1.3729422580925856
10.79	3.6353926786342514
10.8	4.434707485140575
10.81	2.1637604425218266
10.82	0.670607692422506
10.83	1.7311595282627565
10.84	-0.4216049933270153
10.85	-0.5716443917155895
10.86	-1.3891270734127914
10.87	3.2264246796059535
10.88	3.0087403650025935
10.89	2.5742269581283583
10.9	1.6338128794675884
10.91	1.884933809867869
10.92	-0.6123487047224083
10.93	0.4958165470758147
10.94	2.1088246767711523
10.95	-1.034821557332201
10.96	2.559753155188534
10.97	-0.44346689545176
10.98	0.3508460442363982
10.99	1.8123097798217853
11.0	1.1850984093057773
11.01	1.6980831331198942
11.02	-0.30083357291743884
11.03	3.2966258686825696
11.04	2.955427209307929
11.05	1.3600036737780137
11.06	4.08631233231024
11.07	0.5962458586507894
11.08	-1.6784323678941842
11.09	2.917228061383379
11.1	0.18202188951213738
11.11	-2.490224662953021
11.12	1.3044264532238854
11.13	2.9319894096605332
11.14	1.553965168915536
11.15	0.5145233785968146
11.16	1.891692729794166
11.17	-0.4434545699737058
11.18	2.843341513839436
11.19	1.5348853745735138
11.2	0.8131648470532175
11.21	-0.5316809909878564
11.22	5.165890132873894
11.23	1.7855663921733298
11.24	0.6379844582761138
11.25	1.2443526057541074
11.26	-0.1260503774629247
11.27	1.3620659427428958
11.28	1.1858144375148685
11.29	1.6576409168615258
11.3	1.3544690599537095
11.31	0.1521410987908689
11.32	2.068069979984626
11.33	3.3475962838192324
11.34	1.0025818612303117
11.35	-0.31964589377739494
11.36	3.994172017382363
11.37	2.9673159461800305
11.38	2.2374389865551354
11.39	0.7293611895785443
11.4	0.7401526260318503
11.41	0.6990865825805376
11.42	1.5907257652287197
11.43	0.01093694513103527
11.44	3.132490578131477
11.45	2.43687661178665
11.46	2.6937508383396294
11.47	1.4531645502845323
11.48	3.894619481224005
11.49	3.9599987819028604
11.5	1.9358380086157294
11.51	2.7095011248745484
11.52	3.1732657976723146
11.53	1.6651802609677158
11.54	4.967873490930936
11.55	2.363659879625552
11.56	1.3756891408306138
11.57	0.6308884212222039
11.58	-0.08936540626725975
11.59	0.4769332764878267
11.6	3.412729634717227
11.61	2.9902608204394223
11.62	1.6175260771004853
11.63	1.4095156942983627
11.64	-0.05209547263005376
11.65	3.4352540230966766
11.66	4.027634998584414
11.67	1.6308598400539285
11.68	5.13576885906839
11.69	1.9061807539799593
11.7	3.863932774549707
11.71	2.4103151823970634
11.72	0.8546541787681123
11.73	2.6714015524124934
11.74	4.945279609156973
11.75	-0.032863426655518335
11.76	2.0359488979644556
11.77	0.25500260568478206
11.78	2.9610943480971637
11.79	2.5445726158898903
11.8	0.6593969105519604
11.81	3.3761475823286498
11.82	1.3160701676388902
11.83	1.6569930749074349
11.84	2.3872534968784325
11.85	1.6744804245435665
11.86	3.8196116230337944
11.87	3.9958596749335555
11.88	1.7898323073917208
11.89	3.770289794942963
11.9	3.132228312864666
11.91	4.2845050083168426
11.92	1.0448639042713195
11.93	2.3550556674687315
11.94	2.156593689050093
11.95	2.6237323866975797
11.96	2.4083628991084067
11.97	-0.7669292738022526
11.98	2.165557290259146
11.99	1.3909968779518747
12.0	0.6172802000079689
12.01	1.0619083937327778
12.02	0.9715092914844852
12.03	2.382512391772873
12.04	2.254700269474039
12.05	2.2709501831458976
12.06	3.3169810107768427
12.07	3.0511076130685844
12.08	2.3330148065944005
12.09	3.5487704423770134
12.1	2.62152396289847
12.11	4.013510541664627
12.12	-0.5197243554608932
12.13	-0.41009262208418695
12.14	2.804869647104461
12.15	2.6615038130808797
12.16	4.952624597016934
12.17	1.7318460365317803
12.18	3.9506510621489603
12.19	2.827385555339637
12.2	1.843801984527545
12.21	-0.33652507168535917
12.22	4.03392086433414
12.23	2.1360852748496635
12.24	-0.5711247547090239
12.25	0.955965019303153
12.26	3.8872130253207375
12.27	1.7948252310097876
12.28	1.3790540784190504
12.29	3.320649867747891
12.3	2.9066685548296434
12.31	3.3916098875378964
12.32	0.9492625859053389
12.33	-1.0345355376872563
12.34	2.021427099996962
12.35	1.8310240470590955
12.36	0.9820622360436311
12.37	2.312192013330569
12.38	3.1655517534456976
12.39	-0.6913713048634766
12.4	2.1651451295891593
12.41	2.951014349257881
12.42	1.1814346620066503
12.43	0.31271353832898185
12.44	2.1691920141989356
12.45	1.8079761707994957
12.46	0.6736043085164609
12.47	2.148753841397112
12.48	1.2033469635047211
12.49	3.005224556927069
12.5	0.8047738796582948
12.51	1.585303799399784
12.52	1.6836950781749567
12.53	1.210935477929887
12.54	1.1351403676533294
12.55	3.1969514585723147
12.56	2.667215809372052
12.57	3.4777060649359677
12.58	4.958956080343899
12.59	1.9907624734395721
12.6	2.340377207368413
12.61	1.5329862411047674
12.62	2.2853214798660217
12.63	2.1757726821318646
12.64	1.906705670319276
12.65	4.115172439192952
12.66	4.487820430356193
12.67	2.633250985891015
12.68	1.3552597153109986
12.69	3.8683272677549754
12.7	1.4386354672388608
12.71	0.6943844586405046
12.72	1.5910330390768164
12.73	5.817127146013853
12.74	5.715464893604174
12.75	3.709478758651405
12.76	2.2142355814380035
12.77	3.165917732835509
12.78	0.2839561256622378
12.79	3.345465204245612
12.8	1.9027304432436476
12.81	4.015489781110616
12.82	0.9939141830087608
12.83	3.5887916430643645
12.84	4.351469438484166
12.85	2.6172885290533623
12.86	5.5659749759981505
12.87	1.6122390312754113
12.88	3.082912770030324
12.89	2.047467373872986
12.9	2.7488073532012005
12.91	2.5967197137437052
12.92	5.84799208156987
12.93	1.6026481590486
12.94	1.4615875272995487
12.95	3.3166692794761685
12.96	3.060132060637474
12.97	1.6337152713891583
12.98	3.250379065540056
12.99	5.8382089855861405
13.0	0.7446889402654264
13.01	-0.21072361532351724
13.02	3.359154854008171
13.03	1.8645747238686963
13.04	3.982607283964252
13.05	1.3875103837607419
13.06	5.302051671653311
13.07	4.958899722192519
13.08	4.569661314593637
13.09	2.721418445551978
13.1	1.9298298441247626
13.11	3.4477318646264044
13.12	0.4854371079482678
13.13	1.871563941967501
13.14	1.5652845256883028
13.15	6.008381556320941
13.16	3.1261768897982325
13.17	4.141848046004366
13.18	1.1888277086601622
13.19	0.9104106822402618
13.2	0.45405545009189563
13.21	2.712171182107493
13.22	2.81099695337649
13.23	2.913582275567569
13.24	3.489268756318247
13.25	1.3258016519762075
13.26	2.9706473689030823
13.27	1.147821945957804
13.28	3.198283617222976
13.29	3.675747241079727
13.3	1.3631062934190263
13.31	1.9665354066714593
13.32	3.720023061224918
13.33	2.125661550377063
13.34	0.036976207595635024
13.35	1.0252310406802438
13.36	4.536538538661757
13.37	0.3599031750080499
13.38	0.1903809280153126
13.39	0.38352425879198937
13.4	2.6518376414306783
13.41	-0.2591225713967984
13.42	1.7324387020434118
13.43	0.5048361424570973
13.44	-0.6902763648666439
13.45	3.895340167834741
13.46	3.3174963367605623
13.47	1.688293753541882
13.48	3.1613706425638153
13.49	2.939614024903785
13.5	2.7041862465104476
13.51	0.9196426672625748
13.52	1.6371892265258978
13.53	2.54544405504618
13.54	1.3868684179511397
13.55	1.8313362817961871
13.56	0.9029693964592829
13.57	3.8254616736874385
13.58	1.7395277622676577
13.59	1.7456397309210576
13.6	0.623726594030962
13.61	0.31305014112429896
13.62	5.422196429445603
13.63	2.0853573591448282
13.64	1.063274831507452
13.65	3.224637695063143
13.66	3.6870144105585854
13.67	4.800832087102789
13.68	2.3451001778003295
13.69	0.46257281975210685
13.7	-0.7882425427849404
13.71	4.209332814133509
13.72	4.601953918892882
13.73	0.4185981760205024
13.74	4.078918128406272
13.75	1.663985041460166
13.76	3.6198278730517957
13.77	0.5105408142740333
13.78	2.795393982185983
13.79	3.4083797501137467
13.8	3.945421070402398
13.81	2.1680224922252
13.82	3.1438618750688376
13.83	3.753378812305959
13.84	4.685988782648295
13.85	5.564295155988581
13.86	4.049634892847239
13.87	3.0016799625579074
13.88	2.8465513173072012
13.89	2.4606715608877794
13.9	3.05568064591116
13.91	1.7691850214493092
13.92	2.503891745048796
13.93	2.866544180367119
13.94	0.468213175379095
13.95	3.7977217268779966
13.96	0.2794217516555253
13.97	-0.08128935556513772
13.98	1.4097276960557212
13.99	1.7527478230013118
14.0	1.4764069833608195
14.01	1.62700108740921
14.02	1.3038894451528584
14.03	0.23503298292871055
14.04	2.375816165926923
14.05	2.2259350518745737
14.06	1.809894089650714
14.07	0.49594084607819
14.08	2.0339731603202993
14.09	0.1838854694871006
14.1	0.8780994045315286
14.11	1.83993039766345
14.12	2.7260212099810777
14.13	1.6790817933753406
14.14	-0.33437260951558145
14.15	0.8521096543653524
14.16	-0.19747763945347052
14.17	-1.15124953969842
14.18	1.1877709061646569
14.19	0.8198772145494617
14.2	2.0708267087324232
14.21	1.2893716416387007
14.22	3.3916378372796174
14.23	0.4769433993296113
14.24	1.9310699504014837
14.25	1.0026869215531753
14.26	0.5389472384620481
14.27	1.1445075732205408
14.28	1.261060436276632
14.29	0.6510563241967785
14.3	1.6551825154471187
14.31	1.5011813398858171
14.32	-0.39197123420207003
14.33	0.7180244139901364
14.34	5.4601847515276045
14.35	2.0295707362495574
14.36	4.718516628032428
14.37	1.8530529133493554
14.38	0.3299542216807104
14.39	4.374095752161395
14.4	-2.162622046643393
14.41	2.6054483807250834
14.42	2.0393527244787464
14.43	-0.23530035793887505
14.44	2.730564859809788
14.45	1.3541293587054817
14.46	1.4692009550124596
14.47	2.784535978050386
14.48	1.3563572867668263
14.49	1.634824179347288
14.5	2.6779073281839976
14.51	1.4042533582461632
14.52	1.5541398488209899
14.53	4.823252256942525
14.54	1.861785326988308
14.55	2.4356225068363613
14.56	0.46880237413049675
14.57	1.987725243696142
14.58	0.3050902795874004
14.59	1.5008809392923013
14.6	2.2770173062838888
14.61	1.217753555764338
14.62	-1.48123234792317
14.63	3.745579371329357
14.64	1.3647052704529807
14.65	0.07535642504399065
14.66	3.1689902024685193
14.67	1.510464205001636
14.68	1.3235413520929058
14.69	0.2675194722790337
14.7	4.141355280080837
14.71	7.32647976516194
14.72	1.1060176083863502
14.73	2.9077047029874343
14.74	3.605254718197166
14.75	2.707207711265015
14.76	2.832454029374493
14.77	5.447459784531362
14.78	2.108070788470327
14.79	-0.7354029325697695
14.8	1.8893482947190305
14.81	2.430819237543754
14.82	5.164688171744674
14.83	2.8783527539922087
14.84	-0.5390773955649175
14.85	2.2519199710773914
14.86	3.349242386361391
14.87	0.022383077797373474
14.88	4.94863787827205
14.89	1.2446376195383406
14.9	4.173481550304016
14.91	2.6777155979138527
14.92	4.233803692212347
14.93	4.078594284707142
14.94	1.6467081644355428
14.95	2.240824991011784
14.96	3.8344508857334345
14.97	1.5087843951711852
14.98	0.7712216163166055
14.99	-0.9859270880958326
15.0	1.5923453343084601
15.01	2.9302554514500225
15.02	2.3873254022547257
15.03	1.5746911950001168
15.04	-0.4897074129679353
15.05	0.5994509188825302
15.06	2.362433895531913
15.07	2.38023018493793
15.08	1.9511908818675687
15.09	2.196386830868328
15.1	3.466927133214691
15.11	2.0922705255366636
15.12	0.9464244709687731
15.13	0.6755775461396029
15.14	2.6662148366960254
15.15	2.925718512695599
15.16	3.2596110994234255
15.17	1.8427248087005001
15.18	-0.4345058463543052
15.19	1.6587530490930138
15.2	-0.9196513988967661
15.21	-0.15022415014602752
15.22	3.4390384587864213
15.23	1.2919239499953308
15.24	-1.4019087650213942
15.25	2.689095748245366
15.26	-1.2181625716024957
15.27	0.6200882424935333
15.28	-0.2347030683246214
15.29	-0.9987014101514393
15.3	2.209647170304164
15.31	2.6547207258119183
15.32	3.425959203624795
15.33	1.0430309244479816
15.34	0.02557772661255342
15.35	-0.12844823839502673
15.36	0.7567493116610622
15.37	2.0302810772879187
15.38	-0.004555427097836295
15.39	2.3906786429988784
15.4	0.05466915469769451
15.41	0.3310005515129193
15.42	2.4655202726791647
15.43	2.545459907649904
15.44	0.9807938969333249
15.45	-0.7967709274669221
15.46	1.1587587763444835
15.47	4.021945252074519
15.48	2.403532533775274
15.49	-0.01916134144637649
15.5	0.8496631116513569
15.51	1.1757576530809837
15.52	-1.6660203723310765
15.53	-0.5867488373617264
15.54	-0.6167571200851784
15.55	3.4135783507208615
15.56	1.129230299241691
15.57	0.6709710830722508
15.58	2.7826274885446356
15.59	1.660607480674499
15.6	1.2386838412939691
15.61	0.1284973925731553
15.62	-0.2623124415395792
15.63	-0.1350549052394011
15.64	-0.031155472700040487
15.65	1.1132087455452424
15.66	3.086946891649582
15.67	1.8433692456550732
15.68	2.7379008062505976
15.69	-0.17034452201850114
15.7	1.3743841905717147
15.71	2.9220508505097635
15.72	1.518613247852745
15.73	2.9622775581465977
15.74	1.3089550681610822
15.75	1.0982003582992428
15.76	1.099359524386678
15.77	1.5574501044070979
15.78	-2.8722512810734493
15.79	3.4185152410502555
15.8	0.5475497939535963
15.81	2.030863167265621
15.82	4.147879293932575
15.83	0.9242926074979227
15.84	1.2511170098993907
15.85	2.401591146298181
15.86	5.577409539527481
15.87	-1.0804726050443538
15.88	1.567834988574459
15.89	1.7662803841310541
15.9	1.4726500592798804
15.91	0.6032987028182621
15.92	1.4315753600629382
15.93	2.2059113651296003
15.94	0.7815625551197178
15.95	2.646008904973006
15.96	3.7700480327980364
15.97	0.9172229891852683
15.98	3.601365207670778
15.99	3.758923441809805
16.0	3.8877992666210885
16.01	1.4443648161437745
16.02	0.8909072651579261
16.03	2.819272229550065
16.04	2.7640841129538374
16.05	2.997901799430981
16.06	0.5512262542497914
16.07	1.7635991279843923
16.08	1.3783417856665028
16.09	-0.5737550179352151
16.1	1.9720369740539179
16.11	3.14891123014395
16.12	2.614050943775839
16.13	2.6984927427916063
16.14	3.3231028543653784
16.15	1.2776358253149205
16.16	3.6912497495643697
16.17	1.0967814996586265
16.18	3.2400194574246752
16.19	0.30265597597991367
16.2	-0.07677520920398662
16.21	-0.8507303302752633
16.22	4.386599547589795
16.23	-0.506154837723894
16.24	-1.597680794788664
16.25	2.6793995907928183
16.26	-3.1181081915058373
16.27	1.7871748395452356
16.28	4.19502758254122
16.29	-1.7488126986081947
16.3	3.5693954814499573
16.31	1.2401069090596133
16.32	1.0102765921692514
16.33	4.602588506365709
16.34	6.156276364862788
16.35	0.9187846603432823
16.36	2.04065215610402
16.37	0.8099954915527982
16.38	0.3650239742984396
16.39	2.0591274047541956
16.4	2.568343250667812
16.41	-1.2189429037195485
16.42	0.3469280346893341
16.43	2.1755356101859915
16.44	2.7789094660335576
16.45	-0.9163891242456594
16.46	1.4127202613844272
16.47	2.5055371443037453
16.48	2.0273286446956535
16.49	0.9910593199276676
16.5	3.4066509570312595
16.51	0.936612856917656
16.52	1.327016939126825
16.53	0.9890597911241186
16.54	3.12146968619598
16.55	1.7169448150552349
16.56	2.9057109090311295
16.57	4.513135906841544
16.58	2.0631357098808993
16.59	1.545834313742477
16.6	3.500600761463306
16.61	1.5200167907090087
16.62	3.004341374535363
16.63	1.8154587907902409
16.64	2.195231653758883
16.65	0.8270289518688646
16.66	0.6858839424240732
16.67	2.1697835906719916
16.68	2.2302427932833107
16.69	2.3677222400266733
16.7	2.964469316973725
16.71	2.8126925208350704
16.72	0.8362478730535099
16.73	1.216451165220045
16.74	2.3947656105653605
16.75	1.5686426057670915
16.76	-1.0169424545279682
16.77	-0.8846825622407406
16.78	0.13006712313414237
16.79	-0.1660388209456236
16.8	0.671676993976983
16.81	2.894900017770575
16.82	0.7913121162336563
16.83	1.5666183587731017
16.84	0.46897843828762364
16.85	0.369314156661939
16.86	3.6907476843613214
16.87	-1.2162143405757886
16.88	0.3340591457047679
16.89	0.6899229001620593
16.9	0.785029659712253
16.91	2.4171041558266175
16.92	0.1403720973110023
16.93	-1.3837132837905
16.94	1.7988819277960129
16.95	0.9846297227431576
16.96	0.5067410344515106
16.97	0.22710711915902126
16.98	-1.2477381225368471
16.99	3.957097482788461
17.0	1.4662275191754455
17.01	0.2741999660239052
17.02	4.294514597969626
17.03	1.1288441264980356
17.04	3.4480360247673056
17.05	-0.680445077554791
17.06	2.406340328178012
17.07	5.036884045741304
17.08	2.3788601469790573
17.09	3.651260785680477
17.1	1.2289636063077274
17.11	1.997013522083713
17.12	-0.017980614333099387
17.13	1.1142230019384827
17.14	1.5777396885307071
17.15	2.1475661465725295
17.16	0.560126035000392
17.17	3.1457453953147096
17.18	2.90636920468906
17.19	2.725356352089271
17.2	3.652785279560208
17.21	0.4453322024494448
17.22	0.14925465948488803
17.23	3.473975015912043
17.24	3.2817886622654853
17.25	-0.7825526929700386
17.26	1.028745592870628
17.27	1.2989797382009314
17.28	2.378815322056436
17.29	0.6798042768298129
17.3	3.861534783900606
17.31	1.2605061146235967
17.32	6.69401500640542
17.33	0.8093475318279897
17.34	3.6478063377265966
17.35	3.155225024872749
17.36	0.8774065461499267
17.37	3.693671139344238
17.38	6.180332425782069
17.39	0.9842102527241832
17.4	3.4165153184506205
17.41	2.731194757100012
17.42	3.0681906854731262
17.43	4.51412298913954
17.44	4.637994900940776
17.45	3.7074393445497975
17.46	4.063348413456467
17.47	4.012838713804582
17.48	4.148306271841922
17.49	2.2911567596339486
17.5	1.0317330889221004
17.51	3.052760099826345
17.52	4.20117588977484
17.53	2.643896583810987
17.54	5.740293281493605
17.55	3.704709763147522
17.56	1.280709575336041
17.57	4.169046611615225
17.58	2.0293717007918444
17.59	6.427659863870479
17.6	-0.7728776956979893
17.61	0.9668349602100412
17.62	1.5497131046593513
17.63	-0.17439554997938345
17.64	4.468061982105545
17.65	4.413196726086743
17.66	4.103001637636024
17.67	4.157437715174281
17.68	2.413091619123912
17.69	0.7678462603129312
17.7	3.6656879690557824
17.71	5.26482948449134
17.72	2.727839637600389
17.73	6.040294435998836
17.74	5.913666937009745
17.75	4.798634703497864
17.76	2.3091168818365237
17.77	3.4405932691608228
17.78	4.274895352746142
17.79	3.1254182613198482
17.8	2.79694084669744
17.81	6.133269062054292
17.82	6.3093950282748255
17.83	4.376004232879231
17.84	1.06251367424729
17.85	4.2831224767341975
17.86	-0.6919992645104216
17.87	2.120229652467687
17.88	4.821885457192085
17.89	4.2386066296480465
17.9	5.287632936800404
17.91	3.902751541279896
17.92	5.456481967187777
17.93	5.215440164342562
17.94	3.0233431662752306
17.95	5.969983836775291
17.96	1.0582096939040468
17.97	5.955571459597242
17.98	5.014005661474943
17.99	5.862507858930672
18.0	6.098892422549812
18.01	5.057707219431422
18.02	3.924636325959022
18.03	7.746050374981877
18.04	3.6312120147062137
18.05	2.8781335473044747
18.06	4.033486653953353
18.07	3.3011470692856575
18.08	8.153396572487438
18.09	4.493946570193659
18.1	5.122292942717769
18.11	4.202427900214666
18.12	6.502386615154979
18.13	4.175501510194964
18.14	3.546930797708579
18.15	6.499550315236496
18.16	5.481465308383796
18.17	3.4881801807659225
18.18	5.22431069054236
18.19	5.4362389465216205
18.2	8.816617974143682
18.21	3.960079545150583
18.22	4.954030596330453
18.23	5.212623709063174
18.24	5.574105386467898
18.25	4.468632393419241
18.26	4.7424207463009225
18.27	3.250692108080095
18.28	5.549622911644464
18.29	3.0737838864715235
18.3	3.129240461971943
18.31	3.983136531381086
18.32	3.934726257434952
18.33	2.1366864397225482
18.34	3.463901135092685
18.35	5.887836026539929
18.36	2.14254266242554
18.37	4.105206627111633
18.38	6.187140877570267
18.39	3.143401183107983
18.4	4.265366943719664
18.41	2.8311837964539883
18.42	6.212427664849135
18.43	2.948918505251031
18.44	4.085339134544103
18.45	2.9350594826077403
18.46	3.3440479646382033
18.47	3.8450256091882284
18.48	5.632749401859701
18.49	3.294378028459699
18.5	2.7711567900237344
18.51	2.3120571240390557
18.52	4.418169058676901
18.53	3.8082900497441416
18.54	2.8114522705055096
18.55	2.101139805494327
18.56	2.3118697172349867
18.57	1.8976645274388775
18.58	4.382326558277583
18.59	5.605638681394098
18.6	1.6782294077731135
18.61	1.2643279254374316
18.62	1.8558269094667947
18.63	5.645227133208162
18.64	5.0910140930772485
18.65	4.346348493194926
18.66	5.1390256614836005
18.67	0.9419441807985214
18.68	-0.08326446719082803
18.69	3.5751941574262904
18.7	2.333697795543141
18.71	4.4162322047888924
18.72	3.0939251368664555
18.73	2.2981057304086434
18.74	2.5777572097763937
18.75	3.931151122505285
18.76	1.5566987794248466
18.77	3.2891401967621685
18.78	2.4844742430219666
18.79	3.1203345751886986
18.8	5.915366732977205
18.81	2.3538695287967304
18.82	4.046383792424592
18.83	3.782498105348221
18.84	3.3194385068328245
18.85	2.8089307671910726
18.86	3.5113392574815094
18.87	2.143869181476392
18.88	1.6457109794476872
18.89	6.381667631072845
18.9	-0.019671241816132667
18.91	2.200891781708092
18.92	0.7758775769853099
18.93	4.940139961343659
18.94	2.1757091028370183
18.95	2.9700710207994554
18.96	2.390566659804161
18.97	4.147406360749235
18.98	2.0325374004920853
18.99	2.345081384391582
19.0	2.6436315821532856
19.01	0.0944128155019226
19.02	1.8056384816354898
19.03	3.9410996964661535
19.04	1.7169710856600806
19.05	1.5539288115373722
19.06	0.1547542624767626
19.07	3.7469904234330524
19.08	0.9346907091786731
19.09	2.4284562670919034
19.1	3.0084874720831425
19.11	2.3884463632280477
19.12	-0.21959057240740698
19.13	6.2469014468778665
19.14	4.108475912212002
19.15	2.9498895389585864
19.16	3.7505817717321084
19.17	1.9116890980837975
19.18	3.9256382784081127
19.19	-0.5493914984586836
19.2	3.1087511727165706
19.21	3.6090291784036688
19.22	4.40549721415138
19.23	1.373311754704398
19.24	3.0374706149632775
19.25	0.15799491877684746
19.26	1.3793642777560904
19.27	2.929066016435932
19.28	3.3825776895291884
19.29	0.37258636214580143
19.3	2.8795300220236277
19.31	2.3499174700482817
19.32	1.5951028840698416
19.33	4.644320231527532
19.34	1.426053329438544
19.35	1.1296897010606788
19.36	2.143373493329608
19.37	2.9368214555708088
19.38	3.53255926229951
19.39	2.457925749123826
19.4	3.9080442211551745
19.41	0.481196971419771
19.42	4.805743603155925
19.43	3.3091942211075063
19.44	1.635680080508816
19.45	3.1842215358778554
19.46	1.368372509317657
19.47	4.606584580114636
19.48	4.625907496173331
19.49	5.066299346896088
19.5	1.2167380426256347
19.51	2.44482720530833
19.52	3.5941675977830156
19.53	2.8631708457078977
19.54	6.308391734491608
19.55	4.8749350312774515
19.56	1.5606131296234118
19.57	2.1780840347836055
19.58	0.7514954625367753
19.59	3.1380608404397767
19.6	3.2333703508090132
19.61	5.426602182362651
19.62	4.856501907796305
19.63	2.833172761414012
19.64	6.0908886944490055
19.65	2.8134383829945664
19.66	2.56934282356063
19.67	6.4811764069653
19.68	2.4625308692363266
19.69	5.966101901134298
19.7	1.2315255458870844
19.71	3.84208029224507
19.72	5.81082151616843
19.73	3.1637765406447733
19.74	6.677917488624665
19.75	4.17497141175414
19.76	5.762523944319625
19.77	4.731214981880701
19.78	3.9251273071939328
19.79	4.749110223848188
19.8	5.018815941214219
19.81	3.1644824844288753
19.82	3.241528400608464
19.83	4.778387793761501
19.84	4.812582419165009
19.85	5.188876241438041
19.86	2.107894920068097
19.87	3.256320349526914
19.88	3.5800586029519486
19.89	3.0559251336480973
19.9	3.971564386383236
19.91	3.7351380916502874
19.92	2.286863819555129
19.93	3.5130410448015144
19.94	2.056036480292301
19.95	2.5658995533095537
19.96	2.8095419852660295
19.97	5.319284950178969
19.98	4.641971840923564
19.99	4.723301560541504
20.0	2.6230241557376304
