10.01	5.393063491904316
10.02	5.002929285433956
10.03	7.099081544537201
10.04	7.205286283596182
10.05	7.872124687684352
10.06	8.702819661631588
10.07	8.585669334522423
10.08	9.506792181368269
10.09	9.285271321438985
10.1	9.251717865389125
10.11	11.085816172727277
10.12	10.573863624127362
10.13	11.465299705175827
10.14	12.267862185303937
10.15	12.598192573040443
10.16	13.473401658372524
10.17	13.141856907545124
10.18	14.280116437848438
10.19	14.446532714672804
10.2	15.237117216396994
10.21	15.269430190714592
10.22	15.551194919619707
10.23	16.98158935707262
10.24	18.00549962487485
10.25	17.105279123761267
10.26	18.611445356176617
10.27	17.97065111567429
10.28	18.25703817461542
10.29	18.83400413229861
10.3	18.909386933844548
10.31	18.998447604845026
10.32	18.946989260297553
10.33	19.60774725062326
10.34	19.552157224159085
10.35	19.683290374033817
10.36	19.062356052708168
10.37	19.5283911518941
10.38	19.32346401700558
10.39	19.838183970681563
10.4	19.540163294921015
10.41	19.677721629588053
10.42	19.89648424084871
10.43	19.543191631971375
10.44	19.3356482474729
10.45	19.950154497962018
10.46	20.266011617612346
10.47	19.521135893680484
10.48	19.87625641946207
10.49	19.849583191263772
10.5	19.406364656849618
10.51	19.761832730789234
10.52	20.02433727448785
10.53	19.75566157228549
10.54	18.155721085217614
10.55	18.62815769210433
10.56	19.19341538074195
10.57	18.131872254116878
10.58	18.859481677323142
10.59	17.123859192477642
10.6	17.63170147193204
10.61	17.89291594860156
10.62	16.167511884445908
10.63	16.996568857254644
10.64	15.473859805461464
10.65	17.08693459706448
10.66	16.60391514744406
10.67	15.4019020670448
10.68	15.503952116580225
10.69	15.710230907416426
10.7	14.811943396919418
10.71	14.149003474536416
10.72	12.921243813535833
10.73	13.341670877221592
10.74	12.401613654565987
10.75	12.004928200492305
10.76	11.571224995036971
10.77	10.930537741541157
10.78	9.72878673141756
10.79	9.584978178939235
10.8	10.04717743053348
10.81	9.041374972384567
10.82	7.850193767958115
10.83	7.545305597275609
10.84	7.62920819630274
10.85	7.463161704518991
10.86	8.033651364358544
10.87	5.7081069806221745
10.88	5.525075086164488
10.89	5.646978174297682
10.9	4.679534692080105
10.91	5.297779351884287
10.92	6.009618570072856
10.93	3.6833705477745866
10.94	4.245068465755213
10.95	3.3804338459270267
10.96	3.101686298042994
10.97	3.1443655943676165
10.98	3.2591181531022118
10.99	2.4524546246789747
11.0	2.058182642710002
11.01	2.1011409430423096
11.02	2.2962555764033428
11.03	2.942763666883885
11.04	1.5457535321442881
11.05	1.8579503342299064
11.06	1.3113362796066124
11.07	1.6655218566619778
11.08	1.9350404693860663
11.09	2.4983492873968127
11.1	2.099375028561822
11.11	2.8576982714230774
11.12	1.9469276379267622
11.13	3.0732213253533347
11.14	2.665051320478381
11.15	2.360798123572181
11.16	3.168744037365214
11.17	3.4496207245746064
11.18	4.806563208068296
11.19	3.6859356161768124
11.2	3.859423498469595
11.21	5.346356037551187
11.22	5.558856196051445
11.23	6.272658472876222
11.24	6.4025643202646405
11.25	7.544385238874919
11.26	7.7242833401013575
11.27	8.02089517772735
11.28	9.703558963605978
11.29	8.765945864578036
11.3	10.203119940392243
11.31	10.209349979505955
11.32	10.439970570636515
11.33	11.709835377871462
11.34	12.542997144119699
11.35	12.797637999568423
11.36	13.364386131121789
11.37	13.457978190565337
11.38	14.752284236664778
11.39	15.430480488056848
11.4	16.706212704209868
11.41	16.12693995721078
11.42	17.104802567959478
11.43	17.398582194243957
11.44	17.027176180032942
11.45	18.499484750570275
11.46	18.811180273433642
11.47	18.706447645958537
11.48	19.938244630409677
11.49	20.35152473574692
11.5	21.47362179997399
11.51	20.05745749914904
11.52	21.055364037623804
11.53	20.180319615956755
11.54	20.95498665867234
11.55	20.49941821447268
11.56	21.743974030351204
11.57	21.2445115758124
11.58	21.615376981931984
11.59	20.935770245697757
11.6	21.158871937126108
11.61	21.119807160872146
11.62	19.252911567799597
11.63	20.736176481414944
11.64	21.60370350550082
11.65	21.59592899193845
11.66	20.448177338846918
11.67	20.677830682420883
11.68	19.004406657326566
11.69	18.97229165115213
11.7	20.101307221366696
11.71	18.302367852593076
11.72	17.443510251630045
11.73	18.39758417771772
11.74	17.66036183800157
11.75	17.58336925231315
11.76	16.809454059499288
11.77	15.117506087700086
11.78	15.121714171641358
11.79	15.069143020248077
11.8	14.697535000661366
11.81	13.823867556538884
11.82	13.563133150018414
11.83	12.374461008596843
11.84	12.23484943722278
11.85	10.147797966200216
11.86	10.845768598596036
11.87	9.370504587100214
11.88	10.840861374632077
11.89	9.034807963933172
11.9	8.77988256886958
11.91	7.623987013981558
11.92	7.78607186486892
11.93	6.856522136158844
11.94	6.883219653773709
11.95	5.773647301422261
11.96	5.609216643262347
11.97	6.629320419228834
11.98	4.5401060616780935
11.99	4.702300103283882
12.0	3.573945459560662
12.01	3.3789115380042105
12.02	4.0293463995527645
12.03	3.199417508276254
12.04	3.6273494468551952
12.05	3.094154911003301
12.06	2.3599909918868893
12.07	2.3239121489612495
12.08	3.383909053853452
12.09	1.8622890955245082
12.1	2.392990119370685
12.11	1.5147156057934008
12.12	2.0845823283672176
12.13	1.5374554028351013
12.14	1.4916452437643106
12.15	1.5711804570001044
12.16	2.3961771010369324
12.17	2.5545738709066113
12.18	3.0757496770529418
12.19	2.872085453435681
12.2	3.2060076293227873
12.21	1.386885509804528
12.22	2.490148149972035
12.23	3.8333086704466828
12.24	3.0074006383603744
12.25	3.587657013270089
12.26	3.3011037495371194
12.27	4.2808023226084595
12.28	4.023560282753422
12.29	4.465227576576569
12.3	5.36004490794175
12.31	5.642080981659694
12.32	5.092862361224121
12.33	5.79319316504744
12.34	7.805613363486696
12.35	6.964127590610195
12.36	7.819766700158742
12.37	7.616659296072205
12.38	9.291751132601433
12.39	10.090798263127764
12.4	10.14581794018408
12.41	10.529626323135352
12.42	11.047330323435297
12.43	11.534547485590966
12.44	12.22763619728216
12.45	12.481129902200133
12.46	13.743304729433078
12.47	14.584227791590912
12.48	14.268101617272572
12.49	14.726131888009032
12.5	15.90097078312213
12.51	16.608539762475434
12.52	18.028062923908827
12.53	17.598641851463768
12.54	17.945688163267537
12.55	19.499534803817404
12.56	19.971190482687557
12.57	20.08285455004723
12.58	20.19839359892914
12.59	21.20283757525954
12.6	21.01743337753006
12.61	21.76636459121017
12.62	21.446073221776018
12.63	22.758335079075753
12.64	21.55650687425984
12.65	23.821155746424825
12.66	22.965671173650076
12.67	22.860375655744775
12.68	22.542941430814142
12.69	23.89296141440973
12.7	24.259051863453205
12.71	22.724476733817745
12.72	23.30984055454062
12.73	24.080120989086055
12.74	24.3652248422711
12.75	23.524894806592847
12.76	23.069122941905405
12.77	22.720141721912512
12.78	22.279255120304416
12.79	22.94101998852122
12.8	22.096370730807667
12.81	21.995070686432964
12.82	22.879939638712532
12.83	21.76418120011075
12.84	19.941875857359793
12.85	20.939611086299696
12.86	20.499505549462977
12.87	19.900565335779337
12.88	18.771889153889646
12.89	18.350899510873404
12.9	17.657211177709936
12.91	18.750322130982614
12.92	17.324899307227113
12.93	16.03377866416234
12.94	16.78229505557412
12.95	15.934993903930373
12.96	15.860295083502734
12.97	15.00670459804102
12.98	14.112953735588802
12.99	13.269714959587516
13.0	12.447252585517175
13.01	12.77376234722225
13.02	11.484603948158183
13.03	11.170347774128402
13.04	11.360266265309567
13.05	11.193416581566591
13.06	10.13114988045589
13.07	10.454787727569766
13.08	8.7882053038421
13.09	9.033224374022176
13.1	8.949692624881221
13.11	9.01920228139313
13.12	7.603077530017162
13.13	7.625281806101815
13.14	6.197614235726831
13.15	5.803744871223612
13.16	7.025558917186573
13.17	5.197203799801005
13.18	5.364828334857846
13.19	5.245213516792485
13.2	5.568490504068344
13.21	4.559509044617104
13.22	3.584109598040783
13.23	4.330937686588536
13.24	4.392422458852425
13.25	3.6508830449104357
13.26	2.8866242021961086
13.27	3.840486980744599
13.28	3.137893969826339
13.29	3.7903144613870756
13.3	3.5890409502271057
13.31	2.6556527251092925
13.32	2.432918122076676
13.33	3.3493472286627304
13.34	3.3925404337143044
13.35	2.9161200782440946
13.36	3.917427473958983
13.37	2.9164057422494643
13.38	3.1012733614486296
13.39	3.175255787532011
13.4	3.2863984686534335
13.41	3.261877460722183
13.42	3.481778766340681
13.43	3.2115806581755537
13.44	5.100540037100457
13.45	5.522767710136528
13.46	5.242953873175144
13.47	5.7880647672465
13.48	5.759463111287594
13.49	6.4502936963899815
13.5	7.679582099181018
13.51	7.275220387792262
13.52	8.099204404815977
13.53	8.315695055279262
13.54	9.4360549645688
13.55	9.559436525325712
13.56	9.594746151379578
13.57	12.081065696692484
13.58	10.806859591460723
13.59	12.102697298937596
13.6	11.39322129913019
13.61	13.084914667394063
13.62	13.138857940347886
13.63	14.241395644951647
13.64	14.823169786440427
13.65	15.077366868450632
13.66	15.59611318671511
13.67	14.216976699450738
13.68	16.47415027178345
13.69	16.924676995780146
13.7	16.82740608551362
13.71	16.575613949300145
13.72	17.061704154157475
13.73	17.50081349075069
13.74	17.442444810372507
13.75	18.548899695312805
13.76	18.592051740019176
13.77	19.66202389300897
13.78	19.128862027984407
13.79	19.43837641640193
13.8	20.846404670680315
13.81	19.194751607092325
13.82	19.651897065235108
13.83	21.4716939887789
13.84	19.36431957035444
13.85	19.929122535545147
13.86	19.11942362363576
13.87	19.24790148984395
13.88	19.553435149971445
13.89	19.500264747835924
13.9	18.86169002727273
13.91	19.40355413967769
13.92	18.627336081119427
13.93	19.165324760459097
13.94	19.113169115338312
13.95	18.99506645239881
13.96	18.52548703264825
13.97	18.231338123160157
13.98	18.365304561077554
13.99	17.142014469585998
14.0	17.18699636144184
14.01	16.722857902768887
14.02	16.94852748082896
14.03	16.15601076613273
14.04	15.963250633617797
14.05	15.688786985394254
14.06	15.373611225430746
14.07	13.78257407484563
14.08	14.326059560408996
14.09	14.318218007546925
14.1	13.769924435401427
14.11	13.156208353097602
14.12	13.466495491604258
14.13	11.34027628482944
14.14	11.460680189788512
14.15	10.388404171435338
14.16	10.334169885420215
14.17	10.511644807343183
14.18	9.833497692763386
14.19	8.150737422959159
14.2	7.835477431954627
14.21	7.625472094250565
14.22	7.921999072747053
14.23	6.421519107899634
14.24	5.672523848811528
14.25	5.568417755406119
14.26	5.139067877456683
14.27	5.150063681963574
14.28	5.505929782481999
14.29	4.622226499404931
14.3	4.2235266030876515
14.31	1.9372533367997782
14.32	3.578615710475528
14.33	2.8654444443865446
14.34	2.7395569468402625
14.35	2.8044991286416496
14.36	1.5579559225574675
14.37	2.2228129721957584
14.38	2.0135649434926512
14.39	2.0558496851113923
14.4	0.7808397437409156
14.41	0.27406457884605384
14.42	0.9509149675653905
14.43	0.9666413218742451
14.44	1.2566187982536634
14.45	0.43618787048880303
14.46	0.502171679191951
14.47	0.430909271449444
14.48	-0.17649353076954344
14.49	-0.17247865465753875
14.5	0.6432074885985203
14.51	0.6240683521434317
14.52	0.6958370359227387
14.53	0.13539623417478164
14.54	1.5415201739564943
14.55	1.3742054904567194
14.56	1.5313372433020342
14.57	1.9881390203559868
14.58	2.0636156271979846
14.59	1.7525942936297156
14.6	1.056623870655217
14.61	1.5850228812019482
14.62	2.025293816984164
14.63	1.859016214738518
14.64	2.543940043246619
14.65	3.710472397894871
14.66	3.1812467907483724
14.67	4.61764767498831
14.68	4.931853307958862
14.69	5.401338344023699
14.7	5.623073419803767
14.71	5.245404211104057
14.72	6.976507921774363
14.73	6.0225233285233575
14.74	6.446663506851569
14.75	7.799045227239594
14.76	8.088107908252473
14.77	9.021544713612053
14.78	8.856077566006594
14.79	9.13540947355592
14.8	9.82720120945633
14.81	10.619900562940614
14.82	10.055242366351791
14.83	11.548434460114319
14.84	11.645849679343014
14.85	11.400685745903099
14.86	11.27982200537669
14.87	12.494149486858834
14.88	13.286594299650824
14.89	13.56064255078459
14.9	12.775888264106943
14.91	14.052007846267816
14.92	13.073083092178841
14.93	14.565794056712551
14.94	14.872409724154076
14.95	14.840889164107352
14.96	13.81659928389517
14.97	15.1006282104755
14.98	13.731443545088286
14.99	14.799637867173072
15.0	15.060611981059228
15.01	16.234209330897933
15.02	15.67384464003977
15.03	15.773349517369564
15.04	14.450194919587815
15.05	15.5236256436522
15.06	17.82555162977458
15.07	14.641686096295636
15.08	15.985545072167819
15.09	16.307440902740044
15.1	15.117050183082767
15.11	16.310470184928143
15.12	15.437392395107
15.13	15.997246253503631
15.14	16.515335304307705
15.15	16.59889237776949
15.16	16.856847465826462
15.17	16.170157786968772
15.18	16.378234481114553
15.19	15.842840806218598
15.2	16.544479968393283
15.21	16.322576471653466
15.22	17.010935886124624
15.23	15.653858726880896
15.24	16.99587646374648
15.25	16.487474164483306
15.26	16.206439532716445
15.27	15.98491146560744
15.28	16.18832583275531
15.29	15.532491919972376
15.3	16.63449902331038
15.31	16.317585364175514
15.32	16.773754916494944
15.33	16.40806382256997
15.34	15.931866230016814
15.35	15.390719642704926
15.36	15.510592841568336
15.37	15.875218704265254
15.38	14.608630219536002
15.39	15.487070735655623
15.4	15.062022994485293
15.41	13.468860011955602
15.42	14.04910651051582
15.43	14.4616982424062
15.44	13.910290719722505
15.45	13.72006138861085
15.46	12.713719344048595
15.47	12.225200703141956
15.48	12.507802776342212
15.49	12.165807740515813
15.5	12.136786438571628
15.51	11.23800145919249
15.52	10.568983049432232
15.53	10.591005700311495
15.54	9.06256007659492
15.55	8.922344487008095
15.56	7.898439255777724
15.57	8.731827173762284
15.58	7.9158724568170395
15.59	6.282359846963205
15.6	6.661779313805003
15.61	5.538413522945498
15.62	5.230005918362161
15.63	5.083656058019201
15.64	4.769925183610748
15.65	4.436665323038857
15.66	3.5448629692782685
15.67	3.536824239261591
15.68	3.621880355459837
15.69	2.6022801854361517
15.7	2.304019114692688
15.71	2.2178414960497843
15.72	1.3512045378965878
15.73	0.575821265997958
15.74	1.1000930072774102
15.75	1.1510660749316712
15.76	1.041238416194405
15.77	0.4583393502670797
15.78	0.7777872891432195
15.79	0.5067074304157808
15.8	0.6681167593335459
15.81	0.5207532292399044
15.82	0.015106903925043824
15.83	-0.4267042756179861
15.84	0.01951480488009416
15.85	0.7736369655494029
15.86	0.5214730901425356
15.87	0.9849225936345545
15.88	1.6174888931561275
15.89	0.18006953103394197
15.9	-0.007029296151981113
15.91	1.0161368274167304
15.92	0.5991175950989504
15.93	1.6112457275570111
15.94	1.199313114742091
15.95	2.142558066832652
15.96	3.2644641360369553
15.97	2.696980928548981
15.98	3.4386414775391327
15.99	4.364192607094888
16.0	5.0353260426555195
16.01	4.121951776011965
16.02	5.320628973745752
16.03	6.335659394084245
16.04	5.860971023028236
16.05	7.0808632177212765
16.06	7.784437327376705
16.07	8.692527124081527
16.08	8.903631751993963
16.09	8.50180080816496
16.1	9.705060103318393
16.11	10.602192769972683
16.12	10.642077078218364
16.13	11.215647398595967
16.14	10.96090621375837
16.15	11.549305260683154
16.16	12.500653621244009
16.17	12.578501304246123
16.18	13.735902529281969
16.19	12.759635946670372
16.2	12.994540594410877
16.21	14.455521790657368
16.22	13.845280019875299
16.23	14.847558864955795
16.24	14.681440579053586
16.25	15.603855262047496
16.26	14.780712000687084
16.27	14.994219002299
16.28	14.663456057466432
16.29	15.658213197547589
16.3	15.622160331421325
16.31	15.763307252694297
16.32	16.22265742825856
16.33	16.113075925523074
16.34	15.810958153241682
16.35	15.135738598805448
16.36	14.860904208383975
16.37	15.893769263605076
16.38	14.351416578006639
16.39	16.231427368053282
16.4	15.240775429873594
16.41	15.821438715522303
16.42	15.712553170787745
16.43	16.0988288738622
16.44	15.368371317553162
16.45	14.294567875134492
16.46	14.135560089947129
16.47	14.00682960006635
16.48	14.230215294265042
16.49	13.214141486457244
16.5	13.865158221607116
16.51	13.0574229440396
16.52	13.951611285976082
16.53	12.49547896841583
16.54	12.48341111327407
16.55	12.137997798758986
16.56	11.546586107134388
16.57	9.996832337616716
16.58	10.768904542764174
16.59	10.999103304656082
16.6	9.559536949316163
16.61	8.906538734412306
16.62	8.406785677436885
16.63	8.425138975850736
16.64	7.8534837374092055
16.65	7.667333808787923
16.66	7.386479370020099
16.67	7.449539212441907
16.68	6.863480447100973
16.69	6.286013999287459
16.7	5.61334129281726
16.71	4.755730543770975
16.72	4.139569938173291
16.73	4.7784988760327645
16.74	4.048375195922262
16.75	4.390356261233404
16.76	4.50766452690262
16.77	3.724255072582509
16.78	3.8249735042202175
16.79	2.8854538076802467
16.8	4.193170177900255
16.81	2.489081361055752
16.82	2.5846346501310697
16.83	2.889733950225718
16.84	2.086013150485785
16.85	1.419547250217663
16.86	2.601365601599465
16.87	1.295044566486688
16.88	2.1982313369557795
16.89	1.2212314995144902
16.9	1.5336494970624015
16.91	0.8170856475208613
16.92	1.2788778531760483
16.93	0.26285245513204936
16.94	1.203953211707864
16.95	1.1309520874609202
16.96	2.0494342233024634
16.97	1.8179289803568754
16.98	2.239587239620573
16.99	2.488421380408302
17.0	2.2650905646064667
17.01	0.7951346344980219
17.02	2.2960255125891544
17.03	2.9824350616229136
17.04	3.3205421865844604
17.05	2.98707362245448
17.06	3.7235915933184427
17.07	4.398807576896258
17.08	4.734942935554221
17.09	4.516909174798489
17.1	4.9154749232422965
17.11	5.005718043949101
17.12	5.725851259894407
17.13	5.5844980722717095
17.14	7.223032120027972
17.15	6.7314478889610925
17.16	8.780340434575129
17.17	7.39252973599849
17.18	9.75131826328928
17.19	9.195104621585305
17.2	8.796772333739462
17.21	10.67404093511004
17.22	10.481639300327842
17.23	12.022156277684328
17.24	12.063143677745332
17.25	13.167287677784442
17.26	11.850298012392624
17.27	13.51962379076012
17.28	14.439112106427874
17.29	13.700114770946927
17.3	13.107523465332516
17.31	15.255961599924388
17.32	14.680526637674687
17.33	15.245808449072529
17.34	15.116548186164891
17.35	15.220082895171922
17.36	15.54268734730859
17.37	16.208469998190015
17.38	16.36428313753396
17.39	15.961257010156432
17.4	15.71381382947439
17.41	17.558181934331103
17.42	16.46610433507431
17.43	17.091927114825136
17.44	16.98534946013128
17.45	16.893016350177806
17.46	17.867962179166636
17.47	17.394603460912847
17.48	16.9318675694728
17.49	17.22844596173385
17.5	16.437521707992445
17.51	16.729308213505632
17.52	16.01293473299997
17.53	15.742529714095026
17.54	16.02134958458804
17.55	15.764999403203179
17.56	15.582146906460181
17.57	16.127157283578516
17.58	15.020749869365579
17.59	14.851836799259067
17.6	15.152748603102875
17.61	13.918396394021679
17.62	13.60156419204631
17.63	13.923226792855015
17.64	13.239669782253886
17.65	12.437052891095316
17.66	12.047915930468253
17.67	11.956432999175355
17.68	11.9702834535884
17.69	11.076850794148804
17.7	10.72398918765881
17.71	10.428046240797698
17.72	10.346387127027082
17.73	9.447110561987166
17.74	8.65105285796649
17.75	8.883560972228253
17.76	8.983897737587656
17.77	7.699082734013014
17.78	7.607637615385391
17.79	7.1079914987592785
17.8	5.6412072103976625
17.81	5.50354282601924
17.82	5.468825343108759
17.83	5.901501452838818
17.84	5.692220516259176
17.85	5.286574407868999
17.86	4.933894637911169
17.87	3.766271783472956
17.88	4.036874314660016
17.89	2.7777960812874603
17.9	3.4353539586392863
17.91	2.877903447980412
17.92	2.8496342650827393
17.93	1.8254033375236198
17.94	3.0686318051616133
17.95	2.3540344704456295
17.96	2.7956145790942104
17.97	1.8344966615493272
17.98	2.282043213479781
17.99	1.661388407038014
18.0	0.22853455224035757
18.01	0.8054303450302773
18.02	1.2330174788914623
18.03	0.704837355958686
18.04	-0.16448853213277337
18.05	0.759746061794603
18.06	1.0842276392288928
18.07	0.08177648025305806
18.08	1.1061824169688692
18.09	0.8920091110367468
18.1	0.6612459605364365
18.11	0.5457589239747878
18.12	0.9820993725260972
18.13	0.9582580788303185
18.14	0.7227157330416825
18.15	2.070979587911425
18.16	1.7445441354551838
18.17	1.1225351571116635
18.18	1.736718546751271
18.19	2.833735129786586
18.2	2.829194578330906
18.21	3.38613324662762
18.22	4.15772323114694
18.23	3.9634060266660227
18.24	5.263892341944024
18.25	4.772797871322832
18.26	5.489591389485927
18.27	5.656740818337124
18.28	4.980703848379462
18.29	5.959388297339066
18.3	6.684577507301841
18.31	9.050752349966094
18.32	7.4412349773184046
18.33	8.41592651180825
18.34	9.302029214988238
18.35	9.738816128137897
18.36	8.631900209696798
18.37	10.691108036345456
18.38	10.95265627206021
18.39	11.675768681276601
18.4	11.8668466757489
18.41	11.906028653153847
18.42	12.061852818199675
18.43	12.884628914292893
18.44	13.006734523219091
18.45	13.479714269020617
18.46	14.811414767554297
18.47	14.80406803825604
18.48	14.934507286026879
18.49	14.570317162195932
18.5	15.420336299084326
18.51	16.213742970348722
18.52	15.471773740470997
18.53	16.391677163927056
18.54	14.885359365302525
18.55	16.57567494575182
18.56	15.263006156209752
18.57	15.264293382038336
18.58	16.264337985564623
18.59	16.73946960550745
18.6	16.199140323105986
18.61	16.621857456768982
18.62	15.97211117454395
18.63	16.344785037411793
18.64	16.25246701931873
18.65	16.203598750821122
18.66	15.575549276946264
18.67	15.60346625500316
18.68	15.134299829988208
18.69	15.52571237938152
18.7	14.697736689979894
18.71	14.75484830092638
18.72	15.344402299274146
18.73	14.208265352646587
18.74	14.888352064411515
18.75	14.450675936011347
18.76	13.39367935053107
18.77	13.25157843979869
18.78	12.341967728918604
18.79	11.93654432560025
18.8	12.41135774518524
18.81	11.122025068826222
18.82	10.987498018672158
18.83	9.885705819795819
18.84	9.96760445655445
18.85	10.170412509093012
18.86	8.635062407999074
18.87	8.856887155577368
18.88	7.198615541971706
18.89	8.749259600106727
18.9	7.697777010369296
18.91	6.319662616975668
18.92	6.148356391227507
18.93	6.1142479784356745
18.94	4.574373290015772
18.95	6.707004980880561
18.96	5.529633754688321
18.97	5.299301942672939
18.98	4.536514789355364
18.99	4.082946727850128
19.0	3.403717453698327
19.01	3.934022718985581
19.02	3.416393242363449
19.03	2.727152093419271
19.04	2.061856519029707
19.05	2.954040258601794
19.06	1.4929279566283842
19.07	1.5941867501942353
19.08	0.6760943663461516
19.09	0.658052018416697
19.1	0.7878866068866093
19.11	0.05679324642295769
19.12	0.457597848198769
19.13	0.003503532398639264
19.14	0.7623698850989542
19.15	-0.04744194845622479
19.16	0.789980599566265
19.17	0.8398169274767
19.18	-0.15693282742432044
19.19	-0.13813334824994794
19.2	0.0729540063722178
19.21	-0.3719787101887857
19.22	-0.24357078127866044
19.23	-0.6070504704411869
19.24	0.5304664110894401
19.25	0.9031583703021082
19.26	0.7476918389796183
19.27	0.0591561369392295
19.28	1.3144180260854463
19.29	1.526135578174855
19.3	1.2031704135363062
19.31	2.082082777222271
19.32	1.5022005167243677
19.33	1.5037128146269734
19.34	2.5642523013383447
19.35	2.902097521095565
19.36	3.670557653441213
19.37	3.936522878893422
19.38	4.245049417079327
19.39	4.9200362816593195
19.4	5.119343262334894
19.41	4.913496187791799
19.42	6.2339942410544715
19.43	6.703987179407039
19.44	7.535582132211757
19.45	7.7872153316795
19.46	7.534496932133875
19.47	8.452410538636293
19.48	9.148195039608268
19.49	9.443211117416642
19.5	9.757525791038907
19.51	10.004977365907898
19.52	10.723144086847501
19.53	11.569885512320187
19.54	11.566537111152817
19.55	12.11845249351102
19.56	12.586932769958429
19.57	12.546696527256723
19.58	12.90443076831545
19.59	13.162350272811029
19.6	14.889821098241997
19.61	15.11856433896752
19.62	15.932004158923718
19.63	14.296532129941212
19.64	15.717971416675427
19.65	16.64766373119023
19.66	16.89264334923026
19.67	16.319474997904123
19.68	17.006239632665668
19.69	16.887162358424693
19.7	17.54392478561941
19.71	17.3934388760856
19.72	16.990355558908934
19.73	17.949178747061662
19.74	17.744154524419116
19.75	17.67161187743852
19.76	17.36506284268915
19.77	18.510244238779833
19.78	18.37162622174181
19.79	17.947668863873112
19.8	17.90924066804542
19.81	18.049402033560373
19.82	18.678897163823088
19.83	17.76366947946641
19.84	18.302892163018367
19.85	17.914279302584525
19.86	17.077338537885336
19.87	17.97669965395671
19.88	16.703392479608592
19.89	16.635885052289012
19.9	15.907964131101977
19.91	15.199264977992161
19.92	15.929471647250296
19.93	14.755934964760558
19.94	14.663751851373755
19.95	14.995654315351878
19.96	14.344794655542422
19.97	13.509094198170832
19.98	12.457140858239235
19.99	13.011224474099752
20.0	12.492091934614711
