10.01	6.751828230977464
10.02	13.408201946119398
10.03	6.328685017018545
10.04	7.894497446278909
10.05	9.233275020311268
10.06	7.035117027146999
10.07	8.203441904494172
10.08	8.664342160214767
10.09	6.249140844189981
10.1	7.473505155068041
10.11	4.6404804913199875
10.12	7.171430318555537
10.13	5.037651002965154
10.14	2.748497516405206
10.15	5.08714522161497
10.16	3.5078013904763004
10.17	4.984322671864332
10.18	2.8458227648104257
10.19	5.047721846678336
10.2	4.390090305313976
10.21	4.049131062576646
10.22	0.319935725810514
10.23	2.0939591600275693
10.24	2.2955492642828235
10.25	2.3543396852313356
10.26	1.052085123005721
10.27	4.90982607618504
10.28	2.0795088357849063
10.29	1.0580630622140255
10.3	1.6904475742340295
10.31	3.3367789035230717
10.32	2.6163097042274353
10.33	1.724837629172102
10.34	1.564483481274522
10.35	4.286474008645929
10.36	3.688648670524638
10.37	-0.5426361565775095
10.38	4.0721292042675525
10.39	4.067938650477517
10.4	3.701400292673446
10.41	3.0307822533278843
10.42	4.295279068713569
10.43	2.672793390745947
10.44	3.4303083323922343
10.45	4.558844648768115
10.46	7.769698438156299
10.47	7.57843143331409
10.48	5.806045613040759
10.49	6.375127418139023
10.5	5.551950241292868
10.51	8.5123571873087
10.52	8.403256953855802
10.53	6.348808898499448
10.54	9.018254947312318
10.55	10.368492206218868
10.56	8.99027500227854
10.57	8.702978227107103
10.58	10.054437268692942
10.59	10.21097265286318
10.6	10.480970242621252
10.61	12.312827700338497
10.62	8.279891134002684
10.63	11.530980447089542
10.64	11.752392731574956
10.65	10.866464871827183
10.66	9.526886897760384
10.67	11.934467122680486
10.68	10.368171427158467
10.69	11.700300550844645
10.7	11.636166305086006
10.71	11.246246442957972
10.72	9.925163173449569
10.73	10.908006798527184
10.74	8.942162830669393
10.75	14.240661588449852
10.76	13.516777788891178
10.77	12.347761334046666
10.78	10.544776035563244
10.79	9.91738448371484
10.8	8.643202621416163
10.81	9.989407893053441
10.82	7.575910369086094
10.83	9.693157138225564
10.84	12.039791907422053
10.85	6.754038836318194
10.86	6.36986789124876
10.87	4.988217495043225
10.88	10.76181021995185
10.89	6.417291487111756
10.9	7.387631160920904
10.91	5.13618413734711
10.92	8.262645327603236
10.93	3.9624290591347595
10.94	6.004336018364668
10.95	6.492672307659484
10.96	3.4115392182229
10.97	5.504656350529128
10.98	5.582169388152715
10.99	3.805677676902468
11.0	3.9491375478452344
11.01	4.355244408146447
11.02	4.682976119951306
11.03	3.244710331418966
11.04	4.058818142750604
11.05	5.437359394084968
11.06	2.0415493596579117
11.07	1.453193358823643
11.08	5.351873727363184
11.09	3.0051803036832636
11.1	1.1827971177837977
11.11	0.4120527248636532
11.12	3.1865013397716266
11.13	3.8341194851791647
11.14	3.552566926801072
11.15	2.6065822353600447
11.16	6.384009236203662
11.17	4.106935020331972
11.18	2.5565965002386677
11.19	6.247405941985865
11.2	5.054568648461862
11.21	4.742028515937503
11.22	5.220478332572945
11.23	6.2791172894393235
11.24	5.0709475723376585
11.25	7.142593158019168
11.26	5.184321260091947
11.27	7.594680292819955
11.28	7.876018418453984
11.29	8.478376388542122
11.3	8.828557242121803
11.31	7.658058249107909
11.32	7.7383049165241555
11.33	8.602025202679021
11.34	11.429669226664682
11.35	7.472124595853854
11.36	11.518083987861136
11.37	12.05980565303964
11.38	11.076679948760132
11.39	11.156313833948417
11.4	11.539525900024882
11.41	10.153411231522044
11.42	10.37541300184549
11.43	12.538612869341305
11.44	11.397827812506916
11.45	10.881960423495043
11.46	12.176606425462836
11.47	11.759138450051227
11.48	12.296875796653184
11.49	14.46368858785438
11.5	13.122440638060135
11.51	14.604439008360043
11.52	13.610347839104529
11.53	12.176952810023137
11.54	8.584591027230765
11.55	8.253175388547742
11.56	11.968899118190974
11.57	9.936423326539344
11.58	11.92535709106716
11.59	11.500939727275004
11.6	8.163760568303813
11.61	6.8162100592258295
11.62	8.449125297843347
11.63	5.354495716037799
11.64	9.390199523603101
11.65	5.6120565075347075
11.66	7.501101379056394
11.67	6.186435848636719
11.68	4.663970508972222
11.69	3.853821334898794
11.7	6.637858115913834
11.71	5.973164767893788
11.72	4.012739862374129
11.73	3.318371039360178
11.74	5.913377360191963
11.75	2.433322177124653
11.76	5.278111314759177
11.77	-1.1245125145543549
11.78	2.608136476123226
11.79	3.41105892293005
11.8	-0.1173229866016865
11.81	2.0541454674088433
11.82	2.3166301212312566
11.83	2.7009564383627915
11.84	0.9314528718790279
11.85	3.6994946953987613
11.86	-1.2472275242632955
11.87	-0.766753926459742
11.88	4.134064534869134
11.89	2.926735630152473
11.9	2.1388974456265952
11.91	-0.032522622443611704
11.92	0.5880585956923017
11.93	-0.4697439922768063
11.94	2.087766639281356
11.95	2.2672425169574426
11.96	1.1275005001392333
11.97	3.1828532607052544
11.98	4.114695818795189
11.99	4.885824851637605
12.0	4.068062361084772
12.01	4.220376831594386
12.02	5.813910956090677
12.03	4.1145864774084
12.04	5.38188079469022
12.05	8.01858653679419
12.06	7.199553999241776
12.07	6.9763104699914935
12.08	9.79579431700538
12.09	9.00229513070277
12.1	9.749632403509787
12.11	8.787538034945179
12.12	8.93407524949131
12.13	8.65856874583699
12.14	8.363799661183915
12.15	4.630228369248119
12.16	10.525277828361746
12.17	9.477928729919585
12.18	9.597848782723998
12.19	9.155279342169703
12.2	8.028007556750017
12.21	9.21034581945461
12.22	10.65212257814006
12.23	10.319891311975887
12.24	8.30837059457145
12.25	8.33223034878288
12.26	10.605138116758042
12.27	8.697826278348286
12.28	10.711093934270787
12.29	9.461593837217027
12.3	7.609647842106976
12.31	10.146599766755998
12.32	8.131231264047937
12.33	7.853330141015731
12.34	7.580973536601674
12.35	8.153212971092572
12.36	6.729921343166393
12.37	6.401563732440595
12.38	5.23898857131507
12.39	4.5715845389575716
12.4	7.2976567149732565
12.41	6.551617415487206
12.42	5.8698064427553
12.43	6.432063560787803
12.44	3.1322958169220576
12.45	3.5933600562391037
12.46	1.7037432043644898
12.47	2.341594569502251
12.48	3.8377760391660543
12.49	1.495173219929808
12.5	2.9341087162711763
12.51	3.628949201617853
12.52	1.1770285869553907
12.53	-0.5530740913349954
12.54	3.4661555143113625
12.55	-0.2888831715914405
12.56	-0.03738209840543649
12.57	-0.46638232263844204
12.58	-2.1591063779820514
12.59	-2.5336292198317425
12.6	1.4439932540767781
12.61	0.7307682331246309
12.62	-0.8502693009457399
12.63	1.5643098130701036
12.64	1.2618824782744853
12.65	1.1672043836996568
12.66	1.3162208561586932
12.67	0.7809848836911976
12.68	1.2605511204740432
12.69	0.837733349763289
12.7	2.0663055655992557
12.71	-0.35509897323726214
12.72	1.0474144851521068
12.73	-1.4643719030134654
12.74	2.7904237045978015
12.75	3.148171807057197
12.76	5.208399800378606
12.77	3.9948821010280877
12.78	6.350457786128563
12.79	4.433845863749716
12.8	0.887001103580312
12.81	5.448692343764134
12.82	5.7560026107700635
12.83	7.668660875834064
12.84	9.531882611866472
12.85	6.175913921587845
12.86	7.353642748567425
12.87	4.490331103582175
12.88	6.698310122989632
12.89	8.47673874260243
12.9	6.815885068443851
12.91	7.698662031535067
12.92	6.698076626460852
12.93	13.52168064161515
12.94	9.869018379867821
12.95	9.009099075090251
12.96	10.146230955748516
12.97	12.775913176111015
12.98	10.524340753693373
12.99	9.561970415210757
13.0	10.596274373880343
13.01	7.065875020630193
13.02	11.388757151776588
13.03	12.486930429647364
13.04	11.077489880109423
13.05	9.169222601040879
13.06	12.490867178520492
13.07	10.976094200343924
13.08	7.725230013736202
13.09	9.513828277797685
13.1	12.249190827998234
13.11	7.857176012912499
13.12	10.784897942631043
13.13	8.081700606439073
13.14	8.951340146964284
13.15	8.199486285562784
13.16	8.513407808439373
13.17	6.260098253381167
13.18	4.716637905130618
13.19	4.340848349309893
13.2	4.429799556884564
13.21	5.538990136957753
13.22	5.978970541184633
13.23	4.664563111897018
13.24	3.434269067284168
13.25	3.1157473585363036
13.26	5.735063214049207
13.27	1.5982836419844475
13.28	3.093510232496515
13.29	3.4507611873405803
13.3	1.8603498533549414
13.31	2.036997308788354
13.32	3.2734245525210337
13.33	0.6463085000503141
13.34	1.9841736270566623
13.35	1.0977670778615582
13.36	1.181501208551761
13.37	-1.5860302565238837
13.38	-0.6525908161407818
13.39	1.7722183505004119
13.4	0.8656399542213034
13.41	1.5122601485068305
13.42	0.18166865427070666
13.43	1.7201582825250263
13.44	2.596939717751712
13.45	-0.16798165625010752
13.46	2.3098506192941897
13.47	3.227533463696725
13.48	4.899268132070553
13.49	2.7596194989569476
13.5	1.8176247618213752
13.51	4.305754757093004
13.52	3.835323486951542
13.53	4.209888929349
13.54	2.6065540586640386
13.55	3.947961324288632
13.56	7.466667676765711
13.57	5.691385951140417
13.58	7.0121956226164945
13.59	6.468911231535481
13.6	7.08254122768485
13.61	5.092225938739591
13.62	6.57476692845531
13.63	10.048043466970629
13.64	7.155910267435889
13.65	8.43245216611462
13.66	7.907135685612076
13.67	9.850154606405244
13.68	8.165226947985056
13.69	10.734256103730887
13.7	7.759137764687227
13.71	9.132152158148108
13.72	11.081257031399296
13.73	11.509428232927087
13.74	9.208718167819155
13.75	9.714453039771735
13.76	10.352072744090782
13.77	7.914830265288131
13.78	6.373076450644
13.79	10.330232840172108
13.8	8.579152410179955
13.81	8.200701581096652
13.82	6.890799828201762
13.83	4.264920985294097
13.84	8.989009847637828
13.85	5.97855355014247
13.86	7.849956743803296
13.87	8.162781798575109
13.88	5.169817107513352
13.89	6.522673383366394
13.9	5.3455731910513435
13.91	6.017001949134144
13.92	5.133458766264759
13.93	4.780793617472998
13.94	5.438992516600307
13.95	3.92910380113834
13.96	1.9266522756044098
13.97	4.993735833045783
13.98	0.6652058780475101
13.99	1.9489485309280083
14.0	4.504950103025272
14.01	2.424093278817979
14.02	0.8757007032816633
14.03	4.0296938532519055
14.04	1.4960595907628398
14.05	2.4780166710241756
14.06	3.669079987969458
14.07	-0.8151614439519395
14.08	-1.2978906133584656
14.09	3.1656529641140594
14.1	2.5373688897998976
14.11	-0.6053657812890643
14.12	1.958004073968955
14.13	0.641922925527545
14.14	2.843479390219855
14.15	2.027942740894784
14.16	3.1204939962160303
14.17	2.325233011962187
14.18	3.2871608262914576
14.19	1.4965446804887366
14.2	0.24546140756254786
14.21	5.21242231680125
14.22	3.0460358441486504
14.23	2.0850825410859404
14.24	6.021794213656392
14.25	4.872377909883086
14.26	4.216718756352234
14.27	4.876408507376159
14.28	3.6760583711532497
14.29	2.2757933324170594
14.3	4.780220326804534
14.31	5.283551719229025
14.32	8.496680160711502
14.33	5.465599313039694
14.34	8.665841749322613
14.35	6.471684384898431
14.36	7.472537850438568
14.37	9.571606255292712
14.38	9.097741500589407
14.39	7.420237211615873
14.4	7.584861273561895
14.41	6.99858643433233
14.42	7.689261105294862
14.43	8.34994967738735
14.44	9.724902050020683
14.45	11.377758925734671
14.46	8.96539249408545
14.47	9.679346127877892
14.48	9.845563346688884
14.49	7.77350953113562
14.5	7.714426163299991
14.51	9.192938018834491
14.52	10.112632607903407
14.53	6.887321997406354
14.54	8.637133325491261
14.55	8.751092135402871
14.56	9.178758445679486
14.57	9.796316412848194
14.58	8.146982038003687
14.59	7.60856377791381
14.6	5.360947288949315
14.61	6.624370211678593
14.62	5.045500325542565
14.63	7.002979370499497
14.64	7.674838437144193
14.65	5.9172202983202835
14.66	5.701913961656719
14.67	6.017769768366826
14.68	3.776693409938906
14.69	1.936161624644848
14.7	3.8227646024335193
14.71	2.7797023593986436
14.72	2.4646567541272306
14.73	2.8997388278956224
14.74	4.024887501997028
14.75	5.56199477375481
14.76	2.5970319817907797
14.77	3.6181763347585525
14.78	-0.5970612783016971
14.79	1.4026333728630829
14.8	2.1152564702923518
14.81	1.7494439275836555
14.82	2.473489448634668
14.83	0.4897111800400822
14.84	3.968878014577297
14.85	0.6514588162059195
14.86	3.427874688433876
14.87	-0.887840940242232
14.88	3.0314758007724314
14.89	-0.033740722157517666
14.9	3.886148058050022
14.91	1.5126660336147881
14.92	1.3321715606014157
14.93	1.7406564057466491
14.94	3.774308399366517
14.95	3.9647275333905605
14.96	1.1524349176187303
14.97	5.766056657761397
14.98	3.799809013436632
14.99	4.619369838355114
15.0	6.965665720000416
15.01	8.788933221520898
15.02	8.5437967654832
15.03	5.466061058330985
15.04	7.373897499616554
15.05	5.304695960499601
15.06	7.254616021837832
15.07	7.064505317734311
15.08	7.933402046485492
15.09	9.212919478984489
15.1	10.541534916741671
15.11	9.503027744453258
15.12	9.772597183036806
15.13	9.644498592391114
15.14	10.947266179748988
15.15	8.983555429328439
15.16	12.235319439491901
15.17	11.934761309036077
15.18	9.811859552426595
15.19	9.30432913159778
15.2	8.315880531249082
15.21	9.330829763362981
15.22	9.165316193425948
15.23	13.041243094894332
15.24	12.73021243985323
15.25	10.324408766211818
15.26	9.889148776950014
15.27	7.259816550549017
15.28	7.292006654519716
15.29	11.81284885310016
15.3	10.86906539018489
15.31	13.434526784494832
15.32	8.87667356483694
15.33	10.90336667967716
15.34	11.216253210790017
15.35	11.892876050314966
15.36	12.946195996658098
15.37	8.475153869933303
15.38	7.824447907061406
15.39	11.073493914355787
15.4	9.604905770704
15.41	9.70615578753415
15.42	6.281277797515156
15.43	8.689339460704199
15.44	7.888701635992023
15.45	4.842134017319941
15.46	7.455602678643575
15.47	6.315947306898129
15.48	5.032152418867696
15.49	6.8289076929282215
15.5	3.629572905895669
15.51	2.027306195103161
15.52	3.6454995695767707
15.53	3.3034834198599534
15.54	2.806558705173072
15.55	4.3258588482856
15.56	5.263862561959608
15.57	-0.21968942191795904
15.58	4.21187656682017
15.59	0.927537522895829
15.6	1.1163185250116787
15.61	0.8714322103992564
15.62	3.2190611567424146
15.63	3.146322570539656
15.64	-0.6367053535170464
15.65	-2.4965909363682064
15.66	-0.5920717334319386
15.67	1.1802253752717695
15.68	-0.761512630077371
15.69	-0.2386999915672287
15.7	-0.2369227669887778
15.71	2.242972416195519
15.72	0.5417701675971393
15.73	-1.0145343932533315
15.74	2.286956209693317
15.75	-1.0993054553969934
15.76	0.882699847317543
15.77	0.3689208905035487
15.78	1.2048834476878505
15.79	0.950248586463166
15.8	0.6444442222305696
15.81	1.6528952237359507
15.82	1.7202135711547304
15.83	0.5843423315489593
15.84	-0.05453091343892469
15.85	3.5022741922400464
15.86	2.837239215952543
15.87	3.4319211364475577
15.88	3.1526729102194557
15.89	2.2566398161524908
15.9	6.247210926661364
15.91	7.12031945954133
15.92	7.655430367658187
15.93	4.461745578419629
15.94	8.199204196374989
15.95	5.342688430409034
15.96	7.374678867012496
15.97	5.444902191712046
15.98	7.4569130190558255
15.99	6.699349422698697
16.0	9.581703922875747
16.01	4.677262289627745
16.02	5.193570784316582
16.03	7.063705960976198
16.04	7.780770222164721
16.05	8.633870256244412
16.06	10.586747070862653
16.07	10.069591218592112
16.08	12.957933331356639
16.09	7.814581516805325
16.1	7.3844241924217044
16.11	9.483047251746102
16.12	4.406736153062122
16.13	8.745003075018742
16.14	8.157111132343031
16.15	6.3521358335212454
16.16	11.62071779004723
16.17	7.390581271628377
16.18	9.760848450457813
16.19	7.663213121901135
16.2	9.174638499233723
16.21	6.343140763784941
16.22	8.49872726629146
16.23	8.836715309812035
16.24	4.957242097765151
16.25	6.241209457259419
16.26	4.5906349045354995
16.27	4.92211112365523
16.28	4.9652391982583675
16.29	3.7271570666274347
16.3	6.616421633992843
16.31	1.5003206172204062
16.32	3.394641479256522
16.33	2.082447215335759
16.34	3.2286473698905573
16.35	2.931188406293805
16.36	3.3472824075584073
16.37	3.0033510129559384
16.38	-0.23530262290495751
16.39	2.835389062008708
16.4	0.4656246703923631
16.41	2.338013416683828
16.42	1.135536083473896
16.43	0.5737326815555763
16.44	-2.6454308667993076
16.45	-0.4902921506437522
16.46	4.617227240807572
16.47	2.4693988017101987
16.48	0.22118201243812285
16.49	0.747394947710508
16.5	0.5607635569591888
16.51	0.33140898422376486
16.52	3.546664882137636
16.53	-0.634005156191489
16.54	2.5022766637712843
16.55	3.1515383187801143
16.56	4.089321898197618
16.57	3.932504653850856
16.58	5.6514801508217545
16.59	5.108868096463912
16.6	3.5367055050632055
16.61	5.049534305195018
16.62	1.7393638455617069
16.63	4.737519777119991
16.64	3.2011573970563583
16.65	8.762208952797938
16.66	5.343575516372903
16.67	5.528140253642912
16.68	6.1494219077075885
16.69	5.854595678853889
16.7	9.961178468589956
16.71	9.237766317482329
16.72	6.883377980560108
16.73	6.746161102908353
16.74	5.71745608686035
16.75	9.176587316525525
16.76	11.786729653078503
16.77	9.56515341396594
16.78	10.482653008848457
16.79	8.221003667794664
16.8	10.715790968260656
16.81	9.183630034553737
16.82	9.843172150571082
16.83	7.906109306832982
16.84	9.704571278557655
16.85	7.970314519283461
16.86	8.51886066444793
16.87	13.560687462377397
16.88	10.588979209880051
16.89	5.466617425274964
16.9	11.038129575659351
16.91	7.394768948077262
16.92	8.60473874182916
16.93	10.946155593960807
16.94	8.50100839588006
16.95	10.244883014161193
16.96	7.078819699911119
16.97	5.676420130857715
16.98	8.375788291473942
16.99	5.319839781361499
17.0	6.050507004001078
17.01	6.513879618302372
17.02	5.60327174047742
17.03	5.2268511724571205
17.04	3.7503300413749905
17.05	5.141228704524315
17.06	3.248631281793134
17.07	1.304906411784093
17.08	5.351584308024092
17.09	7.239305143768275
17.1	2.3327766318341365
17.11	5.645646733252207
17.12	4.527151011641079
17.13	0.5995944835941069
17.14	2.4043077581648054
17.15	3.064420701175079
17.16	1.8124554734156673
17.17	2.6695157342538605
17.18	2.98119302958632
17.19	1.3099084748151473
17.2	2.8962126367504535
17.21	2.59981547280661
17.22	-1.0517600150983981
17.23	1.3341341544896816
17.24	2.737332392560699
17.25	4.1318243312672305
17.26	2.622506189791436
17.27	4.22650587836722
17.28	2.9494103226088226
17.29	2.0615174648970656
17.3	4.064615873656104
17.31	4.174098329436768
17.32	4.804632516700303
17.33	4.643638011259384
17.34	6.2742115367726194
17.35	4.789476950628307
17.36	6.2896203149389915
17.37	-0.13600290368705803
17.38	6.250112477452797
17.39	4.101498889292385
17.4	4.660940736276621
17.41	7.70362535009298
17.42	8.012708994845429
17.43	5.434854351096437
17.44	14.03663593011019
17.45	13.19473333088072
17.46	7.354700384127093
17.47	6.44147331853697
17.48	11.584179226569429
17.49	9.689771728878373
17.5	9.837119295100042
17.51	9.743861009757056
17.52	9.76571204662887
17.53	11.97076033956232
17.54	9.212049088922775
17.55	11.120368379114336
17.56	11.831068695562939
17.57	12.452094377420003
17.58	10.577209668555952
17.59	11.873259003045442
17.6	9.411384191466796
17.61	11.38737968409184
17.62	10.070487321001348
17.63	8.698538593444598
17.64	12.331447853583285
17.65	8.929313699066677
17.66	6.563503147941684
17.67	8.645475470392403
17.68	8.195719336491253
17.69	5.310898182894899
17.7	7.803480367305258
17.71	6.321225021312316
17.72	7.3198636433397555
17.73	4.798367928600786
17.74	4.850076507112917
17.75	6.303058366436684
17.76	5.3451318942890556
17.77	0.9148695587604552
17.78	4.954830817635453
17.79	3.3992996614769844
17.8	5.996832960475686
17.81	0.7680908072108479
17.82	1.214954584053516
17.83	0.3092511954440318
17.84	2.796827665748107
17.85	2.7583273177832006
17.86	0.5478342267529616
17.87	2.366390871376579
17.88	2.43371806729348
17.89	2.9605621769890074
17.9	-0.18092689579009802
17.91	-0.7876104565031136
17.92	-0.709764810616168
17.93	1.2550551993688244
17.94	-0.9918984006400204
17.95	-1.1219469498365326
17.96	1.3038488669872579
17.97	2.216169503992359
17.98	1.7312825482399279
17.99	-0.1395843368450458
18.0	3.2619909490322785
18.01	0.9506212707528023
18.02	1.3761072197474822
18.03	3.6451051872877755
18.04	3.3241201992861997
18.05	1.8378020798930512
18.06	2.1372189555435823
18.07	4.782143962551525
18.08	2.818601623568015
18.09	3.5174048653302856
18.1	5.885102833891982
18.11	3.8120753589614713
18.12	2.9398381740548265
18.13	6.106674388086862
18.14	5.453703681040575
18.15	7.812416468802809
18.16	6.920981568069171
18.17	6.881970153019196
18.18	5.680074270693444
18.19	10.483008862021247
18.2	6.088493563729299
18.21	8.853709250579938
18.22	9.940824974566365
18.23	6.84921300517197
18.24	9.923277136215837
18.25	10.747265348415109
18.26	8.004103558586804
18.27	11.609096957608632
18.28	9.385164440661274
18.29	12.390503716008178
18.3	9.225709357500289
18.31	8.726641967160965
18.32	10.60408060095232
18.33	9.069077410295035
18.34	9.34925123172619
18.35	11.41331863280712
18.36	8.99729274658669
18.37	12.01116891233518
18.38	6.730502828029865
18.39	8.514076090084139
18.4	7.7421449266554605
18.41	7.4680057283673875
18.42	7.709919881045444
18.43	5.593912457758728
18.44	6.543692379942025
18.45	8.319764866702364
18.46	5.4724365656578815
18.47	2.6894150476463863
18.48	2.5688972914673434
18.49	4.381080939488895
18.5	3.4749992497912014
18.51	6.498353104980095
18.52	3.6959198997133855
18.53	1.180824146487995
18.54	1.9962393951188486
18.55	2.9778115667352485
18.56	2.3469544338461317
18.57	2.6147820644985345
18.58	2.0566068331423044
18.59	2.602735022365259
18.6	2.446917395429094
18.61	2.805080823451762
18.62	-0.7761944978466574
18.63	0.8904878717549484
18.64	0.6846744614456525
18.65	0.7774376079154527
18.66	-0.4759098492293591
18.67	-0.2888400289939541
18.68	-0.41202273897843344
18.69	2.0676689986660377
18.7	2.7685942065755285
18.71	-0.37759912365766835
18.72	-0.08361563757729629
18.73	2.2759571711380646
18.74	1.0190561051511025
18.75	0.2833659670444595
18.76	3.080946858187608
18.77	1.3192301865630525
18.78	4.709284310264104
18.79	3.96184015678735
18.8	3.302017030372031
18.81	5.633828741133843
18.82	1.6471788917708634
18.83	5.3714882899166
18.84	5.2091712762298945
18.85	3.713295884863067
18.86	4.2982255201453015
18.87	3.573596044868583
18.88	3.5739773165688513
18.89	8.090699928933143
18.9	6.199425044730281
18.91	5.512723169510654
18.92	4.85223922963038
18.93	4.494104017959005
18.94	6.079032101989738
18.95	8.442454445664296
18.96	6.8377293784644
18.97	9.5714993502706
18.98	8.544806980681823
18.99	10.668396339232038
19.0	8.466287217883984
19.01	8.119889453781967
19.02	11.249276060408855
19.03	11.458387494111959
19.04	9.703322077766767
19.05	11.980469042626009
19.06	9.922999346196196
19.07	10.095166258711144
19.08	12.555431590484806
19.09	11.234006301035606
19.1	11.723510877613206
19.11	11.683953138943048
19.12	13.32538311324033
19.13	8.3660148908385
19.14	10.002125198981677
19.15	7.3498504752694185
19.16	8.051884334960796
19.17	10.53379090835465
19.18	8.194298766080776
19.19	7.661234137021498
19.2	5.312180538357474
19.21	7.82328372644518
19.22	8.23361687391874
19.23	5.661540545035095
19.24	9.745261020530727
19.25	6.2845992464783365
19.26	8.048778210738115
19.27	6.1425860600725635
19.28	4.363960968831135
19.29	6.691648738233486
19.3	5.365412641052335
19.31	4.529752219830967
19.32	3.6346046161336756
19.33	3.412921425380539
19.34	3.5117797460828073
19.35	1.2195856228707147
19.36	2.120177671406191
19.37	3.7648582791013365
19.38	2.1565884997921025
19.39	4.9062843669208815
19.4	2.4255257364481158
19.41	2.1513041383436065
19.42	1.945521140355948
19.43	1.789793369938718
19.44	1.8240603686382726
19.45	3.214667629590075
19.46	2.332171469027211
19.47	4.0462093464742726
19.48	1.71524721601086
19.49	6.163413081336039
19.5	3.2560233533251193
19.51	4.469583926508748
19.52	3.571011518141638
19.53	5.094050612305543
19.54	4.154826285761543
19.55	4.0736264304924426
19.56	5.8395109892556665
19.57	5.378887650765051
19.58	4.583595925814993
19.59	3.8380583956186913
19.6	5.496543839962364
19.61	8.395030382202236
19.62	5.431702933198942
19.63	5.269492358011323
19.64	9.13530665766117
19.65	7.469240922381505
19.66	8.581062901332373
19.67	9.8927012842998
19.68	7.958700011390022
19.69	11.268814773373286
19.7	8.520800323020474
19.71	8.15628282082504
19.72	9.836375371380761
19.73	9.634869602436257
19.74	12.368033540608003
19.75	11.948615610591887
19.76	9.653255402883673
19.77	11.932662741917822
19.78	13.214508493161384
19.79	9.659329813205131
19.8	10.8917914260123
19.81	13.967839658438697
19.82	12.08487402961048
19.83	10.59787106779574
19.84	12.550730868579967
19.85	11.229314531224619
19.86	13.555632140549086
19.87	10.261218614949806
19.88	11.007341785279973
19.89	9.909059235864799
19.9	11.145176737805539
19.91	10.474406746570878
19.92	12.589258380989119
19.93	11.240334803854212
19.94	12.423106461550033
19.95	11.598721069925524
19.96	9.57243893041636
19.97	11.977294854844361
19.98	11.995107854448673
19.99	7.752544873784519
20.0	7.137289122510959
