1.968503937	-97.0290130580241
1.970472441	-81.35949661040753
1.972440945	-71.5224550396869
1.974409449	-84.82186588487598
1.976377953	-107.13998036370455
1.978346457	-110.23625383022544
1.980314961	-90.8228879811227
1.982283465	-72.694578934565
1.984251969	-74.52103292282625
1.986220472	-88.13004169395923
1.988188976	-89.17284873345032
1.99015748	-74.22482003526277
1.992125984	-54.622282223983824
1.994094488	-51.445621048933
1.996062992	-65.65171135971659
1.998031496	-78.72287852639165
2.0	-77.14175362279683
2.001968504	-64.84149664192263
2.003937008	-61.545982527493614
2.005905512	-72.54662179852471
2.007874016	-88.64696710160956
2.00984252	-91.4699638627691
2.011811024	-79.05725919798088
2.013779528	-64.49608512002177
2.015748031	-63.0741647101243
2.017716535	-70.79626257150522
2.019685039	-73.67525349958508
2.021653543	-75.39449441389276
2.023622047	-83.38260730750383
2.025590551	-100.03562418321751
2.027559055	-109.32013306994452
2.029527559	-99.83175159985856
2.031496063	-81.13600545101387
2.033464567	-74.52801704907745
2.035433071	-94.51103927821111
2.037401575	-117.10722102989692
2.039370079	-116.90706270108562
2.041338583	-94.37022789264466
2.043307087	-72.74741470325942
2.045275591	-74.87318783087977
2.047244094	-98.77436762228626
2.049212598	-114.20293337479706
2.051181102	-106.21395908847776
2.053149606	-86.71192177406718
2.05511811	-79.1914042203483
2.057086614	-89.50504321796403
2.059055118	-103.11765836442531
2.061023622	-106.83394954893615
2.062992126	-100.36916108727624
2.06496063	-95.37893477213122
2.066929134	-95.4325451592868
2.068897638	-97.90753155627934
2.070866142	-96.60322268837552
2.072834646	-98.89571149648734
2.07480315	-108.29982331621675
2.076771654	-112.24358170988768
2.078740157	-99.27880648983871
2.080708661	-75.59381461308881
2.082677165	-63.254094337953674
2.084645669	-79.03369730162078
2.086614173	-105.32367205697557
2.088582677	-112.58145355566552
2.090551181	-92.98724885986432
2.092519685	-73.87005113162978
2.094488189	-84.49481326592064
2.096456693	-120.8358782594595
2.098425197	-147.9477428648212
2.100393701	-142.72994551308545
2.102362205	-122.92554980547155
2.104330709	-111.54047515818755
2.106299213	-116.34408311461391
2.108267717	-119.98533828770533
2.11023622	-108.25527502137079
2.112204724	-91.80766867033473
2.114173228	-85.07225599290467
2.116141732	-95.8815842658344
2.118110236	-110.05938627261041
2.12007874	-117.45510166251445
2.122047244	-115.52894491567316
2.124015748	-111.0646209462511
2.125984252	-103.39339624844608
2.127952756	-103.7495592366977
2.12992126	-112.70495767783413
2.131889764	-129.95832781367648
2.133858268	-136.64356266347568
2.135826772	-126.31634576502213
2.137795276	-102.76344189741768
2.13976378	-93.45621614526817
2.141732283	-108.69114369500572
2.143700787	-134.6627168692272
2.145669291	-143.5993043488936
2.147637795	-126.49548590911711
2.149606299	-99.3594867282462
2.151574803	-90.56245937283738
2.153543307	-103.43147838841361
2.155511811	-116.31442824558238
2.157480315	-106.79841599637827
2.159448819	-75.96936734897079
2.161417323	-55.28574641080695
2.163385827	-65.13908562768715
2.165354331	-99.01207672246274
2.167322835	-125.19704154341831
2.169291339	-122.6654240892212
2.171259843	-101.21615554686043
2.173228346	-88.05879920097333
2.17519685	-104.39658167032576
2.177165354	-134.99678682394338
2.179133858	-155.77751797550135
2.181102362	-148.0588570655194
2.183070866	-127.7215855976759
2.18503937	-121.5263314297369
2.187007874	-131.20640518867933
2.188976378	-142.33446532994944
2.190944882	-132.69551038674413
2.192913386	-103.65456002095559
2.19488189	-79.72352997745271
2.196850394	-79.27008872412108
2.198818898	-97.97579777927736
2.200787402	-112.7436212658353
2.202755906	-111.25977125681653
2.204724409	-102.64813484341582
2.206692913	-109.3612152126489
2.208661417	-133.0606534831202
2.210629921	-155.45473515167808
2.212598425	-155.60514030190492
2.214566929	-138.17467083706782
2.216535433	-124.52065751671607
2.218503937	-126.48534176785603
2.220472441	-142.29293242309487
2.222440945	-152.2790527486892
2.224409449	-146.49944032638035
2.226377953	-130.10121786012505
2.228346457	-125.92946642144457
2.230314961	-133.42845630659315
2.232283465	-139.3869745866599
2.234251969	-133.87220448564517
2.236220472	-119.58879556236936
2.238188976	-108.69128105132847
2.24015748	-109.34520957588583
2.242125984	-117.45837797686612
2.244094488	-123.1632543619985
2.246062992	-125.30143810478292
2.248031496	-129.05264595122685
2.25	-135.91283281406862
2.251968504	-137.91380529866353
2.253937008	-133.0157913277572
2.255905512	-127.29814444291934
2.257874016	-127.48667442973108
2.25984252	-131.5759840256525
2.261811024	-136.0314314417938
2.263779528	-136.70262303018265
2.265748031	-135.5222776429728
2.267716535	-133.1351387636188
2.269685039	-130.66936609439887
2.271653543	-136.71639606375268
2.273622047	-149.49971160106068
2.275590551	-158.78357300799706
2.277559055	-153.78519254377704
2.279527559	-130.78983562248112
2.281496063	-112.5608528593718
2.283464567	-116.62114337156368
2.285433071	-136.7203813962856
2.287401575	-147.19015273703326
2.289370079	-132.34265463263824
2.291338583	-110.20970437646362
2.293307087	-105.77717738163238
2.295275591	-124.47918414754696
2.297244094	-152.46871192089566
2.299212598	-167.54623253773894
2.301181102	-163.12849890503256
2.303149606	-150.5710823141158
2.30511811	-143.54099370485486
2.307086614	-146.10562171681303
2.309055118	-152.92422647334638
2.311023622	-153.69594106590475
2.312992126	-137.24442713291387
2.31496063	-114.49151931349374
2.316929134	-104.02645144039336
2.318897638	-114.95477616837358
2.320866142	-137.046355515189
2.322834646	-149.23619987249762
2.32480315	-146.01867545394748
2.326771654	-148.55684629469062
2.328740157	-164.1554190014861
2.330708661	-178.8477593456675
2.332677165	-170.798353293417
2.334645669	-146.740069529542
2.336614173	-138.20121426926875
2.338582677	-157.30620833753417
2.340551181	-180.6455787952271
2.342519685	-172.6356524235225
2.344488189	-135.75000357486635
2.346456693	-112.2104079857381
2.348425197	-135.74573880453121
2.350393701	-187.17909717293625
2.352362205	-209.16356448228348
2.354330709	-183.40573808881453
2.356299213	-142.86282025983053
2.358267717	-138.26704581400458
2.36023622	-174.80732231895163
2.362204724	-213.5116939679001
2.364173228	-214.9484293404166
2.366141732	-185.28453792506528
2.368110236	-162.84494607256664
2.37007874	-168.27330806767682
2.372047244	-189.56762002176166
2.374015748	-206.29889787183154
2.375984252	-212.10050246958053
2.377952756	-216.88061574171292
2.37992126	-218.17950972807824
2.381889764	-210.3028568878677
2.383858268	-188.62006028666917
2.385826772	-176.21348560450693
2.387795276	-183.5460225837868
2.38976378	-199.52657374340285
2.391732283	-205.49026727062366
2.393700787	-192.65708618090963
2.395669291	-179.5609446537068
2.397637795	-181.00576460019232
2.399606299	-188.82150765199935
2.401574803	-184.97733627940528
2.403543307	-164.3013016914066
2.405511811	-143.42520633005148
2.407480315	-137.00651306073567
2.409448819	-139.90976569624942
2.411417323	-138.93116360897687
2.413385827	-124.79498938392486
2.415354331	-102.26308000644586
2.417322835	-89.63229433395891
2.419291339	-97.69032710005801
2.421259843	-127.06559037423438
2.423228346	-154.06979537826035
2.42519685	-151.80478069510573
2.427165354	-116.68466312779434
2.429133858	-78.47101518733801
2.431102362	-75.25488086025219
2.433070866	-107.76490025004549
2.43503937	-135.2957829041333
2.437007874	-125.60311611711481
2.438976378	-89.07444095449368
2.440944882	-68.29574101922272
2.442913386	-92.20441633185726
2.44488189	-142.2460494391029
2.446850394	-173.76016865972647
2.448818898	-168.82635886426579
2.450787402	-142.82194627198746
2.452755906	-123.99303456022477
2.454724409	-124.66161565784289
2.456692913	-137.17471114768566
2.458661417	-141.8625645646226
2.460629921	-131.31546413792302
2.462598425	-110.53650851949598
2.464566929	-102.65789490329107
2.466535433	-118.4916846967823
2.468503937	-156.9359548930393
2.470472441	-193.14911386243074
2.472440945	-216.87243184143333
2.474409449	-249.83052884776356
2.476377953	-313.82054028973863
2.478346457	-404.63887889502644
2.480314961	-483.14735249483437
2.482283465	-524.227848139957
2.484251969	-544.7608304574541
2.486220472	-578.2950491151267
2.488188976	-634.1969263383694
2.49015748	-674.7814774017218
2.492125984	-663.6450657874668
2.494094488	-607.2977880991633
2.496062992	-547.040596244779
2.498031496	-507.56112858450626
2.5	-470.07857817073364
2.501968504	-402.881558061985
2.503937008	-304.59680558897855
2.505905512	-202.9950232288725
2.507874016	-126.2096463066068
2.50984252	-77.94425161421252
2.511811024	-47.70213442049463
2.513779528	-24.701339881589146
2.515748031	-12.338594672689917
2.517716535	-12.2572585451112
2.519685039	-20.5363451090009
2.521653543	-38.38444357714432
2.523622047	-59.875071580078924
2.525590551	-74.93573035060714
2.527559055	-74.72785495081116
2.529527559	-64.23840111960097
2.531496063	-58.77217530066401
2.533464567	-63.85471870950837
2.535433071	-71.6442015182014
2.537401575	-61.67522378645916
2.539370079	-37.57437467407765
2.541338583	-21.022181552770554
2.543307087	-31.76738148100303
2.545275591	-57.14345897239701
2.547244094	-68.1953610182931
2.549212598	-48.34466184470577
2.551181102	-20.68874377364677
2.553149606	-15.833517999949002
2.55511811	-38.12118394564104
2.557086614	-59.13745504666141
2.559055118	-54.79913546193354
2.561023622	-28.399744659246906
2.562992126	-10.631507353839766
2.56496063	-22.317433427046133
2.566929134	-54.497226403871906
2.568897638	-75.85029115767806
2.570866142	-73.27889286692556
2.572834646	-59.275318662110706
2.57480315	-58.23278017699149
2.576771654	-73.36968006190548
2.578740157	-84.70568214211228
2.580708661	-72.77402956230162
2.582677165	-47.24220532744031
2.584645669	-30.158096130564836
2.586614173	-37.8883972263688
2.588582677	-56.91144285059675
2.590551181	-66.9433128256307
2.592519685	-62.1178336130193
2.594488189	-55.666869177743436
2.596456693	-58.089175115487606
2.598425197	-66.73578940306406
2.600393701	-81.24092467794941
2.602362205	-93.21954237599563
2.604330709	-101.46211653152815
2.606299213	-103.85065826458546
2.608267717	-100.93131546327125
2.61023622	-97.58488998556574
2.612204724	-103.25285774820532
2.614173228	-109.50351322420552
2.616141732	-99.99407601518716
2.618110236	-80.03722212650078
2.62007874	-70.09230617095828
2.622047244	-90.576080585534
2.624015748	-127.67007659663541
2.625984252	-143.74339168305323
2.627952756	-118.38296001058673
2.62992126	-80.06320626330051
2.631889764	-72.85031100669867
2.633858268	-108.5123404191343
2.635826772	-156.244324099917
2.637795276	-174.06077865483468
2.63976378	-151.93056581545446
2.641732283	-116.28832466914788
2.643700787	-99.36740714666288
2.645669291	-113.52745883793696
2.647637795	-144.9212875000344
2.649606299	-170.90492161759275
2.651574803	-174.2093114779579
2.653543307	-155.05204876611856
2.655511811	-131.0279445526173
2.657480315	-118.90741826699276
2.659448819	-131.084668249029
2.661417323	-155.20138267335437
2.663385827	-169.3547551452778
2.665354331	-167.8562629927313
2.667322835	-154.67680185760395
2.669291339	-145.99324235000432
2.671259843	-149.48011660923206
2.673228346	-161.03340970292777
2.67519685	-171.150856086544
2.677165354	-176.5040607946723
2.679133858	-178.94915056859273
2.681102362	-186.60640976446558
2.683070866	-201.9553264796371
2.68503937	-219.42841054042037
2.687007874	-228.7631738522563
2.688976378	-218.73096837236645
2.690944882	-195.0492715284881
2.692913386	-178.58099761009532
2.69488189	-185.72782958186275
2.696850394	-204.35604704032676
2.698818898	-214.7662634255039
2.700787402	-199.3057046870694
2.702755906	-175.71352600881576
2.704724409	-172.1942865010442
2.706692913	-198.2059601928536
2.708661417	-235.75092004711507
2.710629921	-260.6595357874201
2.712598425	-263.3388983840318
2.714566929	-264.7439378434143
2.716535433	-268.9295225615837
2.718503937	-267.8961731998705
2.720472441	-251.95283982518453
2.722440945	-231.19563213230884
2.724409449	-221.39153467377946
2.726377953	-232.37920938763708
2.728346457	-246.10871582305404
2.730314961	-245.0304785191502
2.732283465	-233.45936689130113
2.734251969	-224.51932737871783
2.736220472	-233.45031788797024
2.738188976	-254.11820634628484
2.74015748	-270.4697085853898
2.742125984	-275.5212283105435
2.744094488	-270.2290262578071
2.746062992	-260.8657466110446
2.748031496	-251.05190981928052
2.75	-243.3334389200201
2.751968504	-239.42023335198593
2.753937008	-240.93742008837924
2.755905512	-241.44332705207023
2.757874016	-240.22909235917842
2.75984252	-234.06710622563114
2.761811024	-229.51515296840915
2.763779528	-229.82505839215577
2.765748031	-230.100202783213
2.767716535	-227.3391454706042
2.769685039	-216.28740499202522
2.771653543	-204.2321782592059
2.773622047	-196.19015198397992
2.775590551	-196.6925971779919
2.777559055	-196.32294593503397
2.779527559	-182.07409078117198
2.781496063	-155.91790151786466
2.783464567	-135.11482328321134
2.785433071	-134.91461110302117
2.787401575	-152.1469955277683
2.789370079	-163.3966605931314
2.791338583	-148.57751975351653
2.793307087	-110.1451065694418
2.795275591	-79.82536551403331
2.797244094	-79.85571024052726
2.799212598	-96.31156549461372
2.801181102	-103.95505598451264
2.803149606	-86.52810463743991
2.80511811	-60.7875820311308
2.807086614	-50.40022187505049
2.809055118	-65.58879762897487
2.811023622	-82.26769446540072
2.812992126	-78.25470917544102
2.81496063	-55.42020686029386
2.816929134	-41.270419057965846
2.818897638	-54.962350781295804
2.820866142	-89.15470376275292
2.822834646	-110.67918031060407
2.82480315	-100.12002309687453
2.826771654	-74.24849155316701
2.828740157	-60.07109208141674
2.830708661	-71.62726304391383
2.832677165	-95.7878511769048
2.834645669	-107.7179388334872
2.836614173	-96.32024378170209
2.838582677	-71.13826019802674
2.840551181	-54.97036100776352
2.842519685	-59.60327949558128
2.844488189	-75.06743436594417
2.846456693	-87.60702337531998
2.848425197	-88.44358074037669
2.850393701	-85.19093214099759
2.852362205	-83.09002518885639
2.854330709	-83.49144318425779
2.856299213	-79.81208296089399
2.858267717	-75.03945679416688
2.86023622	-69.93593141792144
2.862204724	-71.02699249899041
2.864173228	-77.05568371985562
2.866141732	-83.8806401964852
2.868110236	-90.47506543943163
2.87007874	-96.89050478306937
2.872047244	-98.03736417553091
2.874015748	-97.6194003749685
2.875984252	-98.8484503459742
2.877952756	-110.76990510093775
2.87992126	-127.82531299592884
2.881889764	-136.49216003025606
2.883858268	-127.74289872004518
2.885826772	-105.13025952976814
2.887795276	-87.41062941204198
2.88976378	-87.43397047423501
2.891732283	-98.59396807358338
2.893700787	-103.27904515135472
2.895669291	-101.27336394243054
2.897637795	-97.15109114792705
2.899606299	-100.58986956074955
2.901574803	-112.38325917415513
2.903543307	-127.7822710748062
2.905511811	-137.09572506817247
2.907480315	-136.70682472370117
2.909448819	-128.38875207027803
2.911417323	-117.21736630048342
2.913385827	-111.87842651463353
2.915354331	-121.1531628313061
2.917322835	-137.33371643462513
2.919291339	-142.43135347026353
2.921259843	-126.14618434473219
2.923228346	-105.57109369443604
2.92519685	-101.83633012709339
2.927165354	-118.63419702935103
2.929133858	-137.7528971494779
2.931102362	-132.65187848351684
2.933070866	-108.73394760679096
2.93503937	-89.88886454376924
2.937007874	-91.61974272619517
2.938976378	-102.11221768843603
2.940944882	-106.63216153655341
2.942913386	-108.91931876680634
2.94488189	-117.8867549949929
2.946850394	-133.9548838797232
2.948818898	-134.3950624051763
2.950787402	-114.11955759845239
2.952755906	-97.09890249691675
2.954724409	-105.37784520327665
2.956692913	-137.30470836916345
2.958661417	-154.5957260107599
2.960629921	-135.1569467753782
2.962598425	-103.87550258258113
2.964566929	-93.28402761497871
2.966535433	-109.62239630071643
2.968503937	-124.49147559779547
2.970472441	-123.62275685006811
2.972440945	-113.34040729885821
2.974409449	-111.62431602656343
2.976377953	-112.64049231032584
2.978346457	-102.61343851876659
2.980314961	-85.84716833277827
2.982283465	-85.95155435523913
2.984251969	-117.19339018012174
2.986220472	-154.64003664869324
2.988188976	-163.14854245932287
2.99015748	-138.0128253031673
2.992125984	-113.83746434671863
2.994094488	-120.267863491541
2.996062992	-148.88881360248922
2.998031496	-159.67091918203644
3.0	-138.28146530328158
3.001968504	-103.28300696118879
3.003937008	-85.89015308328153
3.005905512	-93.71500375031256
3.007874016	-110.6826493301114
3.00984252	-119.63033731823582
3.011811024	-118.42195697920913
3.013779528	-117.46520896765124
3.015748031	-118.22696009705025
3.017716535	-119.0407168132077
3.019685039	-116.64560423532764
3.021653543	-114.65068728270046
3.023622047	-116.39247665653662
3.025590551	-120.42004892405815
3.027559055	-123.52680809295848
3.029527559	-125.33579680713832
3.031496063	-121.93980965619794
3.033464567	-117.81046825984782
3.035433071	-117.38655154754233
3.037401575	-121.19396855648411
3.039370079	-123.75021869883376
3.041338583	-122.54978707515006
3.043307087	-116.69774472111739
3.045275591	-109.14757939619565
3.047244094	-105.25292608039915
3.049212598	-105.3253937797999
3.051181102	-105.64950441063657
3.053149606	-102.88810445524064
3.05511811	-106.52051353906488
3.057086614	-119.57509562212731
3.059055118	-135.28187976536412
3.061023622	-138.70852085511532
3.062992126	-124.67450818833642
3.06496063	-112.94003218775102
3.066929134	-118.7255885698994
3.068897638	-135.36104486236675
3.070866142	-140.85406099119479
3.072834646	-126.41865340541219
3.07480315	-105.86989545154712
3.076771654	-106.05066687331126
3.078740157	-129.71466520260705
3.080708661	-151.7293469855397
3.082677165	-155.74419428184402
3.084645669	-144.79103490147182
3.086614173	-131.69729902836417
3.088582677	-122.30594635060014
3.090551181	-114.89823812449009
3.092519685	-107.25787271537051
3.094488189	-112.66565706775539
3.096456693	-126.91246336083084
3.098425197	-136.27311289576483
3.100393701	-126.75318560201833
3.102362205	-106.98867457310938
3.104330709	-107.56239153658366
3.106299213	-138.26140479987373
3.108267717	-176.2355646420414
3.11023622	-184.89691830954266
3.112204724	-156.07094899209378
3.114173228	-120.5872234253121
3.116141732	-108.13754192913535
3.118110236	-120.62100379203855
3.12007874	-135.10121281148136
3.122047244	-133.53745876620093
3.124015748	-126.63280079003131
3.125984252	-130.55391367610687
3.127952756	-149.75978362246866
3.12992126	-172.12076147892822
3.131889764	-182.2371840390707
3.133858268	-183.70607329347212
3.135826772	-186.39622918205325
3.137795276	-196.27422510066515
3.13976378	-204.2027715293302
3.141732283	-201.3696815358785
3.143700787	-181.22180981155964
3.145669291	-158.50853191915306
3.147637795	-152.29532732779253
3.149606299	-168.6112380039426
3.151574803	-190.89489436345946
3.153543307	-195.190612421594
3.155511811	-177.17158464446504
3.157480315	-159.75722939887712
3.159448819	-161.74898947592183
3.161417323	-179.69040415001888
3.163385827	-187.2735434240094
3.165354331	-166.44378249672542
3.167322835	-133.55674393556694
3.169291339	-118.55473017412167
3.171259843	-130.18216311603427
3.173228346	-145.36492737770382
3.17519685	-137.0693756109294
3.177165354	-105.50031967402646
3.179133858	-83.33107512669119
3.181102362	-85.42803506731744
3.183070866	-98.89004962070574
3.18503937	-102.41144048388192
3.187007874	-88.91393200009567
3.188976378	-76.5368868874918
3.190944882	-75.91229913048713
3.192913386	-85.94471896595272
3.19488189	-94.2238503772343
3.196850394	-95.65148850783744
3.198818898	-91.43776802713671
3.200787402	-101.12660419343958
3.202755906	-121.21645153973091
3.204724409	-132.38595714491112
3.206692913	-119.71992841099403
3.208661417	-94.32076732691762
3.210629921	-83.2911207562804
3.212598425	-101.30705285281333
3.214566929	-127.92049191210062
3.216535433	-131.10796230314685
3.218503937	-108.46015175041525
3.220472441	-89.27836121639
3.222440945	-100.9879163489592
3.224409449	-132.84065717973274
3.226377953	-152.53203440226636
3.228346457	-142.3686750713022
3.230314961	-126.14316682126528
3.232283465	-132.05026317113845
3.234251969	-167.45221001686647
3.236220472	-215.25674483038264
3.238188976	-257.5882237326206
3.24015748	-294.83629571025205
3.242125984	-342.9311679778371
3.244094488	-407.1741557794847
3.246062992	-478.2982549689728
3.248031496	-536.358426868579
3.25	-575.5137233301547
3.251968504	-594.8361579445188
3.253937008	-599.9020141718921
3.255905512	-593.2939123140102
3.257874016	-570.0786784039442
3.25984252	-526.8741950197592
3.261811024	-463.85438341297987
3.263779528	-386.93335786540007
3.265748031	-306.78000510166686
3.267716535	-229.2647593045914
3.269685039	-158.38103083838055
3.271653543	-94.95701616208598
3.273622047	-43.012387035009624
3.275590551	-10.193601379795071
3.277559055	-0.3074422282085035
3.279527559	-2.918530728991781
3.281496063	-10.04325686346141
3.283464567	-18.516063881741136
3.285433071	-39.15044528226922
3.287401575	-68.52003752835266
3.289370079	-94.93748232448776
3.291338583	-94.81606674715762
3.293307087	-73.54832660525736
3.295275591	-58.52371384267184
3.297244094	-69.00087463922331
3.299212598	-89.79080346745033
3.301181102	-84.86564044701012
3.303149606	-51.1050993942152
3.30511811	-20.395992268836874
3.307086614	-21.56603899799185
3.309055118	-51.62265556738012
3.311023622	-73.11617012415036
3.312992126	-69.72889077022411
3.31496063	-58.39178336409487
3.316929134	-55.61874209590539
3.318897638	-61.896086393777246
3.320866142	-60.23769433527637
3.322834646	-52.67343154423205
3.32480315	-57.159506259661605
3.326771654	-78.51965175141012
3.328740157	-96.78931222509041
3.330708661	-93.40833984056826
3.332677165	-76.21412735841939
3.334645669	-71.44771399019022
3.336614173	-88.96229966812602
3.338582677	-111.90204349065125
3.340551181	-116.92835403968147
3.342519685	-97.87078904201843
3.344488189	-72.62241561331699
3.346456693	-63.600352873486514
3.348425197	-70.99103058659743
3.350393701	-89.55609865063873
3.352362205	-103.7871931990561
3.354330709	-104.88385187612829
3.356299213	-90.46527117880214
3.358267717	-77.42559801493631
3.36023622	-79.5500312682719
3.362204724	-105.94620842188871
3.364173228	-131.89772912413156
3.366141732	-134.44892727877942
3.368110236	-111.83298993475707
3.37007874	-90.39135326258385
3.372047244	-96.2314545615819
3.374015748	-125.1235715894635
3.375984252	-141.67237657057996
3.377952756	-129.8792992447427
3.37992126	-104.07213661242291
3.381889764	-97.32617942259002
3.383858268	-115.93253645834969
3.385826772	-138.5581010108863
3.387795276	-143.77597782912693
3.38976378	-133.90832711718824
3.391732283	-125.88075761370536
3.393700787	-125.8309421683711
3.395669291	-129.7559542329612
3.397637795	-131.65740122313142
3.399606299	-134.61206831240455
3.401574803	-144.29503813226117
3.403543307	-155.26133971065707
3.405511811	-158.07100322141076
3.407480315	-155.97185564183005
3.409448819	-158.02649696045665
3.411417323	-165.88016130676107
3.413385827	-169.40986631795374
3.415354331	-160.4151099972686
3.417322835	-155.66655496050305
3.419291339	-167.42927722410025
3.421259843	-186.7858634089034
3.423228346	-191.76246256675373
3.42519685	-171.57535007014917
3.427165354	-154.9044968451936
3.429133858	-171.26926307527918
3.431102362	-206.69618528207633
3.433070866	-228.2456504470489
3.43503937	-211.74264084693417
3.437007874	-177.88521073671927
3.438976378	-163.00273044018155
3.440944882	-181.61833023291982
3.442913386	-209.62272333704973
3.44488189	-220.76146461208438
3.446850394	-212.79043292247187
3.448818898	-205.3285240843257
3.450787402	-207.25901420932382
3.452755906	-210.81016875404993
3.454724409	-209.65162059360216
3.456692913	-211.65600344520425
3.458661417	-223.28730017364097
3.460629921	-238.61987079178235
3.462598425	-243.4380398464162
3.464566929	-232.47914084323463
3.466535433	-220.72014329706775
3.468503937	-227.7878110733621
3.470472441	-247.61408693908083
3.472440945	-260.9156894609775
3.474409449	-254.2540136145508
3.476377953	-241.09015672094415
3.478346457	-234.22279691673643
3.480314961	-240.74242368715736
3.482283465	-252.790426152473
3.484251969	-254.7480024426108
3.486220472	-247.13116628344605
3.488188976	-240.64576464046615
3.49015748	-245.04142562778893
3.492125984	-255.1851404795525
3.494094488	-261.74429267690476
3.496062992	-261.2974833500569
3.498031496	-254.70873154193245
3.5	-251.0728340093924
3.501968504	-254.62142627572453
3.503937008	-262.5931017861175
3.505905512	-269.8534785680077
3.507874016	-271.10630248273185
3.50984252	-263.48539929194754
3.511811024	-251.17826648007141
3.513779528	-239.97563055570356
3.515748031	-240.0935700285848
3.517716535	-244.93002081879928
3.519685039	-249.6857393386337
3.521653543	-243.7831467509181
3.523622047	-232.32687326986584
3.525590551	-223.41084432134326
3.527559055	-224.8995872459481
3.529527559	-229.37259357362453
3.531496063	-230.19587414445147
3.533464567	-218.87133877018528
3.535433071	-198.64113269028877
3.537401575	-178.4100081240474
3.539370079	-166.05664925684385
3.541338583	-161.77267490983942
3.543307087	-155.88770622300567
3.545275591	-142.32746526741303
3.547244094	-123.72106829466581
3.549212598	-109.94323172142158
3.551181102	-109.96935229228339
3.553149606	-113.81516637138344
3.55511811	-112.67796864584399
3.557086614	-103.1515859496367
3.559055118	-99.42262616591294
3.561023622	-102.31379522703334
3.562992126	-104.4661104805988
3.56496063	-94.42070020441058
3.566929134	-78.65437341280357
3.568897638	-63.00267672704533
3.570866142	-57.200439494475134
3.572834646	-59.88718518647746
3.57480315	-60.656616644154106
3.576771654	-53.75059255994216
3.578740157	-42.13011749049424
3.580708661	-37.52846180937787
3.582677165	-38.59773372365625
3.584645669	-48.756323371686605
3.586614173	-60.542038296706416
3.588582677	-61.924859921311835
3.590551181	-47.919298872078656
3.592519685	-31.228628426697565
3.594488189	-26.444405785498915
3.596456693	-43.69447251398408
3.598425197	-66.66778843767612
3.600393701	-75.34857026887907
3.602362205	-62.98591442764093
3.604330709	-49.84839931407516
3.606299213	-55.79174172868318
3.608267717	-83.61832386041688
3.61023622	-108.28207897937125
3.612204724	-107.96928259934796
3.614173228	-85.80506587904783
3.616141732	-64.07747159759259
3.618110236	-62.96094787901315
3.62007874	-72.74564520053406
3.622047244	-77.78795070500637
3.624015748	-63.67156158299331
3.625984252	-44.90520118481882
3.627952756	-45.00203471882478
3.62992126	-61.46870157782192
3.631889764	-80.44558934694355
3.633858268	-83.99975514863355
3.635826772	-78.81638064430972
3.637795276	-82.25397330651641
3.63976378	-102.42562773409311
3.641732283	-121.77582973239754
3.643700787	-121.27655367423296
3.645669291	-102.18098073768364
3.647637795	-80.28413311676074
3.649606299	-80.86259511903482
3.651574803	-92.67739754944566
3.653543307	-100.66902619721651
3.655511811	-93.70002580390995
3.657480315	-84.49499945377694
3.659448819	-90.59396093819993
3.661417323	-111.57691798127746
3.663385827	-125.43426017075917
3.665354331	-117.98417086535663
3.667322835	-98.91891925176627
3.669291339	-94.26081817648108
3.671259843	-113.91880629840874
3.673228346	-137.22127512033933
3.67519685	-133.90321566403554
3.677165354	-104.03408278093643
3.679133858	-79.24203450564177
3.681102362	-85.11130185383962
3.683070866	-116.11603064007956
3.68503937	-143.88284424834487
3.687007874	-144.95270270498102
3.688976378	-129.92017468628586
3.690944882	-115.01989149075847
3.692913386	-113.40737467691723
3.69488189	-117.07798084093336
3.696850394	-121.77225008253619
3.698818898	-124.87147223802418
3.700787402	-124.85910321489212
3.702755906	-115.42564617079422
3.704724409	-99.3513752984978
3.706692913	-89.85186184580954
3.708661417	-101.07146099601866
3.710629921	-128.368894555146
3.712598425	-147.04233686304795
3.714566929	-139.6049974562454
3.716535433	-114.70005320882186
3.718503937	-98.8267627682226
3.720472441	-105.67098600797036
3.722440945	-122.27716183749023
3.724409449	-130.6577026679901
3.726377953	-126.23107231862011
3.728346457	-120.96080115916651
3.730314961	-123.6416291171765
3.732283465	-130.51623821569902
3.734251969	-129.68846578813103
3.736220472	-128.75647697963623
3.738188976	-131.70891271963225
3.74015748	-139.6193405292596
3.742125984	-137.2248395320621
3.744094488	-119.97436914525407
3.746062992	-99.51213715114798
3.748031496	-99.88710894528717
3.75	-116.74750052363821
3.751968504	-129.20648108900443
3.753937008	-123.68492715249303
3.755905512	-111.72613786322721
3.757874016	-111.82885108293482
3.75984252	-127.75171118048554
3.761811024	-137.0031738958172
3.763779528	-129.35477276089634
3.765748031	-116.86023902247331
3.767716535	-115.7004083430543
3.769685039	-122.43855082299947
3.771653543	-123.26630163530217
3.773622047	-110.43602228128454
3.775590551	-97.27130115653777
3.777559055	-97.63568500436705
3.779527559	-106.87284190398796
3.781496063	-104.6208947679583
3.783464567	-95.82220189810803
3.785433071	-94.19195363420889
3.787401575	-111.14900349600656
3.789370079	-129.2248901323324
3.791338583	-129.9752156511149
3.793307087	-114.38739473777564
3.795275591	-99.18290741510941
3.797244094	-103.82057615934443
3.799212598	-119.87409578835437
3.801181102	-126.9270207137292
3.803149606	-114.7304357651836
3.80511811	-100.67841600956496
3.807086614	-94.30119221502392
3.809055118	-100.29984647246175
3.811023622	-106.83493910760268
3.812992126	-111.38134255599358
3.81496063	-114.03058701730859
3.816929134	-119.32561041667685
3.818897638	-125.81128048240582
3.820866142	-128.12859469221513
3.822834646	-125.85382153731373
3.82480315	-121.78358634977499
3.826771654	-120.03134370168951
3.828740157	-119.88850384338615
3.830708661	-119.52855090673188
3.832677165	-121.47310240425847
3.834645669	-124.40199667797022
3.836614173	-128.6909821794873
3.838582677	-133.10326221076122
3.840551181	-134.7982645556063
3.842519685	-140.38732174911536
3.844488189	-157.70246559559308
3.846456693	-178.81417674536831
3.848425197	-192.43521581147712
3.850393701	-185.6548551204062
3.852362205	-163.09872661849855
3.854330709	-139.8796381434404
3.856299213	-127.32822766893543
3.858267717	-126.40354365878609
3.86023622	-133.6072852457808
3.862204724	-139.60560545083607
3.864173228	-140.939712605539
3.866141732	-137.6078733958708
3.868110236	-136.3617096595444
3.87007874	-143.01328096341922
3.872047244	-159.46592701193086
3.874015748	-174.62197679370163
3.875984252	-183.48239414959215
3.877952756	-187.6033027550691
3.87992126	-192.95945536078864
3.881889764	-202.91284060659132
3.883858268	-204.45847046598078
3.885826772	-196.72770688829996
3.887795276	-186.97325381811686
3.88976378	-189.8959669780845
3.891732283	-203.95194556596135
3.893700787	-207.80709234028558
3.895669291	-191.1139892477019
3.897637795	-164.470526022715
3.899606299	-153.48600284608162
3.901574803	-163.68551733864075
3.903543307	-174.05154630935206
3.905511811	-166.28812799585128
3.907480315	-144.64258985246056
3.909448819	-122.78807081579043
3.911417323	-114.03420924387547
3.913385827	-114.53245143396418
3.915354331	-116.1249822649968
3.917322835	-110.11601157505231
3.919291339	-99.59708574003051
3.921259843	-88.8250269159788
3.923228346	-88.85550157880643
3.92519685	-103.09580382104917
3.927165354	-119.8912129524187
3.929133858	-120.72609225415748
3.931102362	-103.00265572883998
3.933070866	-86.86542323920126
3.93503937	-93.5133360871138
