10.01	5.603193676576856
10.02	5.47446350051917
10.03	6.403509109583064
10.04	6.953387851731873
10.05	7.5583772999785
10.06	9.32697793898664
10.07	8.189340525963305
10.08	9.647503879311724
10.09	9.647066841049757
10.1	10.544278849134448
10.11	11.270058450708957
10.12	11.523736163449435
10.13	12.265748528578682
10.14	13.295731058604968
10.15	13.875215192920018
10.16	13.015090268201291
10.17	14.909150905057382
10.18	14.187394010356307
10.19	14.895753547709319
10.2	15.477252300508907
10.21	14.87225517147451
10.22	16.690143955384347
10.23	16.134001768572723
10.24	16.692416414844573
10.25	17.56170492724411
10.26	18.38420469431559
10.27	17.86780755962649
10.28	18.601590773834985
10.29	18.32444475397996
10.3	18.596964714391635
10.31	18.596726202373862
10.32	19.019557448428944
10.33	19.520162264505863
10.34	18.786995426306483
10.35	19.340091418719858
10.36	19.40840923115563
10.37	19.020057285112316
10.38	19.46015258634384
10.39	19.99943708830281
10.4	19.34937761715556
10.41	19.087877525097294
10.42	19.514696315154524
10.43	20.192047267581813
10.44	20.063796323084567
10.45	19.87034241632679
10.46	19.775726586782334
10.47	19.780301998971957
10.48	18.708706621900674
10.49	18.5953000276151
10.5	19.06147710854062
10.51	19.21158535604192
10.52	18.7256606865377
10.53	18.87360390818478
10.54	18.379627913498897
10.55	18.631528145977835
10.56	18.98057716159179
10.57	17.79553870210546
10.58	18.841983834899054
10.59	18.592272341147243
10.6	17.45370594760846
10.61	17.64954690701437
10.62	17.224826868466398
10.63	16.38954627512073
10.64	16.479594645773982
10.65	16.469080256785674
10.66	16.028752162856485
10.67	14.065141358620348
10.68	15.112375160237704
10.69	14.161994006714025
10.7	13.869391728979673
10.71	13.785050697845877
10.72	13.998289897893258
10.73	12.436899237033671
10.74	11.811500968447831
10.75	12.278837061455596
10.76	11.779830464211624
10.77	10.550650349841918
10.78	9.836527756753867
10.79	9.790479773850459
10.8	8.8958646844934
10.81	9.67113907817979
10.82	8.852018399210447
10.83	8.351870964003387
10.84	7.984399770674176
10.85	7.36980841736099
10.86	7.316379038087099
10.87	7.31277829559909
10.88	5.533784816563871
10.89	5.302922742045107
10.9	5.437022948202482
10.91	4.632716558017084
10.92	4.861576948787852
10.93	4.538909720692537
10.94	3.723366746434529
10.95	4.105732569988125
10.96	4.667217124384653
10.97	4.435338747898422
10.98	2.865476342197097
10.99	3.435980874827718
11.0	1.6632635036811723
11.01	2.7721722071225514
11.02	1.62008032063307
11.03	2.4982158558050513
11.04	1.9258539752250337
11.05	1.3439792718202377
11.06	1.3372612649487092
11.07	1.2560072366433606
11.08	2.1954442961918863
11.09	1.6019599013026509
11.1	1.873548981601511
11.11	2.3037348307255137
11.12	2.6666238658338286
11.13	2.712484175035487
11.14	3.8475164102975974
11.15	2.611737630336924
11.16	3.859224482505887
11.17	3.4821629006825257
11.18	3.7375450183092314
11.19	3.792919466830891
11.2	4.696502797151389
11.21	4.912396129779769
11.22	4.933412877274588
11.23	5.617573189842419
11.24	6.786479494727044
11.25	6.1065090680813245
11.26	6.293468439322373
11.27	8.036478990394988
11.28	8.72244603222851
11.29	9.504763205279541
11.3	9.54315033475143
11.31	10.39612420793598
11.32	10.470671109803384
11.33	11.752226255057584
11.34	12.708860688921536
11.35	13.357698266027468
11.36	13.8186248253705
11.37	13.605021581875757
11.38	14.51579776394409
11.39	15.577976320664733
11.4	17.305553586227404
11.41	15.366848702912057
11.42	16.366504381178824
11.43	17.646454194060297
11.44	17.233770473371205
11.45	18.24148621473178
11.46	18.298563945245313
11.47	18.825269662492605
11.48	19.34848895666483
11.49	19.71682105744892
11.5	20.212694195799763
11.51	20.135626084804258
11.52	20.491296271850604
11.53	20.883377067935605
11.54	20.65444469200249
11.55	21.83805862935246
11.56	21.31722256472089
11.57	21.432050323025617
11.58	20.99883270845659
11.59	21.409485489182025
11.6	21.750942421249277
11.61	21.67831297107864
11.62	20.560490642540636
11.63	20.74055304015709
11.64	22.32917188637431
11.65	20.726607076267086
11.66	19.813052173904396
11.67	20.25108658095102
11.68	19.88903133655847
11.69	19.13571306865129
11.7	18.63389654204266
11.71	18.25275873977227
11.72	18.593304606376222
11.73	17.971051023809984
11.74	16.739074686046802
11.75	17.18349564219017
11.76	15.156270494759365
11.77	14.643490718942777
11.78	14.26741595075131
11.79	13.588698643887579
11.8	14.571375467721133
11.81	13.695198324117012
11.82	13.129635966505235
11.83	11.950284523394902
11.84	11.130951219888694
11.85	11.101849957453565
11.86	9.810836601725672
11.87	10.561650918745915
11.88	9.383942447807545
11.89	9.35751328277422
11.9	7.114387871877101
11.91	8.47086275047941
11.92	6.623840955728087
11.93	6.202052293339078
11.94	6.1191946076213295
11.95	5.276993167711397
11.96	5.617359043913364
11.97	4.825306517752515
11.98	5.602803843686612
11.99	4.288735090692414
12.0	3.5978881145652917
12.01	4.098090242608647
12.02	3.404803615392035
12.03	2.913134452750344
12.04	3.0697923183985822
12.05	2.9760224674670304
12.06	2.741307050365015
12.07	2.507873991419695
12.08	1.9802361989634798
12.09	1.3174271972337106
12.1	2.580758741220293
12.11	1.6108909526331168
12.12	2.6603426017537934
12.13	1.78556759460749
12.14	2.6469711181569258
12.15	2.489882752798736
12.16	1.6290460749855027
12.17	1.5558573387590893
12.18	3.20734947765839
12.19	2.235799434056697
12.2	2.45935254208752
12.21	2.9737663261159524
12.22	2.9573693522040885
12.23	2.382137387347891
12.24	3.1162176124067202
12.25	2.649440238164876
12.26	4.056256802174183
12.27	3.9627971792235
12.28	4.1743056257111375
12.29	4.628404806710609
12.3	5.419495674863953
12.31	5.023613106012993
12.32	5.383111276514249
12.33	6.95689028517216
12.34	7.7513279288610235
12.35	6.9250335684396145
12.36	7.364598941780813
12.37	7.72555508298209
12.38	8.858973159274813
12.39	10.488301339560106
12.4	10.366707421614478
12.41	10.60223155007186
12.42	11.497513877483875
12.43	12.072782730129758
12.44	12.292796931238698
12.45	13.291871005097073
12.46	14.668469234835005
12.47	14.280195813786234
12.48	14.322978993873246
12.49	15.994069863461474
12.5	15.486884013143506
12.51	15.606625711861929
12.52	17.074289515825594
12.53	18.137769154411817
12.54	18.805359272505125
12.55	19.187001887401507
12.56	19.529350041065168
12.57	19.803222504185566
12.58	20.284005312601852
12.59	20.857088352947347
12.6	22.21288415314355
12.61	22.65062488137847
12.62	22.391294134499464
12.63	23.14527354475795
12.64	23.15166345163099
12.65	22.326282628461087
12.66	22.921478957081753
12.67	23.396811794287714
12.68	23.297846245880354
12.69	23.406109168413554
12.7	23.26942653549682
12.71	24.039825006670647
12.72	23.79221623727276
12.73	23.121159146196604
12.74	23.227813915317896
12.75	22.547582660985565
12.76	24.11072176030561
12.77	21.998897205040063
12.78	22.925071245550456
12.79	22.474148911328328
12.8	20.941262300146974
12.81	21.419637792549317
12.82	22.68839973238415
12.83	21.943870847523144
12.84	21.361575078888652
12.85	20.24782618896067
12.86	19.81463264813928
12.87	19.968487288000652
12.88	19.78680100720382
12.89	19.383766270072307
12.9	18.035579970931487
12.91	17.972496926841025
12.92	16.743053478103608
12.93	17.894307888473158
12.94	16.91073724926203
12.95	16.660840177257853
12.96	15.899723534337403
12.97	14.539699413112274
12.98	14.595335283212414
12.99	13.491061748315177
13.0	13.049647419844636
13.01	13.302581942478083
13.02	12.133142682589627
13.03	10.805673800494429
13.04	11.2943323708109
13.05	11.292883699876342
13.06	9.851140089054665
13.07	9.86491669243561
13.08	9.552433807421844
13.09	9.185178648531195
13.1	8.450361642855015
13.11	8.75101856316055
13.12	7.745027412782967
13.13	7.589389874857748
13.14	7.037590558109538
13.15	5.500169025877794
13.16	5.646716445651019
13.17	5.5864275362337334
13.18	5.22802020514184
13.19	5.575594759767301
13.2	5.987453542663756
13.21	3.8307540540601934
13.22	5.064059237667426
13.23	4.435601541933665
13.24	4.694156512406498
13.25	3.4437569490268514
13.26	2.966044732269151
13.27	2.9155689281479655
13.28	2.482193948544521
13.29	2.6695537759949124
13.3	4.089545999222587
13.31	2.986737419110338
13.32	2.9514750918170507
13.33	2.668261566061833
13.34	2.9853387717401096
13.35	2.610020714393285
13.36	4.1414921871896
13.37	2.885869709296134
13.38	3.7853700286654197
13.39	2.215136936213007
13.4	3.004416605198211
13.41	3.79845784304585
13.42	4.404154204205737
13.43	3.8052789603719197
13.44	4.878114307785193
13.45	4.846861955484352
13.46	4.901157143756867
13.47	5.928404933917413
13.48	6.1052302913749115
13.49	6.578132338044293
13.5	7.326864871753312
13.51	8.122704516357645
13.52	8.606346612870658
13.53	8.448414743530146
13.54	8.763663913376757
13.55	8.778804590390001
13.56	10.641230864947065
13.57	10.037462706945867
13.58	11.430310644333586
13.59	12.304072029928705
13.6	12.10437482714518
13.61	11.50997707368794
13.62	14.630479441104661
13.63	13.365734786678061
13.64	14.494147980954736
13.65	14.48365931348153
13.66	14.86034921351575
13.67	16.0096989230807
13.68	15.589230344105419
13.69	17.30823238166089
13.7	16.331255297992495
13.71	17.225902498302304
13.72	17.83001436067607
13.73	18.303301633452193
13.74	18.108998688844306
13.75	17.62092678109038
13.76	19.358011306439895
13.77	18.678481348083707
13.78	20.549466884697658
13.79	18.841895781215086
13.8	19.973529598791323
13.81	20.178376254173585
13.82	19.59592742405487
13.83	19.42563060209499
13.84	20.63594134502842
13.85	19.35238604791665
13.86	19.985639874822194
13.87	18.294354297042233
13.88	19.2458054246084
13.89	20.440879942241786
13.9	20.1816399962065
13.91	19.61437858140746
13.92	18.695988927589195
13.93	18.67257784913736
13.94	19.25520805798618
13.95	19.40055864485468
13.96	18.277089965867134
13.97	18.07815587445337
13.98	18.519800021947837
13.99	17.414159426758108
14.0	16.60433007345906
14.01	17.007910277400292
14.02	16.656136316085764
14.03	16.87909481738129
14.04	16.20872728421038
14.05	15.88246747981059
14.06	15.680258012362017
14.07	15.18551113333419
14.08	14.895632605672601
14.09	14.126458220767335
14.1	12.98904304954872
14.11	12.220022370755922
14.12	12.613886931179305
14.13	11.744034609447793
14.14	11.79291914214812
14.15	10.582430228327695
14.16	10.009482898022615
14.17	10.286402978383217
14.18	9.179680839028364
14.19	7.981241716535616
14.2	8.437871236185874
14.21	7.897972312261576
14.22	6.87252458450348
14.23	7.263143291775426
14.24	6.826117173322092
14.25	5.533540594246541
14.26	5.808694957699595
14.27	4.758645662079896
14.28	4.083696363226402
14.29	4.373340603320241
14.3	3.3335292788543285
14.31	3.6834672817921676
14.32	2.896783066775093
14.33	2.8345028324518715
14.34	3.0900173615619235
14.35	2.2788410033314515
14.36	1.5647614087983959
14.37	2.26242987574807
14.38	1.8198346952308526
14.39	2.118195726430935
14.4	1.3606986811781465
14.41	1.541901205679956
14.42	1.3729310675538162
14.43	0.6832169450990454
14.44	0.5435006866467411
14.45	1.0370980737212985
14.46	0.7873139492835771
14.47	0.39329236425439495
14.48	0.18110137596339793
14.49	1.3133023801510508
14.5	0.3664142121326214
14.51	1.3460831646835438
14.52	1.0650353052741623
14.53	0.021325642958302637
14.54	1.0314005138916218
14.55	1.7449568055644131
14.56	0.7425209446235703
14.57	0.9725138820812753
14.58	1.8950864563809289
14.59	1.5249813786623787
14.6	2.2393780772586336
14.61	2.759770254831606
14.62	3.2286053467964404
14.63	3.2827363298935417
14.64	2.4324385048941224
14.65	3.0788996820191534
14.66	2.8849799863652854
14.67	3.850407478220498
14.68	5.320480836193252
14.69	6.203150808056905
14.7	6.219339414128859
14.71	7.144855236378252
14.72	6.340505231275679
14.73	6.54032445414675
14.74	6.580384662005001
14.75	7.718400295122101
14.76	8.432057465819863
14.77	7.861660997658714
14.78	10.060777116642202
14.79	10.195161634530406
14.8	10.157322512537656
14.81	10.27441574343606
14.82	9.700057659762344
14.83	10.226640069850886
14.84	11.254720760541385
14.85	11.28525008997644
14.86	12.685888627989554
14.87	12.420488650540138
14.88	13.399188681081746
14.89	12.48762499246993
14.9	12.60419044565361
14.91	13.3688599727292
14.92	13.40498278369394
14.93	14.089229415073511
14.94	14.841841385469683
14.95	14.383580454989163
14.96	14.609636283815364
14.97	15.098604334289277
14.98	14.753566056084892
14.99	14.915155186508551
15.0	14.833905422115507
15.01	15.53777041365253
15.02	15.031109550455655
15.03	15.149826879876043
15.04	15.406688128262957
15.05	15.3369977921934
15.06	15.24440727403059
15.07	15.584412149062391
15.08	16.133154828773755
15.09	15.469592660401688
15.1	16.3638762847518
15.11	16.883638896977324
15.12	16.2107023501568
15.13	16.888202364903467
15.14	17.452683101368457
15.15	15.44872029783291
15.16	16.408717364254386
15.17	15.944817182919621
15.18	16.370005089991533
15.19	16.49138408455676
15.2	16.65466321559662
15.21	16.643712682305445
15.22	16.0939397570336
15.23	16.040379181935723
15.24	17.2678885272147
15.25	16.48854917145444
15.26	16.28670677045589
15.27	16.59218332223411
15.28	15.704843859574629
15.29	15.485940215318761
15.3	16.863434276656896
15.31	15.72610301589971
15.32	15.500512303340292
15.33	16.542439489412644
15.34	16.35888342300381
15.35	16.203372300620266
15.36	15.81646463271476
15.37	15.847696447233048
15.38	15.587273818749061
15.39	15.568496610104921
15.4	15.635684816574237
15.41	14.602292312877767
15.42	14.762776270104903
15.43	14.851125359230913
15.44	13.364291214367901
15.45	13.714337296360084
15.46	13.621888125906034
15.47	12.713035344350196
15.48	12.95236526096486
15.49	12.266832363508913
15.5	11.605478086667212
15.51	10.116062605723501
15.52	9.613756467341654
15.53	10.477624216169865
15.54	9.213918446333912
15.55	8.298648521995357
15.56	8.247247220315137
15.57	7.949607569602805
15.58	7.142650949094487
15.59	6.946409167306109
15.6	7.359232884834198
15.61	6.155536384955826
15.62	6.775274925230673
15.63	5.113065015167448
15.64	5.281320311153144
15.65	4.329498044065458
15.66	3.583004556121385
15.67	3.3818776147196172
15.68	3.0949149281645516
15.69	3.000095669044495
15.7	2.2972141831539865
15.71	1.4540071987376013
15.72	2.3786504764353773
15.73	0.725251007039115
15.74	1.3228631828774688
15.75	0.6970292795846706
15.76	0.405960895133856
15.77	1.1100804138370917
15.78	0.16880165497878735
15.79	0.4623436602723707
15.8	0.6935370387652734
15.81	-1.1655819830738348
15.82	-0.35121296571031724
15.83	0.6852206984091677
15.84	-0.2262285744115191
15.85	1.066841479265956
15.86	-0.05113828737416559
15.87	0.7511406705481808
15.88	0.5603005897298279
15.89	1.101525293203964
15.9	1.0434052736887807
15.91	0.5822336088929387
15.92	1.0257701612439327
15.93	1.813871779006902
15.94	1.3804181860360165
15.95	2.5661474147307843
15.96	2.8175139188348512
15.97	3.4399639073741004
15.98	3.1937067176145733
15.99	4.756716302405644
16.0	4.618893438987994
16.01	4.796113866418859
16.02	6.15060297139299
16.03	5.596196783580433
16.04	6.665103559578221
16.05	5.693117309491716
16.06	8.053925229040683
16.07	7.957042888546403
16.08	8.008413539677555
16.09	9.333023612278911
16.1	9.240188208118058
16.11	10.153678420259306
16.12	10.627730985837742
16.13	9.97016481339918
16.14	11.364501681713444
16.15	11.280187431870191
16.16	13.140804397710907
16.17	12.751946125216223
16.18	12.618017036289656
16.19	13.583206422996367
16.2	13.534437671372372
16.21	13.160930730921827
16.22	13.965648694057508
16.23	15.180988125697365
16.24	14.463784762248919
16.25	15.578643843795085
16.26	14.70195729579429
16.27	15.275951742307447
16.28	15.127729018671236
16.29	15.549902386973296
16.3	16.21395587725152
16.31	14.610029144324601
16.32	15.664827823508263
16.33	15.8279121746155
16.34	15.44877482700844
16.35	15.092973385284203
16.36	14.79023384420668
16.37	15.901922760586412
16.38	15.106951510661816
16.39	16.175079029013705
16.4	14.889237098743347
16.41	16.166666068055093
16.42	14.807106795233627
16.43	15.568450921651987
16.44	15.695679657648215
16.45	15.13079464018608
16.46	14.719203237646575
16.47	14.444669691927755
16.48	13.932539812961632
16.49	13.727413858395847
16.5	13.952982502342522
16.51	12.915009947506155
16.52	13.288725506249662
16.53	12.8013433584897
16.54	10.925124633142003
16.55	11.658517605126159
16.56	12.153009859833327
16.57	10.639458185035764
16.58	10.70468506465908
16.59	9.253725242989976
16.6	10.293893345480596
16.61	8.656855794887873
16.62	9.01014060402425
16.63	8.563207049145571
16.64	8.776321924660476
16.65	8.601394019764196
16.66	8.102550997569574
16.67	7.047253621907888
16.68	7.303318566752703
16.69	6.9668626886379155
16.7	5.920682111131272
16.71	4.642664073717706
16.72	4.962548599358473
16.73	5.718582955917594
16.74	4.546549990471826
16.75	4.629044027942042
16.76	4.1383704927474385
16.77	4.269547312070529
16.78	3.340708728077529
16.79	2.6722155238650287
16.8	3.200475279709415
16.81	3.252794207093881
16.82	2.4119699447757332
16.83	2.162382136519733
16.84	1.3932784352231142
16.85	2.1511723334009836
16.86	1.4456151027754967
16.87	0.9940165587486599
16.88	0.9816704507089284
16.89	2.187610934059554
16.9	0.7748120681882613
16.91	0.5200093671378174
16.92	1.2684611184091799
16.93	0.9761750074304557
16.94	1.8135143775844653
16.95	2.111598119419882
16.96	1.6775407445793507
16.97	1.1570841798681826
16.98	1.393072802185636
16.99	1.5918562217268657
17.0	1.4707521992063592
17.01	2.340531540506897
17.02	3.0231337200126003
17.03	2.6359265143938404
17.04	3.139188313152444
17.05	2.180169298804618
17.06	3.468218233812816
17.07	4.9619289813450305
17.08	4.0676221350528765
17.09	4.968273123880398
17.1	4.640357719144672
17.11	5.5283502703153395
17.12	5.44170133850586
17.13	6.862486709822616
17.14	7.958628369934843
17.15	8.143794219848592
17.16	8.580070945141975
17.17	7.774862589177811
17.18	8.632680434713222
17.19	9.864751135963886
17.2	9.529949747370665
17.21	11.574871002975344
17.22	11.407446395785296
17.23	11.46473690768187
17.24	11.266512413992903
17.25	13.211171619155344
17.26	12.73050644157942
17.27	13.100890279833225
17.28	13.830198094356538
17.29	13.816726940496237
17.3	13.816420032130056
17.31	14.322472674543096
17.32	15.64523029582127
17.33	15.50825871088821
17.34	14.962999388380462
17.35	15.268927052152971
17.36	15.429015818888619
17.37	16.878497048741657
17.38	15.871617231996709
17.39	16.35537871238524
17.4	15.71761119054915
17.41	16.50759188809874
17.42	17.144795378504448
17.43	17.43825518912896
17.44	16.296083687695393
17.45	15.450649270114498
17.46	17.40829127709296
17.47	16.40201611575093
17.48	17.601644612245106
17.49	17.32354603280347
17.5	17.29923838545514
17.51	16.156645992105812
17.52	16.78625210255659
17.53	17.086392288343117
17.54	15.607797022007901
17.55	15.475460655300001
17.56	14.986727406924286
17.57	15.136012126985511
17.58	15.552992613593931
17.59	15.26715406190495
17.6	15.024190040045497
17.61	14.22834585980861
17.62	14.868144531129829
17.63	13.810587227477043
17.64	12.991254569510277
17.65	13.0080917716717
17.66	12.052177091119413
17.67	12.315621384581455
17.68	11.94104861757979
17.69	11.207629513879565
17.7	11.019176448437785
17.71	10.05727415799873
17.72	9.39407767645558
17.73	9.254426761211285
17.74	8.769628565398397
17.75	7.7158063789163585
17.76	8.194634692476448
17.77	7.692579983599118
17.78	7.457605585544861
17.79	6.533716338529813
17.8	6.910404447746183
17.81	6.016104581320706
17.82	6.344976027967559
17.83	5.790107454961802
17.84	5.285071401014187
17.85	3.6307568799961687
17.86	4.144011552547157
17.87	3.00107892481637
17.88	3.1380750811929996
17.89	2.690110871638444
17.9	3.45727202283266
17.91	2.545225421750536
17.92	3.187074406622199
17.93	2.5388521521608656
17.94	1.2335001019007144
17.95	1.651252120984915
17.96	2.0095936148942624
17.97	1.1200601793363787
17.98	0.8196838744811561
17.99	0.2666513683419591
18.0	0.4851392280744121
18.01	1.5406589090888825
18.02	1.3411730377503197
18.03	0.882487775230612
18.04	0.7752571883338519
18.05	1.1097550972558043
18.06	0.19597582037670702
18.07	0.7816898241462233
18.08	0.9320252774370354
18.09	0.5475646249227718
18.1	0.5696793128254631
18.11	1.1167891423610818
18.12	1.3165795405340497
18.13	0.17392682655338265
18.14	1.5830774874121647
18.15	0.5533587000886664
18.16	1.26968051299226
18.17	2.9631285753689163
18.18	1.8691162566159516
18.19	1.3465914578941591
18.2	2.5261555780312515
18.21	2.77413822409076
18.22	3.957544265794283
18.23	4.100669760566613
18.24	4.14508661387558
18.25	4.931526823052396
18.26	5.455411672026541
18.27	5.677844315665308
18.28	5.486590255916729
18.29	7.066996216455865
18.3	7.1024353731176415
18.31	7.39521693370056
18.32	7.803207648538523
18.33	7.593224135261633
18.34	8.68705785967714
18.35	9.690665378278483
18.36	9.8124515082086
18.37	10.763001354332811
18.38	10.944414483514104
18.39	12.005681937997148
18.4	11.977120333258538
18.41	12.041040396378053
18.42	11.777782448055977
18.43	12.18721495690359
18.44	12.380244244979073
18.45	13.04257802244006
18.46	14.261320336569051
18.47	14.28798934322177
18.48	14.657401353753583
18.49	14.607477562341229
18.5	14.677406089750201
18.51	15.685775230956121
18.52	15.948368915870123
18.53	15.468814964463874
18.54	14.929235448496227
18.55	15.8009876823388
18.56	15.423109214040261
18.57	15.423400075284675
18.58	15.861198744096848
18.59	15.842390019602453
18.6	15.994535794319264
18.61	16.4083844866361
18.62	16.061644245172555
18.63	16.39795443481169
18.64	16.703308778942905
18.65	15.961974619002309
18.66	15.678667529598968
18.67	16.176954555908093
18.68	15.073419640123452
18.69	15.87880736412361
18.7	14.717565001845498
18.71	15.787565657291696
18.72	14.84669436412752
18.73	13.56197858176985
18.74	14.984006840814283
18.75	13.802550285790433
18.76	13.258289838701774
18.77	13.684342070214191
18.78	11.941025818188738
18.79	11.507228234805567
18.8	11.893892930832152
18.81	10.748983117365203
18.82	10.894269185719407
18.83	10.038512775962905
18.84	10.180534229322829
18.85	9.986194558967137
18.86	9.032367890739355
18.87	8.818531769948478
18.88	7.71101337158463
18.89	7.49378239687975
18.9	6.757701970577575
18.91	7.224998875763593
18.92	6.651991423470713
18.93	6.4527919910866105
18.94	5.942247668191297
18.95	4.991198747847087
18.96	5.683677486053579
18.97	4.945092296071848
18.98	3.9825366029700517
18.99	3.8688754388398534
19.0	3.6530804385064144
19.01	2.7641096683897572
19.02	3.017116394830109
19.03	2.479183510355382
19.04	3.0234045399561857
19.05	2.3688935205782915
19.06	2.0046805449286165
19.07	1.5128968957449003
19.08	1.6007937214345427
19.09	0.6096718994736863
19.1	0.6883630167653847
19.11	0.3673961386399043
19.12	1.304225570683363
19.13	0.6050882159071496
19.14	0.777417409138851
19.15	0.451793155995183
19.16	-0.22416923923546328
19.17	-0.005644766005536955
19.18	-0.02517148706289848
19.19	-0.14013528112284274
19.2	-0.11886376193894652
19.21	0.053420043714487914
19.22	0.4641021320076152
19.23	0.3016742062877628
19.24	0.954774410227599
19.25	-0.032667576963577805
19.26	0.14916037579259572
19.27	0.5829761287447498
19.28	0.5479750942473802
19.29	1.3367008125325546
19.3	1.5581534799833976
19.31	1.2670378353782752
19.32	1.7816619927940998
19.33	2.2788179381100866
19.34	2.8571051650775408
19.35	3.7955516142278514
19.36	3.0535681817169333
19.37	3.439909586359911
19.38	3.501978956695076
19.39	5.021922997223276
19.4	5.5163685787895815
19.41	5.495051488759441
19.42	6.134615003520078
19.43	6.855529871273056
19.44	6.958235897161373
19.45	7.557785115122275
19.46	7.474722534522365
19.47	8.18827279421877
19.48	8.236558866337369
19.49	8.82274211802855
19.5	9.569226899018995
19.51	10.850792133171895
19.52	10.24523569200739
19.53	10.632100146474155
19.54	11.703256143894368
19.55	12.621245872241468
19.56	12.978908795756132
19.57	12.765201484441942
19.58	14.39424419224258
19.59	13.804090530401913
19.6	14.690512279928837
19.61	14.114933799561848
19.62	15.379180369413955
19.63	15.58337921443109
19.64	16.42012558089194
19.65	17.509314476087553
19.66	16.41731946505698
19.67	16.053206978896423
19.68	16.758594426411435
19.69	16.675579491850286
19.7	17.0141174776871
19.71	17.401140863417194
19.72	18.663142197968114
19.73	17.31007317506969
19.74	17.734695037248045
19.75	18.828435915673296
19.76	17.673228625643745
19.77	18.07882849652512
19.78	18.16751441175444
19.79	18.579932220126953
19.8	16.58055325664772
19.81	18.615141434070523
19.82	18.582973529647017
19.83	16.841903377464977
19.84	18.403678544994197
19.85	17.474225563825936
19.86	17.32298817540183
19.87	17.229206437283825
19.88	17.737751567331532
19.89	16.25102543245222
19.9	15.652691370064053
19.91	16.72773395011076
19.92	15.680309544015193
19.93	14.270415338407307
19.94	14.972153344645786
19.95	15.112288170660744
19.96	14.099075883194502
19.97	13.515547236418223
19.98	12.569434103966001
19.99	12.231244572535456
20.0	11.82690304121816
