10.01	4.84519682265155
10.02	7.338953656685344
10.03	4.15335762806912
10.04	5.463870826461165
10.05	7.9876061052450815
10.06	8.073728110410936
10.07	11.75996112748309
10.08	10.298650338306569
10.09	10.094110529749347
10.1	9.3789577167737
10.11	12.05961007338448
10.12	10.218909240827434
10.13	11.027098505177138
10.14	13.756826079698058
10.15	12.328180536292933
10.16	11.701124568295217
10.17	11.108899182374413
10.18	14.486591247945972
10.19	14.848911913870568
10.2	18.216775463671688
10.21	13.455492720768348
10.22	14.747229398885217
10.23	18.382479267796494
10.24	15.87392119221356
10.25	17.548210038019064
10.26	19.367380705820224
10.27	18.23857152831717
10.28	14.909802058357188
10.29	18.32570938529871
10.3	16.942500557441043
10.31	19.319424678433617
10.32	16.0456522968934
10.33	21.106917885861982
10.34	19.990020546046917
10.35	19.277399406663942
10.36	17.23394823580978
10.37	21.150536024329906
10.38	21.487021337626057
10.39	18.86958463141469
10.4	18.798178020535154
10.41	21.660722553115683
10.42	20.235003255808238
10.43	22.400747624705122
10.44	18.827501974004086
10.45	20.743784705685908
10.46	19.758566986962276
10.47	20.66027013784766
10.48	19.02928429637806
10.49	21.061246234044937
10.5	18.313709332182313
10.51	20.258651662813076
10.52	18.536952537155393
10.53	19.299736331017495
10.54	17.659058203741896
10.55	16.15423935214446
10.56	18.455584224752382
10.57	17.673001087088437
10.58	16.493634892697283
10.59	18.09654952176144
10.6	15.442938726223455
10.61	18.365582985629096
10.62	16.424884879204235
10.63	19.591531791233667
10.64	13.14982148572279
10.65	18.469404225240368
10.66	17.47012523716463
10.67	14.930401538984796
10.68	13.965360969999795
10.69	17.48847768104845
10.7	14.366208724195655
10.71	13.850395000396704
10.72	14.302191947720612
10.73	12.60851729529697
10.74	13.129164106825034
10.75	10.31156353874883
10.76	11.652448482429246
10.77	13.045977478338353
10.78	12.48438402591349
10.79	10.171729503942663
10.8	7.905223267005432
10.81	8.74332084928169
10.82	8.963431544738658
10.83	10.620212893597314
10.84	4.56945479055191
10.85	8.858207757974972
10.86	8.8221268033989
10.87	5.136826635742239
10.88	7.64965709931117
10.89	5.329891174735768
10.9	5.964163630981846
10.91	1.7364790954775127
10.92	4.445836496985005
10.93	4.784625781645834
10.94	4.648303564931785
10.95	4.263426892476885
10.96	1.7639152244667815
10.97	2.758309972875452
10.98	3.459187165206076
10.99	2.918990708794805
11.0	0.707519893449408
11.01	3.6823263558598924
11.02	3.1529167989762064
11.03	3.0681306328029425
11.04	3.0322536119485815
11.05	2.3911500986789593
11.06	0.18612917266627105
11.07	0.5877803424460957
11.08	0.6019229850241825
11.09	1.876428236071476
11.1	2.415760117055549
11.11	0.8945315067052351
11.12	4.085070397984852
11.13	3.5926656171742524
11.14	4.139017313475023
11.15	3.0638419059911444
11.16	4.157290270927868
11.17	5.0648850797716936
11.18	4.181726698080895
11.19	1.4911582273327335
11.2	5.349241854898754
11.21	5.21795178413464
11.22	4.749603243548864
11.23	7.408385518568446
11.24	8.563636419529766
11.25	4.820705724806954
11.26	7.547283455092665
11.27	7.793223800729441
11.28	7.295675028664117
11.29	8.957502049129252
11.3	14.051331012371328
11.31	10.247687375198336
11.32	10.35823542869652
11.33	11.41200504562571
11.34	13.45763717682533
11.35	13.330587207723442
11.36	11.278989871815783
11.37	14.28112990687218
11.38	12.361060370952321
11.39	14.034371355465009
11.4	19.160677751536237
11.41	12.393306550052161
11.42	17.169264056282188
11.43	17.118711716516888
11.44	17.175622266756708
11.45	17.9545853767751
11.46	17.217200820467696
11.47	19.631630912417048
11.48	20.08949403739688
11.49	19.37166824854773
11.5	21.285232405170234
11.51	19.84207648057605
11.52	21.629510879417637
11.53	23.485507977514168
11.54	19.462126033880388
11.55	23.86836325353951
11.56	19.429191696588568
11.57	21.17434350061866
11.58	21.60824833443522
11.59	21.357643967483273
11.6	21.661594055787354
11.61	22.02325018095988
11.62	21.30206240501911
11.63	23.996224791635466
11.64	21.179412582110828
11.65	19.83447638643525
11.66	21.712152026525168
11.67	19.313531341244055
11.68	21.772404610588662
11.69	19.005151642909972
11.7	17.77875407320818
11.71	15.33990020466872
11.72	13.87744652772065
11.73	17.571012115066168
11.74	18.59849390164365
11.75	16.659327183013893
11.76	17.493779391025583
11.77	16.032268317004696
11.78	15.344649236064333
11.79	13.705737967061477
11.8	13.363923359656818
11.81	14.983032756800434
11.82	13.138722488884882
11.83	10.521213812543674
11.84	10.495173135307892
11.85	11.628968917468828
11.86	10.08095627576927
11.87	9.23175918985563
11.88	10.513751298137842
11.89	9.08830878036741
11.9	4.727683176317832
11.91	8.760347521485288
11.92	8.565044311939047
11.93	6.0030566539051335
11.94	3.8429419596596217
11.95	4.194724830448044
11.96	5.061315422779445
11.97	6.648159154825038
11.98	4.780331249598976
11.99	3.8935435002045873
12.0	2.8774353471293286
12.01	4.665928468750861
12.02	4.849522723728646
12.03	5.995244880350909
12.04	4.760777924175534
12.05	5.127770233252457
12.06	2.4740364591576074
12.07	-1.275171254357509
12.08	4.7529565760232515
12.09	0.2593411325034478
12.1	3.977611090545696
12.11	5.64416706638438
12.12	2.1026650547538352
12.13	0.01718850782789172
12.14	1.1601645308016373
12.15	0.7113626183478137
12.16	2.4830525497915352
12.17	5.191479498311661
12.18	-0.27907010560381895
12.19	3.0980303789555164
12.2	5.1814121795118036
12.21	1.779838191837075
12.22	2.754361812394719
12.23	2.755745852195468
12.24	3.8601871208572867
12.25	2.6863815444579346
12.26	0.43168071763367744
12.27	1.1549693421825875
12.28	3.772243054307367
12.29	4.545015073248956
12.3	4.247360562682393
12.31	7.502893385028348
12.32	6.034181948247149
12.33	5.1730242544729785
12.34	6.777399141663026
12.35	9.246906939939212
12.36	8.417396786030428
12.37	11.497950692294324
12.38	8.52868041545608
12.39	9.273314265225718
12.4	10.834442660975867
12.41	10.504410896785888
12.42	12.566888816455748
12.43	14.666990260359121
12.44	12.398609646209733
12.45	14.817871540625559
12.46	13.655228617181018
12.47	13.636487286641394
12.48	13.698459407995301
12.49	17.10479088205303
12.5	17.308206707358643
12.51	16.201045214604726
12.52	19.488039843683175
12.53	17.329480120357953
12.54	18.202781746422563
12.55	18.010024774934408
12.56	18.711601413636416
12.57	20.26872642257537
12.58	20.210234211097113
12.59	21.197494420940806
12.6	19.911967878871543
12.61	25.01777484201421
12.62	20.670293084001074
12.63	23.58757650936681
12.64	20.049302603803735
12.65	24.211834396250946
12.66	20.353221692536337
12.67	22.120667822155873
12.68	20.683443199202376
12.69	20.624428054869885
12.7	21.31626657817471
12.71	23.19605811289749
12.72	23.131846804249246
12.73	25.905510576431286
12.74	23.136501544585418
12.75	23.10512065736234
12.76	23.11776879005056
12.77	24.138954552757273
12.78	22.148271790963346
12.79	24.586905046765853
12.8	22.999479117298065
12.81	20.68981852429098
12.82	20.237269733832566
12.83	24.181156750908034
12.84	20.195339257125696
12.85	19.187268615084296
12.86	19.492777773521922
12.87	22.851713719791285
12.88	19.421034172411566
12.89	19.223428575505892
12.9	22.21318607232748
12.91	17.015259366028175
12.92	18.11857478282164
12.93	16.05188257628029
12.94	21.0028013063998
12.95	13.014355791702403
12.96	15.873805666459706
12.97	12.998165999331093
12.98	15.660774000701718
12.99	13.91420059781534
13.0	15.250878357954134
13.01	12.233976211848665
13.02	11.89320235358199
13.03	12.620546146250673
13.04	11.739793883768279
13.05	10.233899355422988
13.06	10.776184745525244
13.07	5.4525687836096495
13.08	9.703377886104331
13.09	10.201462783744628
13.1	6.544206241286611
13.11	8.838422864853337
13.12	6.745246345618585
13.13	6.75348945381462
13.14	9.010459515698534
13.15	5.242660153550971
13.16	5.269429312361492
13.17	4.628827681070456
13.18	5.186084086408677
13.19	2.556453194725888
13.2	4.913489166966951
13.21	6.931301170101987
13.22	6.270172608173434
13.23	4.365154289646089
13.24	1.639807578429937
13.25	4.020361317720724
13.26	5.564970009269335
13.27	4.667827662275212
13.28	4.011806456642024
13.29	4.230500428846539
13.3	3.0648983560510263
13.31	5.282488442738581
13.32	1.9834229788474678
13.33	3.4458414586218047
13.34	3.6030900210343795
13.35	4.516600028741949
13.36	2.3948838668524406
13.37	0.8660607552804178
13.38	1.9333765086651302
13.39	1.5751937915135994
13.4	1.2576195617358898
13.41	7.56474889701661
13.42	4.0327361285973495
13.43	8.241060633480362
13.44	4.882735901312943
13.45	7.703623818140085
13.46	6.357867238839342
13.47	4.025604502185341
13.48	6.157228729063885
13.49	7.623139698661903
13.5	6.317164502515499
13.51	6.545981236135876
13.52	8.970589619703736
13.53	9.420923883693655
13.54	9.257696601696285
13.55	12.85832228646468
13.56	10.070689596195903
13.57	8.591388896130546
13.58	12.850579119174018
13.59	12.635807969137826
13.6	14.06350288540649
13.61	13.11315063963478
13.62	16.217301623585687
13.63	17.308669182908417
13.64	12.288367808154566
13.65	16.75385583454701
13.66	16.23832807485343
13.67	14.920483300839152
13.68	15.171403659857573
13.69	16.376809087123704
13.7	16.597461036374686
13.71	17.252939894958953
13.72	18.00528163535936
13.73	16.688455082458564
13.74	16.167824212173585
13.75	19.3696929880024
13.76	17.5977907771618
13.77	18.55941831975705
13.78	17.73065150941058
13.79	17.728024071719183
13.8	21.362858342083285
13.81	18.930677102535174
13.82	16.8975418536237
13.83	20.80632287000698
13.84	20.007444766032894
13.85	20.022255385695622
13.86	17.291636809665825
13.87	21.28289212214836
13.88	22.23469711167741
13.89	19.954934436391273
13.9	18.767748412335262
13.91	19.377273036226068
13.92	17.47330293753781
13.93	18.587044092940783
13.94	19.858256122747896
13.95	20.024007563723067
13.96	17.821580650591486
13.97	16.779734180391113
13.98	16.5765779039053
13.99	18.114136382305663
14.0	15.712331783593752
14.01	17.09054479380786
14.02	15.684697791215884
14.03	15.248794403699087
14.04	13.907044377565134
14.05	17.124684009800387
14.06	17.14533368151207
14.07	14.905541482085267
14.08	14.30574240816015
14.09	14.623405491286837
14.1	13.158003309990118
14.11	11.856003464508335
14.12	14.093994022960299
14.13	12.011183570056483
14.14	10.516143577946032
14.15	10.347336984194206
14.16	13.922715628399818
14.17	11.12449473947726
14.18	6.949721308057834
14.19	8.704449669019134
14.2	8.357749476778505
14.21	8.708335074987643
14.22	9.389418964601667
14.23	6.998813544817064
14.24	5.906986693090595
14.25	6.705313925185857
14.26	4.797151712507372
14.27	5.282162040075435
14.28	6.923088788871407
14.29	5.041629900319048
14.3	4.298723578677346
14.31	2.5116569185504423
14.32	4.45280501856698
14.33	4.545779394688854
14.34	2.2550092339774235
14.35	1.610525432152573
14.36	-0.6168134532130827
14.37	3.106384208234317
14.38	-0.8924038410603288
14.39	0.7500413700191891
14.4	-2.427698288308056
14.41	-0.5447411617406173
14.42	1.6588179966097871
14.43	2.909430156172502
14.44	1.4758731850295423
14.45	0.4806359838837563
14.46	2.5971833269861855
14.47	3.273227326863847
14.48	-1.3426126569658905
14.49	1.0530711128498962
14.5	0.2221335006225439
14.51	2.0588843836185373
14.52	-0.6766234134442776
14.53	-0.3626580979705396
14.54	0.1893530369679064
14.55	1.6306783927437885
14.56	2.0857430861924486
14.57	3.5594410505123792
14.58	0.9897849290191477
14.59	1.0668456135331223
14.6	3.5866896583927064
14.61	1.4788214870449583
14.62	3.2959689377275647
14.63	1.7362875288269695
14.64	4.6334337866889
14.65	3.420686016642435
14.66	1.8409570749133513
14.67	6.547839862387516
14.68	5.182654217474623
14.69	6.129441669522481
14.7	4.113594529940929
14.71	5.295785176413551
14.72	5.6770495041147875
14.73	5.059679756641912
14.74	8.862893174124988
14.75	6.506735628000003
14.76	5.729456426492746
14.77	12.216867113983806
14.78	8.02263049152137
14.79	8.981614918012944
14.8	9.596927769950295
14.81	8.798640359422212
14.82	13.995391584468312
14.83	11.15802174442946
14.84	10.459425117891383
14.85	12.145346118556164
14.86	11.573785311642963
14.87	12.96606221614372
14.88	11.914046373121478
14.89	14.484058747118292
14.9	12.079436736246501
14.91	13.10557354292949
14.92	15.318649850938547
14.93	16.662155718827027
14.94	14.12125629268349
14.95	13.895491197415174
14.96	12.665430322159537
14.97	16.46650860562735
14.98	16.42477898450266
14.99	15.751277211864135
15.0	15.536470930119721
15.01	15.842784993799484
15.02	14.810335817233442
15.03	16.35918341404506
15.04	16.309126311231054
15.05	16.039880772739647
15.06	17.621469231802358
15.07	18.392786510486246
15.08	14.524305469266647
15.09	16.173927195835187
15.1	14.854623188791937
15.11	16.909131396379472
15.12	14.709927119972452
15.13	14.030164744188658
15.14	16.099651353316236
15.15	19.040280744620972
15.16	15.903804075759963
15.17	15.773629721943774
15.18	16.345642572696256
15.19	17.794683419006667
15.2	17.7645057341764
15.21	17.665744996141928
15.22	17.28342808129372
15.23	14.082754462634087
15.24	15.621422621939116
15.25	15.58031550398003
15.26	17.152772719026224
15.27	15.610549499378914
15.28	15.518205956332777
15.29	17.493593151146147
15.3	16.407671289992177
15.31	15.61123020842001
15.32	17.540108998033904
15.33	16.101669955746765
15.34	16.09611588698809
15.35	16.567903579677743
15.36	12.756203104963713
15.37	14.97265156575431
15.38	14.828634784169331
15.39	14.52590850120346
15.4	15.628383475704497
15.41	16.08469122932685
15.42	14.75087439858255
15.43	14.60741050426697
15.44	15.32797377464367
15.45	14.386903000821409
15.46	11.74945363366314
15.47	11.327265473899766
15.48	14.816155927983479
15.49	10.122905369490475
15.5	12.857036757251116
15.51	12.687165279768843
15.52	10.150491204489551
15.53	9.493014543815349
15.54	10.000565171156572
15.55	6.215049384739085
15.56	7.27204978211403
15.57	7.985589961760637
15.58	8.465929464047068
15.59	8.83820678361454
15.6	7.97544644987083
15.61	5.935948711589097
15.62	7.9328739160576385
15.63	7.791988105756735
15.64	7.539480360079855
15.65	0.9871547237343692
15.66	5.391771309011057
15.67	5.78595542938502
15.68	2.4872253985669657
15.69	1.7873540602062832
15.7	2.219958618354954
15.71	0.3859680038758846
15.72	1.9892836588787832
15.73	-0.2367582985671597
15.74	0.22153132151017485
15.75	0.5930002844095248
15.76	0.9176600081585407
15.77	0.8325096988256458
15.78	1.738360943571723
15.79	-1.1618020024579443
15.8	0.19394521381385615
15.81	1.310587368330046
15.82	0.8300806609475367
15.83	-2.9910414425234455
15.84	1.7252993040392517
15.85	-0.37493809039929815
15.86	2.2117866443484697
15.87	3.0673374392049912
15.88	1.5987667126090899
15.89	0.5047121615089581
15.9	0.2059982977308551
15.91	1.3492084259408341
15.92	-3.269502224709587
15.93	-0.24291147931864954
15.94	2.319384795945563
15.95	2.261348164574988
15.96	1.3033637923056682
15.97	3.6985163186559804
15.98	2.498673607473078
15.99	5.182948324386937
16.0	4.821198983763993
16.01	4.745407922507379
16.02	5.813333454015803
16.03	6.060645018703712
16.04	5.326397363114903
16.05	8.089966362209157
16.06	9.468691097480992
16.07	6.031508942988277
16.08	7.7163924567634306
16.09	8.308609930177928
16.1	5.593532511604209
16.11	9.8129611218484
16.12	9.528734588588488
16.13	9.827906794801981
16.14	12.359857837525421
16.15	12.603153000151273
16.16	11.405821834499527
16.17	14.760261661429634
16.18	11.546462246766593
16.19	14.40168882619605
16.2	15.922159812177965
16.21	13.817202471398518
16.22	13.911635341754838
16.23	15.793384376060928
16.24	17.2559253404454
16.25	14.315416153179967
16.26	12.06892439751451
16.27	14.60989040232261
16.28	14.587464655186844
16.29	14.280678707624647
16.3	14.465347753291983
16.31	16.067833104710537
16.32	16.684075467987668
16.33	16.492374881811752
16.34	16.3177690621211
16.35	15.04486169431956
16.36	16.216279562410357
16.37	15.927968565447005
16.38	13.9326311766322
16.39	12.620180158606434
16.4	17.252160233115404
16.41	16.209479084929832
16.42	15.676096790312203
16.43	14.827486418968677
16.44	14.330865501701739
16.45	13.459202630397824
16.46	13.28013530148063
16.47	11.85317193931536
16.48	14.230345024596323
16.49	13.506853879623714
16.5	13.883519308946457
16.51	13.522106689204563
16.52	15.921913253460191
16.53	13.288466465659674
16.54	13.693556471103914
16.55	12.518039316382936
16.56	15.121798498211152
16.57	10.661979907956779
16.58	9.844914968716546
16.59	10.560242640153149
16.6	9.152142830177075
16.61	6.419678944953912
16.62	7.745808960872804
16.63	8.869174782499252
16.64	7.3134118737578575
16.65	5.831110554307814
16.66	8.497191335463615
16.67	7.117507338862349
16.68	5.753305466358563
16.69	2.9262282988207735
16.7	8.016092940182167
16.71	4.887127109163181
16.72	4.377814323203985
16.73	3.315847334001139
16.74	4.162113124556738
16.75	1.7735654294929
16.76	4.246347066850283
16.77	0.9188653748208502
16.78	3.1740626515607326
16.79	3.749280253988758
16.8	1.451473341766081
16.81	3.6021560184936052
16.82	3.02183693601738
16.83	0.3321703420558071
16.84	1.0715327844457962
16.85	2.742241854646894
16.86	3.8582300928619584
16.87	3.548409829836574
16.88	0.093586899177033
16.89	1.0363867794697712
16.9	-0.9308580708895398
16.91	2.3286472307403545
16.92	-0.14636043847188396
16.93	1.133598563972046
16.94	0.9498922881169239
16.95	3.790485593317829
16.96	0.9007966841518394
16.97	-1.3344769326980315
16.98	2.1496623827347934
16.99	2.9873049182676645
17.0	-0.054223967014992436
17.01	2.4400011613948465
17.02	2.1728713629574257
17.03	2.4369783458780656
17.04	1.8105689478257836
17.05	3.730063277066957
17.06	3.4541553348594545
17.07	2.10470310636747
17.08	3.0411801595962693
17.09	7.596700875067372
17.1	6.494641450595097
17.11	6.6559099168446565
17.12	3.235723665034922
17.13	6.042237788169668
17.14	6.51314891080574
17.15	7.598613786677954
17.16	8.311239577624349
17.17	11.436276609686006
17.18	7.697711755992849
17.19	7.788519147367573
17.2	12.050048568803579
17.21	10.292978628224787
17.22	9.699467792824677
17.23	10.163758639526273
17.24	13.13023673390488
17.25	13.24859888826997
17.26	11.11915938290884
17.27	13.106591279669276
17.28	15.621772755956107
17.29	13.934639075241781
17.3	15.007071043767604
17.31	12.785077182596055
17.32	16.241764443237606
17.33	17.432024757551915
17.34	15.044144445654503
17.35	17.094626441767915
17.36	14.976168929780663
17.37	14.764606928150531
17.38	17.224421186046417
17.39	20.42870113466737
17.4	14.690695230878092
17.41	16.460347148043848
17.42	17.224306111994654
17.43	17.43311070771442
17.44	16.304758521017114
17.45	17.795158091327455
17.46	13.880132726705785
17.47	17.533375588933357
17.48	18.5014132309943
17.49	16.496653661454292
17.5	17.31729312001094
17.51	17.91336152849362
17.52	15.144876196374568
17.53	18.68762165259383
17.54	15.70610017417419
17.55	17.39525618142784
17.56	16.212266893891712
17.57	14.120893334136776
17.58	12.932664565355942
17.59	13.775289141057549
17.6	18.476777375061328
17.61	15.130171654734118
17.62	12.621672976784833
17.63	13.918236493234517
17.64	14.498400241135906
17.65	13.246034742514626
17.66	11.378262492894962
17.67	12.358620202911132
17.68	11.083551929850309
17.69	10.939581338847978
17.7	8.873092182099231
17.71	10.626128542779497
17.72	7.882570184330982
17.73	9.450839040599288
17.74	9.960826441009333
17.75	7.898618305548955
17.76	11.725624740432693
17.77	5.233989656756256
17.78	8.572238480633635
17.79	7.850174605677363
17.8	3.492625513506435
17.81	4.670353701487568
17.82	7.2859238165114535
17.83	8.26492872804798
17.84	4.040410680189318
17.85	4.634863809631926
17.86	4.872710014511761
17.87	4.7432550801404165
17.88	4.66180688117798
17.89	3.0671420848270414
17.9	3.2593906299422146
17.91	0.7901819318232635
17.92	1.5824173370587349
17.93	3.2505083952982408
17.94	-0.7552105482882436
17.95	4.6034216639417656
17.96	4.434708534215818
17.97	0.7476319531632603
17.98	1.3593929054192493
17.99	-0.9273154442543228
18.0	-2.565383902841668
18.01	0.32763102621715
18.02	3.7004491645289503
18.03	0.7366841711657429
18.04	-1.6474636212179257
18.05	-0.362092197268582
18.06	0.8227076548191352
18.07	0.7712384852201127
18.08	1.4236742091785601
18.09	-0.8828262843918231
18.1	3.600293372915621
18.11	0.4859795701467834
18.12	1.563165639276779
18.13	0.17188394384454564
18.14	2.7880153480196195
18.15	5.253733808143938
18.16	3.177840927440405
18.17	3.089026631817611
18.18	4.315313056559931
18.19	1.7151591543567424
18.2	2.8433735153549033
18.21	1.6120673616740708
18.22	2.1195756900366405
18.23	3.66880155887296
18.24	1.5208761631446692
18.25	5.663289754080568
18.26	3.7070912358688455
18.27	4.178261804882938
18.28	3.855950669958276
18.29	3.3599205762575566
18.3	6.215764325845025
18.31	8.80635883582375
18.32	6.516506038617274
18.33	7.625856064247371
18.34	8.183662728027063
18.35	8.642231356551873
18.36	12.919641131896572
18.37	9.218637142017085
18.38	13.180067273111417
18.39	13.446767464287559
18.4	11.851930678445548
18.41	11.748538372897551
18.42	11.589608488762469
18.43	10.816176200485463
18.44	13.4673426124992
18.45	11.676573901196539
18.46	15.958252578241114
18.47	13.168535202699992
18.48	13.301563624211624
18.49	16.334202700972263
18.5	17.168779642890076
18.51	16.62314020995697
18.52	15.804701745380514
18.53	18.12681928254511
18.54	17.55400070322743
18.55	15.83312847176781
18.56	14.10380856536494
18.57	16.509193085177603
18.58	19.473925644573406
18.59	15.673766348946053
18.6	16.23860376647311
18.61	14.936338473414185
18.62	17.248431440578333
18.63	17.51249157738933
18.64	13.470552564701855
18.65	14.265954282029371
18.66	18.35002781061965
18.67	15.723582491545487
18.68	14.833408099556044
18.69	15.090432579302467
18.7	15.631584479948312
18.71	14.807147018722311
18.72	15.60424888678851
18.73	14.524201721149758
18.74	13.642619289741017
18.75	15.303871178161106
18.76	14.498292471290247
18.77	14.503125959652685
18.78	13.137103099739006
18.79	10.88513417400866
18.8	12.112841392561752
18.81	12.7172334825623
18.82	9.217668548884102
18.83	11.76720148386028
18.84	11.61999030861486
18.85	9.241796515943138
18.86	11.128618672972259
18.87	8.168387408760088
18.88	7.850567381280773
18.89	10.095922519803413
18.9	8.862577370553716
18.91	6.856986290971541
18.92	4.80532387337788
18.93	3.5795609262445027
18.94	5.437524538074313
18.95	6.006792630178277
18.96	0.8188680658573837
18.97	6.90652552206182
18.98	4.869814532463767
18.99	6.584509547835533
19.0	1.8538802633591978
19.01	3.8742219353224416
19.02	-0.3291116626506385
19.03	2.7272413131915445
19.04	0.9943540866167258
19.05	0.6779564849527433
19.06	-0.022535711723464136
19.07	-0.5989013205113443
19.08	1.2367717738710078
19.09	2.8976700909553292
19.1	0.6864044462534374
19.11	1.8321139153615493
19.12	0.8122678342505454
19.13	0.6771909803914175
19.14	-0.25497405464213063
19.15	0.44013776374831687
19.16	1.8730266452897246
19.17	0.1857838564669007
19.18	-3.448370385165973
19.19	1.204896210870428
19.2	-0.30944754506301414
19.21	0.49550853412479273
19.22	0.6272033687007651
19.23	1.3325910323731396
19.24	0.10542539557826819
19.25	0.5521637932070442
19.26	1.9009228652489703
19.27	3.3767550328210834
19.28	1.345690193741827
19.29	-0.2789328727852298
19.3	-0.019507916656479773
19.31	1.6593186465626673
19.32	1.493301134191383
19.33	2.0748503314223967
19.34	4.133796786222527
19.35	2.8988955845371316
19.36	3.7192792946300206
19.37	1.487580481054994
19.38	5.150915174097129
19.39	2.5013798723307343
19.4	6.518991849992332
19.41	4.464187174631836
19.42	7.528977046721911
19.43	7.238759525548576
19.44	9.626902464281295
19.45	7.261983100518176
19.46	6.426764291563635
19.47	10.55549206807826
19.48	8.848867273398012
19.49	9.121038007559324
19.5	9.660389791615632
19.51	9.174393274675287
19.52	9.706969608511471
19.53	10.33412628560473
19.54	11.66220420055676
19.55	12.9958349515128
19.56	11.652798422324606
19.57	14.123782818970541
19.58	11.647363888285582
19.59	10.628539375285667
19.6	13.302818608965927
19.61	14.702355451059379
19.62	11.64035897785081
19.63	15.026194643256604
19.64	16.806931092243783
19.65	16.417821200199562
19.66	19.020238458059985
19.67	15.716290465596073
19.68	16.504735166557055
19.69	15.875941235359956
19.7	18.030750800201105
19.71	15.802776829456313
19.72	16.504559000118263
19.73	18.592601972383406
19.74	20.39583766976705
19.75	19.758721966066926
19.76	17.116089648667696
19.77	20.401698712171367
19.78	17.44709559303471
19.79	16.391650994293208
19.8	19.336911111710055
19.81	17.703971315167465
19.82	18.726863819555053
19.83	18.51581408913044
19.84	16.40220795710419
19.85	16.792240885307525
19.86	18.548137959429866
19.87	17.466337375536927
19.88	11.263537424666875
19.89	16.200395280676315
19.9	14.935139546517657
19.91	14.395389269580672
19.92	14.556265374945431
19.93	13.463509742530906
19.94	16.138722962590595
19.95	14.612823694826343
19.96	12.609310914493644
19.97	13.837846430165825
19.98	14.62401841222609
19.99	11.206696887363846
20.0	10.874315666377813
