10.01	29.07627776050697
10.02	29.358393384894622
10.03	28.029985741435578
10.04	27.678984620387865
10.05	25.654886943448187
10.06	29.368702045017752
10.07	24.07885806709246
10.08	25.528608227347856
10.09	25.343496740560052
10.1	24.963856190594804
10.11	25.694622815765573
10.12	23.46107049208361
10.13	20.761294589418448
10.14	21.5182522688616
10.15	21.1069013072376
10.16	21.56995348115541
10.17	20.120605955267646
10.18	20.377501040610095
10.19	17.794617017704685
10.2	16.049362437567495
10.21	17.229540743047643
10.22	13.860198003951993
10.23	16.02707535888971
10.24	12.610919512096407
10.25	13.697152564079596
10.26	13.071028767362877
10.27	15.09723926685075
10.28	11.752930860474708
10.29	11.143054155691981
10.3	9.32529055708819
10.31	8.145037560686117
10.32	9.801487871997283
10.33	10.321629627664962
10.34	5.131223497110518
10.35	6.588121593802512
10.36	4.9546562298929375
10.37	4.455267459873536
10.38	5.030762839643068
10.39	6.494914062830587
10.4	5.891072089966126
10.41	4.88169422603368
10.42	5.219535112560137
10.43	5.7737648921285185
10.44	4.3163845794592435
10.45	3.7889861465636847
10.46	3.954573580587573
10.47	3.2221835544700963
10.48	3.6877431003867853
10.49	3.924764363576993
10.5	4.390594608420406
10.51	3.45219737715101
10.52	2.8572891123413684
10.53	4.75280904788636
10.54	2.30172163075849
10.55	4.366391310596822
10.56	3.7639770048790644
10.57	4.370062671009988
10.58	2.8586988603245516
10.59	2.9626360341782627
10.6	4.433386466753131
10.61	3.369388354262045
10.62	1.5744295657005143
10.63	4.398797094790868
10.64	3.5885006262646706
10.65	6.083782893815082
10.66	5.696866972668617
10.67	5.558011845997341
10.68	5.40059721186768
10.69	7.147192232728272
10.7	4.9572233666903625
10.71	5.272831297683311
10.72	10.87605500996721
10.73	9.436960075028757
10.74	12.901595314067212
10.75	11.050155365776657
10.76	14.54026418713607
10.77	14.27286271005136
10.78	13.167260960967122
10.79	15.081202345108439
10.8	17.96718479348481
10.81	16.610378548183384
10.82	17.044371319505863
10.83	20.271283740528467
10.84	17.349904899299023
10.85	18.78944021193994
10.86	20.60274188839583
10.87	20.4245533823076
10.88	25.203980642725554
10.89	22.753867915248478
10.9	25.34070743946339
10.91	24.579508155801072
10.92	24.18055444883935
10.93	25.082516863786868
10.94	26.665322739012083
10.95	28.476400997273377
10.96	26.315948867850523
10.97	28.29711704461632
10.98	26.6854884732896
10.99	28.89028943498491
11.0	28.670293581295404
11.01	30.190063296422256
11.02	30.139145575858997
11.03	30.458165134085295
11.04	27.807937177939692
11.05	30.675700729314876
11.06	30.80732257460433
11.07	30.85715348550045
11.08	33.04949766984134
11.09	29.922142727625978
11.1	29.964712243197113
11.11	28.33900608122207
11.12	33.880664715311845
11.13	30.42602396323911
11.14	26.494738643802382
11.15	29.076109637946317
11.16	30.492916825175506
11.17	26.35652216730481
11.18	28.782679845568314
11.19	30.429251352733687
11.2	28.79694850385874
11.21	30.51796160116812
11.22	26.86146077698144
11.23	27.968282960801332
11.24	28.632730637463048
11.25	26.103506518472845
11.26	24.801571223749974
11.27	25.222507141771974
11.28	24.623750232570675
11.29	25.677027066565074
11.3	22.651472193048868
11.31	23.996141520021546
11.32	22.304513820968506
11.33	20.655674214968542
11.34	19.549466337218963
11.35	21.993433147804343
11.36	22.14325948500503
11.37	19.89220077026572
11.38	19.191599686233122
11.39	19.194801147877005
11.4	17.644978320181284
11.41	16.204992553012772
11.42	14.102224716722514
11.43	13.713386897214967
11.44	12.822359833050621
11.45	13.144983987557472
11.46	11.190888475610427
11.47	11.678450778856586
11.48	11.405473677496099
11.49	9.194649874711368
11.5	10.051427216291556
11.51	10.879999345920254
11.52	8.457983190553085
11.53	6.080542461610463
11.54	5.884635781956948
11.55	3.7591058732724303
11.56	5.468584586048113
11.57	5.198425330271652
11.58	4.995973910574711
11.59	2.093584768780348
11.6	5.261154390079667
11.61	5.2795976222094305
11.62	3.774141690723723
11.63	1.0251890211851074
11.64	2.966351697703898
11.65	0.7582984054806579
11.66	4.279159829044827
11.67	3.4565000918952067
11.68	3.6530216683474417
11.69	2.1845444070352213
11.7	0.3115776277203153
11.71	2.293312688991568
11.72	1.6443965496052473
11.73	2.127747316703915
11.74	3.29889522942577
11.75	0.7888227947630754
11.76	0.5638218351472853
11.77	0.18265302096727942
11.78	2.2637924957527313
11.79	-0.9302026329538078
11.8	0.021069176159238423
11.81	3.0459143213165008
11.82	2.0309758997690013
11.83	0.12440777552762272
11.84	-2.4961888788639053
11.85	-0.2673814250008413
11.86	3.455684200020902
11.87	0.06917169185421124
11.88	0.34758859617609184
11.89	0.7026008816071916
11.9	3.599094242455159
11.91	1.2341690518975241
11.92	1.3901623188246737
11.93	2.3262360269806646
11.94	5.614406371673484
11.95	2.3335057349853443
11.96	2.8858560213184843
11.97	3.3609106842740553
11.98	2.5780089564019186
11.99	6.786323815184608
12.0	5.886644292415023
12.01	5.620104202625395
12.02	5.390044963429325
12.03	5.683753777382499
12.04	6.025158159703814
12.05	6.322987457732504
12.06	9.12109571601143
12.07	9.68011270740487
12.08	10.322803698720618
12.09	9.426809195225548
12.1	11.297923277222191
12.11	11.383773910524338
12.12	9.33034397116749
12.13	12.223755898487086
12.14	13.192734769922373
12.15	16.396975876999775
12.16	14.766442543702404
12.17	16.985837595003748
12.18	14.724835014393001
12.19	20.057336502583265
12.2	15.997283229317317
12.21	19.466299125571133
12.22	18.82087157668504
12.23	18.973473517302427
12.24	21.585307705955422
12.25	21.651562712488296
12.26	21.6219870419884
12.27	22.39935666467936
12.28	24.1273413350128
12.29	22.43426773767627
12.3	24.52313192522816
12.31	25.046461143979982
12.32	24.471210361723383
12.33	25.65843488460083
12.34	27.094463014257155
12.35	27.50499447161812
12.36	25.352200250597715
12.37	27.10824234528917
12.38	28.839577289329057
12.39	26.51385500524558
12.4	26.308700805587037
12.41	27.655321327497337
12.42	27.255764576258713
12.43	27.371944523608157
12.44	30.367153521401605
12.45	31.538572221053847
12.46	29.730510151379814
12.47	27.280531917920086
12.48	31.277302945085253
12.49	28.757555873471215
12.5	28.330634252900087
12.51	30.23759100445639
12.52	25.92946510264391
12.53	27.997581521339225
12.54	30.679778771887722
12.55	27.39041405603735
12.56	27.555762711044473
12.57	28.009919670594964
12.58	30.13280721215598
12.59	28.428180364234127
12.6	27.65957759293129
12.61	29.464512822667334
12.62	29.41092058693984
12.63	28.609829903595482
12.64	29.711650050640007
12.65	30.842442336592153
12.66	30.020156752559064
12.67	28.170930882639723
12.68	30.702030602231932
12.69	28.704085479852594
12.7	24.657544122943854
12.71	28.786307509938435
12.72	27.969267227330015
12.73	29.04257413709781
12.74	25.501148461054594
12.75	26.30057607001093
12.76	26.001000739147955
12.77	24.4807025330365
12.78	23.35733362977418
12.79	24.48224693313326
12.8	26.46135041699312
12.81	24.453575509537533
12.82	25.321974816578415
12.83	22.1473545898364
12.84	22.429232277382837
12.85	22.01984774279724
12.86	20.24652190533893
12.87	21.174279013698566
12.88	20.342472817395407
12.89	17.394136547554726
12.9	18.057583817462287
12.91	18.38333792148128
12.92	16.851609289315412
12.93	12.392985504164432
12.94	14.85791395595506
12.95	14.962286505428336
12.96	12.089635117885038
12.97	15.479832030954713
12.98	10.980498928701252
12.99	13.397323046926834
13.0	10.91469270210156
13.01	10.572807806642219
13.02	9.725667312226864
13.03	9.216677605613475
13.04	13.721851914092547
13.05	11.790526073739903
13.06	8.15691127502109
13.07	9.7753990236934
13.08	8.011586086165094
13.09	6.778424605158417
13.1	7.941345234323371
13.11	6.522061867198012
13.12	6.809482830964889
13.13	4.909330054581683
13.14	5.1135194281013625
13.15	4.936828920455624
13.16	2.912812824907395
13.17	3.1734962875386405
13.18	5.366559151158773
13.19	6.3010578708164555
13.2	6.3912965240115724
13.21	2.1341113631685866
13.22	3.7545096138802707
13.23	5.110717022650187
13.24	3.8049594007221454
13.25	5.5991722503604535
13.26	7.151522875672649
13.27	4.464003561144637
13.28	5.142368099101133
13.29	2.877446824344184
13.3	3.9424066440873515
13.31	2.2916653954622257
13.32	6.0005189750615955
13.33	5.122584602409048
13.34	6.057960044208601
13.35	4.789323119501475
13.36	4.338205080244467
13.37	4.039515764702179
13.38	1.5648502426132755
13.39	6.072688507427198
13.4	6.194766986442388
13.41	5.2373438977338385
13.42	3.2197049133508626
13.43	5.908300544121701
13.44	6.407307264564602
13.45	4.902463343518399
13.46	6.08663875058814
13.47	5.7130355051106205
13.48	7.689798313853164
13.49	9.699500493787681
13.5	6.881648921366378
13.51	8.899242910503858
13.52	7.6979690696887015
13.53	10.520824973639249
13.54	12.777352750455858
13.55	9.43106287702578
13.56	11.397867159587229
13.57	10.845130102631627
13.58	13.978621177713975
13.59	12.73555196269256
13.6	14.049739973574608
13.61	13.754688716848122
13.62	17.745902990634814
13.63	13.942742792830602
13.64	15.988558196891976
13.65	17.069338439783834
13.66	17.684780884788566
13.67	19.10788856477801
13.68	21.591676495818326
13.69	20.198236057516166
13.7	22.507210290557072
13.71	20.581289313334302
13.72	22.137581901483752
13.73	23.449744422642265
13.74	19.774058808885723
13.75	24.218194867509336
13.76	21.811947003830703
13.77	24.317456768380083
13.78	24.305394811276116
13.79	24.454150995023554
13.8	23.830162092092383
13.81	24.691544383295202
13.82	21.862425734008067
13.83	26.618687172728194
13.84	26.002794832432805
13.85	27.782059429368548
13.86	25.465047703455664
13.87	24.179433710402325
13.88	28.47406974293963
13.89	25.885244467927677
13.9	25.207956761833668
13.91	27.52881866776602
13.92	28.52701170379921
13.93	25.326244854306665
13.94	27.21161561653836
13.95	24.45459229873775
13.96	26.187802243026916
13.97	26.559466636628365
13.98	25.440863283036396
13.99	27.677398702395763
14.0	27.091095492126914
14.01	27.550468058160106
14.02	28.22341166497867
14.03	26.60138489084605
14.04	26.899076432331597
14.05	26.608414705073052
14.06	26.51784093167912
14.07	25.158354478132456
14.08	27.134832952751573
14.09	27.075664236628004
14.1	25.825457632883566
14.11	26.4532581155051
14.12	23.591072869443604
14.13	27.381473906150728
14.14	23.77302458766436
14.15	22.67111793941069
14.16	26.804047617365242
14.17	23.622370164655518
14.18	23.888326332133765
14.19	23.147592755204343
14.2	23.483894398952472
14.21	21.310868818909338
14.22	21.954393451453917
14.23	21.372718937980142
14.24	23.212467176158164
14.25	18.840604363273343
14.26	18.408583057765348
14.27	22.884071710239173
14.28	18.76100340040828
14.29	20.617895043751886
14.3	17.582846481788547
14.31	17.253231752150917
14.32	14.495593910599881
14.33	12.790698984442994
14.34	12.420272328280523
14.35	13.578201640165599
14.36	12.963247328634665
14.37	12.809048857976027
14.38	9.591404532093444
14.39	12.320501697759344
14.4	10.865713237722169
14.41	8.867006688149957
14.42	9.231166895906858
14.43	7.73646106084281
14.44	7.800802102314514
14.45	5.981656915937611
14.46	7.43279047521214
14.47	6.3599235322061425
14.48	5.379866653124261
14.49	4.153365004547444
14.5	6.307363998617737
14.51	2.969859658417257
14.52	1.8483445546838997
14.53	5.65452256272083
14.54	2.685592287942364
14.55	2.852016231456275
14.56	3.2922460635937245
14.57	4.052269094303287
14.58	-0.6723617116086169
14.59	1.1959686256952462
14.6	-1.3938504695922833
14.61	3.2671927663110796
14.62	2.729900807455789
14.63	1.8046605581798332
14.64	1.5173989368473855
14.65	-0.33359213904347707
14.66	1.147721400382468
14.67	-2.0824043056052477
14.68	-0.2509245727739393
14.69	3.129628232574989
14.7	-0.8708312642953047
14.71	1.5965625799373822
14.72	3.8786917567661394
14.73	-0.004787489512136256
14.74	0.4805341311967146
14.75	-0.8701511221167597
14.76	3.542849905736979
14.77	3.903754972943279
14.78	0.716086381161491
14.79	2.369000539899478
14.8	4.46237848558737
14.81	3.446927135567939
14.82	5.010199304102076
14.83	1.0920811150132823
14.84	7.366045161249971
14.85	6.1413189062865055
14.86	7.002474265116593
14.87	6.75213632452384
14.88	4.304134679669049
14.89	7.082754326200849
14.9	8.277798056551264
14.91	10.010486001426163
14.92	10.912374147725693
14.93	11.927759398442081
14.94	12.458660889338045
14.95	13.415846263450725
14.96	14.040836144099694
14.97	14.13134486648814
14.98	13.001397122062862
14.99	12.5114418167412
15.0	17.902440236940617
15.01	16.92066721040218
15.02	16.335810022793183
15.03	15.54046973419274
15.04	20.600683686912443
15.05	19.730169911639994
15.06	21.77705287029438
15.07	19.45343771573055
15.08	20.46630826837148
15.09	23.349420126569278
15.1	22.812857117082523
15.11	21.594111940867705
15.12	23.056186506805464
15.13	22.100873650580105
15.14	27.77793922445542
15.15	25.67032815465953
15.16	22.877926562732398
15.17	25.46154255297027
15.18	25.251503335424758
15.19	26.295732950159028
15.2	27.22762018821286
15.21	27.985101776419917
15.22	28.616510417604413
15.23	25.748123980996656
15.24	28.03527704212996
15.25	28.902745820972914
15.26	28.24153860350389
15.27	29.850297197615088
15.28	28.58272269340158
15.29	26.136524867948705
15.3	25.690475632996602
15.31	29.52815168840393
15.32	30.29748313160667
15.33	26.856631674241385
15.34	25.165560638098025
15.35	29.558159766566778
15.36	27.86990209131017
15.37	26.99712861380186
15.38	24.730990876610115
15.39	28.141281265821107
15.4	24.635624775717208
15.41	27.864018209069194
15.42	25.414651397447127
15.43	24.029238295495105
15.44	26.487408557293126
15.45	23.16217170527652
15.46	22.088028828611694
15.47	23.552776768293896
15.48	23.557300687252432
15.49	22.096587072851445
15.5	24.327981183461027
15.51	19.0346729706552
15.52	20.63327092740691
15.53	21.85948977580581
15.54	19.006066829857758
15.55	18.220604810106657
15.56	16.50802410965289
15.57	18.854055214688746
15.58	18.106206023419947
15.59	14.689599704992302
15.6	18.796871610857263
15.61	13.923432586467596
15.62	13.070149769010362
15.63	14.77340848951235
15.64	13.046954695198858
15.65	12.62516735994112
15.66	8.954006096487348
15.67	9.182021255863773
15.68	9.341141725452438
15.69	11.628315812389003
15.7	9.455037687222164
15.71	5.789215948737251
15.72	6.058151681676074
15.73	4.5659867771982885
15.74	6.428372507615918
15.75	5.1704233047956585
15.76	2.4070436635019
15.77	5.250647455307009
15.78	4.876797353941397
15.79	0.9760360928148712
15.8	4.868468754478007
15.81	4.247161231351641
15.82	3.16744014540602
15.83	-0.35986828239358326
15.84	2.420779582274188
15.85	1.3063537845055158
15.86	1.04330821039867
15.87	0.11983252954392465
15.88	5.123573088425952
15.89	-0.09197983417837274
15.9	1.2397210770234053
15.91	1.737614275706815
15.92	-2.311293546601731
15.93	-2.7704637259751657
15.94	-0.07137302143512454
15.95	2.236250572258073
15.96	1.614222976120966
15.97	-0.5247365903100372
15.98	-2.051033239497669
15.99	-0.9100397843641308
16.0	0.5834447241008516
16.01	0.7527501242526794
16.02	2.1139860541279623
16.03	3.091534739657632
16.04	0.6666901159376737
16.05	2.58693522205698
16.06	2.584950466284112
16.07	2.5933103941589315
16.08	5.190825162800369
16.09	2.982670759109282
16.1	4.781332061610994
16.11	6.566774745099478
16.12	8.132789159523417
16.13	7.196723202892474
16.14	4.905022583524192
16.15	8.346351849914136
16.16	8.87778649584111
16.17	9.317445925000614
16.18	11.02234841648108
16.19	9.48736599983531
16.2	9.9976089270989
16.21	12.37796652195426
16.22	15.892006546248634
16.23	13.080345859019669
16.24	14.631932271075922
16.25	15.22783729173495
16.26	17.18664037551913
16.27	15.750170947655207
16.28	15.836049658619052
16.29	19.062383189473152
16.3	19.022222849888497
16.31	17.42375487487546
16.32	20.199072481311685
16.33	19.914803295551323
16.34	21.689982164283666
16.35	18.95532647341896
16.36	20.39216848952442
16.37	25.81653988974255
16.38	25.38787182416823
16.39	26.839760337913596
16.4	24.62113471020419
16.41	23.72741929203505
16.42	26.24043973242242
16.43	25.58988117425235
16.44	25.941137276318784
16.45	26.25019263006109
16.46	25.896748996909533
16.47	26.336087913987516
16.48	29.82344645333034
16.49	24.8992853942081
16.5	28.39808044210378
16.51	27.695153489802614
16.52	25.729193716504746
16.53	24.807377462467024
16.54	28.614024400871273
16.55	29.18477754958862
16.56	29.444325459235188
16.57	27.984969058853977
16.58	28.815467564331467
16.59	27.81900382059853
16.6	27.239522209903406
16.61	28.714281666676488
16.62	30.05558055636101
16.63	28.577082095214898
16.64	27.24094838950666
16.65	28.309224713552002
16.66	29.439942925913275
16.67	26.3084985684596
16.68	24.336639394961217
16.69	25.933187322077334
16.7	26.630792042876255
16.71	26.97386108403129
16.72	24.538550393596694
16.73	25.278373174346363
16.74	24.586150364968177
16.75	22.612766912033305
16.76	24.341392248401547
16.77	26.07942363029467
16.78	22.63361271979376
16.79	24.920125846693487
16.8	22.441234919757534
16.81	21.027762034866928
16.82	19.82619858789894
16.83	22.341360080012773
16.84	21.687189892663312
16.85	18.899979469782004
16.86	16.478918596859
16.87	20.299155336388935
16.88	15.11398962286305
16.89	16.202057802727794
16.9	15.716028563898803
16.91	15.426105293587627
16.92	13.449414176801236
16.93	15.825984928328758
16.94	15.606254205432553
16.95	14.606306398780704
16.96	13.646821706102354
16.97	13.52934107956989
16.98	9.502329538248016
16.99	12.65300826551611
17.0	10.561881870414801
17.01	11.496630615790892
17.02	8.419890110096103
17.03	11.070596333054347
17.04	6.812243745098705
17.05	7.173121964568927
17.06	7.81274704429705
17.07	7.556274375770181
17.08	8.426209642909868
17.09	8.97735551800664
17.1	5.2398267941751655
17.11	3.855283028942438
17.12	4.185644458550911
17.13	3.2912636421620394
17.14	4.567940471527485
17.15	5.064499873884376
17.16	6.440418360999432
17.17	4.833117356867972
17.18	2.7296136993131617
17.19	6.225485973006983
17.2	1.6263425634248048
17.21	1.4197828765343687
17.22	3.8398436783992698
17.23	3.489845151897035
17.24	3.624230592364297
17.25	5.384246362824528
17.26	3.550762553229786
17.27	4.658309011382421
17.28	3.1118938527025746
17.29	6.051712500004206
17.3	4.71774728668162
17.31	5.346332272436907
17.32	4.360020585362948
17.33	4.9312127204643295
17.34	4.139766711879961
17.35	4.094220707762576
17.36	5.366662885071632
17.37	5.236153574330273
17.38	5.091841769112619
17.39	6.614441819259356
17.4	6.251243100449928
17.41	8.802187195622118
17.42	10.040541208649795
17.43	6.211086077546595
17.44	8.937131407533014
17.45	10.021538581463592
17.46	8.689989069211641
17.47	10.53248415603636
17.48	10.557804667640823
17.49	12.846853015716757
17.5	10.774820913111661
17.51	13.30890168718162
17.52	14.372178593548615
17.53	13.596578445248863
17.54	15.299561362588994
17.55	15.483829384204325
17.56	15.58378926105937
17.57	20.29735231283058
17.58	20.718012387278726
17.59	19.029220515186033
17.6	19.92049153141062
17.61	15.911941805884583
17.62	21.353833583824674
17.63	20.734849200887723
17.64	22.67442254744816
17.65	20.457907518345017
17.66	22.03583346249193
17.67	22.44009819026548
17.68	25.920372273107755
17.69	24.669115951599125
17.7	24.726387024518957
17.71	22.377866700781773
17.72	25.465542276727113
17.73	25.868419646204615
17.74	23.911119515181237
17.75	24.853959965580877
17.76	26.599858136948
17.77	24.975639337084168
17.78	27.98359790616448
17.79	29.55511328354845
17.8	30.33718180755208
17.81	26.792105604176843
17.82	27.359204856008965
17.83	26.69697464036
17.84	28.00617729904838
17.85	27.94768047183083
17.86	26.0898350914687
17.87	25.120409821888398
17.88	27.700547002753613
17.89	24.99407886137024
17.9	27.41492124879222
17.91	25.955916205435138
17.92	25.825828638186263
17.93	25.672040571490378
17.94	27.46887681310168
17.95	24.15229901262465
17.96	24.81229690817087
17.97	25.386027889028895
17.98	27.513351809261287
17.99	22.45059893769854
18.0	22.878143368861455
18.01	22.262209901710964
18.02	20.102831248012624
18.03	21.281784291112444
18.04	19.003342887652213
18.05	21.13517973486079
18.06	16.329384990102348
18.07	17.59024407363552
18.08	16.537481100154825
18.09	15.219995369674518
18.1	16.4631520437845
18.11	16.025108662036864
18.12	12.744462471734398
18.13	12.048143167941635
18.14	11.773320698193814
18.15	11.756160077649323
18.16	13.621782279523492
18.17	12.843222754006671
18.18	10.238928857951523
18.19	13.2359506062206
18.2	7.806160644579482
18.21	5.563517267391014
18.22	7.595608163977998
18.23	8.95292442135488
18.24	10.320115988653688
18.25	5.761577550256048
18.26	5.658998678995196
18.27	4.927260344063638
18.28	7.7591223302404515
18.29	2.811016722728959
18.3	4.462334155274614
18.31	8.087940394328003
18.32	2.3567044353951094
18.33	6.344185817310191
18.34	4.444185104173495
18.35	6.565620550158835
18.36	6.792314250594694
18.37	2.6496157715992874
18.38	2.662069594655121
18.39	1.2759236832773242
18.4	3.227475090691856
18.41	0.33189971808285046
18.42	3.9927379683698128
18.43	2.4136151845529086
18.44	2.1268895946325714
18.45	2.8647700367154396
18.46	3.3557468605795617
18.47	2.5529198400796647
18.48	4.94974061576409
18.49	2.588149881569372
18.5	3.6818055842841733
18.51	5.098638921232112
18.52	6.356641038248807
18.53	2.7069662540767485
18.54	5.225400430782478
18.55	3.3163310773976185
18.56	6.97039779510312
18.57	7.1504392613076195
18.58	7.304909927991762
18.59	5.457695160760963
18.6	7.693385484937774
18.61	7.036930842159899
18.62	8.918295010753406
18.63	8.050123721803804
18.64	9.138961588886472
18.65	14.26182317186883
18.66	12.950731741049545
18.67	13.312572319598875
18.68	12.3906053949247
18.69	12.698502971870226
18.7	15.023866547722637
18.71	16.03335129043167
18.72	17.64258242574988
18.73	16.150045222266122
18.74	20.34813170770164
18.75	21.67928222911083
18.76	18.759746423353658
18.77	18.493167726995374
18.78	19.172163991780774
18.79	21.204300444493814
18.8	19.011677169604855
18.81	22.92892867588955
18.82	25.60693616807586
18.83	25.225796498576084
18.84	23.20900007104843
18.85	27.19120578644896
18.86	25.499971540930716
18.87	25.049441820173335
18.88	24.481076499867466
18.89	26.86056050177624
18.9	27.564099296424498
18.91	23.83003661588861
18.92	24.019365325768565
18.93	29.31407610775826
18.94	25.234572466914525
18.95	25.609076695210256
18.96	25.165573446570512
18.97	29.925366083514298
18.98	27.583468424472443
18.99	27.47055683281356
19.0	28.107946943795273
19.01	27.766620749128364
19.02	29.695754309738003
19.03	29.890829303978663
19.04	28.833398929811807
19.05	27.059318699392527
19.06	28.409587064161325
19.07	26.382491505049007
19.08	28.307194138451777
19.09	25.856143288645896
19.1	25.282844661409204
19.11	27.120593430438245
19.12	30.02063210907809
19.13	24.956987116137157
19.14	25.68204674549599
19.15	25.59148257250529
19.16	23.72066212407947
19.17	23.674814363456935
19.18	21.536380705662193
19.19	23.672639707059016
19.2	22.20833691701532
19.21	23.349352516887087
19.22	22.003193102459175
19.23	20.342099459252875
19.24	20.849679526242348
19.25	20.747291039043105
19.26	21.13681339811561
19.27	17.74649930882433
19.28	16.326810946448866
19.29	15.64322403922657
19.3	15.216123529461138
19.31	17.536385306288327
19.32	13.694731088846638
19.33	12.202415131887365
19.34	16.13831959183649
19.35	15.002209830436353
19.36	11.396728837007698
19.37	13.517697912373631
19.38	11.468626353639348
19.39	8.457799171297927
19.4	10.753605386464802
19.41	8.541887762582583
19.42	7.622243997950603
19.43	6.862209149167911
19.44	3.7485213576684653
19.45	8.005219900464914
19.46	5.311172658151846
19.47	7.134789895382545
19.48	2.986549068371816
19.49	3.3771878452771737
19.5	3.8710153324144154
19.51	3.588149664010573
19.52	3.5227110931106917
19.53	5.1138320291472805
19.54	0.4059658173490144
19.55	1.7699914814402118
19.56	2.0516090614255114
19.57	1.0366239394857484
19.58	-0.040984069343867224
19.59	1.3947757450088882
19.6	3.2143155831841677
19.61	2.689601163682952
19.62	-0.5511948333870802
19.63	0.06048069382582277
19.64	-0.7359117739684233
19.65	-0.24654302358181548
19.66	1.2039725016150153
19.67	0.47512984341894227
19.68	1.1279808032165932
19.69	0.559577197454742
19.7	0.45454495906403913
19.71	0.3515625447090994
19.72	2.208272387879506
19.73	2.093909485506136
19.74	0.815948848112614
19.75	1.3846272401367867
19.76	-0.6272461712884012
19.77	1.4913407162092733
19.78	3.112089368549191
19.79	-0.8245696578355097
19.8	1.3224126868350174
19.81	2.4897135150031744
19.82	3.6064388505500427
19.83	1.6065740250262923
19.84	0.5040038992409541
19.85	4.508482795781167
19.86	4.41748811109851
19.87	3.0004259464552905
19.88	3.625557532670454
19.89	4.359351705794774
19.9	3.5029021437655685
19.91	7.053301176729154
19.92	6.280605233131536
19.93	7.338303991008103
19.94	6.59065601961162
19.95	8.656168586925878
19.96	6.70822487944752
19.97	12.000446451335348
19.98	12.337104799507658
19.99	10.639105365911181
20.0	12.088586987020655
