10.01	0.8162481265744981
10.02	0.5279791222197251
10.03	0.7897697901572602
10.04	0.3890488921468245
10.05	0.6033772176974022
10.06	0.6406129975612238
10.07	0.3182457428718406
10.08	0.5065343690499483
10.09	0.5397670647135021
10.1	0.10339758863549647
10.11	0.5588600646475096
10.12	0.7382472081615432
10.13	0.6638167636166916
10.14	0.74860362074418
10.15	0.383363735079121
10.16	0.9180037795817229
10.17	0.43359356725472864
10.18	0.4048426703693454
10.19	0.4637296922965245
10.2	0.9203421284043993
10.21	0.6685290422971502
10.22	0.9147919442143889
10.23	0.13686394940815064
10.24	0.346135644606171
10.25	0.7174894270036515
10.26	0.6478656270498705
10.27	1.00145697788328
10.28	0.749781419107957
10.29	1.1443257569189256
10.3	0.6940477791542644
10.31	0.7210219282796017
10.32	0.48091906001488904
10.33	0.3996100951606324
10.34	0.4090930297732897
10.35	0.44564682208152073
10.36	0.9002119205128705
10.37	0.5254770659318642
10.38	0.6288993276755938
10.39	0.23848616915051135
10.4	0.08176858836559417
10.41	0.8349414791352949
10.42	0.6793843053734354
10.43	0.9319007034405424
10.44	1.0962807531346628
10.45	0.3177012191246645
10.46	0.8185260705242915
10.47	0.8401095209674388
10.48	0.3891016948597173
10.49	0.765864725414811
10.5	-0.24098135723993902
10.51	0.7093307805430742
10.52	0.7985842459030803
10.53	0.318102936051891
10.54	0.5748481906090682
10.55	0.6126554138806815
10.56	0.5014534172140979
10.57	0.777333903894815
10.58	0.7346917768669636
10.59	0.3856962065477419
10.6	0.6761168399483214
10.61	0.8661365593230852
10.62	0.28921434389319156
10.63	0.7610898458306613
10.64	0.5442492534235047
10.65	0.6741058956140837
10.66	0.5255932333441202
10.67	0.8444417750849402
10.68	-0.07879836206910285
10.69	0.4497538805944126
10.7	0.05061552616985587
10.71	0.4831015459637855
10.72	0.7203574465110348
10.73	0.26371480659363
10.74	0.1351425458364685
10.75	0.037610528752314853
10.76	0.22488438653130177
10.77	0.568984661869406
10.78	0.3959409203390426
10.79	0.44744426858746006
10.8	0.7247205391156886
10.81	0.8968625826511294
10.82	0.4701091667874749
10.83	0.3727614993857976
10.84	0.5489401146770193
10.85	0.4057843580521969
10.86	0.24447446294423747
10.87	0.5755929451288184
10.88	0.7893362896094588
10.89	0.8209596826850875
10.9	0.22959921612591289
10.91	0.3863320164669409
10.92	0.3820973129685504
10.93	0.5406225749626373
10.94	0.38642846337500997
10.95	0.6358129412885504
10.96	0.11583361786075219
10.97	0.6178976078639006
10.98	0.788710403668688
10.99	0.5128011315000585
11.0	0.2973757014195092
11.01	0.7084194254140822
11.02	1.0559232718159017
11.03	0.5679954650430344
11.04	0.5258826181905535
11.05	0.42004528919218853
11.06	-0.11035108074141417
11.07	-0.0254679609181227
11.08	0.7284623887747
11.09	0.5302997977365237
11.1	0.2886596502679206
11.11	0.5538240013218898
11.12	0.3293613484528891
11.13	0.4379165848795085
11.14	0.3827305688898276
11.15	0.656818992297499
11.16	0.5777622254999338
11.17	0.6102569424244795
11.18	0.44707380303178
11.19	0.4205384289993328
11.2	0.8682541187658164
11.21	0.669312430284821
11.22	0.7603211100568812
11.23	0.4351626727995366
11.24	0.5175499036111828
11.25	-0.04693710304360174
11.26	0.9921115181404146
11.27	0.6376133988113444
11.28	0.5419468010212674
11.29	0.40799848264039956
11.3	0.3670566562822574
11.31	0.7452114116152727
11.32	0.2632225144597281
11.33	1.1371193172114757
11.34	0.5341398896655106
11.35	0.6335768691569181
11.36	-0.03549872228991624
11.37	0.3457547834681359
11.38	0.6303445766301268
11.39	0.5625551490898171
11.4	0.20798055804732637
11.41	0.46405329180111693
11.42	0.1449554683027624
11.43	0.8210705928529111
11.44	0.4414973653300867
11.45	0.6031677121725432
11.46	0.7017870350221717
11.47	0.14173144197210857
11.48	0.65930697461225
11.49	0.3644740690182894
11.5	0.42649702592991123
11.51	0.2703406371454465
11.52	0.3015508015271118
11.53	0.11531977797537558
11.54	0.22003251000109217
11.55	0.5674902617231308
11.56	0.17954734739990647
11.57	0.5700746963571216
11.58	0.03446383820562787
11.59	0.281135965539384
11.6	0.143679270217334
11.61	0.5414500093738089
11.62	0.5581170985656047
11.63	0.5196968688001998
11.64	0.16875497425722472
11.65	0.5647718932201837
11.66	0.07274248395141607
11.67	0.33888753280770567
11.68	0.1943112016244471
11.69	0.6998729713784815
11.7	0.005940589667735599
11.71	0.8540564309277928
11.72	0.6319233364900598
11.73	0.34077134863856806
11.74	-0.10796000058851035
11.75	0.476553022981998
11.76	0.244258624302294
11.77	0.3126383201078733
11.78	-0.31545169518525823
11.79	-0.0739743128365607
11.8	0.4834154282258816
11.81	0.02363944843994309
11.82	0.27188098899837726
11.83	0.4360715724595708
11.84	0.20672748025971238
11.85	0.3713514465611505
11.86	0.2459957583815687
11.87	-0.13366751602169685
11.88	0.24797335099375917
11.89	0.7336899070228675
11.9	-0.28120837050121045
11.91	0.25084256837299157
11.92	0.1378109514304208
11.93	-0.12448683131612415
11.94	0.01712006121005788
11.95	0.6175770099930376
11.96	0.13563682943162614
11.97	0.599560764552648
11.98	0.3653862719933435
11.99	0.6442104121262942
12.0	0.7070411418225901
12.01	0.09074321191356727
12.02	-0.09205854441478983
12.03	0.6218300216249405
12.04	0.3900804060811189
12.05	0.0922604962526433
12.06	0.2219156411241807
12.07	0.015536977591921158
12.08	0.3710557708760249
12.09	0.03706062682661258
12.1	0.02396576959755191
12.11	0.5268399370082772
12.12	0.06434055370290057
12.13	0.0803261571428836
12.14	0.42198209455077196
12.15	0.2108163573404654
12.16	0.7575301328031656
12.17	-0.32761083185679335
12.18	0.41991876333577527
12.19	0.08417623378319447
12.2	0.2128133066218736
12.21	0.45388577443089706
12.22	-0.07238993186859005
12.23	0.23863672456281831
12.24	-0.12326234996259802
12.25	0.29775899835122555
12.26	0.3239945096348109
12.27	-0.09516565096647736
12.28	0.1398607421163083
12.29	-0.0825416600765865
12.3	0.018413503564003328
12.31	0.24585762049294224
12.32	0.050168169272921115
12.33	0.18354997582099714
12.34	0.21524262672624497
12.35	-0.1587670489773491
12.36	-0.025974095030835365
12.37	0.44925963611116665
12.38	0.5795215126992921
12.39	-0.07363121727294777
12.4	0.21945149748765497
12.41	0.23489019890921925
12.42	0.3098369374076851
12.43	-0.17175069838338897
12.44	0.6514394841286627
12.45	0.21635936189460722
12.46	0.3608224376665382
12.47	0.13804858188826225
12.48	0.03041276691363111
12.49	-0.32745519287380925
12.5	-0.24889040571622006
12.51	0.2779097730809724
12.52	0.2503393979206095
12.53	-0.28359314886054976
12.54	0.2340120144303769
12.55	0.032612469333127045
12.56	0.40480901352380916
12.57	-0.5012910546405889
12.58	0.2856660324073441
12.59	0.37829918665013607
12.6	0.4360187415813635
12.61	-0.14107922399970052
12.62	-0.19616176712836653
12.63	0.17171237574621867
12.64	-0.3137298654801933
12.65	0.4221591966055562
12.66	0.3153059939929108
12.67	0.6186328157614666
12.68	0.23053275786848887
12.69	0.17740186941109015
12.7	0.16166617015822535
12.71	-0.21497112912649713
12.72	0.26561645709146153
12.73	0.8509923084305753
12.74	0.3421561696943185
12.75	0.0874031892490654
12.76	0.5512619919897073
12.77	0.08566126948031173
12.78	0.5286927267767053
12.79	0.2550968053196221
12.8	0.0835417528333164
12.81	0.21330743695007875
12.82	-0.01940238430034638
12.83	-0.07073744512157398
12.84	0.4953316210871178
12.85	-0.20143577293784048
12.86	0.4354170282518641
12.87	0.3285839498073355
12.88	0.3381712679435397
12.89	0.37499369112800857
12.9	0.4366110027337268
12.91	0.2640495624772897
12.92	0.5002203116135464
12.93	-0.33650440264950177
12.94	0.06450415704698213
12.95	-0.08469590348047362
12.96	0.17413672832637891
12.97	0.0014802517896953388
12.98	0.32486199458896026
12.99	0.5724893189260538
13.0	0.3516420996110236
13.01	0.31625147549673716
13.02	0.4024205816488086
13.03	-0.06035425028589406
13.04	-0.016436464264587836
13.05	0.39518920379398964
13.06	-0.2681227590081889
13.07	0.17091611042061255
13.08	0.30808108974373793
13.09	0.04389054163550178
13.1	0.06951216202334537
13.11	0.4029220560895285
13.12	0.47343700179965204
13.13	0.2884870989330539
13.14	0.3155382513656707
13.15	0.5332158335286008
13.16	0.24626962166935112
13.17	0.15099350665699607
13.18	0.001083846039365663
13.19	0.05935167917474858
13.2	-0.14519599064302308
13.21	-0.2294085400252372
13.22	0.18333213889398792
13.23	0.07530813454281456
13.24	0.7774106466071897
13.25	-0.03758949426337979
13.26	0.2788183236244992
13.27	0.40692696696216046
13.28	0.10498909266592785
13.29	0.08961333753202158
13.3	0.10912692247026395
13.31	-0.20311788316042678
13.32	0.1541686507289586
13.33	0.12384521488882753
13.34	0.14691661881945256
13.35	0.17418000448524273
13.36	-0.05101558472196163
13.37	0.3420509758088119
13.38	0.027241584048142184
13.39	0.07901512648568843
13.4	0.21497023468962323
13.41	-0.022425223941906797
13.42	0.16674433033975525
13.43	0.1693507357581543
13.44	0.27337080241152867
13.45	0.12306448046654227
13.46	-0.11784626828638223
13.47	0.15968850027321801
13.48	0.013535021175204442
13.49	0.36494619007837364
13.5	0.22520423233268003
13.51	0.4547978218334382
13.52	0.19208509332100016
13.53	0.2906992637521697
13.54	0.3351813513724451
13.55	0.3709825420891061
13.56	-0.15733179183651674
13.57	-0.07705756032178707
13.58	-0.28449557374760615
13.59	0.07534777968346691
13.6	0.18149670617948555
13.61	0.20009824981417496
13.62	-0.07831007069944093
13.63	0.07458898061519932
13.64	0.04571916500375656
13.65	0.32136319416494147
13.66	0.16253891102441453
13.67	0.261353444802128
13.68	-0.13549333563258564
13.69	0.2075117215225445
13.7	-0.03506960268406675
13.71	-0.16858928237504667
13.72	-0.014606614851917693
13.73	0.14764244819763242
13.74	0.18952390661036217
13.75	0.1634609411642227
13.76	0.02325294243404201
13.77	0.4341893488369438
13.78	0.09187049882118813
13.79	0.06252492527872354
13.8	0.0132306369833749
13.81	-0.1580802558665252
13.82	0.2558180705528125
13.83	0.10353991316556008
13.84	0.40335545963446745
13.85	-0.09218778024406568
13.86	-0.09847803631688459
13.87	0.46736420592752864
13.88	0.16487403677366902
13.89	0.3548926616725182
13.9	0.1801180918609011
13.91	0.22631396672877035
13.92	0.5834595455179163
13.93	0.0234287961305837
13.94	0.33996231443931857
13.95	0.19202627839101016
13.96	0.11430857945773976
13.97	-0.02602153743542529
13.98	0.35314013434734187
13.99	0.029742488475264908
14.0	0.08645525347177788
14.01	0.23756933170858474
14.02	-0.020744541488499496
14.03	0.04559325144360403
14.04	0.20040303753699568
14.05	0.05520402520236524
14.06	0.04498861423222053
14.07	0.2816239194444715
14.08	0.16088140874418674
14.09	-0.15232943340413674
14.1	0.40537435629758944
14.11	-0.040175333361746585
14.12	0.13883784649959316
14.13	-0.015380265977850055
14.14	-0.06153155315867059
14.15	0.2564567525835422
14.16	-0.09144794094169481
14.17	0.25087669855068734
14.18	-0.22745784469152974
14.19	-0.09823693384183105
14.2	0.3434148200532241
14.21	0.08989815351550726
14.22	0.1305587619254804
14.23	0.06117159113844704
14.24	0.5165204043764369
14.25	-0.009380303523011946
14.26	-0.2256005728919761
14.27	0.2927900572328775
14.28	0.23654166101664337
14.29	0.36837269614407464
14.3	0.16613314579840593
14.31	-0.2346613145805076
14.32	0.2032524660771861
14.33	0.08372770832538864
14.34	-0.27725263561133445
14.35	0.1359143765020366
14.36	-0.058445878287188224
14.37	0.15475797616157524
14.38	0.18299154249620742
14.39	0.2534600915242209
14.4	0.2182557141184289
14.41	-0.03942535591409094
14.42	0.1614585087985877
14.43	0.10788062303633286
14.44	-0.0030234592315275532
14.45	-0.12348888340203498
14.46	0.251903917239237
14.47	0.14462531394010658
14.48	0.14167145841581436
14.49	0.037138393301109074
14.5	-0.28731868833219004
14.51	0.14072746616955534
14.52	-0.23525069210307298
14.53	0.3905841413608338
14.54	0.06931514356765776
14.55	0.25678762178811715
14.56	0.19569330208641075
14.57	0.07963005388762076
14.58	0.1739249662775308
14.59	-0.003906228518522681
14.6	0.06836982537514776
14.61	0.1528919967824369
14.62	0.2863855433912263
14.63	-0.35025875844905985
14.64	0.016605199816667346
14.65	0.5009744580884576
14.66	0.13382695359207566
14.67	-0.0886923445837473
14.68	0.40330325546751034
14.69	0.018678371086963033
14.7	0.7243509084250097
14.71	-0.03758487336045016
14.72	0.0010282310617056312
14.73	-0.18721959861809484
14.74	-0.012802361179122368
14.75	0.47244914820758
14.76	0.056281301413635645
14.77	0.22232812330668167
14.78	0.048753406763478085
14.79	0.05960571804989655
14.8	-0.00879727552035392
14.81	-0.17600416741069613
14.82	0.14411243072300658
14.83	0.07582396357909474
14.84	0.3060422243082801
14.85	0.31338044813276134
14.86	-0.3484751127292943
14.87	0.06088753960959356
14.88	-0.11441562126029169
14.89	-0.15875049784057527
14.9	0.012319689897706917
14.91	-0.13073865986556998
14.92	-0.16790923665486046
14.93	0.41768700851307766
14.94	0.2888166755122513
14.95	0.16755765146177587
14.96	0.15914410566738157
14.97	-0.1169081652820772
14.98	0.4136987782142539
14.99	0.5158871172503682
15.0	0.4919388523375021
15.01	0.05307347024169691
15.02	-0.1384554880652195
15.03	0.013726974820537155
15.04	-0.13573067243502368
15.05	0.26843091235210914
15.06	0.4683590254603255
15.07	0.08946531772954822
15.08	0.07026187961775691
15.09	0.21827153335680366
15.1	0.06679962879215906
15.11	0.44736603915333817
15.12	-0.11495233729796761
15.13	0.29549893016713036
15.14	0.051905608994938957
15.15	0.12728244603511096
15.16	0.2702630909289766
15.17	-0.5082562308379757
15.18	0.20126383987170554
15.19	0.14178401362134163
15.2	0.1864000111311522
15.21	0.13785154151304108
15.22	-0.2970060482457627
15.23	0.08541227780579239
15.24	0.09017345303874341
15.25	-0.13281662103130992
15.26	-0.008630967302928949
15.27	0.23639266144582968
15.28	0.2561171870766478
15.29	-0.040848456950689616
15.3	0.08608590109240888
15.31	0.19181462121162937
15.32	0.14368111715063234
15.33	0.447214070660009
15.34	-0.006549781648295311
15.35	0.1383292447323344
15.36	0.6010983974021685
15.37	-0.004594534605061151
15.38	0.3438489524182875
15.39	0.43864293169883
15.4	0.3074585863268455
15.41	0.2211398473348012
15.42	0.2407024227224538
15.43	0.09783269107901335
15.44	0.5097660201715973
15.45	0.20696865181691299
15.46	0.37635777555043676
15.47	0.20185849811850787
15.48	-0.19995049889168537
15.49	0.42279883593635725
15.5	0.13872041534884333
15.51	0.20677708748697934
15.52	0.5485952402683473
15.53	0.01323611095121506
15.54	0.1021289391802972
15.55	-0.10037639413478705
15.56	0.187366017168826
15.57	0.20458738730339288
15.58	-0.12586548401086006
15.59	0.06275049619781259
15.6	0.40455138682940495
15.61	0.0013477598993185402
15.62	-0.07584326531130647
15.63	0.13134447697553664
15.64	0.2614962448527443
15.65	0.36255502195823774
15.66	0.2893307713010455
15.67	-0.19550578484093234
15.68	0.6274117256544018
15.69	0.20658239923889662
15.7	0.19760416373702458
15.71	0.5039432689866473
15.72	0.019441705526400885
15.73	0.37222145183071553
15.74	0.1542704983038006
15.75	0.5077552634416782
15.76	0.29404400481401033
15.77	0.18102053334394982
15.78	0.4131874339635954
15.79	-0.2460465968353705
15.8	0.14654757186195408
15.81	0.05392664470841743
15.82	-0.007628662958944155
15.83	-0.03198645853898549
15.84	0.12524345807861728
15.85	0.04483672896315126
15.86	-0.46168490470175977
15.87	0.3243877384120541
15.88	0.04019208873115521
15.89	0.3544038179467449
15.9	-0.21578825409741603
15.91	0.5021673189251119
15.92	0.1829243962237338
15.93	0.17679153444138762
15.94	0.1877300176108871
15.95	0.0022614872644624445
15.96	-0.19304365918201016
15.97	0.48900357172719405
15.98	-0.2099250863397411
15.99	-0.04948445516824138
16.0	-0.129389701626481
16.01	-0.014634090627977075
16.02	-0.42090368282431295
16.03	0.21130906859703413
16.04	0.3900725961739229
16.05	-0.20162611801583227
16.06	0.20943433085214952
16.07	0.07708267056157933
16.08	0.13105480084877222
16.09	0.06579576567713757
16.1	0.08209084476211087
16.11	-0.053896446958427734
16.12	0.07541034343091317
16.13	0.10318570256036758
16.14	0.2705664209299042
16.15	-0.09808126544654261
16.16	0.017956976455189552
16.17	0.04581480744556554
16.18	-0.16617268608234062
16.19	-0.005663152635655061
16.2	-0.0007410629425805472
16.21	0.23977560558937777
16.22	-0.18513819932856523
16.23	-0.08161709669015964
16.24	0.42407188129478457
16.25	-0.14217235703019038
16.26	0.22441956492520043
16.27	0.049746840905982026
16.28	-0.1350939122884764
16.29	0.2790510209384678
16.3	0.3930286242140522
16.31	-0.11656356230998818
16.32	-0.2611980105565488
16.33	0.022849772624046805
16.34	0.21680402479341815
16.35	0.026858626771759514
16.36	0.04632253251985463
16.37	0.37693816256056484
16.38	-0.13338771984543216
16.39	-0.10219541041719457
16.4	0.17564813556704356
16.41	0.2507632806819631
16.42	0.3358617228557928
16.43	0.1606621957988188
16.44	-0.27877999278789445
16.45	0.029872761355625284
16.46	-0.08696450195030786
16.47	0.06391641392004181
16.48	-0.19728875668602838
16.49	0.093427155081835
16.5	-0.058381342417252124
16.51	0.08260776962569334
16.52	-0.17337459543838904
16.53	0.33389984207375656
16.54	0.03277564700091168
16.55	0.057544686484198845
16.56	0.09770013111387943
16.57	0.28348263113778893
16.58	-0.18358236519538013
16.59	0.05590917622602766
16.6	-0.028753197862849564
16.61	0.4028638442087087
16.62	0.3625434614828493
16.63	0.29385598465170737
16.64	-0.025348391805838283
16.65	-0.26863452291437145
16.66	0.17045995657662066
16.67	-0.16383652912052415
16.68	0.035163276096077126
16.69	0.18506393803367724
16.7	0.5642592933016256
16.71	0.025459276197599023
16.72	0.12453163825575841
16.73	0.15294189894636148
16.74	-0.08742966588028306
16.75	0.12029702704052703
16.76	0.017755998055723886
16.77	0.029602611557286898
16.78	0.294406376241227
16.79	0.058835556501731626
16.8	-0.003772005601344536
16.81	-0.2318545968216392
16.82	0.4769696050801005
16.83	0.04584740707560509
16.84	-0.1883651755770278
16.85	-0.13327477798563422
16.86	-0.03353877586120969
16.87	0.16736674917519823
16.88	-0.09884095190309566
16.89	0.1466379400910209
16.9	0.1521714152755497
16.91	-0.2478204056815922
16.92	0.04431603631010739
16.93	-0.16256034232431443
16.94	0.03771892843852393
16.95	0.24501106504088455
16.96	0.03109344319447087
16.97	-0.1533248781100007
16.98	0.021236494034142447
16.99	0.2652443290010402
17.0	-0.11752555650208896
17.01	-0.2886679155156379
17.02	0.3141624216482495
17.03	-0.3755484813462956
17.04	0.10923551643071278
17.05	0.2992784332324215
17.06	-0.19931272381402082
17.07	0.2442609236032684
17.08	0.2796953223035088
17.09	0.12378636000210906
17.1	0.2843894461965604
17.11	-0.05975993487510358
17.12	0.3040920814808207
17.13	0.24608193299036826
17.14	-0.17232957260141382
17.15	-0.09112634347799767
17.16	0.28812409819931994
17.17	-0.33939090762036056
17.18	-0.2880742525564568
17.19	-0.25535007738973503
17.2	0.21551158869959458
17.21	-0.1252975818900145
17.22	0.2081934206212424
17.23	-0.1439315206531658
17.24	0.3518821015603065
17.25	-0.11441709713833144
17.26	-0.01269911703176181
17.27	-0.23345475132959592
17.28	0.009123238868945976
17.29	0.5568260406984408
17.3	-0.25677433588497584
17.31	0.2820197287733225
17.32	0.19855309622802
17.33	0.15327568922345358
17.34	-0.12142940408921093
17.35	0.35428460614885504
17.36	0.29132449252967224
17.37	0.19810512523975785
17.38	-0.0518521538216852
17.39	0.08280920967886775
17.4	0.40482643165302823
17.41	0.002054649341951459
17.42	0.022978039299052788
17.43	0.20576872825204814
17.44	-0.02218139684594299
17.45	-0.06903422844257964
17.46	-0.03359800015675338
17.47	0.2798491778437101
17.48	-0.040513806431300536
17.49	-0.19981642663405944
17.5	0.03396434874950458
17.51	-0.11143119641009638
17.52	0.18994816816295043
17.53	0.237589471457183
17.54	-0.12756903285347118
17.55	0.054145007685387124
17.56	0.19991688011949466
17.57	0.32130445116861056
17.58	-0.028329763802225016
17.59	0.23095792406463456
17.6	0.06441245666505879
17.61	0.3986962581886488
17.62	-0.13149912424447988
17.63	0.2455886218729547
17.64	-0.10522312158992317
17.65	-0.1795391989627561
17.66	0.10757771117546526
17.67	-0.06726866710718277
17.68	0.4390133105740427
17.69	0.09855682698990041
17.7	0.134221828841489
17.71	-0.017622677472633574
17.72	-0.03257540733188766
17.73	0.19268420921465312
17.74	0.08737807001986345
17.75	0.34892375969852385
17.76	0.09456583600193683
17.77	0.02818476167355642
17.78	0.15515165895364158
17.79	0.6828085159265952
17.8	-0.04596088963030934
17.81	0.3371736314974353
17.82	0.2585710829840598
17.83	0.20202764406272927
17.84	0.3387874395627919
17.85	0.6199493138922341
17.86	0.18772117365949603
17.87	0.5494878565358038
17.88	0.04000870623921675
17.89	0.5102862175414965
17.9	-0.19094079598839075
17.91	0.093194030596144
17.92	0.7180206529836901
17.93	0.6213777011248476
17.94	0.07409844497387613
17.95	0.8012562083342696
17.96	0.2525669247148439
17.97	-0.06269538909081956
17.98	0.37957503516075697
17.99	0.3747520553301099
18.0	0.6705579894395997
18.01	0.10979448286837691
18.02	0.3626361237411087
18.03	0.7627393025894793
18.04	0.38372639696817773
18.05	0.654064554473569
18.06	0.6292587297319505
18.07	0.34020246709974833
18.08	0.43075975561845403
18.09	0.5966518929528257
18.1	0.5656474503969283
18.11	0.5662817751569043
18.12	0.6763158181651969
18.13	-0.2274455368781435
18.14	0.8186113916654927
18.15	0.7711745455988694
18.16	0.3439317251741505
18.17	0.4371446056681752
18.18	0.5038179965764746
18.19	0.7047619207519796
18.2	0.22689883982513487
18.21	0.5152334823630725
18.22	0.23019607690284966
18.23	0.34255868578813276
18.24	0.6848306673509661
18.25	0.4920124952650286
18.26	0.401864217253951
18.27	0.8284659686534057
18.28	0.6227931905922306
18.29	0.5481534153404114
18.3	0.6367501701190041
18.31	0.3186138891726018
18.32	0.8938921325163185
18.33	1.086795042795347
18.34	0.4701977570805859
18.35	0.03429897599871501
18.36	0.8690944446507651
18.37	0.07811597980912655
18.38	0.425113882268472
18.39	0.7062801999122447
18.4	0.6947257162107154
18.41	0.3576033242455411
18.42	0.5087943330057912
18.43	0.484259608028035
18.44	0.4379478442827387
18.45	0.3568667783751005
18.46	0.3990038143101356
18.47	0.38336843055692627
18.48	0.7153340996080482
18.49	0.5884116663773172
18.5	0.6634509347000922
18.51	0.5025118023990173
18.52	0.3996979271968648
18.53	0.5646547188400172
18.54	0.23270262760181892
18.55	0.8190000501633334
18.56	0.28316004920572735
18.57	0.8501356700817564
18.58	0.5967864958834077
18.59	0.7557363312179854
18.6	0.4260880670046828
18.61	0.311077090434451
18.62	0.5172943155816254
18.63	0.33317755707498053
18.64	0.5554097251605389
18.65	0.268649258210009
18.66	0.3600294645287043
18.67	0.7223084635493217
18.68	0.3456281300514287
18.69	0.07436729631373507
18.7	0.7160586568370972
18.71	0.3170867120031097
18.72	0.560060677233116
18.73	0.49519398786830127
18.74	0.41072456719228145
18.75	0.454443598630522
18.76	0.43262312512554
18.77	0.9452096326752585
18.78	0.4410820976352266
18.79	0.33578825948586255
18.8	0.49465840955435275
18.81	0.6691215808925981
18.82	0.05219823050782585
18.83	0.5733849206942894
18.84	0.2876115068562273
18.85	0.46483874902474587
18.86	0.5334071077648969
18.87	0.5126745088508372
18.88	0.3109420685211588
18.89	0.45154714360530246
18.9	0.7287264607715802
18.91	0.800308446350392
18.92	0.6561546597858818
18.93	0.6743205004080197
18.94	0.5023731393912224
18.95	0.6651448357619922
18.96	0.627737513589121
18.97	0.7958158602732381
18.98	0.7961887855534189
18.99	0.7244553540015964
19.0	0.6804638113196809
19.01	0.3477120141049299
19.02	0.36002426997951387
19.03	0.6009809718346826
19.04	0.5553497326009106
19.05	0.4714693210265494
19.06	0.4562223981035427
19.07	0.40859731990139664
19.08	0.513054702376633
19.09	0.7841744177556542
19.1	0.8692090882574975
19.11	0.17502216948446692
19.12	0.6226255015928052
19.13	0.5744537263501253
19.14	0.3231138564250082
19.15	0.47685215695079275
19.16	0.7478375030387984
19.17	0.38759849413931985
19.18	0.46607892693838415
19.19	0.521373738087177
19.2	0.5088437484624719
19.21	0.4562634487233107
19.22	0.30666143300918297
19.23	0.8736569258678408
19.24	0.39234154437121355
19.25	0.6798716354884461
19.26	0.43457025911248237
19.27	0.5086398050689094
19.28	0.6139870732690996
19.29	0.8210136223625337
19.3	0.8488115458953965
19.31	0.772804141290616
19.32	0.8628239734210488
19.33	0.584553456556336
19.34	0.2601030995994784
19.35	0.5179205994741445
19.36	0.3676484812731225
19.37	0.6860837268724191
19.38	0.35526750504799554
19.39	0.6032777651601618
19.4	0.8874980801984631
19.41	0.8409924674296259
19.42	0.7709164160867981
19.43	0.5557510977831254
19.44	0.5863120453173393
19.45	0.8382748145142546
19.46	0.29041031824724595
19.47	0.5121839020184127
19.48	0.6139500856943357
19.49	0.24032532134571283
19.5	0.35611633970685935
19.51	0.7425547592241424
19.52	0.6096461210482451
19.53	0.6304174272722598
19.54	0.7924064023557749
19.55	0.697955997451362
19.56	0.2040176507670045
19.57	0.51567903019897
19.58	0.6676973414393389
19.59	0.9385392628721233
19.6	0.46379775138196067
19.61	0.6319976283188422
19.62	0.35710044879278247
19.63	0.8792722051198083
19.64	0.3883011257972929
19.65	0.5503119890401967
19.66	0.7888866895156244
19.67	0.7861942086138856
19.68	0.743360762735403
19.69	0.11134248877673475
19.7	0.7736055105741919
19.71	0.41582520651834864
19.72	0.558744750118345
19.73	0.6373376040310506
19.74	0.5394566086775463
19.75	0.24436282833964895
19.76	0.21080782093024253
19.77	0.7836908271115992
19.78	0.24849916034579916
19.79	0.3273051490321639
19.8	0.6836344106207823
19.81	0.4922090255339698
19.82	0.41147613389104054
19.83	0.4802204791988796
19.84	0.6134243799767369
19.85	0.5076809342796027
19.86	0.41100820341085614
19.87	0.6484225302041471
19.88	0.785299094875737
19.89	0.35166928388663216
19.9	1.007467842308731
19.91	0.4727930395780202
19.92	0.49854723480438407
19.93	0.64551007759101
19.94	0.2825270957893993
19.95	0.5584891617295901
19.96	0.19353189294758832
19.97	0.22221518746925378
19.98	0.8525748458941049
19.99	0.9171145253594299
20.0	0.8329129644874158
