10.01	6.736213091983567
10.02	7.321508448635184
10.03	8.558047060167885
10.04	5.013418729361703
10.05	7.615052683305399
10.06	8.797582510307063
10.07	6.4378406414645974
10.08	10.213324783248934
10.09	7.727664640876348
10.1	9.058036766514093
10.11	10.39949044546189
10.12	10.604105606779704
10.13	10.255259159923733
10.14	14.480862335210178
10.15	12.75297946216054
10.16	12.523194512774152
10.17	16.441357783082918
10.18	14.342204415720229
10.19	13.099736812913376
10.2	14.888860473807345
10.21	14.377108245911282
10.22	16.177210813998407
10.23	18.716611022924333
10.24	20.37089304734636
10.25	15.780963545100073
10.26	15.631135736419008
10.27	16.918658736627382
10.28	20.405923088345876
10.29	17.119152480777476
10.3	21.706693120337494
10.31	19.197398187319337
10.32	21.874673554127064
10.33	18.402837366829086
10.34	19.908612411484185
10.35	17.93689071590329
10.36	18.604343682623472
10.37	20.06657693098494
10.38	19.852888122727904
10.39	18.920504999149404
10.4	21.213016590322137
10.41	18.722223071287907
10.42	17.804648571163252
10.43	20.28736694505485
10.44	19.51505926309058
10.45	19.92839009747814
10.46	21.6374963305561
10.47	23.85935431497201
10.48	19.93069805001292
10.49	18.23181447168481
10.5	19.207997951123932
10.51	21.65269932652597
10.52	19.732555154831708
10.53	22.24060183235645
10.54	15.217679465930255
10.55	20.106033342161748
10.56	18.112651259440398
10.57	17.473865378298694
10.58	17.919661639331
10.59	16.616195078753393
10.6	15.275051472537893
10.61	17.16634092320629
10.62	16.31222648033454
10.63	16.38312720315782
10.64	14.610702288311654
10.65	18.889774151693498
10.66	15.34595503620647
10.67	12.206510642158644
10.68	13.985889343037353
10.69	12.13996169214083
10.7	16.276963891716356
10.71	13.254228604327627
10.72	12.375791438047804
10.73	12.393967811375543
10.74	13.532525176623512
10.75	10.150018257267378
10.76	9.257690519152472
10.77	10.008986870875592
10.78	11.563806251875153
10.79	13.06002772495434
10.8	11.984043760534917
10.81	11.792998377266027
10.82	6.466089170991334
10.83	7.118212484322769
10.84	4.336019472627019
10.85	7.119488933817241
10.86	8.057410561078811
10.87	5.659502371822642
10.88	6.382637629731948
10.89	5.28656494612919
10.9	3.8752641222685114
10.91	5.983214074566159
10.92	4.40812676008833
10.93	6.569991086952174
10.94	1.6569722070491104
10.95	3.533551598445839
10.96	5.877300353336347
10.97	4.4165703413319095
10.98	2.7416119250677853
10.99	1.134684345437463
11.0	0.4134079048810233
11.01	2.816357489510097
11.02	1.371364881382368
11.03	3.417058254218983
11.04	1.5767740364307192
11.05	1.6005468089639732
11.06	-0.19040365186078256
11.07	0.7506720561613083
11.08	3.9645567560194674
11.09	2.286239963957059
11.1	1.9726714877567781
11.11	2.3917494829421893
11.12	2.8626906339081253
11.13	4.736249468380745
11.14	2.7227722783779744
11.15	2.3780360295005654
11.16	3.238250184547735
11.17	3.8258408762649485
11.18	5.276062283902377
11.19	4.5147832493236475
11.2	5.382802151717008
11.21	7.211415513129159
11.22	2.291830903300206
11.23	7.593917085198262
11.24	4.633116041584851
11.25	6.923735987430208
11.26	5.947829917150127
11.27	8.404487765931755
11.28	7.701506288385611
11.29	9.817372345430512
11.3	10.575148346277981
11.31	8.031174637521964
11.32	12.125603995412865
11.33	11.846694047164833
11.34	8.698382037711951
11.35	10.669567853642796
11.36	14.693947671914998
11.37	13.908753593870555
11.38	17.949385622734297
11.39	14.469259363513967
11.4	14.693503983400571
11.41	15.061674157049678
11.42	16.350197955673508
11.43	17.6360972860743
11.44	16.89145512815083
11.45	17.653398312412353
11.46	20.213593008434223
11.47	19.837427668119147
11.48	18.62996202887237
11.49	18.06681941504107
11.5	19.27435087601749
11.51	21.40928992702629
11.52	20.310283999675853
11.53	19.79084035218329
11.54	20.698410959679883
11.55	23.65140709305548
11.56	18.082541559021145
11.57	22.916594616494308
11.58	22.772499562787267
11.59	22.240475032597935
11.6	19.245318112086363
11.61	23.83008139295223
11.62	21.66387459503798
11.63	19.09622057880415
11.64	22.11579184924544
11.65	19.92408699306825
11.66	19.64990969861363
11.67	20.009789414770346
11.68	19.902655727882625
11.69	16.43500833722496
11.7	21.55871789207565
11.71	18.42945653519308
11.72	15.96307348161503
11.73	14.796221604924028
11.74	18.598652664021316
11.75	17.54068166604071
11.76	18.549615174629672
11.77	15.560492778976162
11.78	13.83212576753978
11.79	14.830647063881239
11.8	11.807383620335242
11.81	14.3834125573624
11.82	13.61121865858711
11.83	9.140497720315182
11.84	10.908211487072455
11.85	10.871858160334723
11.86	10.813498272738979
11.87	11.529426884173857
11.88	8.441866208292275
11.89	6.4920910963243355
11.9	6.762964944751359
11.91	10.091786809200158
11.92	9.342996207804632
11.93	8.033501979317196
11.94	7.647604065610987
11.95	5.716770205526536
11.96	3.479239554184734
11.97	4.981748239817432
11.98	4.806981138078842
11.99	4.986437886169785
12.0	3.8118596202377626
12.01	3.7237812158297836
12.02	2.891175964374371
12.03	3.7100676795015946
12.04	1.7425824135466663
12.05	3.999099933112718
12.06	1.4297185599730138
12.07	1.018816157664801
12.08	3.916516647989379
12.09	1.1122137143298318
12.1	1.8944812662089916
12.11	0.8919875110707269
12.12	1.6634733178063974
12.13	1.2621545743541929
12.14	2.154267935538142
12.15	4.217909804568033
12.16	2.0605496649921835
12.17	-0.9438737243206585
12.18	2.6206561339271275
12.19	1.3593158748061844
12.2	3.705460395035439
12.21	1.346808691117496
12.22	1.7739311764202337
12.23	3.9567842801322692
12.24	1.3799993586327752
12.25	2.074460918051056
12.26	2.426712741045023
12.27	6.515166948222561
12.28	4.284798294702202
12.29	3.2029987543801646
12.3	3.9153205411233127
12.31	5.07524149188343
12.32	5.540062762867449
12.33	6.666900982372602
12.34	7.641593328041774
12.35	9.307750604936171
12.36	8.743755944151932
12.37	8.014040790884433
12.38	8.965115031157405
12.39	10.454998636258075
12.4	9.418206536511928
12.41	11.019444405361856
12.42	10.624845008475647
12.43	11.368777595291762
12.44	11.496114983335506
12.45	14.252897393104996
12.46	12.650527719302833
12.47	13.713533125467164
12.48	14.7498075938612
12.49	15.315902029832314
12.5	15.667414277526976
12.51	17.622713025149327
12.52	13.69820633020764
12.53	18.271582919590536
12.54	15.482037004504031
12.55	19.66760939984082
12.56	19.810243625569253
12.57	20.857199915308016
12.58	22.349378822823148
12.59	21.55494368385673
12.6	24.058701464443832
12.61	24.191349473269206
12.62	21.272357962312235
12.63	24.217101252827383
12.64	20.239368412246066
12.65	25.10015431021709
12.66	24.821197784655453
12.67	22.70543904224022
12.68	23.06190628010625
12.69	23.142261082839436
12.7	21.680274040745466
12.71	23.11826757547449
12.72	23.957626941860653
12.73	24.905977723287098
12.74	28.429885490218908
12.75	24.92711225577425
12.76	21.265618773855117
12.77	23.74640654526905
12.78	20.87490512416018
12.79	19.887213319845507
12.8	24.62211313042788
12.81	21.483748739479065
12.82	22.83131456236943
12.83	21.565080154355464
12.84	22.565558996094886
12.85	18.71944003183972
12.86	19.727331474212534
12.87	19.827222032996765
12.88	20.13137326418359
12.89	18.56243354611139
12.9	19.927156969165402
12.91	18.52146640536778
12.92	18.00714385399103
12.93	19.123318841054928
12.94	17.747213248210176
12.95	18.674253265453025
12.96	16.049250333678962
12.97	16.5678110360461
12.98	12.720084897873011
12.99	13.261296754810429
13.0	12.172238917477285
13.01	13.72742498991837
13.02	14.2178220641725
13.03	10.382224930386549
13.04	10.894077269132435
13.05	11.612187051460673
13.06	9.04758138044574
13.07	8.762731599968697
13.08	9.890500410250421
13.09	7.861900192829994
13.1	8.444934000413538
13.11	7.120878697994971
13.12	6.736007870404118
13.13	8.342871994744328
13.14	6.257189127684978
13.15	3.6108501343083392
13.16	4.5821567490736435
13.17	5.206331796412073
13.18	5.504032008082353
13.19	4.260464156193917
13.2	7.58677562627148
13.21	5.074608413438547
13.22	6.39573633975157
13.23	3.1355447556022202
13.24	4.4458623045082035
13.25	3.2701553102526955
13.26	2.633157471745644
13.27	2.1486658029371775
13.28	2.7327703015073257
13.29	3.0498808526716257
13.3	4.1558935946203786
13.31	2.093170511990808
13.32	4.241626881663969
13.33	-0.8474453408503333
13.34	3.9966460669199786
13.35	4.859436403345949
13.36	4.548622306871437
13.37	1.0950899887988135
13.38	5.624096933251507
13.39	2.448768687303766
13.4	4.761081927802046
13.41	4.7670081570249465
13.42	1.7313290855133934
13.43	4.304583942568047
13.44	6.539998403986577
13.45	4.0659108088282565
13.46	4.399876038489791
13.47	5.364912703977952
13.48	5.9318534355105665
13.49	4.667450846238271
13.5	4.875170504095023
13.51	7.483997676037105
13.52	8.250096205935078
13.53	7.887124477335457
13.54	7.894131918818062
13.55	12.640582621255914
13.56	10.655965235196996
13.57	9.525411938941405
13.58	10.852486925662244
13.59	11.30501596572355
13.6	13.786761405044517
13.61	13.969002935266648
13.62	12.139941576676987
13.63	13.254981285415468
13.64	14.921714306920574
13.65	13.805940142424125
13.66	15.550395268323426
13.67	14.44025098567391
13.68	18.08538745985285
13.69	17.14663328743052
13.7	17.740802137476756
13.71	16.787487196429076
13.72	15.916285190791568
13.73	17.235956635964293
13.74	15.219897685469764
13.75	19.34268255770508
13.76	18.61123873194223
13.77	21.388330105664256
13.78	19.17632127974316
13.79	21.009212799419934
13.8	21.88452568909577
13.81	18.05656344497593
13.82	16.918718679618713
13.83	17.756149444726905
13.84	19.866253973104204
13.85	19.687624277543975
13.86	15.984561792202683
13.87	18.238099578669456
13.88	18.84168576875722
13.89	18.751809770717756
13.9	19.77695132743672
13.91	16.778895222170284
13.92	21.39165795977987
13.93	19.078707843553353
13.94	18.616097295726007
13.95	19.39902360329928
13.96	19.677496849949627
13.97	19.40170275459059
13.98	18.504814855181568
13.99	15.792331320202038
14.0	19.068123955131735
14.01	19.777199297512034
14.02	15.35654612481016
14.03	16.46220444880492
14.04	16.341571489698282
14.05	14.135030072831565
14.06	12.372320589535404
14.07	12.899681965785117
14.08	12.263013025248958
14.09	12.687337168859624
14.1	12.526292293255258
14.11	14.708365210371321
14.12	13.315414438186668
14.13	10.259419332562825
14.14	12.019953658110827
14.15	9.282860636623687
14.16	9.741449390570839
14.17	10.664426247849136
14.18	11.44047027206503
14.19	6.928946821168719
14.2	6.361845382396002
14.21	9.64549530838822
14.22	4.728905751678333
14.23	6.284998032843731
14.24	6.047341688776786
14.25	7.555654985079359
14.26	5.728495897927379
14.27	5.204697914047115
14.28	6.292894228531956
14.29	5.340110496839257
14.3	4.486638226266651
14.31	0.4444052640989833
14.32	4.231280857423624
14.33	-0.05310350946097664
14.34	1.2736436031785419
14.35	0.7768243041364473
14.36	1.323698873065454
14.37	2.3434432884090532
14.38	2.7866238924571203
14.39	-0.05398603405340818
14.4	1.2416094042678278
14.41	-1.8141460568422318
14.42	2.728353945842363
14.43	1.2753597979331972
14.44	0.8636212753486507
14.45	3.6508480365390006
14.46	2.4276011519053355
14.47	-0.5878148902359901
14.48	2.797738763129466
14.49	-0.45923953899018066
14.5	0.9442947498350804
14.51	1.7781185166913867
14.52	-0.6789368154371808
14.53	-1.741710289619351
14.54	3.9144713357464553
14.55	0.17938417878868762
14.56	2.173015826242757
14.57	1.2246546409071755
14.58	2.134104503554189
14.59	2.228037552274917
14.6	-0.5773485188592367
14.61	2.0763854943694424
14.62	3.7147531330008476
14.63	4.117865984904701
14.64	1.1448593802680789
14.65	5.032712761514459
14.66	3.7628588391298314
14.67	2.646362355963494
14.68	5.2748210080022675
14.69	6.584269558346353
14.7	3.439411294292352
14.71	4.350335338578775
14.72	5.1857201236755746
14.73	6.444389222733364
14.74	7.386418047441052
14.75	7.041439005169409
14.76	9.174257572501846
14.77	9.528716339755052
14.78	9.632442334391307
14.79	9.991219336364221
14.8	8.007192396889941
14.81	7.9699623768895025
14.82	11.00056975203284
14.83	10.541435393721715
14.84	11.348692251025808
14.85	10.107525417847176
14.86	13.034047553448874
14.87	12.592804673355872
14.88	14.47865938618331
14.89	14.969953924732732
14.9	12.445418678090817
14.91	15.1589894624103
14.92	15.159531489677647
14.93	13.982947802135214
14.94	15.624431536885579
14.95	15.262708333394484
14.96	14.785081378201895
14.97	16.20661455196864
14.98	15.963153805126888
14.99	14.635153642749817
15.0	15.926191280576758
15.01	15.913476299927325
15.02	15.648720199360747
15.03	14.26065093845463
15.04	15.75740466613966
15.05	15.737042419322183
15.06	15.82753710420689
15.07	20.747122521135505
15.08	17.691373412428085
15.09	17.83710172110303
15.1	19.561019032015114
15.11	18.573346643595755
15.12	16.65171027958574
15.13	13.536483855872865
15.14	17.991889729518725
15.15	15.595795584509377
15.16	18.09350481283622
15.17	17.336786570329895
15.18	14.934217470076018
15.19	15.764775068480454
15.2	19.23140937725499
15.21	13.495581105968908
15.22	15.982636475815251
15.23	16.40825788504157
15.24	15.584033123052668
15.25	15.319320659854721
15.26	15.926559140362171
15.27	15.514392085992423
15.28	15.621306476941909
15.29	16.25509244415088
15.3	16.77854562845929
15.31	15.331414818592433
15.32	14.888622104606432
15.33	18.010728166016495
15.34	14.021391199706697
15.35	15.75971334718521
15.36	14.490810980632537
15.37	15.094737719250336
15.38	18.3598616223499
15.39	12.451208893847891
15.4	18.365747618231094
15.41	14.478823912179246
15.42	12.692307134262435
15.43	14.321337555368903
15.44	12.889718426358879
15.45	13.366704293096234
15.46	12.776910583035356
15.47	12.250046809584365
15.48	11.19311766273393
15.49	11.197623996369762
15.5	12.630158353617864
15.51	10.843577044454838
15.52	12.253863103653902
15.53	10.28644651812694
15.54	8.111920846242022
15.55	9.497848948694696
15.56	10.354673276856369
15.57	6.735447983889051
15.58	8.85783200855397
15.59	6.571317558472084
15.6	6.318011029729887
15.61	7.358395621384082
15.62	3.8150509250134994
15.63	4.6106593637971836
15.64	5.431751226504813
15.65	4.853134823674875
15.66	3.9213590601821267
15.67	2.4436898490630012
15.68	3.68163361822912
15.69	1.5920856145262603
15.7	1.4548209260270009
15.71	2.8620196893316288
15.72	3.5633028360210237
15.73	-0.4615013982967018
15.74	1.4314685291303406
15.75	2.196668483022066
15.76	0.5812266554825025
15.77	3.02849461821873
15.78	-1.436179579027952
15.79	1.6757636848615372
15.8	0.6708849140969585
15.81	0.5551673054271833
15.82	1.458487334889424
15.83	-2.203719062512581
15.84	0.28678342615930236
15.85	-0.26163396690316937
15.86	4.329485395742971
15.87	1.8354849098895123
15.88	2.415737829447948
15.89	1.2630460046038063
15.9	0.7575968118985748
15.91	1.903938248393366
15.92	3.459857160126989
15.93	1.006537924312541
15.94	3.179575973410633
15.95	3.448773605252798
15.96	1.1278544935829504
15.97	2.1728662546949535
15.98	2.6944646087272996
15.99	2.7320264851407403
16.0	6.027217048157983
16.01	6.40861038630577
16.02	7.951527423924642
16.03	7.193837629771824
16.04	6.871168934845742
16.05	8.415394307357099
16.06	6.761322324643135
16.07	11.590671476480995
16.08	8.409660463316555
16.09	10.979842704419198
16.1	11.383533546571549
16.11	9.154693880359622
16.12	6.704230603203799
16.13	10.667400448450397
16.14	10.739390628982642
16.15	14.179978203594338
16.16	12.781979207556919
16.17	14.100242384118687
16.18	16.255116943186046
16.19	12.629996524862348
16.2	10.635666285345465
16.21	15.605382808926374
16.22	15.731959430107485
16.23	14.191209779351196
16.24	15.665983884047728
16.25	14.43175123258449
16.26	16.21904031767514
16.27	14.463313301840108
16.28	14.116388118901686
16.29	14.579475310529745
16.3	13.83178291952974
16.31	10.622387044789352
16.32	12.72350786650165
16.33	14.508198519697823
16.34	15.015029322939862
16.35	15.186256882502919
16.36	17.17720550091518
16.37	15.873727305814047
16.38	14.613550590660239
16.39	15.262388871669225
16.4	16.006309018366718
16.41	14.526564912276388
16.42	17.127110036974074
16.43	14.62504246099305
16.44	13.279072595829366
16.45	15.213784181528391
16.46	15.235813574399662
16.47	13.925479458803686
16.48	14.833508971271707
16.49	17.884197443837394
16.5	14.757826193161051
16.51	13.894396091294745
16.52	12.3293428701444
16.53	14.322690905529573
16.54	11.876884756670533
16.55	13.335194794201167
16.56	13.131133757395649
16.57	12.898307612007002
16.58	9.63250506881278
16.59	11.586500522961124
16.6	11.604771442269396
16.61	9.392896965525619
16.62	6.4882951075045945
16.63	7.220740101192974
16.64	7.941744246915767
16.65	8.15343998121718
16.66	7.821222071947879
16.67	6.910259240658629
16.68	8.224518741131394
16.69	7.600772180865112
16.7	1.6187329668665322
16.71	7.488015084648666
16.72	7.2592035382941456
16.73	4.2516583887528485
16.74	3.1898498995084514
16.75	2.9793532795279862
16.76	2.8789737710682726
16.77	0.952987818440802
16.78	2.273872903054963
16.79	2.2959873083519406
16.8	4.550524494800253
16.81	3.2458265846914425
16.82	7.200299480686779
16.83	1.883535410584136
16.84	2.0455346656730358
16.85	2.2173328302788016
16.86	1.3034345352586119
16.87	1.5355402708832904
16.88	2.6383591582075865
16.89	2.390296568412799
16.9	1.978410815191439
16.91	1.258319043199839
16.92	-0.04463443268694833
16.93	-0.16295060045976117
16.94	0.8328424815205099
16.95	2.7429483688151377
16.96	1.3983743718168709
16.97	2.774461408508416
16.98	1.626518485117395
16.99	1.9541719576626824
17.0	1.8225287259146843
17.01	2.325072061235962
17.02	0.8285097386690645
17.03	3.3024695172426344
17.04	0.11399890052961403
17.05	3.768396690891048
17.06	2.4374819675884147
17.07	3.6319876490431757
17.08	2.3949916980512196
17.09	6.899798217662005
17.1	5.43709659739341
17.11	4.488376683656641
17.12	8.788922188706534
17.13	7.444215897074768
17.14	8.892201157924227
17.15	8.508989248464015
17.16	6.656977461608708
17.17	7.505610470020585
17.18	8.87994936075816
17.19	12.040945166695494
17.2	9.315859988770569
17.21	12.508446607589972
17.22	9.419402434137698
17.23	11.505174331011398
17.24	10.534602381363875
17.25	13.499931868787522
17.26	15.361202835164526
17.27	13.559449510733316
17.28	10.249979351415792
17.29	14.505509637999387
17.3	13.82091559738359
17.31	14.667424101130969
17.32	16.37283347741189
17.33	16.005695519133948
17.34	12.892472420712728
17.35	14.387020627688848
17.36	18.23484587149985
17.37	14.999365260052222
17.38	16.90100018168488
17.39	16.69368719393627
17.4	13.145649779089172
17.41	17.774958345280574
17.42	17.776485679944876
17.43	15.37464693117043
17.44	16.924903100265063
17.45	17.065792055569087
17.46	17.390610053768967
17.47	14.901667722045744
17.48	15.947287950421606
17.49	18.124499121364668
17.5	16.471933488522186
17.51	15.846747551201567
17.52	14.66875728183025
17.53	16.244953869874415
17.54	17.523232171552046
17.55	13.934465572494725
17.56	15.388847455555478
17.57	16.907903284975013
17.58	16.900090891128887
17.59	18.490078004249675
17.6	14.249844699839228
17.61	13.326392859036755
17.62	16.680067400254174
17.63	12.900892487438968
17.64	13.191725812842732
17.65	10.938806720892881
17.66	11.614450837079337
17.67	11.506753792456763
17.68	11.97497724242456
17.69	10.262052548170002
17.7	11.860832974969187
17.71	11.749296337049625
17.72	9.363042156143143
17.73	11.426292986216302
17.74	9.387635662011899
17.75	7.003114672429506
17.76	8.315181206685788
17.77	5.293030811888105
17.78	8.507140656766488
17.79	5.004492469681015
17.8	7.072165335918641
17.81	7.15598228310416
17.82	4.264350098669843
17.83	3.858066782934583
17.84	7.216321821906819
17.85	5.336189668608859
17.86	3.9082380634020883
17.87	3.9302915731816355
17.88	2.7343400830341964
17.89	1.7618866737465526
17.9	3.815964400608029
17.91	3.283456213598353
17.92	3.8947258336953716
17.93	-0.6492084967539782
17.94	2.436975401392516
17.95	-1.3023208267608137
17.96	3.233750719178762
17.97	2.4663031026812963
17.98	2.6339094727036625
17.99	-0.7498421617096311
18.0	0.5996926962528337
18.01	0.8122764920803138
18.02	1.6135683231268088
18.03	1.485418077492832
18.04	2.017234519127534
18.05	1.927732207386195
18.06	0.20956257200646689
18.07	1.8412383386158466
18.08	0.39207280583655113
18.09	-3.170152165637622
18.1	0.21871788162291927
18.11	1.4716928028996568
18.12	1.9166731536108799
18.13	1.1665891791135274
18.14	0.613545480658854
18.15	1.4416575464444277
18.16	4.3049251895934315
18.17	1.7391430892378534
18.18	5.019107669028004
18.19	0.5710668577521236
18.2	-0.1918238244380004
18.21	0.8477391907708274
18.22	1.985761167037005
18.23	5.741770520597521
18.24	2.051086326655294
18.25	6.0659050184623675
18.26	6.88995509430854
18.27	3.776664631458576
18.28	4.496354223614121
18.29	6.273437267701452
18.3	5.658332507326482
18.31	9.255385706517616
18.32	8.728473931090052
18.33	9.041159815233382
18.34	11.94320048443798
18.35	9.769825686150169
18.36	9.53642114773573
18.37	12.396413002371231
18.38	12.603902326876415
18.39	11.317170666014038
18.4	15.634389555977009
18.41	13.563281059510784
18.42	14.209564359199101
18.43	12.086864818118714
18.44	11.242706220838208
18.45	13.567198576732322
18.46	13.789931098697847
18.47	14.177508588551532
18.48	15.088390963854282
18.49	16.286716915014754
18.5	17.08821540538377
18.51	17.525228759981122
18.52	15.55553318539054
18.53	14.17227159165633
18.54	14.988365115888671
18.55	16.251635691287156
18.56	14.786045935727433
18.57	16.426255605972905
18.58	15.601243750631289
18.59	15.806994753244123
18.6	16.344494279213606
18.61	15.130759568068518
18.62	18.226224598705425
18.63	14.211816697631777
18.64	15.703791736315189
18.65	13.505910608660368
18.66	14.495554150361155
18.67	14.14754033248003
18.68	15.808183352305804
18.69	15.186195163811892
18.7	15.528485531553903
18.71	13.209742881773623
18.72	14.832662892152667
18.73	12.081596107690704
18.74	13.250805358227522
18.75	17.123209928073212
18.76	13.546344742224486
18.77	13.491498923866915
18.78	8.25013118054428
18.79	11.059992337892913
18.8	15.86004904346898
18.81	9.876939451152346
18.82	11.592570630170371
18.83	11.521747026091596
18.84	10.031374934565353
18.85	10.300989537264861
18.86	8.806261315005834
18.87	8.159382922337521
18.88	6.614178744398399
18.89	7.361048287474794
18.9	7.345129772608756
18.91	8.63877634397423
18.92	3.9281349068721725
18.93	4.770277261835169
18.94	5.882180765162892
18.95	3.319185534704807
18.96	3.3495437316520027
18.97	5.900926428847416
18.98	2.230931826080302
18.99	3.876063345195918
19.0	2.8844878003375944
19.01	3.642981395904164
19.02	2.4203699430563526
19.03	-1.3305989831749936
19.04	0.15824952429340788
19.05	1.704397326998485
19.06	1.5641862328074718
19.07	3.6161505196342034
19.08	0.6762386468627382
19.09	4.393624186763617
19.1	0.7166930308473145
19.11	0.955613604214823
19.12	-0.1978134748523943
19.13	2.0385354204311357
19.14	1.3306714878729569
19.15	0.8012140046349375
19.16	0.7038421759288915
19.17	2.7279635992332345
19.18	0.12349719102947164
19.19	0.0925046543557381
19.2	-0.37483573295298445
19.21	3.939926037695879
19.22	1.5649360791086142
19.23	-0.8360023885512924
19.24	0.16989413485316562
19.25	1.9920757995216962
19.26	-0.05605225113797074
19.27	0.4918790046666363
19.28	1.5024120244623949
19.29	-0.6316784390438888
19.3	-0.5375021718133075
19.31	-0.26304586010854747
19.32	0.6865629260948747
19.33	1.9722344825811435
19.34	4.657961064213049
19.35	4.898715805999567
19.36	3.7880126620272536
19.37	5.956153529920146
19.38	2.4098894800709996
19.39	7.42458826402012
19.4	1.7465497429689467
19.41	4.814377019242911
19.42	6.294765520637217
19.43	6.165230926839218
19.44	8.64298860287743
19.45	9.046199791668363
19.46	8.050505229868879
19.47	8.207308817261948
19.48	8.97892043864667
19.49	11.578455798170646
19.5	11.167634480183885
19.51	10.151553312347142
19.52	9.790958592507884
19.53	10.89744636003677
19.54	12.574441448142677
19.55	11.184970179479087
19.56	12.27180466221839
19.57	12.510979217236171
19.58	12.323449904793017
19.59	15.968254351725694
19.6	12.420070826297673
19.61	12.732958757347534
19.62	14.279374524360884
19.63	17.050615447542224
19.64	14.79143656194438
19.65	13.859995759144487
19.66	14.091265064441531
19.67	18.46824202827563
19.68	15.858598554524121
19.69	17.154619877462572
19.7	16.835855098019476
19.71	17.151764553080856
19.72	17.494775118365393
19.73	18.09311561165459
19.74	20.35206661882937
19.75	19.446497211377903
19.76	18.028898407661913
19.77	12.929110199210372
19.78	17.654769596371555
19.79	20.451113742128715
19.8	18.405722272556854
19.81	18.239875637407074
19.82	21.47362350712295
19.83	16.48391774776746
19.84	17.555585862899523
19.85	18.928630644628097
19.86	18.135832803375372
19.87	16.05304086845848
19.88	18.29062515120292
19.89	17.168889018842254
19.9	18.421717112913644
19.91	14.535340700337848
19.92	16.09873923097049
19.93	14.809854764062438
19.94	15.076889596113096
19.95	11.531638515267609
19.96	10.497775770746332
19.97	14.420201419436516
19.98	11.990035729106497
19.99	10.917336677086631
20.0	12.517873981722133
