10.01	4.931541694275379
10.02	5.281328408401092
10.03	5.174654761783219
10.04	5.139260242015484
10.05	2.9713164236030836
10.06	4.2258284188641095
10.07	4.5451039716272605
10.08	3.8929127702594517
10.09	2.6947769935911223
10.1	2.4628284692151303
10.11	2.5722440602467103
10.12	2.5863303162934734
10.13	2.8078369092099007
10.14	1.8737443061847112
10.15	2.520030149485337
10.16	2.86012506248258
10.17	2.2300251127599364
10.18	1.4196218529822504
10.19	1.3810708617985272
10.2	0.8148346482409679
10.21	0.8067231304853737
10.22	0.65229820585581
10.23	0.7014045637156765
10.24	1.1561623724730925
10.25	0.8408877664961523
10.26	0.16812879454347324
10.27	-0.09891153318767187
10.28	0.2659653119939647
10.29	0.7963608610836879
10.3	0.6829188453294773
10.31	0.4062662786450363
10.32	-0.12470066523059564
10.33	2.268612204261804
10.34	1.2648276888438188
10.35	1.7214211055182322
10.36	1.3844249333562775
10.37	2.6322259899783615
10.38	2.6764406729868995
10.39	2.112258869549175
10.4	2.1994738097535596
10.41	3.974428913314842
10.42	1.9934882032168884
10.43	2.2308542013818617
10.44	3.1771408789639346
10.45	3.029160805207387
10.46	4.918526625862315
10.47	4.386589257038306
10.48	5.614428272907658
10.49	5.016126971610072
10.5	5.111084868908834
10.51	6.605997386793837
10.52	6.591835921948282
10.53	6.6221272805849845
10.54	6.381787132048508
10.55	8.271414652891696
10.56	7.881591590598567
10.57	9.113341667226361
10.58	9.343342426388725
10.59	10.046879472715805
10.6	10.268069451700041
10.61	9.672220328457486
10.62	11.496750037713426
10.63	11.610313272736546
10.64	11.797013047180553
10.65	11.493221626300887
10.66	11.978124199804688
10.67	13.068261598138186
10.68	13.246578104005906
10.69	14.426897913455242
10.7	15.471039553165884
10.71	15.14818867956606
10.72	15.768195933537742
10.73	15.652310936965899
10.74	15.989920997244965
10.75	16.801776761657663
10.76	16.10728250850957
10.77	17.369713448061823
10.78	18.139108424723936
10.79	17.56597492701069
10.8	17.725604196294437
10.81	19.05440181949022
10.82	18.577632025954006
10.83	19.238148205459662
10.84	18.75649826662574
10.85	19.35413032226306
10.86	19.59658861528053
10.87	20.328805123619183
10.88	19.172725423167897
10.89	21.257948773077665
10.9	20.777484255970112
10.91	19.669130610652473
10.92	20.661223437192916
10.93	21.733669401125024
10.94	21.307412254404344
10.95	21.10951845026073
10.96	21.32817035405541
10.97	20.624398633100885
10.98	20.162956486587493
10.99	21.179569978082007
11.0	22.19017188488105
11.01	21.29696926401307
11.02	19.62008166313247
11.03	21.254419847540806
11.04	21.01618139308644
11.05	19.67604506034098
11.06	20.047130537520808
11.07	20.895000553874677
11.08	19.992295563721644
11.09	20.055752355633604
11.1	19.60324853124789
11.11	20.143920115279645
11.12	19.95050165836455
11.13	17.963376608214812
11.14	19.36821912676033
11.15	18.730565545190235
11.16	17.729129849781398
11.17	17.285985453578032
11.18	17.811870653312056
11.19	17.180261324889447
11.2	16.785927489531964
11.21	16.60923930343182
11.22	16.482444240752205
11.23	15.933917451855677
11.24	14.945565462398651
11.25	15.20570371408272
11.26	14.24462945577504
11.27	13.849320021784251
11.28	13.047158107984739
11.29	12.81864459227395
11.3	13.114878134445567
11.31	12.798426273031117
11.32	11.85812744294521
11.33	12.180772679041208
11.34	10.425583312712062
11.35	10.061055776690472
11.36	10.046550008309058
11.37	10.140518704267443
11.38	9.405087955543287
11.39	8.893128227777597
11.4	8.191962191120739
11.41	7.966719671627887
11.42	7.8621625732971
11.43	7.562424668419398
11.44	8.711029973053284
11.45	6.801605501513411
11.46	6.82854796987898
11.47	6.506942403265938
11.48	5.59058096302394
11.49	6.119771366212416
11.5	5.305934332640858
11.51	5.116207730542525
11.52	4.361506287406796
11.53	2.331049426258237
11.54	3.7210103746831926
11.55	3.6289356543065368
11.56	3.4878584623340156
11.57	3.5697729805639997
11.58	3.241989102721148
11.59	2.4978075286488153
11.6	3.4407156874787086
11.61	2.518537458083668
11.62	1.9522625604568533
11.63	2.472955688190759
11.64	2.4328056143007184
11.65	2.671270930672464
11.66	2.654125604048615
11.67	2.2063897149903036
11.68	2.2472661716256797
11.69	1.0245125370662076
11.7	1.2443656732649981
11.71	1.5323433569357228
11.72	2.0112818379751025
11.73	1.2966488883633298
11.74	2.0456336388601737
11.75	1.4845787398539836
11.76	1.9688028665587631
11.77	1.4976846744687429
11.78	2.152037175516317
11.79	2.4200039269346796
11.8	1.2838732342850592
11.81	2.734099499373583
11.82	2.5762335324227648
11.83	2.202076843634709
11.84	2.602423995639732
11.85	2.7361990227073307
11.86	3.763887458688241
11.87	3.1913964559458514
11.88	3.6423916982214566
11.89	3.8343576247989746
11.9	4.107158301208768
11.91	3.8603424887403532
11.92	3.8217004928508027
11.93	4.075883961785985
11.94	5.950369142557336
11.95	5.741153042812641
11.96	6.285311454009567
11.97	6.004533527599338
11.98	5.2471268868399354
11.99	6.918476535737334
12.0	6.528837336050416
12.01	8.16693906324768
12.02	7.917724014262605
12.03	7.772222925490132
12.04	8.027427971015328
12.05	8.856119477281684
12.06	7.947757153956187
12.07	8.585240041119157
12.08	9.325907983731819
12.09	10.305108567920355
12.1	10.425169981522009
12.11	9.82401540092105
12.12	9.98200245348967
12.13	10.84236786613353
12.14	10.867038259523811
12.15	12.564355619025138
12.16	12.331927179493885
12.17	12.593549690782886
12.18	11.951954707528934
12.19	12.870037569109709
12.2	12.753898497797952
12.21	13.448350186361678
12.22	13.791223737521173
12.23	14.249030573235151
12.24	14.130334168291512
12.25	14.250973047852472
12.26	15.75301585244647
12.27	15.085594525563513
12.28	15.762445087151294
12.29	15.597906296774276
12.3	15.478167445181883
12.31	16.286367347503564
12.32	15.74303872309093
12.33	16.592508293553472
12.34	15.804529948985445
12.35	17.347035075402278
12.36	16.68415659012126
12.37	16.6189908560992
12.38	17.183826994992163
12.39	17.47320832093343
12.4	17.392137138389312
12.41	18.193235706467526
12.42	17.194638811236043
12.43	17.47222427880491
12.44	17.242463566559984
12.45	18.354879965495606
12.46	17.29587437118046
12.47	16.936284909283696
12.48	18.404881073634
12.49	17.746369512443597
12.5	17.138321863730013
12.51	17.277018530375575
12.52	15.776901742172239
12.53	16.88651258261851
12.54	17.365203920891396
12.55	15.966797841240705
12.56	17.06969802512676
12.57	15.956837595697332
12.58	15.801983993692719
12.59	15.063720383805338
12.6	15.260274390806757
12.61	15.135019134481013
12.62	14.235392650719007
12.63	13.747428045495605
12.64	12.511313902405526
12.65	12.09745354289298
12.66	13.364066797869079
12.67	13.083424958253667
12.68	12.41621816753737
12.69	11.483088043914025
12.7	11.99825429241788
12.71	10.847803767466717
12.72	10.566963286804267
12.73	9.936143689159577
12.74	9.55892453864736
12.75	10.215376879850936
12.76	8.17277706268474
12.77	8.818235825975803
12.78	8.430923918355836
12.79	6.148063223066599
12.8	6.848877855907404
12.81	6.46624805437577
12.82	5.418278648000939
12.83	6.191075601625952
12.84	5.334565601030526
12.85	6.064712331943193
12.86	4.602510736690272
12.87	5.5736520480013105
12.88	4.170964717647241
12.89	4.377864532741183
12.9	3.537677776919347
12.91	4.487826450948484
12.92	4.102773097330957
12.93	3.197301711152051
12.94	2.5344702875240124
12.95	2.5509981932825694
12.96	1.7495270630765383
12.97	1.6306723828837004
12.98	1.538270768896129
12.99	1.702731483318285
13.0	1.0856463647300665
13.01	1.9234491723434732
13.02	0.9344777025917976
13.03	1.362297420144185
13.04	1.70665570597516
13.05	-0.27722711717698456
13.06	0.7925893241273998
13.07	0.7345414179204864
13.08	1.0083139739228384
13.09	1.0264359880525487
13.1	0.9834162478130144
13.11	2.0900115442055305
13.12	0.9467593904649989
13.13	1.0818134700468864
13.14	0.04142118730441169
13.15	0.887717921758385
13.16	1.1449084231641216
13.17	1.9391556096475506
13.18	2.288832098274866
13.19	1.614087683799713
13.2	2.034554140803876
13.21	2.044021479784701
13.22	1.9571530363662657
13.23	2.6260029475213136
13.24	1.8434446711896697
13.25	2.7819829994457383
13.26	1.8104764201378347
13.27	3.59619587356124
13.28	4.42733646959217
13.29	3.19776649247724
13.3	3.6481759584455045
13.31	3.164453063589241
13.32	4.88053029707968
13.33	4.8279386416000225
13.34	5.135642999073408
13.35	5.192186578680446
13.36	5.153517093867534
13.37	6.255538591840624
13.38	5.789432401818871
13.39	6.74343213385501
13.4	6.988501517823591
13.41	7.481485412642354
13.42	8.114206327297403
13.43	7.638168825233611
13.44	8.377096099531478
13.45	8.573526855087366
13.46	8.957586723562002
13.47	10.723370621935661
13.48	10.868091627695081
13.49	11.170218116773189
13.5	10.724952696465534
13.51	11.499016294323551
13.52	11.395531987604242
13.53	13.692323822487884
13.54	13.37213184061027
13.55	13.818178006307392
13.56	14.47727214939991
13.57	14.019080883878049
13.58	16.287025927392563
13.59	15.699553953689374
13.6	16.139814885061895
13.61	15.985596978875796
13.62	17.012748048279136
13.63	18.292187724745606
13.64	18.177940317075407
13.65	17.95464585842173
13.66	19.364531989782478
13.67	20.49823992129521
13.68	20.49201636552661
13.69	19.546295932995264
13.7	20.752503506324583
13.71	20.981327462195114
13.72	20.840141010018478
13.73	20.97833539926921
13.74	20.25990337671267
13.75	22.008154825694156
13.76	20.914892193480917
13.77	21.358924481787405
13.78	21.694690463856325
13.79	22.923594382546725
13.8	20.92926559540294
13.81	22.195619037802636
13.82	21.726825491415212
13.83	22.120621482504077
13.84	21.471420042950008
13.85	21.255795514833416
13.86	20.18890930481362
13.87	20.187707093931614
13.88	20.979904190328647
13.89	19.9505301879952
13.9	19.251703150458322
13.91	18.53937041389129
13.92	19.964309183831787
13.93	18.820443702226793
13.94	18.32910216655225
13.95	17.36719204166923
13.96	17.17581372412445
13.97	17.096008897807398
13.98	15.435572795522122
13.99	16.118925718585626
14.0	15.593328515380637
14.01	15.972332155247972
14.02	12.956820218420267
14.03	13.761466592267064
14.04	12.942346673490144
14.05	13.70967468549418
14.06	12.485770564592691
14.07	12.455318673360335
14.08	10.411148762416714
14.09	11.016497829683606
14.1	8.827973170746125
14.11	9.502582806852658
14.12	8.217242972980886
14.13	8.125172533559335
14.14	7.227795822822048
14.15	7.079692444809542
14.16	6.873837048595428
14.17	5.996241431561808
14.18	5.500962962513884
14.19	5.304827329679203
14.2	5.161096802922488
14.21	5.148262924018505
14.22	3.9431222761506284
14.23	3.8147729770865046
14.24	3.708618268509861
14.25	3.131694482969627
14.26	2.595138093901615
14.27	2.5825597797754685
14.28	1.856230983338683
14.29	2.4151554850888397
14.3	0.4067035730170152
14.31	2.0235946427009845
14.32	1.1428485058229936
14.33	1.0740576367370749
14.34	0.8175306142561075
14.35	1.7489080486992201
14.36	0.7426926698842053
14.37	0.40456058050600674
14.38	1.0999564621308824
14.39	0.511399517225604
14.4	-0.03945498025214744
14.41	0.10022181068224612
14.42	0.8565201860444767
14.43	1.5571654108330826
14.44	0.9236241115774824
14.45	1.2656517899305135
14.46	1.1301631798508753
14.47	2.2800191270935004
14.48	1.2874064259803846
14.49	2.4545125570135173
14.5	1.5395081217597217
14.51	2.561098343325502
14.52	2.6734263186502223
14.53	2.581833372222322
14.54	2.6426831163901494
14.55	2.87156172464383
14.56	3.4962497902295855
14.57	2.235860100624527
14.58	2.547244547073528
14.59	4.041494195709949
14.6	2.927626628972602
14.61	3.6520474160510643
14.62	4.205261532166709
14.63	5.018164133669054
14.64	4.034240327657888
14.65	4.788160075959571
14.66	5.717845948336871
14.67	4.976953495505917
14.68	5.71468380106907
14.69	6.875438946673783
14.7	5.734294048995567
14.71	6.961256718920581
14.72	6.913030427637697
14.73	7.630875856585358
14.74	8.137562212146879
14.75	8.84440544988472
14.76	8.847710456124771
14.77	8.215181929150337
14.78	10.158066398890021
14.79	10.43887884471567
14.8	9.803284718397196
14.81	9.310214077881696
14.82	10.381310881828574
14.83	11.314594111130626
14.84	11.945080900114474
14.85	11.517524521056137
14.86	11.74211215901765
14.87	12.33032546558202
14.88	12.720051803853346
14.89	11.490307823421654
14.9	12.399118039942485
14.91	12.9925242165504
14.92	14.856646010278801
14.93	15.067701449604915
14.94	14.508740431233926
14.95	15.429421855441639
14.96	15.275285207227775
14.97	15.176360960829337
14.98	16.448821785014186
14.99	15.893336134475627
15.0	16.13586383500659
15.01	17.558927336543757
15.02	17.406119797295375
15.03	18.149308442184605
15.04	18.806392434850924
15.05	18.36669062457255
15.06	18.56921037211616
15.07	18.77961681287244
15.08	19.336014867914095
15.09	19.943008866695333
15.1	19.550438184228295
15.11	19.20025409098742
15.12	19.762079971732604
15.13	19.274962369628863
15.14	19.65386785735415
15.15	19.667239266340097
15.16	19.852887741079655
15.17	20.363065421433298
15.18	19.303523151523024
15.19	20.16107073798025
15.2	19.110705085416402
15.21	18.55665910413641
15.22	17.69816621722638
15.23	17.819992896087836
15.24	17.9707575677287
15.25	17.424564921143112
15.26	17.95893073461882
15.27	15.972158604040931
15.28	17.31403734427852
15.29	15.707924360606121
15.3	16.26066355612571
15.31	15.85730743874427
15.32	14.369250312764635
15.33	14.145782264074414
15.34	13.485295444140993
15.35	13.691078467030048
15.36	12.574033635494883
15.37	12.437910324849389
15.38	12.50098572426729
15.39	11.762617218874551
15.4	10.718543880372968
15.41	10.115377825592102
15.42	9.77663910416191
15.43	9.71848568038346
15.44	8.998743060842639
15.45	7.817268432959641
15.46	7.283371088000501
15.47	6.754114484109657
15.48	6.573502034626481
15.49	7.017485550350483
15.5	5.8247638852046295
15.51	5.709456128007613
15.52	5.602946553484869
15.53	5.388673195867163
15.54	3.492556423351392
15.55	3.777613874865633
15.56	3.0868581771143337
15.57	3.9143298242232696
15.58	3.2398079471438215
15.59	3.0106510223106775
15.6	1.9383585978715137
15.61	2.6220167014326172
15.62	2.073235085153641
15.63	2.175054366735359
15.64	1.7387685790179979
15.65	0.9254521350187808
15.66	0.8359325635746095
15.67	0.9985873680207162
15.68	0.7822331052621934
15.69	-0.5142089160678185
15.7	0.9956852107588088
15.71	0.5729956583447322
15.72	0.5218407577644253
15.73	-0.012010492762425554
15.74	0.30023551322920344
15.75	0.42270705598753544
15.76	0.0755931463901355
15.77	0.10704471007852047
15.78	0.41978012332394854
15.79	0.058566390271874436
15.8	-0.5736012500873557
15.81	0.05200620365086195
15.82	0.688196227661996
15.83	-0.06843891852336387
15.84	0.6702676139270256
15.85	0.5922390632644999
15.86	1.022252078699669
15.87	0.2648727559270416
15.88	1.4522345537840198
15.89	1.7430599856505302
15.9	1.8356132671618255
15.91	2.0230226581369743
15.92	3.0297422459312395
15.93	2.967536622156865
15.94	2.2508670934641155
15.95	2.8533472873069443
15.96	3.3963078314551516
15.97	3.5799696914097443
15.98	4.649991059878706
15.99	3.592153390593319
16.0	3.857658866009466
16.01	5.518746814458575
16.02	4.646371003943078
16.03	4.132373979692903
16.04	5.744314504352366
16.05	5.261427511002874
16.06	6.012666874007117
16.07	6.600166465049863
16.08	7.430384014914197
16.09	5.980683234362618
16.1	7.897100495780222
16.11	8.434556735028313
16.12	9.037285379182904
16.13	8.746544581212364
16.14	9.982705307774582
16.15	9.181630393207888
16.16	10.23486729125451
16.17	10.540935422330397
16.18	10.4913583205761
16.19	11.4824998461006
16.2	11.18152856374543
16.21	12.033796509883247
16.22	12.485766964821343
16.23	13.008998271167362
16.24	13.959399548553698
16.25	12.921715118873784
16.26	14.398778246214682
16.27	14.140516830533619
16.28	14.628214831011594
16.29	16.397429417018806
16.3	15.568675279667138
16.31	15.447736846644446
16.32	16.140443426025147
16.33	15.548018575469554
16.34	16.343064718307037
16.35	16.366420441436993
16.36	17.59162372009899
16.37	17.24246145624222
16.38	16.718993911616412
16.39	17.61554055667563
16.4	17.92516740676298
16.41	17.891776903982194
16.42	18.148036710043304
16.43	17.915195097739886
16.44	18.944071701243384
16.45	18.110523768228056
16.46	19.170744409935487
16.47	17.34088993716265
16.48	17.286000477687953
16.49	18.211037270429696
16.5	18.374274949000256
16.51	17.900916543279948
16.52	17.746184539877756
16.53	17.494102927942187
16.54	19.040174352992448
16.55	19.499066993339987
16.56	17.143624848481906
16.57	16.748837848708426
16.58	17.79490252526443
16.59	17.62677546394187
16.6	17.131074364189217
16.61	17.68370819551881
16.62	16.287579148615265
16.63	15.017095615236041
16.64	17.050175750121692
16.65	16.365171392391392
16.66	15.957784626609815
16.67	15.39122729706986
16.68	15.123381399135557
16.69	15.411662504159093
16.7	14.752359377635395
16.71	14.300603397984776
16.72	12.662512633289685
16.73	12.910892370070846
16.74	11.758636882832963
16.75	12.118241665575066
16.76	12.85859448797277
16.77	11.764497904621303
16.78	11.051589405229553
16.79	10.560722759455672
16.8	11.035515900638686
16.81	10.721107116931723
16.82	9.288636934564307
16.83	8.111392956537928
16.84	8.195719294651322
16.85	7.463810024452489
16.86	8.584986964155505
16.87	6.946285198306114
16.88	5.899291188831383
16.89	6.322470094264229
16.9	6.046688886470231
16.91	5.453065892484727
16.92	4.733869956518477
16.93	3.893648018749595
16.94	4.403378120761117
16.95	3.297235511616561
16.96	3.4556292960215713
16.97	2.288500859884345
16.98	2.8340983453903523
16.99	2.6871358714169284
17.0	3.07746943892523
17.01	1.624514201986648
17.02	1.7469399072369893
17.03	1.570157943417528
17.04	2.0115618504659465
17.05	2.3942285455396277
17.06	1.5805009089826028
17.07	0.6120159559277789
17.08	0.5769033869537874
17.09	0.44911765491962097
17.1	0.7403528346690806
17.11	1.2133180559775543
17.12	0.3368446727423836
17.13	0.34752846937140713
17.14	-0.11037292188067294
17.15	0.5244916985158254
17.16	0.45196397033822017
17.17	-0.001052708052671325
17.18	1.0453255791682146
17.19	0.11317344370847651
17.2	0.5162197228967278
17.21	0.42118042964322233
17.22	0.12909855899648376
17.23	0.17905909881704601
17.24	1.1303975501459125
17.25	0.6006704656492518
17.26	1.2675555056626717
17.27	0.8771991524405676
17.28	1.0254709274508969
17.29	2.362740988353753
17.3	1.1104778266771649
17.31	2.026089284906921
17.32	1.8185920946385958
17.33	2.772526991980544
17.34	2.816259213440905
17.35	2.5029576104187696
17.36	2.8651285765892496
17.37	3.3077675433865674
17.38	3.526666050236272
17.39	3.9451570812279573
17.4	5.1242029044235275
17.41	4.664463405216125
17.42	5.645368990917706
17.43	5.677214138945627
17.44	5.75157356664864
17.45	6.341024156658102
17.46	6.647470885140175
17.47	6.555694018419507
17.48	6.793438037192443
17.49	8.624346831711915
17.5	8.783305029291565
17.51	8.770603939468579
17.52	8.68616403036173
17.53	10.659455956132993
17.54	10.448141343922872
17.55	10.700700987726304
17.56	11.12614998191059
17.57	10.767887891780841
17.58	11.783297712913317
17.59	12.80022440532605
17.6	13.153807365456716
17.61	13.978271098215313
17.62	12.99186345958538
17.63	14.298964670265965
17.64	14.690290647596475
17.65	14.005494275961448
17.66	15.322274623942453
17.67	15.662123969611049
17.68	15.934201938400694
17.69	15.731556510174245
17.7	16.134621572555023
17.71	16.342617576337286
17.72	15.909865164448279
17.73	17.156069424828008
17.74	17.07705637720372
17.75	16.716837642973346
17.76	17.30559391917378
17.77	17.21597039924272
17.78	16.6774489523635
17.79	16.633610978782976
17.8	16.72579638179812
17.81	17.346745472660807
17.82	17.309637312366178
17.83	15.457256771572474
17.84	16.985820916110022
17.85	16.489941439470396
17.86	16.458919797336723
17.87	16.1961833155548
17.88	16.374912974515073
17.89	15.351333562118702
17.9	16.37719384166009
17.91	14.742954706642992
17.92	15.105621941750067
17.93	14.723637319417847
17.94	14.01226906562781
17.95	14.398110693343087
17.96	14.233234353266639
17.97	13.18301987228202
17.98	12.717611299240437
17.99	12.861203686602872
18.0	12.095715200258933
18.01	12.016028611531576
18.02	11.215847093392814
18.03	10.378860318954196
18.04	9.336228687502704
18.05	9.213073832886714
18.06	8.727049592692296
18.07	9.495309865764765
18.08	8.206608644417289
18.09	8.220335464160355
18.1	7.291746869834107
18.11	8.082278241796857
18.12	6.983067745969248
18.13	6.716445318169014
18.14	6.82030067578708
18.15	6.051139805787822
18.16	5.544298132808787
18.17	5.478206775567216
18.18	4.574662081643738
18.19	4.1826897140949315
18.2	4.4962934023020065
18.21	3.7902240393021867
18.22	3.546997017424967
18.23	3.743595097513894
18.24	3.8756545333660606
18.25	2.8061278954847535
18.26	3.8636938626584203
18.27	2.356525536814551
18.28	2.4194632938131404
18.29	2.7463078194761907
18.3	1.9878700573171852
18.31	2.2718479871156987
18.32	1.9292200649631794
18.33	1.1565033652566614
18.34	2.469603550533077
18.35	1.994327853224803
18.36	0.5922318030341438
18.37	1.4492079430392943
18.38	1.3918118442390932
18.39	2.804580176459763
18.4	2.1500903081704212
18.41	1.3037340788648089
18.42	2.202923456417671
18.43	2.781842362554921
18.44	3.076837738050793
18.45	1.6147152509742222
18.46	2.503853501402861
18.47	1.8315989894220581
18.48	2.2519516761166583
18.49	1.8716652974115406
18.5	3.2002772492037517
18.51	2.5277601064830186
18.52	3.418057540550493
18.53	3.407543197961722
18.54	3.5693354305388163
18.55	4.060289657764974
18.56	4.262314811023468
18.57	5.3334753996199895
18.58	4.331416310137402
18.59	4.923192635341916
18.6	6.2978355380700535
18.61	6.171465967123768
18.62	6.811797134682496
18.63	6.299912668005245
18.64	6.438614019473583
18.65	7.58491825823883
18.66	7.574051297973665
18.67	9.047802135228327
18.68	8.097100633080887
18.69	8.879938194092514
18.7	8.463587408703692
18.71	9.641509467568467
18.72	9.911359766181612
18.73	11.72427716285353
18.74	11.048317515751343
18.75	11.188902676932608
18.76	10.860565507076515
18.77	12.03220437656185
18.78	13.039054173571298
18.79	12.690962123933485
18.8	12.377798941995518
18.81	12.947651120749885
18.82	13.63442036206341
18.83	14.735454228507683
18.84	14.552949265061446
18.85	14.508206083885126
18.86	15.058299384496555
18.87	14.561600270058989
18.88	15.803540775550946
18.89	15.147915797682689
18.9	14.744761395785307
18.91	15.314088557354053
18.92	15.003632721284774
18.93	14.900543394356339
18.94	15.761591924576845
18.95	14.735038924445623
18.96	16.221262265448072
18.97	15.302067488816352
18.98	14.658206409878758
18.99	14.486322246775707
19.0	14.847306725519859
19.01	15.945668260022902
19.02	14.171974347860402
19.03	14.34516459648249
19.04	14.128918423009937
19.05	13.530919445603256
19.06	13.524875583638913
19.07	13.1154221516518
19.08	13.40173852320218
19.09	12.641584171403876
19.1	12.069164672154377
19.11	12.49540986326042
19.12	11.745573337616213
19.13	11.51151730039969
19.14	10.792870697521318
19.15	10.584401398912831
19.16	10.425228897308262
19.17	10.110094171427448
19.18	9.640489778551403
19.19	9.658871010230662
19.2	8.597172375796129
19.21	6.740652217795912
19.22	7.747411231160581
19.23	6.7454250917218275
19.24	6.18985457883142
19.25	7.0596086126178434
19.26	6.005625194151906
19.27	5.925826366856898
19.28	5.638204831234698
19.29	4.63240146154669
19.3	4.210888948565388
19.31	3.80547381164982
19.32	3.387986169072491
19.33	3.8360315747159124
19.34	3.6061264356310714
19.35	2.465485048375582
19.36	3.508564687818606
19.37	3.7587373058233204
19.38	3.087600718149501
19.39	2.544385847418175
19.4	1.8160475361830293
19.41	1.8859585205268288
19.42	1.715453744574587
19.43	0.9346419122179414
19.44	2.1229700036651904
19.45	1.6285020356377742
19.46	1.9851799267691983
19.47	1.8232350935534276
19.48	1.649974029612574
19.49	0.377917987892138
19.5	0.8220878993612398
19.51	1.1396730794434908
19.52	1.0862127079007906
19.53	1.166004298101796
19.54	1.3471189073584524
19.55	0.9412150120332633
19.56	1.66729747802417
19.57	0.5298264994688421
19.58	1.7058219399025507
19.59	0.5040751496270468
19.6	0.9416624357124925
19.61	1.617748127547848
19.62	2.861704777985541
19.63	3.198492760905417
19.64	2.7443316367072987
19.65	1.9487794649024226
19.66	3.0557408278455864
19.67	4.073012914186038
19.68	4.312523000904673
19.69	4.190761957330799
19.7	6.828983918994036
19.71	4.8291311045007275
19.72	5.96170857072532
19.73	6.092100291035357
19.74	6.232777860104535
19.75	5.849623111510765
19.76	7.63948339826369
19.77	8.093261499808314
19.78	7.659646826888608
19.79	7.638499115207535
19.8	8.562018043467267
19.81	9.484972733016113
19.82	10.20659779852485
19.83	9.506623044075626
19.84	9.89276038506838
19.85	11.113380960088465
19.86	11.034322503412772
19.87	10.94720797488195
19.88	12.413409068413875
19.89	11.610689517768114
19.9	12.729991725921002
19.91	12.733851032050529
19.92	12.859517316710772
19.93	14.510135523208325
19.94	13.328529426682108
19.95	13.856077029288862
19.96	13.713426733553085
19.97	14.557130578339471
19.98	13.97570434695221
19.99	15.617408917360065
20.0	14.513869851689922
