10.01	5.691566135501761
10.02	5.9922128335709175
10.03	5.990155767357349
10.04	7.078402924291028
10.05	7.4912075200330746
10.06	8.06656581747725
10.07	7.894183802903819
10.08	9.240222848278469
10.09	9.818414398996536
10.1	10.09373767570598
10.11	10.558237398847837
10.12	11.358614643572187
10.13	11.781116913003961
10.14	12.879887309845007
10.15	12.572906168590121
10.16	13.141596187633263
10.17	14.472346365721627
10.18	14.38168269702202
10.19	14.634635630898849
10.2	15.185313696071264
10.21	15.260074558475402
10.22	16.062921161988207
10.23	16.83851413494066
10.24	16.683656035967235
10.25	17.544356887087858
10.26	17.87554440931981
10.27	18.014189962111516
10.28	17.7421959664944
10.29	18.420836984806574
10.3	18.53497192207554
10.31	18.66184236156373
10.32	18.952254368071312
10.33	19.30196422375841
10.34	19.31154201934602
10.35	19.625204214815408
10.36	19.27060000239882
10.37	19.999079371463857
10.38	19.451392224372828
10.39	19.260893082683207
10.4	19.856887504734786
10.41	19.94094602070824
10.42	19.60803972412623
10.43	19.654986917857865
10.44	19.54861247134902
10.45	19.615414828147358
10.46	19.49650925398418
10.47	19.671960469239664
10.48	19.49575460111564
10.49	19.749552957390936
10.5	19.28255663542603
10.51	19.364132389032445
10.52	19.403242808784157
10.53	19.42108020719955
10.54	18.43566070973242
10.55	18.62684748779777
10.56	18.423661275771416
10.57	17.842780244227722
10.58	17.583692083029447
10.59	17.767748802766178
10.6	17.80004343606258
10.61	17.515862556922034
10.62	16.95615999232351
10.63	16.93302422115749
10.64	16.256116235152334
10.65	16.48545828651753
10.66	15.886519701968226
10.67	15.12367694246923
10.68	15.032127345585243
10.69	14.498834860495704
10.7	13.98817554136678
10.71	13.90347366994949
10.72	13.164690697205133
10.73	12.584500057725068
10.74	12.5924512708586
10.75	11.835061985859362
10.76	11.605161901221573
10.77	10.69940704765936
10.78	10.49238183061495
10.79	9.899103575566855
10.8	9.708065778029901
10.81	9.159412124187604
10.82	8.382344227625051
10.83	7.893663279454615
10.84	7.529275971173895
10.85	7.22409288916848
10.86	7.023976676002722
10.87	6.296004019203618
10.88	5.7548100978780745
10.89	5.649801618093696
10.9	4.838541771398465
10.91	4.324746442743881
10.92	4.381614191598103
10.93	4.042225213425401
10.94	3.7441678817101867
10.95	3.7905056609464705
10.96	3.1906234924644505
10.97	3.037564152151227
10.98	3.14702846119401
10.99	2.6346422740598596
11.0	2.3761799381914166
11.01	2.2390152581587706
11.02	3.1389727013055446
11.03	2.0978695710928177
11.04	2.506882800463157
11.05	1.569289203966057
11.06	1.5069072608068774
11.07	1.8006526210985874
11.08	1.7476836818263353
11.09	2.121030924966935
11.1	1.8896948381835563
11.11	2.2906689066966823
11.12	2.2404874442405847
11.13	2.3848928406833427
11.14	2.968831848093558
11.15	2.908054366685107
11.16	3.3193837254129708
11.17	3.4945018519047784
11.18	3.971344636609454
11.19	3.788090214504876
11.2	4.696821856815687
11.21	5.113246904268184
11.22	5.575121384682359
11.23	5.606921645865993
11.24	6.617846621778826
11.25	7.055801937352081
11.26	7.539236947665487
11.27	8.135426585460452
11.28	8.27771088703414
11.29	9.183641707978346
11.3	9.497584869072131
11.31	10.56199265688111
11.32	11.052879091944535
11.33	12.066831921412103
11.34	12.473163592591948
11.35	12.871769865508254
11.36	13.346518332407717
11.37	14.049637640613671
11.38	14.410516092697726
11.39	15.51532555704944
11.4	15.734814677870395
11.41	16.200585375479886
11.42	16.689156310621975
11.43	17.37945886569886
11.44	17.92567290663666
11.45	18.068284036116665
11.46	18.660584295182204
11.47	18.54814841533887
11.48	19.532177941080242
11.49	19.60507655692868
11.5	20.4152279946339
11.51	20.261352558618604
11.52	20.820740928052174
11.53	20.96435318412583
11.54	20.734773175098066
11.55	21.31530371229471
11.56	21.616742602404095
11.57	21.25628125847016
11.58	21.263623442326292
11.59	21.424036861834136
11.6	21.50733508239849
11.61	21.670469675184485
11.62	20.89951177412748
11.63	21.099629973223035
11.64	20.74360939083899
11.65	20.53230623694918
11.66	20.203290917327816
11.67	20.16898125440391
11.68	19.40882940984908
11.69	19.361277566743688
11.7	18.923646950332287
11.71	18.345230858221605
11.72	17.352235488739144
11.73	17.62782039963088
11.74	17.24303180315203
11.75	17.052266869888932
11.76	16.42568183934465
11.77	16.065528152160578
11.78	14.653683573024736
11.79	14.790524303074033
11.8	13.715373266041274
11.81	13.538931894126407
11.82	13.051514189324047
11.83	12.244430778385917
11.84	11.294893026819903
11.85	11.057549531258735
11.86	10.036685224349133
11.87	9.752956351615127
11.88	9.773238779802748
11.89	8.916609286818098
11.9	8.589387521474256
11.91	8.16867707541848
11.92	7.617536694042549
11.93	7.170573223855546
11.94	6.90475814008513
11.95	5.733454720888814
11.96	5.9536183537696035
11.97	5.044412468661981
11.98	5.420040814306603
11.99	4.590935912479859
12.0	4.664747840377192
12.01	3.9824653787110775
12.02	4.021984790803279
12.03	3.4291802473882926
12.04	3.033280285890184
12.05	2.6839839387917097
12.06	2.7769446481788824
12.07	2.4247700165634267
12.08	2.524901150155479
12.09	1.8900200051697678
12.1	2.4839546244804955
12.11	2.107791581210249
12.12	1.9716551431828668
12.13	2.23647801024316
12.14	1.9001663997422833
12.15	2.0201757474686826
12.16	1.9857761917966745
12.17	1.9318558824217869
12.18	2.1063912284529502
12.19	2.675166394582585
12.2	2.5519651164996513
12.21	2.4452102428564197
12.22	2.6187238244148574
12.23	2.827779718199454
12.24	3.0410780840480767
12.25	3.101057565018384
12.26	3.701338478891727
12.27	4.061930502232671
12.28	4.457012444079792
12.29	5.00642198394386
12.3	4.9186666242538015
12.31	5.323117868657924
12.32	6.14459538266604
12.33	6.525277487734355
12.34	7.355271082260227
12.35	7.623759377112835
12.36	7.7646702819320685
12.37	8.57054821614985
12.38	8.581350198387018
12.39	9.526176962000148
12.4	9.962382660603918
12.41	10.797279598105739
12.42	11.114446526833449
12.43	11.657156951581158
12.44	12.260146740728354
12.45	12.90302658913214
12.46	13.898797314029428
12.47	14.610905405912384
12.48	14.380335900346818
12.49	15.397497186727932
12.5	16.069461584232837
12.51	17.026571569474793
12.52	17.723033576743056
12.53	17.869121470750926
12.54	18.66478146211053
12.55	18.852806135552427
12.56	19.478585828126686
12.57	20.081461825836858
12.58	20.527174424741233
12.59	21.09419622893754
12.6	21.269621556411277
12.61	21.62795405081646
12.62	22.362661105976834
12.63	22.614786093318937
12.64	22.631227388847567
12.65	22.68557174575723
12.66	23.232638877354717
12.67	23.172102103602818
12.68	23.736109339614895
12.69	23.69040070580497
12.7	23.581806798188
12.71	23.90234314160738
12.72	23.153643824254118
12.73	23.562462047883308
12.74	23.740879686501685
12.75	23.489517799628334
12.76	23.482422496593628
12.77	22.703819806304075
12.78	22.939643586100576
12.79	22.838323847085054
12.8	22.433315066243598
12.81	22.21874433399047
12.82	21.796436218934215
12.83	21.81514738415983
12.84	20.98840657083612
12.85	20.53927447412558
12.86	20.272966382029878
12.87	20.101578461579233
12.88	19.471675659925562
12.89	19.038630861177893
12.9	18.463176021681953
12.91	18.036243694697152
12.92	17.280756587879594
12.93	17.030957855001667
12.94	16.59095162624506
12.95	15.699035255263412
12.96	15.342901149031174
12.97	14.519439320752712
12.98	14.771606059017886
12.99	13.870235761586352
13.0	13.269220044052517
13.01	12.643199148691089
13.02	12.19732079287419
13.03	11.732554558764358
13.04	11.131083612421572
13.05	10.820432394868046
13.06	10.174362474811456
13.07	9.921655246081682
13.08	9.736894499216138
13.09	8.653202393182452
13.1	8.287816098184082
13.11	8.146568074238049
13.12	7.462793136762566
13.13	7.315638006412349
13.14	6.916700684367099
13.15	6.374632626513442
13.16	5.938545893644363
13.17	5.6287155524407115
13.18	5.362374795920894
13.19	4.917405921176108
13.2	4.710615604373093
13.21	4.695858943127988
13.22	4.346591363514131
13.23	4.110629855333054
13.24	4.262600365169812
13.25	3.530498520944351
13.26	3.615960792588108
13.27	3.3441585090067596
13.28	3.1791239194877066
13.29	2.7373791248847716
13.3	3.2786075365240133
13.31	3.076477176765242
13.32	3.01686055612577
13.33	3.0040716797992975
13.34	3.1105094283969037
13.35	3.494492274933445
13.36	3.318481198624579
13.37	2.9574866726025806
13.38	3.105017053853799
13.39	3.401495911338583
13.4	3.404253609873378
13.41	3.975536102158835
13.42	4.027621404691072
13.43	3.7324071769678793
13.44	4.790854296668924
13.45	4.930925467893715
13.46	5.602500353086962
13.47	5.728817737727137
13.48	5.671278973345368
13.49	6.695285172829406
13.5	7.327166969960803
13.51	7.964042515741803
13.52	8.373751793554234
13.53	8.22906810389179
13.54	9.054751967142046
13.55	9.835096364623988
13.56	10.150653296974719
13.57	10.36486714926367
13.58	11.697621490536063
13.59	11.666731222458655
13.6	12.236194119961546
13.61	12.759549909817144
13.62	13.477421642993322
13.63	13.826894413778415
13.64	14.735813562139
13.65	14.489202686950215
13.66	15.072062120156255
13.67	15.325949415569832
13.68	15.689387120962984
13.69	17.09036909958472
13.7	16.84441388270879
13.71	17.45870596880776
13.72	18.137236709368096
13.73	17.793168142652544
13.74	18.071908170296012
13.75	18.744741462142976
13.76	18.691989127166057
13.77	18.568418408210437
13.78	19.2010121858054
13.79	19.550106433923062
13.8	19.27360783503104
13.81	19.093844843807982
13.82	19.659314783158077
13.83	19.529401339696552
13.84	20.062283891390052
13.85	19.546346877749652
13.86	19.64943746597506
13.87	19.093966504373626
13.88	19.595888935728798
13.89	19.354428085946058
13.9	19.778359791618836
13.91	19.093533111729762
13.92	19.070921205451448
13.93	19.19873568750243
13.94	18.77087718286628
13.95	18.615356274178065
13.96	18.068413484422848
13.97	18.61319689383978
13.98	18.114721407060262
13.99	17.755370447970353
14.0	16.99653893763923
14.01	17.312168876615537
14.02	16.750425334374317
14.03	16.453034049761964
14.04	16.391903217351373
14.05	15.239371341273102
14.06	15.000739012207493
14.07	14.69226768996928
14.08	14.417039127104887
14.09	13.735018359275054
14.1	13.316364492864357
14.11	12.922818046053909
14.12	12.69154868825504
14.13	11.688629220400083
14.14	11.785004133446298
14.15	11.036650585023398
14.16	10.490696229896896
14.17	9.84351593471961
14.18	9.412504024208035
14.19	8.72548938793356
14.2	7.990871258189193
14.21	7.373419295938655
14.22	7.284029385107317
14.23	6.7223724520612045
14.24	6.079504341523886
14.25	5.518226597662574
14.26	5.0370153381344736
14.27	4.930797531289169
14.28	4.872730893307035
14.29	4.645037240311698
14.3	3.7639685637030302
14.31	3.202785221847094
14.32	3.0900107861831825
14.33	2.589139718950565
14.34	2.282568756447916
14.35	2.1566490757677443
14.36	2.118337546342753
14.37	1.8479454681102936
14.38	1.5399547226661006
14.39	1.3873427971403833
14.4	0.8267760156479093
14.41	0.9599501379677466
14.42	1.1858470483402686
14.43	0.8409684684602212
14.44	0.4648988144140311
14.45	0.9332707374667826
14.46	0.9271545624091729
14.47	0.6463046425101275
14.48	0.7032501626579386
14.49	1.3319971508742157
14.5	0.48118269665865165
14.51	0.6702381971159129
14.52	0.5262500127972504
14.53	0.2959336829317299
14.54	0.7071750824449307
14.55	1.2446529945877944
14.56	1.2196688220503575
14.57	1.5381891357293516
14.58	1.1758333517069703
14.59	1.4598177595512756
14.6	1.8090882926851477
14.61	2.141103412133209
14.62	2.521884437506615
14.63	2.8357109074747626
14.64	3.028326400509737
14.65	3.406141430082768
14.66	3.125096796407251
14.67	3.961732422631338
14.68	4.836466820725732
14.69	5.415965034403118
14.7	5.004407267713409
14.71	5.6657819981569215
14.72	6.252293589706884
14.73	7.155401419254808
14.74	7.040381817123175
14.75	7.507170316935488
14.76	8.251646309460114
14.77	8.505468986824338
14.78	9.457168784716613
14.79	9.769060188018432
14.8	10.046804654239889
14.81	10.218810758724901
14.82	9.962887595371743
14.83	10.938636315624096
14.84	11.423933878569716
14.85	11.845104015190357
14.86	12.093392265401866
14.87	12.16153195915783
14.88	13.033562920986318
14.89	12.562155879337226
14.9	13.189623652821307
14.91	13.584630662741437
14.92	14.267739904950925
14.93	14.250304989489818
14.94	14.465559145330701
14.95	14.315419618923103
14.96	14.859103794461245
14.97	15.347788828834503
14.98	14.732175579148903
14.99	15.193723686088656
15.0	14.94997426563238
15.01	15.43368109089967
15.02	15.383921300359773
15.03	15.60724861822128
15.04	15.390159345789186
15.05	15.536289651305696
15.06	15.937478411902434
15.07	15.949651541290322
15.08	15.612856276823631
15.09	15.96612083893294
15.1	16.062639234932846
15.11	16.254487461885628
15.12	15.957616308444774
15.13	15.722001900386433
15.14	16.22432729919506
15.15	16.30441492865041
15.16	16.113534641450258
15.17	16.117645657738578
15.18	16.41421616111127
15.19	16.37060406764943
15.2	16.281481353156614
15.21	16.216967560923738
15.22	16.3260000844043
15.23	16.22639576381567
15.24	16.735686493519786
15.25	16.382990241424466
15.26	16.528223772202157
15.27	16.00177388739819
15.28	16.36305642602319
15.29	16.14473022385906
15.3	16.25762480763637
15.31	16.2715929957938
15.32	16.053468763662945
15.33	16.28736579463974
15.34	16.08445851344958
15.35	16.258740236932958
15.36	15.574415519718697
15.37	15.608222155019147
15.38	15.37134967944258
15.39	15.34645086549726
15.4	15.183022206533439
15.41	14.639147237839135
15.42	14.546261977230836
15.43	14.316601414838358
15.44	14.014371317954657
15.45	13.32929629390451
15.46	12.955421813860827
15.47	12.685399294667464
15.48	12.607913504165474
15.49	11.605562197858738
15.5	11.596956906443047
15.51	11.16715316668085
15.52	10.311203920734593
15.53	10.00052499415687
15.54	9.339613724893502
15.55	9.30503740274583
15.56	8.350679671013163
15.57	7.928077226523893
15.58	7.569340497701367
15.59	6.781867203221692
15.6	6.914240010732885
15.61	5.802092110442324
15.62	5.995080362447339
15.63	4.75211625994004
15.64	5.049733554255666
15.65	4.17892946874528
15.66	3.5937802168320028
15.67	3.344442260167618
15.68	3.1011987294280723
15.69	2.627795335208351
15.7	2.557543980283803
15.71	2.1542226008721026
15.72	1.7026723882373296
15.73	1.5302101452324979
15.74	0.9924994009338224
15.75	0.9975894345119638
15.76	0.9765482522547878
15.77	0.5559505650347156
15.78	0.7149076656140932
15.79	0.5509894238496462
15.8	0.24533813473518185
15.81	0.3723792100420922
15.82	-0.26137517180027225
15.83	0.4750538771093408
15.84	0.20831373262192454
15.85	0.026591041019340414
15.86	0.445527679833478
15.87	0.8670734515732607
15.88	0.9509044095778851
15.89	0.6362023508295733
15.9	1.103413145207828
15.91	1.3549771782548286
15.92	1.1127069933315614
15.93	1.9106711191186496
15.94	1.7859646703643284
15.95	2.7678480785283353
15.96	2.930041913566064
15.97	3.209404005374866
15.98	3.5100746756768895
15.99	4.431326810914516
16.0	4.464170233291008
16.01	4.852698065675577
16.02	5.265256103638458
16.03	5.565913329432108
16.04	6.370239128208707
16.05	7.257402136547667
16.06	7.076868799691437
16.07	8.042332840459402
16.08	8.366534682587067
16.09	8.908014010489625
16.1	9.271292040166362
16.11	10.020008697058199
16.12	10.070131271710242
16.13	10.830316632275704
16.14	11.180071224656498
16.15	12.016678836842555
16.16	12.445188137119812
16.17	12.213581395015561
16.18	12.725809320551672
16.19	12.88449568225443
16.2	13.271720609304039
16.21	13.569860432456089
16.22	14.210624271382333
16.23	14.626078328568173
16.24	14.251428561620418
16.25	14.803549992424827
16.26	14.646788019468636
16.27	14.93370512013213
16.28	15.27075592719917
16.29	15.668840587733719
16.3	15.672448947416912
16.31	15.394379863204026
16.32	15.58711181373507
16.33	15.58708057365416
16.34	15.123238739177532
16.35	15.273658279277745
16.36	15.235468291381096
16.37	15.450311552097178
16.38	15.2970083364703
16.39	15.237831543957583
16.4	15.195125843238905
16.41	15.666688654556793
16.42	15.083914948093376
16.43	14.92588709319525
16.44	14.980336792187648
16.45	14.823993437519611
16.46	14.31769952270727
16.47	14.39763274665122
16.48	13.71407474006718
16.49	13.966522620735565
16.5	13.52472120983508
16.51	13.388895979162422
16.52	12.928513151906142
16.53	12.601729037340254
16.54	12.211221984461677
16.55	11.925152066636464
16.56	11.421156792795111
16.57	10.868608517096272
16.58	10.711485292675059
16.59	10.141376174072981
16.6	9.89928479681294
16.61	9.718280086768317
16.62	9.039817445729696
16.63	8.723257461265773
16.64	8.309237921812974
16.65	7.751511440770668
16.66	7.408249745136629
16.67	6.8666116446047765
16.68	6.476474612976404
16.69	6.272511088827182
16.7	6.123360182908218
16.71	5.4717258128830855
16.72	4.9637784063613815
16.73	4.61353199410876
16.74	4.571474254958633
16.75	4.150335391957331
16.76	3.9039867643933786
16.77	3.269723363843616
16.78	3.300922808482916
16.79	2.9223415482868886
16.8	3.219732087564478
16.81	2.08613521218791
16.82	2.6954998713276215
16.83	2.2311136354416834
16.84	2.1560823695507607
16.85	1.890911136917227
16.86	1.6931492303047255
16.87	1.3065721183286159
16.88	1.1616175576435903
16.89	1.2662156771028135
16.9	1.3220729625739864
16.91	1.3131679896718538
16.92	1.0290155475488878
16.93	1.0514661403213188
16.94	1.3701416652951999
16.95	1.2305903123149848
16.96	1.630422173682021
16.97	0.8731245050021361
16.98	1.5865403497474768
16.99	2.1187813323317064
17.0	1.720333855781825
17.01	2.2906114470080388
17.02	1.819263203681016
17.03	3.038269206847677
17.04	2.725060717755842
17.05	3.014488046895147
17.06	3.5209788458639593
17.07	3.9407228696509793
17.08	4.665402115692855
17.09	4.959421032361468
17.1	5.319769376008246
17.11	5.369929432762883
17.12	5.7272114576292
17.13	6.734231949300597
17.14	7.36359911305949
17.15	7.405823732281903
17.16	8.213394650624767
17.17	7.991739872038661
17.18	8.889686656927346
17.19	9.211339846790837
17.2	10.114892254847957
17.21	10.511324426127155
17.22	10.963952963358405
17.23	11.519835479154295
17.24	12.190903840776084
17.25	12.556736670491134
17.26	12.957606205303085
17.27	13.24198873514872
17.28	14.16500960691056
17.29	13.741952159090767
17.3	14.129049652787282
17.31	14.743401653971926
17.32	15.20081397229112
17.33	15.437476071768849
17.34	15.295279003795205
17.35	15.265384507693582
17.36	15.96565308085056
17.37	16.428900351086618
17.38	16.413959624046665
17.39	16.423665480271133
17.4	16.697516874270406
17.41	16.662918312915963
17.42	16.969705910091125
17.43	16.94370576922515
17.44	17.078306604980728
17.45	17.100010140635003
17.46	16.959792068204983
17.47	17.26740147068382
17.48	16.820234804085523
17.49	16.863595017797483
17.5	16.84642216898705
17.51	17.07148895552289
17.52	16.672591444999046
17.53	16.10314835486346
17.54	16.35522810033786
17.55	15.631480695147975
17.56	15.684552492165626
17.57	15.24121078883407
17.58	15.231665651268798
17.59	15.157288214807847
17.6	14.662971520289666
17.61	14.20283658195989
17.62	14.078813508168826
17.63	13.923381099509037
17.64	12.935945441644897
17.65	12.634689460405538
17.66	12.491577990650585
17.67	12.057085452756805
17.68	11.933612040733527
17.69	11.46357378312614
17.7	10.38165663101651
17.71	10.026033928350898
17.72	9.81586492435769
17.73	9.89619974200043
17.74	9.291018765903162
17.75	8.198704973708873
17.76	7.927583272807557
17.77	7.688940604697583
17.78	7.544257243723238
17.79	6.697545421387724
17.8	6.592734753826207
17.81	6.135243117635254
17.82	6.01760192450861
17.83	5.192749254319648
17.84	5.143259169367331
17.85	4.290055185618693
17.86	4.4610562476064635
17.87	3.530879565165406
17.88	3.429333982634132
17.89	3.3799475258274043
17.9	2.717806072907356
17.91	2.935982586658704
17.92	2.2972465363276346
17.93	2.1704691782963472
17.94	2.283349997375031
17.95	1.897903176227982
17.96	2.0143428602271376
17.97	1.9146233882309858
17.98	1.979457548090806
17.99	0.6847703591263506
18.0	0.9478884476788585
18.01	1.0399259522081223
18.02	0.8769407786664113
18.03	1.208044428734764
18.04	1.0601179495474107
18.05	0.8905695273457432
18.06	0.7506333749890336
18.07	0.9637728257751514
18.08	0.9927235051848595
18.09	0.6264360352511931
18.1	1.1055334609778105
18.11	1.236676139145024
18.12	1.17381597871128
18.13	1.051568632462342
18.14	1.1692652365640845
18.15	1.2964039116747879
18.16	1.6678949807115553
18.17	2.1245159736113792
18.18	2.2128356241660248
18.19	2.5121420717439964
18.2	2.942934874896738
18.21	3.2042625628144874
18.22	3.1110433079288558
18.23	3.8985042788098077
18.24	3.9742519554145086
18.25	5.320323619070974
18.26	5.221742159804557
18.27	5.892821128548419
18.28	5.935158264908793
18.29	6.1461666705679265
18.3	7.2653307438675
18.31	7.748881516955694
18.32	7.938441906152786
18.33	8.158721966409239
18.34	8.72564955175203
18.35	9.070591118533788
18.36	9.642422719477423
18.37	10.388208172894645
18.38	10.822751846920363
18.39	11.464301372007828
18.4	11.772202993100807
18.41	12.609042502250599
18.42	12.249686448013275
18.43	13.235085374487605
18.44	12.778042072555737
18.45	13.571282294726602
18.46	13.95375824131938
18.47	14.149946730574996
18.48	14.488022311356142
18.49	14.696783416343623
18.5	15.016965566525801
18.51	15.759992320557062
18.52	15.554287843073018
18.53	15.489977059794326
18.54	15.514983151633764
18.55	15.975711579066585
18.56	16.046695136440963
18.57	16.291136784128323
18.58	16.373688379383395
18.59	16.36730523099484
18.6	15.970430293857858
18.61	16.116390535512124
18.62	16.002921032076426
18.63	16.075348059490512
18.64	15.878963224882574
18.65	16.219725711523274
18.66	15.626649635441225
18.67	15.972759544337205
18.68	15.566797708982788
18.69	15.297475597115646
18.7	14.878484223861415
18.71	15.145349556691801
18.72	15.034420759931361
18.73	14.474687436311886
18.74	14.065970454628776
18.75	13.860118750181655
18.76	14.034492168887263
18.77	13.124811900847122
18.78	13.0820434733868
18.79	12.643599546300837
18.8	12.081838617557631
18.81	11.605200626894979
18.82	11.318997725640589
18.83	10.76787572437497
18.84	10.38502452092356
18.85	9.457677063450237
18.86	9.802971617577962
18.87	9.296107685457251
18.88	8.29279835817471
18.89	8.267088329832
18.9	7.905222063187209
18.91	7.228923041589771
18.92	6.522633237317015
18.93	6.502681860195459
18.94	5.296038594368448
18.95	5.175819809122295
18.96	4.700685747488554
18.97	4.895009053698062
18.98	4.464005645498905
18.99	4.022617483916817
19.0	3.3335103543168265
19.01	2.9123899612619217
19.02	2.659232782514097
19.03	3.1409765371001743
19.04	2.53705634286362
19.05	1.945023379547442
19.06	1.752678594404481
19.07	1.744228455307965
19.08	1.3497987346365046
19.09	1.2793997638533026
19.1	1.0739019309406033
19.11	1.02951300952845
19.12	0.9337224009926182
19.13	0.4337381696328982
19.14	0.3494482053438548
19.15	0.23135730372637237
19.16	0.15120953489513597
19.17	-0.33749990400214475
19.18	0.277578411771288
19.19	0.13423019651051632
19.2	-0.1698128252703493
19.21	0.04973530773114561
19.22	0.3246383880489041
19.23	0.060627592103886005
19.24	0.1699963798129221
19.25	0.5308586567540876
19.26	0.450432968147809
19.27	1.2418281961487199
19.28	0.9367789027908786
19.29	0.8047734711173051
19.3	1.2077234355110793
19.31	2.2356731552831057
19.32	1.7484262426171149
19.33	2.235425200262171
19.34	2.860820342792859
19.35	2.8871102608190125
19.36	3.4649235295976655
19.37	3.7099961271822424
19.38	4.197405440815468
19.39	4.821384336141716
19.4	4.767250118813526
19.41	5.639027439949807
19.42	5.817005725241853
19.43	6.727752539086461
19.44	7.276045540047817
19.45	7.854180453692374
19.46	7.354733699387767
19.47	8.162935571527239
19.48	8.813856987520293
19.49	9.5428466366197
19.5	10.188934913628438
19.51	10.709056470181213
19.52	10.554428516934363
19.53	11.466908826473551
19.54	12.380865264964887
19.55	12.287281885488767
19.56	12.741782278929207
19.57	13.053326310143936
19.58	13.594387253768838
19.59	13.856282537228825
19.6	14.579145254466205
19.61	14.670341224355285
19.62	15.552087329019542
19.63	15.758629376052738
19.64	15.949057220360785
19.65	15.987321318824428
19.66	16.196074675511834
19.67	16.565230647029985
19.68	16.681208166347393
19.69	16.99238037128736
19.7	17.62010323856764
19.71	17.72214242179922
19.72	17.615246775712873
19.73	17.727279591412827
19.74	17.59651998589536
19.75	17.921470901072517
19.76	18.041306270117317
19.77	18.0054735872784
19.78	18.088337009687372
19.79	17.745027917844755
19.8	17.74821644026017
19.81	17.96262216273659
19.82	17.578340365743482
19.83	17.6982405081465
19.84	17.678120135273637
19.85	17.669863607715715
19.86	17.37456277745746
19.87	17.654888335312844
19.88	16.444912618080483
19.89	16.350658677109305
19.9	16.55807882249356
19.91	15.624458513193781
19.92	15.683672129731518
19.93	14.958899209231106
19.94	14.94032187660458
19.95	14.473754938988602
19.96	14.12985309264466
19.97	13.5355105677091
19.98	12.865506231135972
19.99	12.73429495498226
20.0	12.203020052029151
