1.968503937	-97.06506239647175
1.970472441	-81.21982883972726
1.972440945	-72.12636220963462
1.974409449	-85.58202414841803
1.976377953	-106.91095324330607
1.978346457	-110.05222262107628
1.980314961	-91.59707414279704
1.982283465	-73.32453660249189
1.984251969	-75.09700804226465
1.986220472	-87.66650960050704
1.988188976	-89.59002447527217
1.99015748	-73.9910036869104
1.992125984	-54.58960970100586
1.994094488	-51.218098020856544
1.996062992	-64.95786726706184
1.998031496	-79.17226709085828
2.0	-77.33550932016823
2.001968504	-64.46611826988492
2.003937008	-61.45881049545543
2.005905512	-72.52606048620797
2.007874016	-89.03867112420899
2.00984252	-91.75563221464678
2.011811024	-78.83774656858462
2.013779528	-65.50425334053826
2.015748031	-63.90686440076099
2.017716535	-71.09712309988285
2.019685039	-74.51599496978257
2.021653543	-74.95501578130231
2.023622047	-83.5549352122036
2.025590551	-99.02212666094604
2.027559055	-110.12295785576059
2.029527559	-101.03483492136193
2.031496063	-81.36967555810065
2.033464567	-75.02119066814272
2.035433071	-93.7356405995285
2.037401575	-117.11314820991383
2.039370079	-117.11973779302886
2.041338583	-94.6506251365201
2.043307087	-73.81148467253905
2.045275591	-75.0752501124635
2.047244094	-98.56947628583252
2.049212598	-113.71021780659252
2.051181102	-106.09043200672065
2.053149606	-85.22570304065782
2.05511811	-78.90026613796327
2.057086614	-89.57724438745913
2.059055118	-103.28117858485263
2.061023622	-106.09037436026665
2.062992126	-100.7456097839428
2.06496063	-95.14601875260902
2.066929134	-95.36628473866332
2.068897638	-97.37365642245024
2.070866142	-97.36559723807784
2.072834646	-101.34676609421554
2.07480315	-109.28927217708076
2.076771654	-113.29130292418427
2.078740157	-100.50061485244987
2.080708661	-75.93670107652547
2.082677165	-63.3456117525142
2.084645669	-78.75607402944006
2.086614173	-106.33777452623936
2.088582677	-112.26646799218973
2.090551181	-93.34674158071748
2.092519685	-73.35927152562373
2.094488189	-84.3400485728624
2.096456693	-120.92168929154433
2.098425197	-146.49269126010554
2.100393701	-143.67499902524787
2.102362205	-122.65050076668773
2.104330709	-112.11592725212941
2.106299213	-115.68688714985164
2.108267717	-119.92338698413728
2.11023622	-109.1732785246286
2.112204724	-90.30403013433914
2.114173228	-84.79419493686733
2.116141732	-95.50557985688364
2.118110236	-109.89908264297735
2.12007874	-116.90606403549121
2.122047244	-116.48995050188661
2.124015748	-110.1917822363732
2.125984252	-104.38998725995958
2.127952756	-103.22424497702238
2.12992126	-113.18418375041423
2.131889764	-129.24302921314313
2.133858268	-137.7051352115293
2.135826772	-125.35522752802038
2.137795276	-103.53982484661343
2.13976378	-94.23566719037483
2.141732283	-108.53746617444995
2.143700787	-134.38216019319128
2.145669291	-142.3289390276538
2.147637795	-125.72319744805372
2.149606299	-98.50408106772525
2.151574803	-89.57037628629466
2.153543307	-103.57193312462705
2.155511811	-115.7246822278002
2.157480315	-106.65004618152626
2.159448819	-76.16608857760562
2.161417323	-55.24660463030034
2.163385827	-65.34872122837471
2.165354331	-99.73320122072786
2.167322835	-124.60217400055168
2.169291339	-122.51249738861897
2.171259843	-100.32532605534425
2.173228346	-87.72228283985785
2.17519685	-104.35987043688502
2.177165354	-135.5764168001734
2.179133858	-155.23921427262195
2.181102362	-148.25385114365508
2.183070866	-128.38378024207032
2.18503937	-120.12374254690997
2.187007874	-131.0181055919629
2.188976378	-142.4861040532993
2.190944882	-132.2755267121828
2.192913386	-104.23361116420894
2.19488189	-78.66920605852836
2.196850394	-79.3053947268333
2.198818898	-99.3270455725362
2.200787402	-113.24646015990386
2.202755906	-110.44483388161535
2.204724409	-102.37128571949233
2.206692913	-109.1008339412146
2.208661417	-133.08101171659092
2.210629921	-153.68039127400644
2.212598425	-155.76310944325462
2.214566929	-139.19762467255174
2.216535433	-123.18555366199335
2.218503937	-126.16268727693806
2.220472441	-142.38141758462464
2.222440945	-153.8357276727125
2.224409449	-144.8393427145771
2.226377953	-129.42407207677758
2.228346457	-123.7000737846234
2.230314961	-132.89918685220238
2.232283465	-139.83426747334443
2.234251969	-134.9268824217973
2.236220472	-119.5289776785049
2.238188976	-108.52204079343944
2.24015748	-109.24844561463942
2.242125984	-116.69046959819755
2.244094488	-123.09377213572131
2.246062992	-124.988200898272
2.248031496	-128.72081843711476
2.25	-135.85330572075003
2.251968504	-138.45003733241603
2.253937008	-133.31490013163602
2.255905512	-127.45805577906007
2.257874016	-127.93524597911664
2.25984252	-131.63325933754712
2.261811024	-135.25426036373446
2.263779528	-138.2608495992385
2.265748031	-134.99749219741727
2.267716535	-131.65576245557637
2.269685039	-130.56242367514477
2.271653543	-136.91412545306594
2.273622047	-149.08252135877066
2.275590551	-159.36984428633815
2.277559055	-153.61932548972487
2.279527559	-131.39450991712908
2.281496063	-112.37090029778707
2.283464567	-116.18934548816432
2.285433071	-135.86048932386294
2.287401575	-146.64147612320107
2.289370079	-132.5363254533825
2.291338583	-110.57908550660447
2.293307087	-105.71416239600978
2.295275591	-125.45974474865508
2.297244094	-153.23137656728298
2.299212598	-168.4474829980973
2.301181102	-163.00423190965947
2.303149606	-151.2950142287386
2.30511811	-142.86186281876596
2.307086614	-145.04385203291022
2.309055118	-152.74694798550757
2.311023622	-153.77646564605004
2.312992126	-137.99240491245772
2.31496063	-114.54950779129258
2.316929134	-103.32273265716084
2.318897638	-115.17287701760696
2.320866142	-137.73040677312602
2.322834646	-147.9822970445392
2.32480315	-146.36777233101844
2.326771654	-149.78093832170163
2.328740157	-163.5842993133504
2.330708661	-178.68815037472743
2.332677165	-170.04273154319054
2.334645669	-147.697441799783
2.336614173	-137.5838284908842
2.338582677	-156.47376950882762
2.340551181	-181.2372163965953
2.342519685	-172.13533897593769
2.344488189	-135.2759408359285
2.346456693	-113.15853976598719
2.348425197	-135.57000170744757
2.350393701	-187.0539769515695
2.352362205	-210.11812399670245
2.354330709	-183.46709615336624
2.356299213	-143.00459775339826
2.358267717	-136.72807353137145
2.36023622	-175.39398459167344
2.362204724	-214.26255126641664
2.364173228	-215.4624205455026
2.366141732	-184.93872056695838
2.368110236	-162.27377004859113
2.37007874	-168.97531009684408
2.372047244	-189.69562799738534
2.374015748	-205.37506189664362
2.375984252	-212.36646052833456
2.377952756	-217.39182403149937
2.37992126	-218.59312164087868
2.381889764	-209.82404854353064
2.383858268	-188.86322087697954
2.385826772	-175.9733366081444
2.387795276	-182.45204384338362
2.38976378	-198.98730398570626
2.391732283	-205.26151356672415
2.393700787	-191.83200087730972
2.395669291	-180.07691061096787
2.397637795	-181.20823040876925
2.399606299	-188.93778577717424
2.401574803	-185.1561557663388
2.403543307	-164.68037412506195
2.405511811	-143.8652209814002
2.407480315	-136.7839856901728
2.409448819	-138.79918945345815
2.411417323	-139.13504677926662
2.413385827	-125.22240445718788
2.415354331	-101.97142452440255
2.417322835	-89.21287751975392
2.419291339	-99.04047917196543
2.421259843	-127.42074121864144
2.423228346	-154.5578801015013
2.42519685	-150.0843963342312
2.427165354	-117.1215774999003
2.429133858	-78.69737449681668
2.431102362	-75.22392204512305
2.433070866	-106.81570161663244
2.43503937	-135.59819604028002
2.437007874	-125.79310929187702
2.438976378	-88.64411157688643
2.440944882	-68.40103402610822
2.442913386	-91.37990914067169
2.44488189	-141.44901218490003
2.446850394	-173.6846712455394
2.448818898	-169.2313294142667
2.450787402	-143.39916035711374
2.452755906	-124.3919116626782
2.454724409	-126.42406877534638
2.456692913	-136.1591456807304
2.458661417	-141.40905537840726
2.460629921	-129.921670169355
2.462598425	-110.03169257700773
2.464566929	-101.89611002390915
2.466535433	-119.9218268814968
2.468503937	-156.65975111914818
2.470472441	-192.45838214081382
2.472440945	-217.9268691329748
2.474409449	-250.20186183173362
2.476377953	-315.04458321835347
2.478346457	-404.34031328530347
2.480314961	-483.03959043814973
2.482283465	-524.4227906878161
2.484251969	-543.7399171476336
2.486220472	-578.5156115182981
2.488188976	-633.7674364379386
2.49015748	-674.5940511490226
2.492125984	-663.3798326487938
2.494094488	-607.289419414927
2.496062992	-547.5871101893391
2.498031496	-506.68871161975306
2.5	-469.52797334442226
2.501968504	-402.93104141088435
2.503937008	-304.52912007530364
2.505905512	-202.746460087922
2.507874016	-126.89163052346626
2.50984252	-76.84628255704908
2.511811024	-47.988517747732644
2.513779528	-24.864853988254204
2.515748031	-11.979458635656808
2.517716535	-12.183895641028897
2.519685039	-20.62991371886983
2.521653543	-40.37700230110149
2.523622047	-61.47998195181081
2.525590551	-74.02235989707233
2.527559055	-75.26997371204948
2.529527559	-65.77086208584178
2.531496063	-57.55316286284068
2.533464567	-63.36916028103717
2.535433071	-71.61416032743503
2.537401575	-61.96479369654984
2.539370079	-37.0579979480145
2.541338583	-20.93752112992928
2.543307087	-31.7684959984531
2.545275591	-58.926473852993816
2.547244094	-67.92408667659767
2.549212598	-48.24784984608476
2.551181102	-20.30787724574401
2.553149606	-16.083326154429997
2.55511811	-38.45583877380364
2.557086614	-60.4483399934447
2.559055118	-54.901342367747475
2.561023622	-26.709736293977958
2.562992126	-9.28068789122737
2.56496063	-21.777192522024205
2.566929134	-54.61475709418462
2.568897638	-76.86150211157893
2.570866142	-73.55888112777589
2.572834646	-59.18712088605366
2.57480315	-57.13051442745567
2.576771654	-72.16557531861504
2.578740157	-83.99143231845721
2.580708661	-73.30320739709721
2.582677165	-47.24906855290467
2.584645669	-30.693694797545874
2.586614173	-38.09194379429537
2.588582677	-56.26997567677665
2.590551181	-66.13255126349749
2.592519685	-62.32603999772876
2.594488189	-56.342180235752444
2.596456693	-57.198236017614306
2.598425197	-67.82303425664925
2.600393701	-80.59712393823456
2.602362205	-93.73198765029456
2.604330709	-100.93074329549655
2.606299213	-104.07874536117362
2.608267717	-100.4016299403397
2.61023622	-98.72288199696298
2.612204724	-104.06792082396943
2.614173228	-109.30592041707847
2.616141732	-99.79475941452262
2.618110236	-79.54950254999798
2.62007874	-70.11540538380542
2.622047244	-90.50103715420421
2.624015748	-127.90939747255992
2.625984252	-143.49723963089644
2.627952756	-118.7535266490263
2.62992126	-80.17013389851378
2.631889764	-71.63885990506233
2.633858268	-107.5211529530473
2.635826772	-156.90620467346437
2.637795276	-173.38533544955246
2.63976378	-152.26529973341826
2.641732283	-115.37568241824275
2.643700787	-98.88264659973979
2.645669291	-114.57282159293811
2.647637795	-144.90091306777003
2.649606299	-170.3261723626856
2.651574803	-173.82421197673813
2.653543307	-155.27032308878404
2.655511811	-129.3749837410285
2.657480315	-120.43956714930522
2.659448819	-131.94699595109552
2.661417323	-156.04552912090844
2.663385827	-169.95277556990328
2.665354331	-166.78433308797895
2.667322835	-154.2630037316596
2.669291339	-146.22357071190703
2.671259843	-148.54745187185546
2.673228346	-160.06172884435415
2.67519685	-171.07084617958046
2.677165354	-176.29136030493012
2.679133858	-179.42657587120556
2.681102362	-186.72266386707042
2.683070866	-201.41252381393215
2.68503937	-220.38468662361095
2.687007874	-228.83225508619086
2.688976378	-218.8401015262575
2.690944882	-194.97614698618577
2.692913386	-179.26204393930473
2.69488189	-184.7857853006187
2.696850394	-205.15628599084135
2.698818898	-214.8226651856137
2.700787402	-199.29523843905793
2.702755906	-175.14724068675773
2.704724409	-171.19949376882116
2.706692913	-198.07502293472467
2.708661417	-235.07972195450805
2.710629921	-259.46662176283684
2.712598425	-263.85366616059395
2.714566929	-264.8300711025767
2.716535433	-269.0959423042604
2.718503937	-268.6929747733288
2.720472441	-252.13228968640007
2.722440945	-231.15165987603095
2.724409449	-221.70224983562372
2.726377953	-232.80513426702638
2.728346457	-245.72653435880937
2.730314961	-244.9130552860278
2.732283465	-232.4505690812125
2.734251969	-225.14631334465406
2.736220472	-234.34636585206113
2.738188976	-254.02794088389507
2.74015748	-270.821781846022
2.742125984	-276.43940978604417
2.744094488	-271.58599401621075
2.746062992	-260.15833071707476
2.748031496	-251.1752634544389
2.75	-243.29356882513162
2.751968504	-240.09782130694538
2.753937008	-241.06927085768146
2.755905512	-242.14521652006496
2.757874016	-239.9849408226511
2.75984252	-234.05668811807294
2.761811024	-229.3213137207677
2.763779528	-228.91872433397984
2.765748031	-232.2874393311237
2.767716535	-226.85461751180293
2.769685039	-216.66163209273483
2.771653543	-203.84069534229965
2.773622047	-195.6419336280991
2.775590551	-196.55623368592308
2.777559055	-195.66187945953206
2.779527559	-181.24763899436934
2.781496063	-155.17435059151958
2.783464567	-135.45274206357422
2.785433071	-134.6792214654664
2.787401575	-152.18677486908672
2.789370079	-163.4901333281505
2.791338583	-147.27482252104411
2.793307087	-110.32621347352998
2.795275591	-80.69657636847334
2.797244094	-78.92005993496426
2.799212598	-97.12228535953001
2.801181102	-104.3073016849485
2.803149606	-87.47000626438458
2.80511811	-60.95065719569114
2.807086614	-51.288510654576754
2.809055118	-65.31735280199727
2.811023622	-82.60524916943123
2.812992126	-78.93343272558162
2.81496063	-55.0012530064283
2.816929134	-40.822467953551445
2.818897638	-55.27917932218795
2.820866142	-88.6708938899695
2.822834646	-110.12397042381524
2.82480315	-101.31197147794023
2.826771654	-75.3813679048526
2.828740157	-60.5008797259649
2.830708661	-71.27329675820661
2.832677165	-95.39092208919526
2.834645669	-107.61100651966824
2.836614173	-96.1684829084599
2.838582677	-70.83832177990728
2.840551181	-55.51810290592018
2.842519685	-60.067808495870274
2.844488189	-75.81608561712754
2.846456693	-86.99093474910343
2.848425197	-88.74469178714087
2.850393701	-85.44810493755818
2.852362205	-82.53601452873923
2.854330709	-83.16623832902809
2.856299213	-81.17726394028924
2.858267717	-74.3378547796641
2.86023622	-70.39417101658451
2.862204724	-70.26625056935535
2.864173228	-76.12228933666805
2.866141732	-83.78842965522051
2.868110236	-90.90791815699792
2.87007874	-96.080996785907
2.872047244	-98.3694715778921
2.874015748	-96.45267149649621
2.875984252	-98.47806899476545
2.877952756	-111.03134207400402
2.87992126	-126.70315028057803
2.881889764	-137.49532876108017
2.883858268	-128.09792792775082
2.885826772	-106.14804178830437
2.887795276	-89.12679747462465
2.88976378	-87.00447374567653
2.891732283	-97.31342096866156
2.893700787	-103.33254116697354
2.895669291	-101.67714356082962
2.897637795	-97.10386683159271
2.899606299	-99.7030918338372
2.901574803	-113.84669107341314
2.903543307	-126.9611875281975
2.905511811	-136.93100936853745
2.907480315	-136.21068967302364
2.909448819	-127.78800262554051
2.911417323	-116.81014779395231
2.913385827	-112.00055190353702
2.915354331	-121.28908156308513
2.917322835	-137.79809533972002
2.919291339	-143.28428736792668
2.921259843	-126.77203202933208
2.923228346	-103.79373704769547
2.92519685	-100.73675937620135
2.927165354	-118.69066475926631
2.929133858	-138.2626703044
2.931102362	-132.86095555579726
2.933070866	-109.57254664387132
2.93503937	-89.44408437273103
2.937007874	-91.53370198304852
2.938976378	-102.42355738874805
2.940944882	-106.89499385058362
2.942913386	-107.32875867912641
2.94488189	-118.20867664951543
2.946850394	-133.72658891750015
2.948818898	-134.79765361785746
2.950787402	-114.03344018484175
2.952755906	-96.08135832067205
2.954724409	-105.90565082179052
2.956692913	-136.2795957580419
2.958661417	-154.34758420159704
2.960629921	-136.60147678670072
2.962598425	-104.2083110127289
2.964566929	-92.99090445800825
2.966535433	-109.11462842050666
2.968503937	-125.36174605999956
2.970472441	-123.23148053935019
2.972440945	-114.10338705649423
2.974409449	-111.45023678989
2.976377953	-113.21999122104728
2.978346457	-102.1972973046209
2.980314961	-84.13917882828004
2.982283465	-85.8282442417626
2.984251969	-116.91232047198696
2.986220472	-155.49796018266684
2.988188976	-163.33311782688943
2.99015748	-138.46284581019674
2.992125984	-113.56241292319724
2.994094488	-120.57238904569626
2.996062992	-147.6476995174316
2.998031496	-159.90682485866253
3.0	-138.1960039532879
3.001968504	-103.63521361774684
3.003937008	-86.49654991056133
3.005905512	-94.1015937341005
3.007874016	-111.5645330123138
3.00984252	-118.85730569589468
3.011811024	-117.85888558304296
3.013779528	-116.75216906309934
3.015748031	-119.14138866914271
3.017716535	-119.95443074759345
3.019685039	-117.95924254587584
3.021653543	-116.00359558450188
3.023622047	-116.44027875305575
3.025590551	-120.21630215990379
3.027559055	-124.11136043131852
3.029527559	-124.23568830765338
3.031496063	-122.05505975985649
3.033464567	-118.81757895352409
3.035433071	-118.42481826872856
3.037401575	-121.51652609133158
3.039370079	-123.76739121143842
3.041338583	-123.01103641799995
3.043307087	-115.84026321144005
3.045275591	-107.90431842545328
3.047244094	-106.15633935285813
3.049212598	-106.28743543285073
3.051181102	-105.86066462660911
3.053149606	-103.01181278744113
3.05511811	-106.47217816004513
3.057086614	-119.02643532808123
3.059055118	-135.26913559735107
3.061023622	-137.6755761445523
3.062992126	-123.81088647924122
3.06496063	-112.51029700060063
3.066929134	-118.00188652232633
3.068897638	-135.23629391331335
3.070866142	-141.16351996893718
3.072834646	-126.09325577502321
3.07480315	-106.56620086056702
3.076771654	-107.13014409333721
3.078740157	-128.03522876199813
3.080708661	-152.7548568946541
3.082677165	-156.44833576945575
3.084645669	-144.48025135774927
3.086614173	-130.99997525066146
3.088582677	-123.68965610906648
3.090551181	-114.2269556967396
3.092519685	-108.00440955672063
3.094488189	-111.41636736749628
3.096456693	-127.2711271847272
3.098425197	-136.74517904070854
3.100393701	-126.98704995055935
3.102362205	-108.02499037466788
3.104330709	-105.53493740891696
3.106299213	-137.77021653519276
3.108267717	-175.8282953170774
3.11023622	-185.03703722292056
3.112204724	-157.52043902399
3.114173228	-119.9325657438211
3.116141732	-108.13852014962126
3.118110236	-120.44104170510941
3.12007874	-135.0232731853447
3.122047244	-132.98011912278307
3.124015748	-126.20818332430818
3.125984252	-130.95070942816403
3.127952756	-149.89347517403021
3.12992126	-172.21226791009985
3.131889764	-182.15683551782732
3.133858268	-184.03377829252386
3.135826772	-186.53345972944598
3.137795276	-195.94295384944775
3.13976378	-205.20431538199261
3.141732283	-200.76283014076677
3.143700787	-180.96556972179224
3.145669291	-158.2240247186682
3.147637795	-151.92329216617154
3.149606299	-168.66293287263454
3.151574803	-191.454786139939
3.153543307	-195.20766851181483
3.155511811	-177.19229568966426
3.157480315	-158.88670321259988
3.159448819	-160.9987733578476
3.161417323	-180.94392972775515
3.163385827	-187.93698632383249
3.165354331	-165.92362660025435
3.167322835	-132.0206879559731
3.169291339	-118.35079641450918
3.171259843	-130.75016181159543
3.173228346	-144.91035302794515
3.17519685	-135.89679958860472
3.177165354	-105.99290122002668
3.179133858	-83.85567150398666
3.181102362	-85.09755142242187
3.183070866	-98.27126325932313
3.18503937	-102.46903794468844
3.187007874	-89.79562301516309
3.188976378	-75.57306995995911
3.190944882	-75.02817375947461
3.192913386	-85.82443086657003
3.19488189	-95.54145848366103
3.196850394	-93.0761542577681
3.198818898	-91.88664090713176
3.200787402	-100.74947744818655
3.202755906	-120.72281383309404
3.204724409	-131.57729965823208
3.206692913	-120.3412263448723
3.208661417	-93.6275141777403
3.210629921	-83.49872876588404
3.212598425	-101.67485828016484
3.214566929	-127.25356285503996
3.216535433	-130.86794237774367
3.218503937	-109.09937854328402
3.220472441	-89.37436259783023
3.222440945	-100.63875989706527
3.224409449	-132.51186094760843
3.226377953	-152.26721046473983
3.228346457	-142.91043677857255
3.230314961	-125.02391468383216
3.232283465	-131.0693501753273
3.234251969	-167.53629975549606
3.236220472	-214.83403015106745
3.238188976	-256.34886765781476
3.24015748	-294.79557548797766
3.242125984	-342.8324231512557
3.244094488	-406.8713868552015
3.246062992	-477.65725724305594
3.248031496	-536.3312105627195
3.25	-575.7979266466899
3.251968504	-594.7253820233358
3.253937008	-599.4780513761089
3.255905512	-592.9725354588052
3.257874016	-570.5747367710394
3.25984252	-527.8965194222471
3.261811024	-464.0816842057287
3.263779528	-387.711349210429
3.265748031	-306.0858995989777
3.267716535	-229.10426604550713
3.269685039	-158.30556524037542
3.271653543	-95.21187179068583
3.273622047	-43.127322128851425
3.275590551	-10.71369424927103
3.277559055	0.9086068728264094
3.279527559	-4.372874887489443
3.281496063	-9.830296905766765
3.283464567	-19.63516094662568
3.285433071	-38.39634902676322
3.287401575	-69.08609599731956
3.289370079	-94.50520809220907
3.291338583	-94.80521178927894
3.293307087	-72.56028671191633
3.295275591	-58.654251053518735
3.297244094	-69.09474040731806
3.299212598	-88.962767261932
3.301181102	-84.87702369973707
3.303149606	-50.92047966515263
3.30511811	-19.712785084660496
3.307086614	-22.352480081286437
3.309055118	-51.37910230187014
3.311023622	-72.78274322495773
3.312992126	-69.95669484764453
3.31496063	-58.01640488662208
3.316929134	-56.27925849159566
3.318897638	-61.883334948603725
3.320866142	-59.94106951749872
3.322834646	-53.880839117174546
3.32480315	-57.26734488684681
3.326771654	-78.40092401581073
3.328740157	-96.9558045842502
3.330708661	-93.81728599268509
3.332677165	-77.23748705832774
3.334645669	-72.31145951969728
3.336614173	-90.17593113332627
3.338582677	-111.93926138784795
3.340551181	-116.99472077931401
3.342519685	-98.10520076982138
3.344488189	-73.39361935383921
3.346456693	-64.17004423793816
3.348425197	-71.74313823685532
3.350393701	-88.94566082115013
3.352362205	-103.37514235490015
3.354330709	-105.11581899287837
3.356299213	-91.71638355368407
3.358267717	-76.09744935761326
3.36023622	-80.73231320987821
3.362204724	-104.74342267157313
3.364173228	-131.68659817677664
3.366141732	-134.97721539556895
3.368110236	-111.56170336390964
3.37007874	-89.81444900486572
3.372047244	-96.45186185386979
3.374015748	-125.12098872235275
3.375984252	-142.08716670219533
3.377952756	-128.54036805583067
3.37992126	-104.63428555638761
3.381889764	-97.79953611039937
3.383858268	-114.74266764855327
3.385826772	-137.85272371811214
3.387795276	-144.05789245209476
3.38976378	-133.78233849587258
3.391732283	-125.47810427833105
3.393700787	-125.9618981553325
3.395669291	-129.63667406488236
3.397637795	-131.79495181378167
3.399606299	-134.07665785676696
3.401574803	-144.070402035431
3.403543307	-155.4813697517122
3.405511811	-157.46296519550228
3.407480315	-155.56004722942504
3.409448819	-158.64670901676806
3.411417323	-166.58122628610894
3.413385827	-168.908723111514
3.415354331	-160.28447729561097
3.417322835	-156.64309744990962
3.419291339	-166.70826322453024
3.421259843	-187.26266806328263
3.423228346	-191.21247634319815
3.42519685	-171.3018493624292
3.427165354	-156.0037988231705
3.429133858	-170.54274303805033
3.431102362	-205.99509098964964
3.433070866	-228.1912105570486
3.43503937	-211.9747068921529
3.437007874	-177.5688284470959
3.438976378	-164.5098501623239
3.440944882	-181.23144222406336
3.442913386	-209.45868686975155
3.44488189	-219.45900607576627
3.446850394	-212.4353415946833
3.448818898	-206.58071102397713
3.450787402	-207.0823681239141
3.452755906	-210.47059243991646
3.454724409	-210.47336519494797
3.456692913	-211.33882650039297
3.458661417	-223.6452047948864
3.460629921	-238.88030980875808
3.462598425	-243.3151038245135
3.464566929	-231.53969502476517
3.466535433	-220.1578557004521
3.468503937	-227.78173885728677
3.470472441	-246.58236015327753
3.472440945	-260.78237924593697
3.474409449	-255.58861815891214
3.476377953	-240.57646154779115
3.478346457	-234.03512929296465
3.480314961	-241.99943139054707
3.482283465	-252.31584726146554
3.484251969	-254.3300099156491
3.486220472	-246.82068000077507
3.488188976	-241.21769919624037
3.49015748	-245.33479655702675
3.492125984	-255.28746165107285
3.494094488	-261.46250282370437
3.496062992	-261.42038656783217
3.498031496	-255.43867815754314
3.5	-252.35374472309388
3.501968504	-254.17116334905222
3.503937008	-262.1558817203043
3.505905512	-269.79718952548944
3.507874016	-270.9834830035341
3.50984252	-263.4748985935622
3.511811024	-250.98376835420984
3.513779528	-240.7584558578263
3.515748031	-238.83179908742989
3.517716535	-244.54168657545884
3.519685039	-248.87757011855032
3.521653543	-244.50535903659673
3.523622047	-231.95462374907848
3.525590551	-222.76079470197996
3.527559055	-224.29354760067827
3.529527559	-229.77471134131835
3.531496063	-229.70472881786537
3.533464567	-218.36375892577183
3.535433071	-197.34550546031622
3.537401575	-177.64363560422976
3.539370079	-165.3856190697403
3.541338583	-162.30493616691476
3.543307087	-155.55336174092508
3.545275591	-142.0396043707276
3.547244094	-123.45863072841496
3.549212598	-110.16808585830081
3.551181102	-109.41402672778396
3.553149606	-113.59083419614237
3.55511811	-112.98677728426162
3.557086614	-104.16363763535213
3.559055118	-98.67769498974769
3.561023622	-102.49056699974933
3.562992126	-103.35093138682716
3.56496063	-95.93311771993633
3.566929134	-78.09838749033504
3.568897638	-62.8391357585047
3.570866142	-59.47431779098085
3.572834646	-59.616411215143266
3.57480315	-60.144248367016495
3.576771654	-52.16671962709306
3.578740157	-43.36704810190718
3.580708661	-37.15416553725701
3.582677165	-40.399853425888125
3.584645669	-49.06989639553431
3.586614173	-60.22580603404827
3.588582677	-60.79954608667976
3.590551181	-47.62420811242852
3.592519685	-30.725680368051865
3.594488189	-25.912279304245427
3.596456693	-43.48686045903833
3.598425197	-66.53916233663969
3.600393701	-74.27523025262484
3.602362205	-62.96695823696415
3.604330709	-48.98421745066963
3.606299213	-56.54570117124277
3.608267717	-83.945119074744
3.61023622	-108.11831981469449
3.612204724	-108.47929697437222
3.614173228	-85.56622408372913
3.616141732	-64.82463626823142
3.618110236	-62.241599228474996
3.62007874	-73.249159489632
3.622047244	-76.5384244349081
3.624015748	-63.216046517287026
3.625984252	-45.49503610240022
3.627952756	-45.685742836997996
3.62992126	-61.140374431124705
3.631889764	-80.90811590116017
3.633858268	-84.02356087398886
3.635826772	-78.85848871531218
3.637795276	-82.66530757177387
3.63976378	-102.65914107656732
3.641732283	-121.24889070401514
3.643700787	-121.67213638333872
3.645669291	-101.72636733009992
3.647637795	-81.60629475203916
3.649606299	-80.23255365554029
3.651574803	-93.28359361169683
3.653543307	-100.38419884539796
3.655511811	-93.35281645981101
3.657480315	-84.79052385827495
3.659448819	-91.10693695021897
3.661417323	-110.45944427582255
3.663385827	-125.7617077612504
3.665354331	-118.40204025949731
3.667322835	-98.96354118591493
3.669291339	-94.71477531277392
3.671259843	-114.13090338763843
3.673228346	-137.4723417557989
3.67519685	-134.19613187084298
3.677165354	-105.09068188619824
3.679133858	-79.5634731997175
3.681102362	-84.7493035205862
3.683070866	-117.368616390563
3.68503937	-144.03809219072912
3.687007874	-145.2854223596716
3.688976378	-128.38842260787294
3.690944882	-115.36721321024018
3.692913386	-113.40760697689876
3.69488189	-117.50882953053146
3.696850394	-122.36018244584714
3.698818898	-124.66859461710776
3.700787402	-125.15260800809695
3.702755906	-115.06756161600681
3.704724409	-99.24205782037943
3.706692913	-88.98901986031801
3.708661417	-102.07999338688978
3.710629921	-128.9766594957112
3.712598425	-147.4950034557844
3.714566929	-139.68844494194502
3.716535433	-114.55389451700826
3.718503937	-99.53134784396357
3.720472441	-105.72560251356076
3.722440945	-123.98792605315766
3.724409449	-130.71551770911026
3.726377953	-125.08052036725365
3.728346457	-120.60192335029882
3.730314961	-122.50774120287414
3.732283465	-130.31862728051735
3.734251969	-130.36230133241662
3.736220472	-127.69480939121739
3.738188976	-131.3672479024437
3.74015748	-140.63229311342238
3.742125984	-137.09853603212125
3.744094488	-119.08088018688863
3.746062992	-100.63736270169497
3.748031496	-100.90362999961798
3.75	-116.91835509579575
3.751968504	-129.24435084035008
3.753937008	-123.40300451959301
3.755905512	-112.56264415788442
3.757874016	-112.28756839479362
3.75984252	-127.59190291117365
3.761811024	-137.7475629508065
3.763779528	-130.07772042353523
3.765748031	-116.70311823601901
3.767716535	-115.63605219282267
3.769685039	-122.67889875533336
3.771653543	-123.63608087696365
3.773622047	-110.47484333874311
3.775590551	-97.85688158877281
3.777559055	-98.34893780452371
3.779527559	-106.17474307131133
3.781496063	-105.56647569415529
3.783464567	-96.59577870698071
3.785433071	-95.93748131063988
3.787401575	-111.8501688964897
3.789370079	-128.32461108533943
3.791338583	-130.6847542954677
3.793307087	-112.04600160104567
3.795275591	-98.40654961059538
3.797244094	-103.94909862413925
3.799212598	-119.39133729919867
3.801181102	-125.20010773620972
3.803149606	-116.17808213496917
3.80511811	-99.78419569162176
3.807086614	-94.4903253066274
3.809055118	-98.28990446037774
3.811023622	-106.17106996040015
3.812992126	-111.49052691422092
3.81496063	-113.90471974704721
3.816929134	-118.29100208677956
3.818897638	-123.55225633106595
3.820866142	-128.10134820132356
3.822834646	-126.0528197875435
3.82480315	-122.04557513734645
3.826771654	-118.49127350024939
3.828740157	-118.23074486005984
3.830708661	-119.26088336532304
3.832677165	-121.52655233216394
3.834645669	-125.66529786592372
3.836614173	-128.63166117693982
3.838582677	-133.210979145612
3.840551181	-134.98350673254458
3.842519685	-139.9123363463683
3.844488189	-157.7135450846807
3.846456693	-179.07475780541694
3.848425197	-192.4454802047273
3.850393701	-185.73139368976862
3.852362205	-162.78381412236152
3.854330709	-139.2166247676849
3.856299213	-128.00747224622933
3.858267717	-126.92039569087817
3.86023622	-134.02106794013017
3.862204724	-139.41169291737523
3.864173228	-141.6823549032644
3.866141732	-137.57462300458232
3.868110236	-135.97461142992674
3.87007874	-142.50126178605584
3.872047244	-159.37471927782266
3.874015748	-174.5521948066521
3.875984252	-183.87299132318225
3.877952756	-187.22133850836832
3.87992126	-192.6218468480647
3.881889764	-202.33400351512844
3.883858268	-204.82923174922763
3.885826772	-196.52152556577374
3.887795276	-186.95355487818395
3.88976378	-189.30584586933753
3.891732283	-204.40909693940714
3.893700787	-208.03807927868604
3.895669291	-189.72234338880872
3.897637795	-163.81340246543144
3.899606299	-153.71895927729207
3.901574803	-162.88360559717427
3.903543307	-172.97169988603625
3.905511811	-166.66391362576348
3.907480315	-144.63901046902183
3.909448819	-123.52761411686363
3.911417323	-113.38141022684471
3.913385827	-115.42662638655192
3.915354331	-116.14977093663337
3.917322835	-111.38366914044187
3.919291339	-99.6559243048694
3.921259843	-88.54789450430025
3.923228346	-88.74941255453413
3.92519685	-103.75362503564163
3.927165354	-119.35346043987892
3.929133858	-120.00482254239094
3.931102362	-102.68090492526663
3.933070866	-87.00473644724397
3.93503937	-93.50152509235527
