10.01	4.920578929911494
10.02	5.009062476743625
10.03	5.068312434719173
10.04	4.507849571422302
10.05	3.7256788105185916
10.06	4.0576168609266805
10.07	3.6617032748155776
10.08	3.7338647676962506
10.09	3.371854940292724
10.1	3.0509859084993445
10.11	2.788746907914178
10.12	2.2171967248055053
10.13	2.4299089330307178
10.14	2.8272833638932355
10.15	2.228664408097872
10.16	2.096856687773247
10.17	1.5281588991732098
10.18	1.5367139724062682
10.19	1.5437729735537398
10.2	1.2009093075921549
10.21	1.419005497707983
10.22	0.9034783083601847
10.23	0.949809751172668
10.24	0.98787729712578
10.25	0.8997588154629849
10.26	0.5505487267629601
10.27	0.6233560611383773
10.28	0.8968602066321729
10.29	0.4893852895420147
10.3	0.43951935953298654
10.31	0.6931020231691811
10.32	0.6266925389547013
10.33	1.6764003052700964
10.34	0.4189731054167871
10.35	1.5897994564361715
10.36	1.3195409288361921
10.37	2.0127811687480928
10.38	1.6384461156384371
10.39	2.2284145989226487
10.4	2.390464392640815
10.41	2.5725907187406456
10.42	3.130531037926095
10.43	3.1419859576516136
10.44	3.549426149409677
10.45	3.4721602831273843
10.46	3.8775988923670166
10.47	4.572709952100782
10.48	4.785644153630836
10.49	5.023441758463651
10.5	5.758349110404444
10.51	5.8681005321707165
10.52	6.281646990382645
10.53	6.6822213431312685
10.54	6.764913726038742
10.55	7.610544802424712
10.56	7.8550572055808
10.57	8.722735595460117
10.58	8.765019450280969
10.59	9.726275086763682
10.6	10.238005846313165
10.61	10.552893336451561
10.62	11.314717436026305
10.63	11.733641813781498
10.64	11.630027776400617
10.65	12.34358621180784
10.66	12.567905179153607
10.67	12.934009856307433
10.68	13.260901363690909
10.69	14.368537490833916
10.7	14.444206258754948
10.71	15.032796628283515
10.72	15.327250673558789
10.73	15.94249471006944
10.74	15.757166529707856
10.75	16.2897328682724
10.76	16.522638002808936
10.77	17.44364161986329
10.78	17.250643615792555
10.79	17.865800944948816
10.8	18.09033665131679
10.81	19.173370259881043
10.82	19.11789600076078
10.83	18.876822996150715
10.84	18.908944780089183
10.85	19.467230439787652
10.86	20.060712997048917
10.87	20.052426808391587
10.88	19.927669360481463
10.89	20.24112576845787
10.9	19.92489038717449
10.91	20.630391590966298
10.92	20.833172467856468
10.93	20.495664922796205
10.94	21.39241304951195
10.95	21.098566570856644
10.96	21.487782531159297
10.97	21.25031348703291
10.98	21.218107923170084
10.99	21.119962545028798
11.0	21.30230805894618
11.01	21.383262683176373
11.02	20.97970951226363
11.03	20.64548160014821
11.04	20.76719694512255
11.05	20.65256248059128
11.06	20.037640861519872
11.07	20.008862066746175
11.08	20.290456656412807
11.09	19.989879205700095
11.1	19.371782935688724
11.11	19.519148081563188
11.12	19.570221668987312
11.13	19.065087781367772
11.14	19.01374177601927
11.15	18.760675956271804
11.16	18.223682831520303
11.17	17.888835717283474
11.18	17.582364670455174
11.19	17.188791642770788
11.2	16.629114133328528
11.21	16.431348427877374
11.22	16.59127018486774
11.23	15.721382024144624
11.24	15.077613120974238
11.25	14.965833751726652
11.26	14.234620561495548
11.27	14.329346251451573
11.28	13.246718518545345
11.29	13.137756527635771
11.3	12.567834690782103
11.31	12.52642390870806
11.32	11.509746383949526
11.33	11.640015004574526
11.34	11.330909125128354
11.35	10.621186519964576
11.36	9.759937499886489
11.37	9.636182656730288
11.38	9.747588369097405
11.39	9.047231392616808
11.4	8.3955459050074
11.41	7.955795441928943
11.42	7.880585409751012
11.43	6.8104566035373635
11.44	7.211915976814836
11.45	6.4306139517460155
11.46	6.491472357796642
11.47	6.361442799776238
11.48	5.631130457500419
11.49	5.305195915249906
11.5	4.948305781334266
11.51	4.777613188374621
11.52	4.361646043260405
11.53	4.192365531408797
11.54	3.844069530021038
11.55	3.586787157029468
11.56	3.3097544435572797
11.57	3.1579770592179544
11.58	3.0929175115401994
11.59	3.116784461170541
11.6	2.7994099231399012
11.61	2.4854153412176534
11.62	2.16170396059625
11.63	2.462735889941656
11.64	2.4393046721899116
11.65	1.657275502825366
11.66	1.918651380942636
11.67	1.6127685528398972
11.68	2.1100338288506553
11.69	1.7930603664678433
11.7	1.6493597278420227
11.71	1.749537984127465
11.72	1.7783207336501634
11.73	1.2467218957360995
11.74	1.4292648304979605
11.75	1.5252545360069278
11.76	2.130900439822876
11.77	1.6659721652710133
11.78	1.8433682222770311
11.79	1.4962811102758617
11.8	2.193347393846364
11.81	2.278683214932025
11.82	2.5985115182817093
11.83	2.4711282674883295
11.84	2.5972054179813964
11.85	2.7702675289053316
11.86	2.831059147167278
11.87	3.1453220504791513
11.88	3.4555898145075274
11.89	3.426437582942834
11.9	3.7710171239975576
11.91	3.3274047285070036
11.92	3.775198323044292
11.93	4.885319980170914
11.94	4.883593952811873
11.95	5.2504435654963695
11.96	5.65593727400139
11.97	5.743505808035062
11.98	5.939386586307398
11.99	6.4286629313103765
12.0	6.719506283864912
12.01	7.066934119310887
12.02	7.293012315418239
12.03	8.021544869804435
12.04	7.579106832200975
12.05	8.954049806263713
12.06	9.000397934125456
12.07	9.429627858658732
12.08	9.206764963990093
12.09	9.98829846022912
12.1	9.862493348442712
12.11	10.096637414081377
12.12	10.546592074113361
12.13	11.452077356099185
12.14	11.240161113322314
12.15	11.729340732541537
12.16	12.107226824159254
12.17	12.77975476920167
12.18	12.713502859543748
12.19	13.078231277103365
12.2	13.100416124764596
12.21	13.67126915796619
12.22	13.083317285363288
12.23	13.788206815689973
12.24	14.26978677828595
12.25	14.650617796008277
12.26	15.012643110584694
12.27	15.407570014916182
12.28	15.209868145116072
12.29	15.966226260817203
12.3	15.756772125950086
12.31	15.694164292118277
12.32	16.09946163434665
12.33	16.27149524115549
12.34	16.197223267369083
12.35	17.331462206430462
12.36	17.510818004504703
12.37	17.225886554041956
12.38	17.024826121010257
12.39	17.67573250201845
12.4	17.849607004317424
12.41	17.605242527377527
12.42	17.346971745998296
12.43	18.26357114601097
12.44	17.35815114980287
12.45	17.49391355593244
12.46	17.91572251732855
12.47	17.41850429186301
12.48	18.148484602901075
12.49	17.720688471403527
12.5	17.50284314963234
12.51	16.787887524663716
12.52	16.769392036179806
12.53	16.42144565409778
12.54	16.175036941657915
12.55	16.550410907438522
12.56	16.261689991543555
12.57	15.976801008945898
12.58	15.885423985002996
12.59	15.774432242024233
12.6	15.144518387011995
12.61	14.918763426284984
12.62	14.822658549593054
12.63	13.695329723896537
12.64	12.746855495644988
12.65	13.133998224701639
12.66	12.58951245811629
12.67	12.84769772729772
12.68	11.748954975712152
12.69	11.424067041164687
12.7	11.335544661098218
12.71	10.83447235546429
12.72	10.500001487000509
12.73	9.760826136509355
12.74	9.830148871936114
12.75	9.471059366910007
12.76	8.551997949819356
12.77	8.748286383859833
12.78	8.049406505243342
12.79	7.302202833977431
12.8	7.313452303725631
12.81	6.923643491698433
12.82	6.268444530482967
12.83	5.646907137948089
12.84	5.626241698260141
12.85	5.776328425984691
12.86	5.13782573660967
12.87	5.036126786588712
12.88	5.297888722111425
12.89	4.182301329298637
12.9	3.748203026833984
12.91	3.7005785975340943
12.92	3.7182669301551003
12.93	3.1472986750493757
12.94	3.3836171456617112
12.95	2.364842197904227
12.96	2.495130252022415
12.97	2.1773940647665584
12.98	2.037128156272603
12.99	2.1880205467274534
13.0	2.0800337274014398
13.01	1.8718814404916888
13.02	1.434194349958153
13.03	1.4623958058956021
13.04	1.340354818624729
13.05	0.5243695614180854
13.06	0.8786171456324869
13.07	1.1954087480632938
13.08	1.0355346094010882
13.09	0.34408614175299834
13.1	1.3137782047013205
13.11	1.2104628570034404
13.12	0.9625200478434071
13.13	1.42279746316347
13.14	1.2963523314470176
13.15	1.2333899769574166
13.16	1.1684845756528532
13.17	1.177739069540347
13.18	1.1713893543522431
13.19	1.3828943199604853
13.2	2.1695087713579286
13.21	2.388016573870974
13.22	2.192930142879892
13.23	2.545343932608827
13.24	2.4575018124214587
13.25	2.745804362920799
13.26	2.5967688149645003
13.27	2.50291181184942
13.28	3.3353747227290684
13.29	3.4959213123673543
13.3	3.6942502516737603
13.31	3.6212918005090526
13.32	4.354244857718751
13.33	4.903883892429505
13.34	4.8304168876592986
13.35	5.164177416984729
13.36	5.47131838374011
13.37	6.1309456809446266
13.38	5.765567713577225
13.39	6.734140079432524
13.4	7.207596819418273
13.41	7.842759762813797
13.42	7.85823851740498
13.43	8.318668806215518
13.44	8.385230204241465
13.45	9.08222387312148
13.46	9.851367383446663
13.47	9.990602777703927
13.48	10.587231640561832
13.49	10.983320805326036
13.5	11.047342639006798
13.51	12.514403424213977
13.52	12.53326536988763
13.53	12.564402646145851
13.54	13.444585244778159
13.55	13.91959861471418
13.56	14.687524117797807
13.57	14.278275554680864
13.58	15.336217408847187
13.59	15.89298973445564
13.6	16.354056446677586
13.61	16.444215188510686
13.62	17.234659048696013
13.63	17.901391361994094
13.64	18.356294974374386
13.65	18.43019102554686
13.66	19.322984885266106
13.67	19.357360020730773
13.68	19.86165903717259
13.69	20.159935719440572
13.7	20.087793737549415
13.71	20.84664973695315
13.72	21.153707890444203
13.73	21.235923570616198
13.74	21.131867056674032
13.75	21.651891709667424
13.76	21.339267404511133
13.77	21.58965970915467
13.78	21.504727827272838
13.79	21.904441222267774
13.8	21.50402413772889
13.81	21.32939968039085
13.82	21.956250634824222
13.83	21.809242348959916
13.84	21.626435697284624
13.85	20.996339441091962
13.86	20.66425635069919
13.87	20.904149706800563
13.88	20.091066111327944
13.89	20.2193363118768
13.9	19.783952072975413
13.91	18.625329888792702
13.92	19.089568150545652
13.93	18.687742283515163
13.94	18.42886900664807
13.95	17.19643346512469
13.96	17.80852798053358
13.97	16.666629260599024
13.98	16.05879757241812
13.99	15.892265700893848
14.0	15.232957947101482
14.01	15.126258356172855
14.02	13.877024897349951
14.03	13.94666793282195
14.04	13.516322173948966
14.05	12.862891977849118
14.06	12.36590414866552
14.07	11.57304960505973
14.08	10.676945346798806
14.09	10.936898719536202
14.1	9.555707808843511
14.11	9.544248289541894
14.12	9.284959454986502
14.13	8.083816884484477
14.14	7.977144681594725
14.15	7.410826218165072
14.16	7.094931283295448
14.17	6.36402917468868
14.18	6.005153553727093
14.19	5.8610349452522374
14.2	5.615359935717974
14.21	4.830361940498405
14.22	4.641073052804151
14.23	3.64507228530396
14.24	3.6573686800882466
14.25	3.507408618881541
14.26	3.387441659016819
14.27	2.3793889157937227
14.28	2.21475755558395
14.29	2.118514917242686
14.3	1.8391192686025606
14.31	1.8922011656317415
14.32	1.6970463698922302
14.33	1.398093962604523
14.34	1.1920040153649372
14.35	1.2903350344851947
14.36	0.9991261143921769
14.37	0.5409303324144814
14.38	1.1706979098397206
14.39	0.46880166527047007
14.4	1.0677906967189577
14.41	0.509322274064433
14.42	1.091053797820755
14.43	1.1709189945592058
14.44	1.2151789547221665
14.45	1.5705314891511652
14.46	1.077155385777844
14.47	1.440220166577767
14.48	1.1285320290543126
14.49	1.2544692821198757
14.5	1.699877982787031
14.51	1.9159965788904738
14.52	1.8644518813741964
14.53	1.9853119949774498
14.54	2.6984452973335613
14.55	2.6621116468252892
14.56	2.691013466248482
14.57	2.8084082219553013
14.58	3.2409069752917983
14.59	3.817983431144377
14.6	3.2650064413838344
14.61	3.5377879875318015
14.62	4.162422457143779
14.63	4.057240761081
14.64	4.498981168244354
14.65	4.9938916280401076
14.66	5.247923277971385
14.67	5.341007923164662
14.68	6.308652348379595
14.69	6.042012006936608
14.7	6.153696671256544
14.71	6.490636172924443
14.72	6.705852744541533
14.73	7.444164352947892
14.74	7.951889176100452
14.75	7.578227636270784
14.76	8.853994246987195
14.77	8.718514834958789
14.78	8.811582682994102
14.79	9.526053422958517
14.8	9.69048469543428
14.81	9.70003233864886
14.82	10.37690112626245
14.83	11.546898747911806
14.84	11.04085180381334
14.85	11.465429253815335
14.86	12.091001183365226
14.87	12.17295333685125
14.88	12.40574854850722
14.89	13.070349091563656
14.9	13.368324576018233
14.91	13.883900221624588
14.92	14.282625794533063
14.93	14.927740466473399
14.94	14.799381512770793
14.95	15.139732549564402
14.96	15.588866699464573
14.97	15.993994707013526
14.98	15.956999850008016
14.99	16.871259026983846
15.0	17.309424092103256
15.01	17.6682890963858
15.02	18.05857714047374
15.03	18.65558969585304
15.04	18.152100369748293
15.05	18.754154314659896
15.06	18.984966045450193
15.07	19.14340814738103
15.08	18.54605546560645
15.09	19.21806679632287
15.1	18.733186454589184
15.11	19.05319230427397
15.12	19.380955068363722
15.13	19.535966410415213
15.14	19.620494617539958
15.15	19.42012890864835
15.16	19.12575964260636
15.17	19.51141239326369
15.18	18.92383883869945
15.19	18.96839571420696
15.2	18.70959545640597
15.21	18.39076019875066
15.22	18.090062337181223
15.23	17.852532683943387
15.24	17.47673444186687
15.25	17.392045784656826
15.26	17.216214915826672
15.27	16.401558552053896
15.28	16.01412210300586
15.29	16.101608002843328
15.3	15.431172033039877
15.31	15.338783890883201
15.32	14.493367059429982
15.33	14.155666421079811
15.34	13.474727724114109
15.35	13.249589580605141
15.36	13.079134272957482
15.37	12.445600495937802
15.38	11.995923350975982
15.39	11.136540583094273
15.4	10.860852176784539
15.41	9.96550091167937
15.42	10.137599531225671
15.43	9.395609625873435
15.44	9.12146090101567
15.45	8.670548631214938
15.46	8.216978862871715
15.47	7.674513020563058
15.48	6.569452471771322
15.49	7.064051517140308
15.5	6.639140500962156
15.51	6.195460880955036
15.52	4.942289000147013
15.53	5.54310785016869
15.54	4.617182121731408
15.55	3.9982253983657694
15.56	3.339674209006286
15.57	3.632175494812891
15.58	3.67041310172067
15.59	3.0781539642351836
15.6	2.6740125860869632
15.61	2.2001417277024458
15.62	2.0691611075471563
15.63	1.8483216659712247
15.64	1.5455062206680459
15.65	1.2353004556223492
15.66	1.1578698164092107
15.67	1.1092192874426627
15.68	0.780583641818434
15.69	0.7567828528862468
15.7	0.09265905738351166
15.71	0.008861562374684134
15.72	0.07420915473144307
15.73	0.031084105966167345
15.74	0.41567177789610593
15.75	0.4115827225447506
15.76	0.38545123547959004
15.77	-0.2099395663019236
15.78	0.14521303006621128
15.79	0.4553175072288856
15.8	0.019467647187638316
15.81	0.37092514975133023
15.82	0.2416761518187872
15.83	0.29697022154631714
15.84	0.590581489160571
15.85	0.695561468687336
15.86	0.7302253857647248
15.87	0.44179145323293045
15.88	1.28067449465896
15.89	1.8268038175543269
15.9	1.4785926565657652
15.91	1.9445675184154176
15.92	1.9935003066940007
15.93	2.530038752797274
15.94	2.846724708262147
15.95	2.4997807595248895
15.96	2.859835731037237
15.97	3.2544022258344807
15.98	3.457351734039815
15.99	3.5709566555629526
16.0	3.6225244366844245
16.01	4.093131987934603
16.02	5.027282961892222
16.03	5.033318247620455
16.04	4.797549170533084
16.05	5.62383114944806
16.06	5.86529137770048
16.07	6.780657928550393
16.08	6.837260660393407
16.09	6.835879976190543
16.1	8.005266760376617
16.11	8.293359190371293
16.12	8.733996377018585
16.13	9.164603798214856
16.14	9.08169719507298
16.15	9.909545139063356
16.16	10.133035404060767
16.17	10.539359850297235
16.18	11.073750679078612
16.19	11.22592347308744
16.2	11.65174271388319
16.21	12.186450557375505
16.22	12.695524417578461
16.23	13.056620350500523
16.24	13.083407609808313
16.25	13.500014717549332
16.26	14.429401274637518
16.27	14.683585610676559
16.28	14.440730009674366
16.29	15.07914186749113
16.3	15.995048555913142
16.31	15.79237513511395
16.32	16.025942772871034
16.33	16.151193967726122
16.34	16.132127413947384
16.35	16.335405705142172
16.36	17.307815316851073
16.37	17.620757464381136
16.38	17.241973041497673
16.39	17.31024974723354
16.4	17.57082701902795
16.41	17.80618601747206
16.42	17.986397674812004
16.43	17.682951409009974
16.44	18.42183743786502
16.45	17.96777563442337
16.46	18.178514143781307
16.47	18.11324625750605
16.48	18.00895897939567
16.49	18.186738359154763
16.5	17.910580919894045
16.51	17.767982872585375
16.52	17.521538235174855
16.53	18.174021558542552
16.54	18.23754424101777
16.55	18.19301068334202
16.56	18.21624084802543
16.57	17.354908601060114
16.58	17.492331270809387
16.59	17.19301307638901
16.6	16.798227700549866
16.61	16.74331566818679
16.62	15.914601125924634
16.63	17.006592128872814
16.64	16.49121370437195
16.65	15.887109704238132
16.66	15.91036236436225
16.67	15.116506077727438
16.68	15.58940261958674
16.69	15.502983755696894
16.7	15.127885255539052
16.71	14.467109065489124
16.72	13.241303416861758
16.73	13.074708717484288
16.74	12.63885748422714
16.75	12.940274471510488
16.76	11.745329147289732
16.77	12.215530547862308
16.78	11.490177034746852
16.79	9.937623302187491
16.8	10.101792435629367
16.81	9.393772042035387
16.82	9.669482973553926
16.83	8.895400513593644
16.84	8.488464128278952
16.85	8.15226326303611
16.86	7.8477112317148245
16.87	6.785335495882795
16.88	6.413330562007112
16.89	6.211500211333468
16.9	5.806708264451399
16.91	5.310424247131073
16.92	4.678340149862542
16.93	4.399070563889479
16.94	3.9480880010983674
16.95	3.417481463995226
16.96	3.2962266590542497
16.97	3.5708597434191374
16.98	3.111800619810358
16.99	2.593230520353126
17.0	2.641245083721163
17.01	1.7765713075501774
17.02	1.7920974389600979
17.03	2.115689708871431
17.04	1.7295377376927172
17.05	1.4383354691175985
17.06	1.2275071294312465
17.07	0.5335279766543415
17.08	0.6043568167543918
17.09	0.5123358480773672
17.1	0.7571577327678545
17.11	0.7758935114526555
17.12	0.5591740750868902
17.13	0.660664607208165
17.14	0.4282556415056442
17.15	0.6227647198626276
17.16	0.4885526405342103
17.17	0.756732775347191
17.18	0.3326100175381991
17.19	0.15444980481448356
17.2	0.9636754271411108
17.21	0.27689427286307605
17.22	0.31582414005158493
17.23	0.6721366026843322
17.24	1.7257657706611462
17.25	1.2023327429550101
17.26	1.5912247108467534
17.27	1.6139076202717515
17.28	1.8238185882504285
17.29	2.014618293469707
17.3	1.6120400239828327
17.31	1.9218969499685437
17.32	2.1680627558083483
17.33	2.7184724460712006
17.34	3.2249702746935838
17.35	3.6633773633094506
17.36	3.355642837570127
17.37	3.6737872367242574
17.38	3.489721528726319
17.39	4.27098892128011
17.4	4.518258716066279
17.41	4.940320249141568
17.42	5.2298791723195945
17.43	5.400614597897987
17.44	6.2436351074101015
17.45	6.061647437290597
17.46	7.03458799158382
17.47	7.196111775165872
17.48	7.358564446062796
17.49	8.506057214206644
17.5	8.475283601995118
17.51	8.997114404496084
17.52	9.467908675365722
17.53	9.634753489651583
17.54	10.014601407335253
17.55	10.882564591539913
17.56	10.898604847763698
17.57	11.668697721938713
17.58	12.190712814861877
17.59	12.365940992569906
17.6	13.071365507945627
17.61	12.858883241333258
17.62	13.933411263402359
17.63	14.007234684594115
17.64	14.446961893061562
17.65	14.679222430174146
17.66	14.96782613527138
17.67	15.297238692922567
17.68	15.33657832952758
17.69	16.04774864423876
17.7	16.190410032703383
17.71	16.281189631316824
17.72	16.318510701374866
17.73	16.354406067656956
17.74	16.7898898851582
17.75	16.75468540035032
17.76	16.89982570050724
17.77	16.62971278040501
17.78	16.471356971852977
17.79	17.455391775350048
17.8	17.11492021684692
17.81	16.856862503517412
17.82	17.396193881156343
17.83	16.559947466552483
17.84	17.023883887277574
17.85	16.23528401155491
17.86	16.414688418186323
17.87	15.836606648748369
17.88	15.81883039569868
17.89	15.977970699284416
17.9	15.905148771937798
17.91	15.01009314367323
17.92	15.206592434759866
17.93	14.751605440973577
17.94	14.487144861549506
17.95	13.737213628378035
17.96	13.711243039352308
17.97	12.863370453146194
17.98	13.301006969594216
17.99	12.376229115994994
18.0	12.725022181496414
18.01	11.704986132442754
18.02	11.766077482278574
18.03	10.623523561270943
18.04	9.916233733291378
18.05	9.824248391874372
18.06	9.877352969682264
18.07	9.432749156644267
18.08	9.058999936962056
18.09	8.603015846434781
18.1	8.021074578660903
18.11	7.579265377045839
18.12	6.856952292842339
18.13	7.130614833832007
18.14	6.528500850443929
18.15	6.18871694312867
18.16	5.58321226388498
18.17	5.837300353229101
18.18	5.237816511318413
18.19	4.540169594303584
18.2	4.309751297285555
18.21	3.6101538876561503
18.22	3.546254396874198
18.23	3.9082745759878392
18.24	3.3520252280275975
18.25	2.5500975020924157
18.26	2.76502792449218
18.27	2.598112776560625
18.28	2.476115268461468
18.29	2.520274598092815
18.3	2.1172359030562946
18.31	1.9067159748598483
18.32	1.5285592792745137
18.33	2.581598761317701
18.34	1.9199224926941967
18.35	1.760843780721711
18.36	2.0550609446341066
18.37	1.4736322977882264
18.38	1.5539483374961272
18.39	1.8836388415820153
18.4	1.6518291245493153
18.41	1.7416363189986248
18.42	1.8120297456908636
18.43	1.9443054761931138
18.44	2.3140204767722072
18.45	2.408156170274752
18.46	2.605930442689145
18.47	2.378926510239827
18.48	3.1396345047853313
18.49	2.4556255808421343
18.5	3.0951319266818675
18.51	3.3129303146438254
18.52	2.713271922576527
18.53	3.5244848983913553
18.54	3.7187297723734902
18.55	3.47513707289228
18.56	4.622293592733307
18.57	4.65292308796378
18.58	4.785421321124168
18.59	4.649067504111078
18.6	5.431947675989853
18.61	5.382050621617875
18.62	6.262182261386147
18.63	6.459597880117635
18.64	7.023269893384741
18.65	6.652693694716697
18.66	7.412611613436729
18.67	8.483397875706151
18.68	7.932465743360244
18.69	9.216915362479435
18.7	9.313430081192713
18.71	9.719408521744672
18.72	10.004208950494919
18.73	10.476503093659087
18.74	11.281317098739422
18.75	11.253022107539485
18.76	11.434754419418505
18.77	12.96526448121896
18.78	12.425861886012816
18.79	12.365750770865992
18.8	12.924964573622523
18.81	13.350442938241365
18.82	14.136718367116472
18.83	14.218819132494358
18.84	14.068952616410161
18.85	14.990499046362432
18.86	14.651551989153582
18.87	14.60513918442572
18.88	14.977368740028275
18.89	14.943077700925501
18.9	15.45722980468087
18.91	15.774376545864266
18.92	15.262593373279921
18.93	15.469068707937103
18.94	15.551509486363502
18.95	15.739000967602935
18.96	15.582122606527314
18.97	15.247371927547272
18.98	14.911535215163582
18.99	15.02862034902673
19.0	14.633141188571676
19.01	14.470250649075297
19.02	14.269923574453557
19.03	14.060422016276641
19.04	14.210840445102551
19.05	13.94097467737
19.06	13.275190710580496
19.07	13.224982156917596
19.08	12.887051338015139
19.09	12.370248297050178
19.1	12.292546958545119
19.11	12.416720848949002
19.12	12.266342096182596
19.13	11.470629829604949
19.14	11.128835072366527
19.15	10.418384222824379
19.16	9.669551285681418
19.17	9.784346389430945
19.18	9.581411274819002
19.19	8.906364163022014
19.2	8.497959905516531
19.21	8.435283573031787
19.22	7.576527530591353
19.23	6.751452378541023
19.24	6.6322631981625175
19.25	6.235054970691012
19.26	5.779520368649771
19.27	5.175546949058999
19.28	4.913096387076761
19.29	5.066290759409221
19.3	4.733982417231431
19.31	4.69470632737829
19.32	3.778388988071166
19.33	3.5398005121524196
19.34	3.0480106799491065
19.35	3.0711435880876032
19.36	2.886913389814249
19.37	2.758382327753811
19.38	2.5562136402152267
19.39	2.364484967200511
19.4	2.6655650671225644
19.41	1.9934454675263829
19.42	1.5333090800330689
19.43	1.2462027485593719
19.44	1.623353404910585
19.45	0.9640069044719638
19.46	1.3796874621600168
19.47	1.3818409651484138
19.48	0.5798590167810235
19.49	0.4199479616713262
19.5	0.49665451240858416
19.51	0.62079145527197
19.52	1.0624725000000808
19.53	1.5925069202802868
19.54	1.3417205969615136
19.55	1.6694170583707493
19.56	1.480700023046949
19.57	1.1089186804941482
19.58	1.4770318637584323
19.59	1.4284367589855955
19.6	1.9447986858909163
19.61	2.1332242264305012
19.62	2.141015585415434
19.63	2.5984094573932293
19.64	2.728947597034335
19.65	2.9987889375181656
19.66	3.472736879873694
19.67	3.6250774605786513
19.68	3.858790775911445
19.69	4.108143749244806
19.7	5.201427656929416
19.71	4.706578592938848
19.72	5.678378978208126
19.73	5.967459076367111
19.74	6.260632383761836
19.75	6.270884728044522
19.76	7.1978444808568725
19.77	7.468975120512972
19.78	7.845340119758585
19.79	8.384162748647412
19.8	8.927480549712222
19.81	9.214087177630585
19.82	10.178128480615028
19.83	9.873165115876297
19.84	9.663999442442854
19.85	10.447056216440647
19.86	11.26938272278636
19.87	11.263225744732742
19.88	12.271340103065342
19.89	12.372364430198232
19.9	12.858914557445024
19.91	12.869458248948034
19.92	13.204289332792058
19.93	13.69396729322724
19.94	13.784731289671637
19.95	14.461788133371122
19.96	14.0697976502884
19.97	14.074732090886235
19.98	14.705901704006543
19.99	15.206944509925412
20.0	14.800891569814151
