10.01	2.7803540527046517
10.02	3.4672880556118275
10.03	2.2662785047735694
10.04	2.092692713114775
10.05	3.485556600281982
10.06	2.074305286036361
10.07	3.414806657565281
10.08	2.057613557644239
10.09	3.4809486402338368
10.1	2.983182483298981
10.11	3.232432057339062
10.12	2.4831972044419466
10.13	2.7766226399636498
10.14	2.406863885801291
10.15	2.6930133893865253
10.16	3.22939417564576
10.17	2.698139959635109
10.18	1.9439144104088193
10.19	2.4116388188517583
10.2	2.394026996711456
10.21	1.8219056967445968
10.22	2.2378709048215706
10.23	2.0972473890801027
10.24	1.51207052744491
10.25	2.6035434642560538
10.26	1.5866017195815199
10.27	1.2763350385725518
10.28	1.2332174772493
10.29	1.478827070296864
10.3	1.2571264722782476
10.31	2.1341757132208734
10.32	1.917574849080262
10.33	0.3785721286674272
10.34	1.8865412294103794
10.35	-0.1263268274529592
10.36	1.0963059871339231
10.37	1.3755825312778052
10.38	1.0236054018703578
10.39	0.5701746291440991
10.4	0.6291991843749754
10.41	0.4049716130068342
10.42	-0.08563204746594677
10.43	0.5378348302810025
10.44	0.9951856619968268
10.45	0.15824838762806415
10.46	-0.35619683173886535
10.47	-0.6821893905259675
10.48	0.6490708360900118
10.49	0.0766338547278372
10.5	-0.6274319018864587
10.51	0.16441310763468092
10.52	0.3098846454769315
10.53	-0.3115842146163954
10.54	-0.1071187546859953
10.55	-0.4290161243992261
10.56	-0.2744990850374519
10.57	-0.1464127731251182
10.58	-0.82574461309215
10.59	-0.033133447948438755
10.6	-0.5386370820297476
10.61	-0.16964895314215236
10.62	0.22933243473936693
10.63	0.14946099994964684
10.64	0.04811299197404191
10.65	0.03484717747273277
10.66	-0.5377381019159613
10.67	0.1262035355726561
10.68	0.621594049531314
10.69	-0.06878389980203298
10.7	1.4705394377907213
10.71	0.8300796136723996
10.72	0.4752823179807432
10.73	0.5808441384582644
10.74	0.9980477244806689
10.75	0.5433261444256101
10.76	0.41713185762325355
10.77	1.2188062013662357
10.78	0.4508794442244328
10.79	0.5802756750783652
10.8	0.22220258741223564
10.81	0.7860408215203929
10.82	0.9657704143032269
10.83	1.3380852916510415
10.84	0.2891066932480455
10.85	0.9624249980819406
10.86	0.9087957383383858
10.87	1.3090706490760233
10.88	0.8904087502933371
10.89	1.7540055298488
10.9	1.0685765119571182
10.91	0.9957462401838629
10.92	1.4135609926356132
10.93	1.6712740876493672
10.94	1.1670576967222999
10.95	1.4803780842407062
10.96	0.8598379984848863
10.97	1.1758385000418095
10.98	0.7041373760615526
10.99	1.1029397070146685
11.0	0.9084867727196739
11.01	1.2112917278472515
11.02	0.8036008481130417
11.03	1.2542518696623055
11.04	0.6264624109433589
11.05	0.6548580520420051
11.06	1.9524014219297396
11.07	0.5920798679442798
11.08	0.6221520263487759
11.09	0.5175873492921328
11.1	0.43744926442709703
11.11	0.962616638776061
11.12	0.45485411935362857
11.13	1.5295703486250627
11.14	1.5369265737260687
11.15	0.43869040114320135
11.16	0.7567220298442403
11.17	0.7468149798455417
11.18	0.8689318987169549
11.19	0.2873638129275996
11.2	0.9156399333941563
11.21	1.228014652593405
11.22	0.8654259075461233
11.23	2.1215875642970294
11.24	0.41506705233148833
11.25	0.8527312641087459
11.26	1.0646274020404793
11.27	1.194231685605598
11.28	0.8367690365664819
11.29	-0.09781211445042004
11.3	1.150639032063662
11.31	1.4159614402017122
11.32	0.854830327715103
11.33	1.990646189987114
11.34	1.6601965713985474
11.35	1.7286960979354398
11.36	2.7064687914917016
11.37	1.1467896961175603
11.38	1.732850281784553
11.39	1.659333879589044
11.4	1.8139070336185055
11.41	2.312589406394066
11.42	1.4244738164105408
11.43	2.668979238821278
11.44	2.512410480819837
11.45	1.2292089381756968
11.46	1.9283245727255702
11.47	2.628547449000957
11.48	2.1772224991290225
11.49	2.358599515261029
11.5	2.7026178144796553
11.51	2.630064949529468
11.52	1.787671361155819
11.53	2.3362645176322956
11.54	2.440256834625465
11.55	2.6410886242845604
11.56	2.5392128220888575
11.57	2.126031762932402
11.58	2.879770643579029
11.59	3.0432640529679142
11.6	2.8709428051577572
11.61	2.7202295513199846
11.62	3.4136913226595658
11.63	1.8735494961636678
11.64	2.2381566499306222
11.65	2.4597278238381977
11.66	2.1407536134760994
11.67	2.6687591674618187
11.68	3.2624762190641388
11.69	3.335942013891767
11.7	2.697830953531487
11.71	4.000299253307451
11.72	2.4818183201573363
11.73	2.04159467518899
11.74	3.035377784593533
11.75	2.98832356050492
11.76	1.5555418701408705
11.77	3.684016322934572
11.78	3.0344379524796734
11.79	3.4962975746256606
11.8	2.1225837974447637
11.81	2.2250210465443927
11.82	2.2463112949178936
11.83	2.0684337453889348
11.84	2.464461007610145
11.85	2.603565631553094
11.86	1.8714952557610767
11.87	3.103772092844274
11.88	1.6840142569287042
11.89	2.4766211494276917
11.9	2.6288955163898855
11.91	2.859922338633776
11.92	2.887343784337828
11.93	2.1668548060551824
11.94	2.1693961782059468
11.95	1.292552949546201
11.96	2.0129192527361157
11.97	1.1460238002337886
11.98	2.5727896927986267
11.99	1.7131043459543132
12.0	1.9725061408278872
12.01	2.2782580976088727
12.02	1.8845526047500214
12.03	1.6993616348264686
12.04	1.3025766060731427
12.05	1.4741443168122093
12.06	2.2881632307557203
12.07	1.0709642589862558
12.08	2.846799743557007
12.09	1.201693847536301
12.1	1.8100180251678888
12.11	1.8868768289578342
12.12	2.6970261065633236
12.13	0.9398355044458517
12.14	2.4828921000893627
12.15	2.034615174112225
12.16	2.1904715067464147
12.17	1.1106024042602831
12.18	2.8034235189189207
12.19	2.150522551122305
12.2	2.053260764869973
12.21	2.0136728492450824
12.22	1.4553269599324583
12.23	1.9067759134709623
12.24	1.158558384361817
12.25	1.952130456404657
12.26	2.271857675479238
12.27	1.6880569077000565
12.28	1.337561469617498
12.29	1.3699099443767238
12.3	1.0425568477444878
12.31	1.6340476724569755
12.32	0.9449560260348268
12.33	1.8347128499719711
12.34	2.530259970892162
12.35	1.0249816100435214
12.36	2.8859017931889577
12.37	2.412106963930399
12.38	1.835389006053322
12.39	1.2798247194230628
12.4	0.48091806630127065
12.41	1.9421156056344593
12.42	1.44512850202951
12.43	2.38520366085835
12.44	1.1682931983598215
12.45	1.3309939430138058
12.46	1.6656037225241038
12.47	1.2775224931644595
12.48	1.426200964199614
12.49	1.734399561323282
12.5	1.32065822541125
12.51	1.9522974938366848
12.52	2.32356792366647
12.53	1.9199526538117513
12.54	1.7902859447421187
12.55	2.0565309671259553
12.56	2.9077558158757655
12.57	2.4844337192560744
12.58	2.433516054760723
12.59	2.315423644756815
12.6	2.7500198170406387
12.61	2.795596838551219
12.62	3.0255600747164015
12.63	2.7764383759167535
12.64	2.4824858443361624
12.65	2.9105936782895485
12.66	3.3644270500703874
12.67	2.8095323234083622
12.68	3.0756466688805673
12.69	3.8957567745177455
12.7	2.9204445147074996
12.71	3.698126698982761
12.72	3.434285326059184
12.73	3.2284444235407155
12.74	3.1620112007023065
12.75	2.813539163634047
12.76	2.512597956968582
12.77	3.022397324359142
12.78	3.36415537110209
12.79	2.9389499698187285
12.8	3.4016073705954883
12.81	2.8511003424262746
12.82	2.989864182934093
12.83	3.150161043101221
12.84	4.3789289887796805
12.85	3.700383056079419
12.86	4.257439468076436
12.87	2.777281854019051
12.88	2.427897200099726
12.89	3.0744139147071037
12.9	3.4510353922433654
12.91	3.923952754189259
12.92	2.689937832779289
12.93	3.885400936737244
12.94	3.4791348630281265
12.95	3.7938599471109495
12.96	3.2616183258650797
12.97	3.3549738556537476
12.98	3.6114505980795952
12.99	3.899034718009708
13.0	3.2941894361402895
13.01	3.294282643057978
13.02	3.72461063659137
13.03	4.282415386580739
13.04	2.7145787492914173
13.05	2.903679610973722
13.06	3.356830796692519
13.07	3.3436509193392117
13.08	3.5387735290146045
13.09	3.094106891165638
13.1	2.7631638311407443
13.11	2.475978048055479
13.12	2.159996491352635
13.13	2.1794877838849396
13.14	3.1748088651833446
13.15	3.94658148805053
13.16	3.115702799335336
13.17	3.952502827474879
13.18	3.111345106246205
13.19	2.858327544543216
13.2	2.6956874771952055
13.21	1.9256176773577716
13.22	2.3115436996181993
13.23	2.588795798131598
13.24	2.1569992376924305
13.25	2.370605175824174
13.26	2.7468017528076385
13.27	2.9749250672178684
13.28	2.2918406711743176
13.29	1.9163892609335067
13.3	3.498617002847656
13.31	1.9173030376098703
13.32	2.5192316365247787
13.33	2.101820970607218
13.34	2.513769913971301
13.35	2.2952044393516
13.36	2.193629467534311
13.37	1.5817351247075124
13.38	3.132547268344454
13.39	1.6043341259081514
13.4	2.4945077367115482
13.41	2.75515815249094
13.42	1.9305306728770986
13.43	2.171279168220166
13.44	3.150025427393782
13.45	2.622958071876625
13.46	2.814112359569809
13.47	1.9212331976501784
13.48	3.897935819858594
13.49	2.083891922306931
13.5	2.6457440697963257
13.51	2.194327290994943
13.52	2.2798489632966628
13.53	1.8826451446080628
13.54	2.722834632271394
13.55	2.062775124120054
13.56	1.5395976706728876
13.57	2.5957679690281505
13.58	2.5944280934602344
13.59	2.4251042731042474
13.6	2.233177438025654
13.61	2.63339595451515
13.62	2.6569334339549484
13.63	2.7745746120415125
13.64	2.4359044803225482
13.65	2.099197206102973
13.66	2.477240899224445
13.67	2.7251726333697572
13.68	2.8736585654110804
13.69	1.8972925510795058
13.7	2.6853674010338158
13.71	2.6744067360953694
13.72	3.1460811438034018
13.73	3.1975617180283677
13.74	1.9438470349583405
13.75	3.454816372075415
13.76	2.1581944350679616
13.77	1.515406263353616
13.78	3.0254456911806473
13.79	3.0744347247022343
13.8	3.2306760176458877
13.81	2.241224664876873
13.82	3.148110154743017
13.83	1.6455261836514927
13.84	3.4252402096579755
13.85	3.339592181067939
13.86	2.623326395177883
13.87	3.326166041809488
13.88	1.9930467936767802
13.89	2.078057398760909
13.9	2.2813227966637504
13.91	2.1957497373785726
13.92	3.4488064205775757
13.93	2.1465803426756804
13.94	2.0674107649845848
13.95	2.298000354492901
13.96	1.6240586898843512
13.97	2.0640380304664623
13.98	1.1745603810382514
13.99	2.399281023767772
14.0	0.9268908083298114
14.01	1.0880290386888745
14.02	1.8840649275286936
14.03	1.7302278439078105
14.04	1.6165613344189333
14.05	1.9880100309873587
14.06	2.0211498403130563
14.07	1.1820604739012746
14.08	1.400067657605634
14.09	1.9172120154233319
14.1	1.3109515422288363
14.11	1.5879674576031417
14.12	1.6195849414167018
14.13	1.2868236968880629
14.14	1.7887300928067444
14.15	1.131417313148563
14.16	1.1862218968394804
14.17	0.8529017741136546
14.18	0.6296870901636624
14.19	1.8921560992200106
14.2	0.6859195287131928
14.21	0.8596378979922688
14.22	1.125940308926329
14.23	1.0955254222826198
14.24	0.9639232829918656
14.25	1.6764423448132864
14.26	0.960845788381725
14.27	1.1805778097571362
14.28	1.1530588005263087
14.29	1.0581039569130568
14.3	1.9311210682128035
14.31	1.0687506125155326
14.32	1.9956695411694039
14.33	2.2098676008964584
14.34	2.0332360715476354
14.35	0.7049304742190695
14.36	0.6683187576207376
14.37	1.5118789498563154
14.38	1.4033111606477557
14.39	1.3064650757140521
14.4	0.6355731363909012
14.41	1.1424941095861518
14.42	1.4980234868173825
14.43	1.3319287798449702
14.44	0.8001683814108362
14.45	1.8244209758955932
14.46	1.0725730459444955
14.47	1.5253437034527104
14.48	1.4659138114708425
14.49	0.7120430519879942
14.5	0.7754856140482953
14.51	1.8446841777916108
14.52	1.72976452874012
14.53	1.8453063867387607
14.54	1.6696939931167825
14.55	2.0574414500881866
14.56	0.5989421520139648
14.57	1.1716766749944167
14.58	0.63454399327698
14.59	1.74855536239368
14.6	1.822693024425273
14.61	1.900217108355371
14.62	1.0264590992522402
14.63	2.189391379372492
14.64	1.791530398058364
14.65	1.6609259182492946
14.66	1.788478113204191
14.67	1.1509538023599306
14.68	2.3000104625441824
14.69	2.261781273893878
14.7	1.7929300838606193
14.71	2.6529309193923516
14.72	2.086737616368648
14.73	2.5062970299111083
14.74	2.5816386023303335
14.75	1.360022936105614
14.76	2.0048788756181857
14.77	2.8464690287309287
14.78	2.857085473335255
14.79	1.8849229306495385
14.8	1.8369540196532235
14.81	2.0969690830554133
14.82	2.343493280911769
14.83	2.7104846313345528
14.84	2.170046203397277
14.85	2.230780475670622
14.86	2.4961400808013523
14.87	2.0223585475061183
14.88	1.8328478780029576
14.89	1.9426286272782116
14.9	2.0521688032517127
14.91	2.62477300496249
14.92	2.945733461717364
14.93	2.331178431412901
14.94	2.3499784373246033
14.95	1.4798573006736104
14.96	2.276618171756909
14.97	1.8195268619435265
14.98	2.1156962981995817
14.99	2.5936053378762565
15.0	1.8812343604825497
15.01	2.0756751739785564
15.02	1.486794755903874
15.03	1.7882131345307763
15.04	2.4885633519028456
15.05	2.0722098219105947
15.06	1.8082489300754487
15.07	0.7797071290615974
15.08	1.787262726902852
15.09	1.5973681195319773
15.1	1.8058695222346008
15.11	1.9451678272940236
15.12	1.930389853213011
15.13	1.2012088509418022
15.14	2.0827094649799385
15.15	1.3750827051590295
15.16	2.300162130290413
15.17	2.3514903503429605
15.18	1.0041600598822666
15.19	1.4585988887252228
15.2	0.9492099945079806
15.21	1.6952517366901554
15.22	2.19988090646084
15.23	1.898052814642381
15.24	1.1480106264547427
15.25	0.9426248063292582
15.26	1.1207134352821868
15.27	1.0594108382641785
15.28	1.6888386667769113
15.29	0.6028877059058457
15.3	0.9661555195754884
15.31	1.3985425553905682
15.32	0.8120413832690084
15.33	1.648956889461873
15.34	0.3218201663223953
15.35	1.2612282596480104
15.36	2.3119612016778337
15.37	0.2639251276737523
15.38	0.27902406256267376
15.39	0.8759957068673889
15.4	1.346821738588086
15.41	0.8917543351608064
15.42	0.613994518697665
15.43	0.4541071633580288
15.44	1.3959591381327943
15.45	0.7557999539089667
15.46	1.5194975653475873
15.47	0.5482985514718961
15.48	0.6181856895836739
15.49	1.6584598415304028
15.5	0.5645380991959186
15.51	1.0843318246878768
15.52	1.0407394170888618
15.53	1.7513472270091341
15.54	0.5288901598761689
15.55	1.285057822002585
15.56	0.9378809366132098
15.57	0.2837763054286225
15.58	0.8676044150596217
15.59	0.2682175684625163
15.6	-0.11850439746296759
15.61	0.22340362152889093
15.62	1.1614892324810282
15.63	1.1692385304264774
15.64	0.7455141974121933
15.65	1.1572335460659369
15.66	1.6122482302807615
15.67	0.9652115356433817
15.68	1.710920614541942
15.69	1.0313358001055541
15.7	1.2625944103018585
15.71	1.0288639316506476
15.72	1.6125185908868416
15.73	1.5723118096910316
15.74	1.9204860455710495
15.75	1.5965217362101471
15.76	1.109329071574396
15.77	1.928561947551148
15.78	0.9933174121601704
15.79	1.5525951370821212
15.8	0.6821460728478063
15.81	1.4518665329947495
15.82	1.642079727859475
15.83	2.118649904158354
15.84	2.2221156568590255
15.85	1.2870377879265467
15.86	1.317471281076353
15.87	2.1663940810329674
15.88	2.2644948862139618
15.89	2.1321095322390002
15.9	1.8748744038255556
15.91	2.3017155973343892
15.92	1.3578248119456107
15.93	2.05937558702246
15.94	1.0995133516368494
15.95	1.4556295977498177
15.96	1.8187049222314884
15.97	0.8691460646790827
15.98	1.494678708315539
15.99	1.164280153695279
16.0	1.6058370474311583
16.01	2.0036209138882954
16.02	2.0953450226021366
16.03	0.8122343136575789
16.04	2.4602995558258227
16.05	2.09036090498419
16.06	1.2842863450766504
16.07	1.7515402416289862
16.08	1.8957426489527065
16.09	1.7487262698680246
16.1	1.3402639042114721
16.11	1.6941002614922327
16.12	1.7797756934302997
16.13	1.5506983802407686
16.14	1.4606343805321178
16.15	2.6329582650476135
16.16	0.6275227806292971
16.17	0.8983356311257092
16.18	2.2464442264584266
16.19	0.9466506973135886
16.2	1.6070362165160545
16.21	2.7655017634048003
16.22	1.9033165311993987
16.23	1.2387295046172218
16.24	1.5333469252075873
16.25	1.4722496024062062
16.26	0.42486853511093925
16.27	1.997559629484328
16.28	1.7315629288231889
16.29	0.316216081854105
16.3	2.1667574482044163
16.31	0.49662773071737554
16.32	2.340399852568219
16.33	1.6765988712561901
16.34	2.250084645937953
16.35	1.3131983715066577
16.36	1.9753479730469383
16.37	1.4042269013681474
16.38	1.5342706904343304
16.39	0.8769910847393324
16.4	1.1926447910355606
16.41	1.7651170546172399
16.42	2.063501687319838
16.43	1.7030198447015663
16.44	0.9494411629089193
16.45	0.11145159225864965
16.46	0.6522912795465989
16.47	1.7599037878355808
16.48	2.082988031503139
16.49	1.966367707435178
16.5	0.4304171261530907
16.51	1.2034685595872885
16.52	1.5933070075350668
16.53	1.0486526696192073
16.54	1.599037326413693
16.55	1.1202745155971527
16.56	0.6006555620590024
16.57	1.04229407325266
16.58	0.28932548264347235
16.59	1.138607199223745
16.6	0.8793179863256559
16.61	0.775229897474512
16.62	1.0771465751723126
16.63	1.597612009293356
16.64	1.430550693228862
16.65	1.8348864407427838
16.66	1.8594587274122234
16.67	1.410581724834563
16.68	0.961469718958742
16.69	1.364323967333621
16.7	1.3903758893522247
16.71	1.4181872859878055
16.72	0.3266751577556424
16.73	2.251705809547347
16.74	2.129393904012104
16.75	1.6503162965362688
16.76	0.6383210931661394
16.77	1.2677165019558205
16.78	0.7504264286778184
16.79	1.270376394517498
16.8	1.3381924379939654
16.81	0.9749279525155643
16.82	1.0574998400642355
16.83	1.1806149156266152
16.84	1.0599474101013302
16.85	1.5925495788971107
16.86	0.6684094512791471
16.87	0.3260140369878982
16.88	1.7302147167773176
16.89	1.1757288891124993
16.9	1.4588277914455812
16.91	0.5685659683671964
16.92	1.181144527058387
16.93	1.1557045164857525
16.94	0.9878383740857535
16.95	1.6192572718749823
16.96	2.24740895321996
16.97	1.6610027109278989
16.98	1.4364931770625102
16.99	1.4574421348981634
17.0	1.9213947375053126
17.01	1.9429929533047183
17.02	0.9968078968218352
17.03	2.4955355948162063
17.04	1.406197844220058
17.05	1.7559152604406445
17.06	2.020899384464656
17.07	1.1631643766313151
17.08	2.483788206422878
17.09	0.5415051472979735
17.1	1.3320572641641522
17.11	1.2852033639499107
17.12	2.2142104741765594
17.13	1.772684480139878
17.14	1.3540421388013053
17.15	2.361101114127432
17.16	1.701711851317613
17.17	1.0103605905739008
17.18	1.9217483026274067
17.19	2.788253148821465
17.2	2.1022361028232477
17.21	2.051084264520982
17.22	2.186707459870356
17.23	2.976947931978155
17.24	1.9032533922640673
17.25	2.9294725396116617
17.26	1.9958001606722766
17.27	1.938881110564512
17.28	2.0279490008051746
17.29	1.9908773420685533
17.3	3.0623578353601237
17.31	1.713270879116536
17.32	2.70314428520593
17.33	2.0357964921012184
17.34	2.3869839593247884
17.35	2.599097506511385
17.36	2.374704983595014
17.37	2.764549909033574
17.38	2.5959871579715834
17.39	2.8569297420684316
17.4	2.471381082320349
17.41	1.8130517186075565
17.42	2.709931438851438
17.43	2.5985909664921443
17.44	2.58395867827962
17.45	2.5616955257316443
17.46	3.6631776299371066
17.47	3.1031095158000714
17.48	3.0367195460365064
17.49	3.3452541098024957
17.5	2.792600399706459
17.51	2.5227077822457
17.52	3.1047275803800463
17.53	3.8531084013895196
17.54	3.334065941676547
17.55	3.1588229645931913
17.56	3.2463785830399177
17.57	3.0745215751259374
17.58	3.2769000434896114
17.59	2.1576036633876705
17.6	3.5457891889898887
17.61	4.184188230660105
17.62	3.332093335215231
17.63	2.9058864493727476
17.64	3.940672179331029
17.65	3.1446400474678917
17.66	3.1965086349218894
17.67	3.16305772022979
17.68	4.513565199996395
17.69	4.183968394252689
17.7	3.105745936938373
17.71	3.29407407179852
17.72	3.944218236328898
17.73	4.159269361357862
17.74	4.097810051454688
17.75	3.463747395061196
17.76	3.9521087060815407
17.77	3.4111860327837085
17.78	3.2694826488860325
17.79	4.114591607552255
17.8	4.173116768403084
17.81	4.332016181653058
17.82	5.334708400573379
17.83	3.561193456534097
17.84	3.8176801153902478
17.85	4.348057653200312
17.86	4.046884765971717
17.87	3.645868185670781
17.88	4.3446227141607405
17.89	3.9657417634920833
17.9	4.697415605280424
17.91	4.9645409396563025
17.92	3.687940318223001
17.93	5.086458161654165
17.94	3.913455618089749
17.95	5.686264782924181
17.96	4.157458757799141
17.97	5.278426980082449
17.98	5.202229844195271
17.99	5.782303030089873
18.0	4.9136229191370004
18.01	4.036410496222074
18.02	4.125599522976417
18.03	5.126907235538622
18.04	3.5887111105746095
18.05	4.4970999819381285
18.06	4.347447334112631
18.07	5.332641791164636
18.08	4.943176513704397
18.09	3.8518492722505515
18.1	4.770764376147973
18.11	5.215817839429724
18.12	5.260069149989341
18.13	4.258728999776436
18.14	4.467039400554585
18.15	4.4322070048961555
18.16	3.141802800478343
18.17	4.263448581931849
18.18	4.080545375799501
18.19	4.4781441553889145
18.2	4.935864966347083
18.21	4.859588675385134
18.22	4.7864789036126405
18.23	3.6054505806566755
18.24	5.229096526855805
18.25	5.302563271524798
18.26	4.665524483475627
18.27	5.4412339629447875
18.28	4.975998063656193
18.29	4.398229516973696
18.3	4.4722524659684595
18.31	3.6694547131261928
18.32	4.603313093379368
18.33	4.650212349478402
18.34	4.575050225131884
18.35	3.3414581523912377
18.36	3.901865802237616
18.37	2.6386372684549544
18.38	3.73326832215015
18.39	3.7734607240822697
18.4	3.9638064855262183
18.41	3.4115687833010577
18.42	4.306972731444417
18.43	3.9101867762600975
18.44	3.9943540234513684
18.45	3.723274268876528
18.46	2.7942230853280225
18.47	3.5891965491924673
18.48	3.8324782053270527
18.49	3.5239174542737364
18.5	3.3347513689126123
18.51	3.4705259079390887
18.52	3.6318513138040394
18.53	4.5010742406579745
18.54	3.1146506861906795
18.55	2.6944527917054133
18.56	3.164694329129019
18.57	3.911212710985696
18.58	2.4917763885078426
18.59	2.739278056270907
18.6	3.489372613163223
18.61	2.3724268003729057
18.62	3.365269640286051
18.63	3.483922045543272
18.64	2.665131856223814
18.65	2.2266462064438883
18.66	2.5555387691937725
18.67	2.993533755435337
18.68	3.0280956642125365
18.69	2.619651919529266
18.7	2.525873529628787
18.71	2.1415971597698933
18.72	1.7057578010421093
18.73	2.3915854407972157
18.74	2.3417815817054066
18.75	2.4564256257187904
18.76	2.3439636713528076
18.77	2.593449680839003
18.78	2.2527650908465504
18.79	1.5815481952446075
18.8	2.3288772638041397
18.81	1.7709849974759093
18.82	2.558553375346178
18.83	2.66054226600712
18.84	2.5596656804695628
18.85	2.949263788363772
18.86	2.489833111630118
18.87	2.3901601079378505
18.88	2.479667819849907
18.89	2.5996679204421613
18.9	2.136212705510589
18.91	3.1289635056107965
18.92	2.9567448582307705
18.93	2.4367393314450805
18.94	2.115737669284976
18.95	2.7322077167066317
18.96	1.761805039282824
18.97	2.678805399725139
18.98	2.938170329274004
18.99	2.7630684993927397
19.0	3.723843497782986
19.01	2.794183930317637
19.02	2.2677819814884685
19.03	2.7887706155371377
19.04	2.322304156883928
19.05	2.9731065338052427
19.06	2.9554440294224347
19.07	2.516774276886077
19.08	3.3074760122814135
19.09	2.1283592648375667
19.1	2.1602815235145183
19.11	2.534471486191948
19.12	2.3611853311579836
19.13	3.370638861316506
19.14	2.8967942288022788
19.15	2.342119975010419
19.16	3.115788968843944
19.17	2.4606132600445827
19.18	2.518381499200326
19.19	2.0893244587275923
19.2	2.6426795711447566
19.21	3.2136334261702153
19.22	2.874007710630268
19.23	2.657453092653096
19.24	2.7570675503712567
19.25	2.6891275638458287
19.26	3.255427198363167
19.27	2.0021630794572993
19.28	2.564862459081416
19.29	2.564452201551613
19.3	2.718416891510664
19.31	3.0565549837098613
19.32	2.686994908406265
19.33	2.1635738482890066
19.34	2.7858535284732455
19.35	2.7064030941154087
19.36	3.2574129445707554
19.37	3.075989352666061
19.38	2.449516502109227
19.39	2.742886445604568
19.4	3.087355035501227
19.41	3.3331470854853276
19.42	2.4934682346529056
19.43	2.6052934023595555
19.44	3.082151225946364
19.45	2.816627809044948
19.46	2.2870488304833376
19.47	3.213688243482866
19.48	3.5218930235136936
19.49	3.497586989559803
19.5	2.0737789502251975
19.51	2.5660817565500986
19.52	2.4359210798887387
19.53	3.1003353636852093
19.54	2.967399022128953
19.55	3.017162950821716
19.56	4.423634079319705
19.57	3.7445760881181296
19.58	3.1236576849461013
19.59	3.330890206510716
19.6	3.1920115140755474
19.61	2.032354726578229
19.62	2.8781989429421637
19.63	2.816731932196022
19.64	2.9510623570132
19.65	4.444228897740216
19.66	3.13082548038704
19.67	4.529893580809701
19.68	3.957191565418044
19.69	2.840874751103819
19.7	3.9301043882174715
19.71	3.7539100885006462
19.72	3.8249001494036827
19.73	3.580678252456618
19.74	3.1240335119475446
19.75	3.994983703860293
19.76	4.623396348704867
19.77	3.616302384164747
19.78	3.1613222267688066
19.79	3.918197126473408
19.8	3.8763497991846045
19.81	4.190903157195526
19.82	3.923591593407262
19.83	4.508338286930853
19.84	4.0587072109234725
19.85	3.289519182964876
19.86	4.926674392894118
19.87	4.600722842605929
19.88	3.6148474295506143
19.89	3.0845759566676922
19.9	4.354125562534849
19.91	3.769871012172157
19.92	3.676671741443651
19.93	4.230050838476763
19.94	3.649110808668195
19.95	3.203188915874569
19.96	4.176777746021582
19.97	2.90583281892925
19.98	3.40171419788909
19.99	3.3382237575337617
20.0	2.9110702675605986
