10.01	-0.8681927732967852
10.02	-0.928276918594486
10.03	4.05773598602952
10.04	1.2985760392175991
10.05	-2.638470303636049
10.06	1.9525844573837654
10.07	0.6479857409750804
10.08	-0.5443311737429065
10.09	1.7458925389132225
10.1	0.5938322995046764
10.11	-1.0118485238845052
10.12	-0.15961658450109506
10.13	0.2835920538840305
10.14	1.398625385467469
10.15	3.4487749200202615
10.16	2.2860521514629153
10.17	-3.0254017435119414
10.18	-0.4629009582476912
10.19	1.8471049597567601
10.2	3.193488292755555
10.21	1.3248437153916721
10.22	1.7436068068368729
10.23	0.07011233687552226
10.24	2.441338596043501
10.25	-1.4756193173649548
10.26	-0.8219158007197142
10.27	-3.5270392658195733
10.28	0.5655076555900735
10.29	-2.401521930682798
10.3	1.9185938531611364
10.31	2.663042343486777
10.32	-0.29357567070273494
10.33	-1.1456091665109196
10.34	1.7031514157040633
10.35	-1.4609317376584443
10.36	-0.8179112544745445
10.37	0.27088983856152166
10.38	1.2432414869863597
10.39	2.3439037150501014
10.4	-2.404933372683052
10.41	0.5241481676192927
10.42	0.15330984284337645
10.43	1.6369684756435068
10.44	3.8841530103455137
10.45	1.402859172518013
10.46	4.288130012172127
10.47	1.19309646450514
10.48	-0.04256490253829126
10.49	2.3687061114123433
10.5	0.46235058120238476
10.51	-0.4364386967169418
10.52	0.30351942530296966
10.53	0.6297136637220503
10.54	0.4626586052889595
10.55	-0.590740665771225
10.56	2.8789008678230843
10.57	2.236075406560955
10.58	0.552800571911777
10.59	-2.083599294061235
10.6	-0.07195933826145073
10.61	0.14272953070080158
10.62	1.1121821657522393
10.63	-1.6122282086474056
10.64	-2.6589796040690725
10.65	0.8745768667724739
10.66	0.6900842727980263
10.67	2.859884054875795
10.68	-2.010463372880891
10.69	-0.02083090413943134
10.7	-1.61499779129221
10.71	0.4096769599228653
10.72	-1.1008798870517347
10.73	1.1527080256980515
10.74	2.656908404479121
10.75	0.8082210089635966
10.76	-0.9902524172829141
10.77	1.2098736700195118
10.78	0.7298421077869487
10.79	-0.039906267829330266
10.8	0.05940686997268657
10.81	-1.229329474927194
10.82	-1.0758237107634225
10.83	-0.0686123437317494
10.84	1.3931338696780484
10.85	0.3084653199429255
10.86	0.377562158610706
10.87	1.1458286500937311
10.88	1.4689329745234856
10.89	0.5320195519321678
10.9	1.9027032702023674
10.91	-2.3782218730501348
10.92	2.975916696091838
10.93	-0.004254545613451954
10.94	-0.24870778427872775
10.95	2.048095819188189
10.96	-3.8869208448580492
10.97	0.5246268976749331
10.98	1.8413738973398508
10.99	-1.5470599438089456
11.0	-1.0456615559807978
11.01	3.3810709090316005
11.02	0.6437464021898935
11.03	1.706580034467196
11.04	0.03503786373272888
11.05	-0.4708439651605009
11.06	0.5295518167850914
11.07	1.2695913330429929
11.08	0.5597996616594803
11.09	-1.4258284197571056
11.1	1.8570857788002133
11.11	-0.11380354776321888
11.12	-1.2431127079607247
11.13	2.1040914123125827
11.14	3.081457118235795
11.15	3.1095996174591845
11.16	0.7520628816863137
11.17	2.890393887701772
11.18	-1.6001265640228683
11.19	1.058219175908842
11.2	2.355797770577295
11.21	-0.2144952175966437
11.22	2.530048042925206
11.23	-1.6233020332649026
11.24	0.7780574426687079
11.25	1.4032948973469934
11.26	2.2512315497166004
11.27	0.10601781494990586
11.28	-0.6980560467043947
11.29	3.7136955450971443
11.3	0.6660115995378146
11.31	2.1056709725329035
11.32	-1.929703240944058
11.33	-1.7850880365429447
11.34	-0.29469926456237705
11.35	0.456729514758189
11.36	0.7812846077835125
11.37	2.1596513158894153
11.38	0.566467824133657
11.39	1.9051682787578614
11.4	1.7935114062810986
11.41	-1.9206513054672132
11.42	0.8153058702149036
11.43	0.40569957812712226
11.44	1.7344811105549858
11.45	-0.5397229251743191
11.46	1.1791003491765935
11.47	0.2827953577715683
11.48	1.4881828573722213
11.49	0.1983109268538361
11.5	-2.859642964375788
11.51	-0.6558862800356535
11.52	-1.4664434962879918
11.53	2.774083643570716
11.54	-2.199804777697884
11.55	1.3412139301095733
11.56	0.2623441978498371
11.57	3.072919751449215
11.58	1.9595406292427138
11.59	-0.4462407166124692
11.6	1.2895202236696433
11.61	-0.3790730106740623
11.62	-1.2493823660164871
11.63	0.32674392750264347
11.64	1.3170197579912486
11.65	2.6736207826622773
11.66	-0.1312070879049509
11.67	-0.9195992819379468
11.68	-1.4816168974881245
11.69	3.6531942163136724
11.7	-0.24620028454860898
11.71	-1.5507646277334541
11.72	1.159947221284512
11.73	0.856435415806063
11.74	0.7685325093903668
11.75	-1.685447318204703
11.76	0.4376452983359237
11.77	-3.7678688251417984
11.78	-0.5180399211305708
11.79	-0.014575721647684059
11.8	-1.7420713800422374
11.81	0.6574972489140002
11.82	2.2443841337755965
11.83	1.9014547173862715
11.84	3.311151215515423
11.85	1.548023413419123
11.86	2.408646527692351
11.87	1.9038435167083112
11.88	3.2537806584696205
11.89	-1.655355623073655
11.9	-0.6430661572073562
11.91	1.4784296153619432
11.92	-0.1203754525612265
11.93	2.1517609169690504
11.94	2.280255205342962
11.95	-0.22074112885990727
11.96	1.6959226285505178
11.97	1.1340437232923621
11.98	-0.09115783704093017
11.99	0.6354585751782726
12.0	1.469700304762957
12.01	0.5511473831579825
12.02	0.7721966049585332
12.03	1.2343404517845995
12.04	-0.41448765463788106
12.05	1.7186776632765801
12.06	0.3037065581552073
12.07	-0.9092909548505816
12.08	1.3683602580091332
12.09	0.3153905249578307
12.1	-0.6105002008648324
12.11	3.137685276813912
12.12	1.1547745671831866
12.13	-0.21083744758721218
12.14	-1.5710980251485596
12.15	0.30019667465266464
12.16	0.7953557265872413
12.17	2.0650943760304585
12.18	-2.160047436285801
12.19	-0.8729392205923454
12.2	-1.2026491896160634
12.21	2.5384790712672562
12.22	0.7070210221657776
12.23	-0.17930890387683646
12.24	1.8424742222419843
12.25	-1.1203752604710822
12.26	0.7560670223451313
12.27	1.6798917446802137
12.28	-3.368220206887126
12.29	-1.256844138846435
12.3	0.8874129400703581
12.31	1.5347349021426588
12.32	0.7402212693751518
12.33	0.9781072572856278
12.34	-0.42454700175429894
12.35	-0.7248637612037956
12.36	0.9193251556597071
12.37	-0.023964238853788067
12.38	3.5123990194193806
12.39	2.5698142631379133
12.4	-0.9854421277559089
12.41	1.5160556286855502
12.42	-2.3319174394227424
12.43	0.6395826819254364
12.44	1.7438387647251012
12.45	0.25990539421238845
12.46	-0.24858188287041794
12.47	1.5510292225136462
12.48	-0.2551853096181214
12.49	1.4767157146547514
12.5	1.1114976952127333
12.51	0.7301520036946068
12.52	-1.850672705786455
12.53	-0.8822776787177358
12.54	1.3384768268257181
12.55	-0.3246568312038873
12.56	-0.5787201562120472
12.57	1.2956507013948506
12.58	0.31116227097498494
12.59	-1.2969300029795592
12.6	0.0845240383261463
12.61	-0.861543940237576
12.62	-1.7657101052868638
12.63	-2.5239319749551794
12.64	-1.1341106941245724
12.65	-1.9034349514669193
12.66	-1.398998836495324
12.67	-0.6607781432773399
12.68	-1.2965178466691842
12.69	0.22939245475460862
12.7	-0.9295651286895641
12.71	0.6005512794453878
12.72	-1.1563880414943901
12.73	0.20912574940980605
12.74	-0.19324626107377108
12.75	0.7268836171856901
12.76	0.12281468221348625
12.77	2.7677509068281827
12.78	-1.5111149282703717
12.79	1.789602604897257
12.8	2.4760162543839574
12.81	-0.7208987924319654
12.82	-1.4275768830933973
12.83	-0.9775662908189149
12.84	-1.2301146025743015
12.85	2.890944586888166
12.86	2.6963998540259086
12.87	-0.4757913711966109
12.88	-1.5502191424446026
12.89	-0.7640216854501465
12.9	1.7718945337068197
12.91	3.6053302255538915
12.92	-0.17593066722560413
12.93	1.0211073642670003
12.94	-1.2787278439366707
12.95	-1.6251632927145307
12.96	0.6291219257381706
12.97	0.8848380347198403
12.98	-0.34337009261545054
12.99	-1.8691931487770461
13.0	2.126558440914119
13.01	3.151931137450807
13.02	0.11919651102167592
13.03	-2.1692894296716005
13.04	2.2305522491404144
13.05	-0.08300194917533302
13.06	2.765773022720778
13.07	-0.44650072001990676
13.08	-0.14640988159431395
13.09	2.2076098774134847
13.1	-0.509381342448604
13.11	-1.168128799569454
13.12	0.4817556415250862
13.13	-1.1937729793881189
13.14	1.0822070431639783
13.15	-0.07452996047933486
13.16	-3.4147386205474413
13.17	-0.26126987915808836
13.18	1.4116460722300732
13.19	-1.56418631788201
13.2	1.5230188505484359
13.21	1.1947593432689099
13.22	-1.3327285744979973
13.23	-0.18306187535947288
13.24	0.048371812785776847
13.25	0.3309306881819064
13.26	1.6561377137978572
13.27	-1.4823602490886538
13.28	-0.3348599741066546
13.29	3.828428485473753
13.3	2.163054040202523
13.31	-1.4393752403854092
13.32	-0.10593672873781881
13.33	-1.0502787044177124
13.34	-0.3019614178388736
13.35	-0.27335846944484843
13.36	3.4291962817151735
13.37	0.10044372661074093
13.38	1.8794297855027182
13.39	0.23883174942593174
13.4	1.263243363392202
13.41	2.582291965936996
13.42	-1.0599774184989375
13.43	-0.616786498020029
13.44	0.263579666971992
13.45	-1.0492956812183016
13.46	2.3027818574629704
13.47	1.33815789895961
13.48	2.990906657426377
13.49	-1.1901113967270365
13.5	0.6824256909696076
13.51	-1.017008656428042
13.52	0.9886426907018966
13.53	-0.23949303092752644
13.54	1.3759477703706358
13.55	2.2937615558485756
13.56	0.37345746798580626
13.57	-0.9797950024070372
13.58	0.4138450305095132
13.59	2.7124651735891554
13.6	0.33342116006065037
13.61	0.9036176213959055
13.62	0.24604009910064162
13.63	1.8360192547367205
13.64	1.1709851252939643
13.65	1.1318776861876907
13.66	0.8250225587626858
13.67	-0.3821109211997839
13.68	1.7501383638648336
13.69	0.6717845019243461
13.7	-0.6774512885420376
13.71	1.9788100332488239
13.72	-0.7191120592799112
13.73	1.2994758230061942
13.74	-0.3252078304328002
13.75	-0.3591543514243684
13.76	-0.8158279834758841
13.77	-0.11797297966427212
13.78	-0.7392796439957676
13.79	2.231171302251524
13.8	-0.17321414065083196
13.81	3.002734078832417
13.82	2.48589618746423
13.83	1.8350924980029697
13.84	1.0754381263499804
13.85	0.10568970497596977
13.86	0.6863377074843651
13.87	-0.30924851134415093
13.88	-0.6992851944388807
13.89	-0.3646538507580261
13.9	0.783669960829217
13.91	-1.7877217408907993
13.92	-1.6144595083846704
13.93	-0.567357035638598
13.94	1.166607533283917
13.95	-0.85770466060476
13.96	1.3303991364014882
13.97	2.198662626176814
13.98	0.7896041551802282
13.99	1.3849418725832063
14.0	0.7967888476924554
14.01	1.5567164942172105
14.02	0.15066729634050965
14.03	0.10754128348183112
14.04	0.40580708536079346
14.05	1.6344853846142613
14.06	0.5957326324374027
14.07	1.7008415384832576
14.08	0.7031120830574797
14.09	0.47862599846702086
14.1	0.18171069922444383
14.11	2.82571511253673
14.12	-1.4931756422842006
14.13	1.2090134454475563
14.14	-1.2144285999166544
14.15	1.4868567630722338
14.16	-1.6507934537795903
14.17	3.5408613823377806
14.18	-0.55055935911776
14.19	1.1461375575082402
14.2	-0.9496059068242926
14.21	0.7417708399110448
14.22	0.5024274020511031
14.23	0.49106143558267384
14.24	-0.944083245495061
14.25	-1.765456415583112
14.26	-1.5497243567834298
14.27	-0.8012499748522894
14.28	-0.7200248887905922
14.29	-0.6204816255640385
14.3	-0.6305409765401133
14.31	-1.5744441092697197
14.32	0.6840202181952251
14.33	-2.5643658462305927
14.34	0.1165821815902424
14.35	-0.1352265122191459
14.36	-1.370259176555197
14.37	-2.474388870421742
14.38	2.2360640739764452
14.39	1.0146446470133041
14.4	0.8861160157810355
14.41	-0.11909538817545545
14.42	-1.6243048483177096
14.43	-0.2149487785684478
14.44	-0.6980496185556386
14.45	-0.9697513161229003
14.46	-2.3996801650605595
14.47	-0.037575440550058514
14.48	0.5783488718065732
14.49	-0.06844166987611072
14.5	1.3286528161107587
14.51	-0.9706194848794489
14.52	0.5717019890882367
14.53	-1.2179786672137067
14.54	1.5456266979032638
14.55	-1.1671468248772436
14.56	0.4282628304385
14.57	0.34651165012997887
14.58	-0.6605713484130578
14.59	-2.032122366655192
14.6	0.6711461772847589
14.61	0.12745243912548088
14.62	0.1774280627477017
14.63	-0.40601042930320613
14.64	0.7586985428902295
14.65	-0.5440570773236755
14.66	-0.5778946362600701
14.67	-0.858014692878567
14.68	-0.858526948753098
14.69	-0.8871675781241644
14.7	1.1185287273142124
14.71	-2.8945947086404855
14.72	0.6946540768653657
14.73	-0.31804292734418266
14.74	0.7978300531637881
14.75	2.90501777712404
14.76	-2.409363409297839
14.77	0.027593123331605338
14.78	0.27243367156432696
14.79	-0.3365546126310784
14.8	-1.0231626972795802
14.81	1.416388771937171
14.82	-1.0681667441112177
14.83	-2.86497861562036
14.84	1.0472095388671856
14.85	-1.1093634105694516
14.86	2.1183244777644155
14.87	0.18092706367595823
14.88	1.368163958568508
14.89	1.4679855656977898
14.9	0.9167984115823835
14.91	-0.7481759634982847
14.92	0.023021145234435797
14.93	-0.5283650692424735
14.94	-0.48668770149900614
14.95	-0.41711010779072105
14.96	0.5225847996843154
14.97	1.5857214891419658
14.98	0.275540181785086
14.99	-2.0356425195085963
15.0	-2.341478358041747
15.01	0.49260783873488806
15.02	-1.1123487188438568
15.03	1.9508069041550142
15.04	1.3136768994424226
15.05	0.9694929589038472
15.06	-1.25513720271083
15.07	-0.7683341579375949
15.08	-0.9233227228625085
15.09	-1.1373013630671425
15.1	0.9616341341185513
15.11	0.7084277780819399
15.12	2.756397502253867
15.13	-2.4475648485708223
15.14	2.4503882041673823
15.15	-0.4991665273243843
15.16	-1.7617883388213553
15.17	0.9179924234426857
15.18	2.310846212782847
15.19	1.703954553044587
15.2	-1.5344259640613418
15.21	1.0738473484223372
15.22	2.880272239106191
15.23	1.337928163614111
15.24	-0.2937582952549706
15.25	-0.042891654270490326
15.26	-2.205036271157976
15.27	2.5067127234227664
15.28	2.3279955272624075
15.29	-0.29873804434773393
15.3	-1.2857429839695729
15.31	-0.20029423678511943
15.32	2.6142098807248155
15.33	0.42253141565744706
15.34	1.2840804901136065
15.35	0.20503298367955552
15.36	-1.955161440894784
15.37	0.38339226840071794
15.38	1.6293002433682438
15.39	2.5238093918891624
15.4	1.6298196451100855
15.41	-1.9839244950731283
15.42	0.16400707506276765
15.43	-1.0253063091610806
15.44	-3.492634179593912
15.45	-2.1968766676081057
15.46	-0.5427797434183116
15.47	1.358396716079116
15.48	0.025085343190311596
15.49	0.7518118245048468
15.5	-3.1281032663027224
15.51	-2.14737013465242
15.52	1.439268349081558
15.53	1.473578496432574
15.54	-0.3624548588399101
15.55	1.1908768062678718
15.56	0.901795335078057
15.57	0.6710231664322897
15.58	2.3761220328887407
15.59	-1.4198220808806692
15.6	-0.294573207247772
15.61	2.593909802044408
15.62	2.032803258278516
15.63	1.0152755635469008
15.64	4.244266204785024
15.65	-0.006721263737212851
15.66	1.7843403667301363
15.67	1.02922664113987
15.68	-0.4648666608742238
15.69	-0.5865133274469467
15.7	-0.497635626495379
15.71	0.6974856734204806
15.72	-1.5341956852667114
15.73	-0.6174714779454915
15.74	-0.1812522866864154
15.75	1.4234109674418047
15.76	-0.04524182207492078
15.77	0.9839395356590923
15.78	-0.3110749535675328
15.79	0.5828308403922369
15.8	-0.504612242378452
15.81	-0.37882662489316604
15.82	1.2059803869187495
15.83	-1.0567344051610308
15.84	0.27502680126599655
15.85	0.987582552889777
15.86	-1.7855100074736177
15.87	-0.48227536748514627
15.88	-0.6547891295531199
15.89	1.014448185724756
15.9	1.3542974018868128
15.91	1.4648108616115605
15.92	-0.9073529879147384
15.93	0.7217404470895246
15.94	-0.4909280363321326
15.95	-0.4493194153466547
15.96	-1.802499171841741
15.97	1.0012127747985566
15.98	-1.5749445930209942
15.99	1.73563993106021
16.0	2.508848145138124
16.01	3.7036283652493838
16.02	0.8576133684352082
16.03	-1.735468363701626
16.04	-0.21715551555248064
16.05	0.03422918946670664
16.06	1.2263129862944002
16.07	-0.22013293504087228
16.08	-1.2884731425124607
16.09	-0.6021240094268971
16.1	-1.329172765159055
16.11	0.6825635326042376
16.12	0.9026437417753324
16.13	-1.199511272738165
16.14	0.9582720973559313
16.15	-1.6816292532205461
16.16	-1.818853310582468
16.17	-0.5103381999396885
16.18	0.5650105560360423
16.19	-0.6001173921802951
16.2	0.6325309117007235
16.21	1.7239162098882532
16.22	1.8609945567637949
16.23	0.8805942872559481
16.24	-0.7870726622186686
16.25	0.9974525731549545
16.26	1.4981413341430352
16.27	0.28679893148583113
16.28	-0.16291768280812802
16.29	-3.2622369363321355
16.3	0.5310562522240576
16.31	-0.4137320317535926
16.32	0.957319634800541
16.33	-0.4101418596448712
16.34	-0.015869500300430023
16.35	-1.0216495849329164
16.36	1.231261032438774
16.37	0.9313634466579905
16.38	0.4845262861271575
16.39	2.6811137038686814
16.4	0.9513875838927673
16.41	0.02176921598118149
16.42	-0.4919099438236159
16.43	1.7295635251774222
16.44	0.685542166501101
16.45	1.044426467742135
16.46	-1.6844232680382663
16.47	1.7498268611246408
16.48	-2.936898376801624
16.49	2.2863122957341595
16.5	-0.94621159615957
16.51	0.26773872458137865
16.52	0.3077978130658372
16.53	-0.6241926262222028
16.54	2.5226721419636116
16.55	-0.30034954693717897
16.56	1.245400676965531
16.57	0.24389604625999933
16.58	1.9357849987901763
16.59	-1.6940233492786394
16.6	0.04275888016282855
16.61	0.36060217715346543
16.62	4.16550737909541
16.63	1.7663213267425009
16.64	-0.9144200095273964
16.65	-1.0031191235612291
16.66	1.8245762907588283
16.67	-0.2628619630566371
16.68	1.3264577050392614
16.69	-0.24223752295028658
16.7	-1.2329287336897083
16.71	1.5455329139064207
16.72	0.7948953063526363
16.73	1.4309664148074688
16.74	-0.583058747450726
16.75	1.2611279298024902
16.76	-0.2595214228497771
16.77	-0.6915721274306434
16.78	0.976917959736143
16.79	0.33256207985278263
16.8	0.28938616051869803
16.81	-1.4946524990386019
16.82	-0.5869537723132918
16.83	0.5100419413194183
16.84	4.498019939097773
16.85	-0.8423806640841051
16.86	1.2053923134384292
16.87	2.644404448579783
16.88	-1.4374715835401086
16.89	-0.18567007694400725
16.9	1.0611474072818576
16.91	-0.6253386770174705
16.92	0.23619288351911719
16.93	4.304388510083111
16.94	-0.873840706745557
16.95	-2.49178860386696
16.96	-0.6038059500437791
16.97	0.0019090590859166974
16.98	1.0044461393326667
16.99	-2.367764733083666
17.0	-4.547249030915069
17.01	3.419448103973711
17.02	-0.7479094468898375
17.03	2.0292002819977184
17.04	-1.6475823983681905
17.05	1.8246774604930307
17.06	2.758929513643644
17.07	-0.7262135442158425
17.08	-0.6187610944669275
17.09	-2.1046765695332055
17.1	-0.4129997231554436
17.11	-0.7832855219759677
17.12	-1.2372291716083952
17.13	0.8493328943568648
17.14	0.385070833566942
17.15	0.4927820146654393
17.16	-2.2706676164101935
17.17	-1.2130432401805653
17.18	-1.189990551832016
17.19	-0.3804425854894921
17.2	1.5735191778052682
17.21	1.2393886552787516
17.22	-0.07684632332719174
17.23	-1.356154005976335
17.24	-0.9601841985159887
17.25	0.0816617590475606
17.26	-0.0198175934566491
17.27	-2.7223670478837674
17.28	1.0571178505441128
17.29	1.3106222490285622
17.3	-1.3128787581953727
17.31	-1.3315811832629385
17.32	-0.5564706917361317
17.33	-0.2979794993102289
17.34	-4.0773831916790835
17.35	3.0478671625333034
17.36	1.3749504954669556
17.37	-1.811587768569318
17.38	-1.039518127120185
17.39	-1.951910843700604
17.4	0.46619765483496456
17.41	-0.5253292900982522
17.42	-0.2973210602359966
17.43	-1.462003917561647
17.44	1.8651937035940098
17.45	-0.9138642774899681
17.46	0.28048362424485024
17.47	0.23397013386387214
17.48	2.4059929004784353
17.49	-2.193390894160985
17.5	1.7955677862618196
17.51	-0.3021409738841003
17.52	1.218414556200649
17.53	2.6375094505966565
17.54	-0.5471763887103476
17.55	0.2809009743940777
17.56	0.7270966330066451
17.57	0.7227065496179995
17.58	-0.35652014211369476
17.59	0.9980304122383089
17.6	1.3979123798583895
17.61	-0.8054566734121087
17.62	1.1089021223736717
17.63	-0.73555537897173
17.64	1.72618578438043
17.65	-1.5462355529668181
17.66	-0.24795864968134743
17.67	1.0161894231844186
17.68	0.6430498069441157
17.69	-0.07213732127790379
17.7	2.1327043255021616
17.71	-0.15675640155875226
17.72	1.2978437605683033
17.73	-0.09622491407582759
17.74	-1.4013261836703965
17.75	0.7865129250288418
17.76	1.2205317001751286
17.77	-2.056047802847853
17.78	-0.3702386212265697
17.79	0.7717066895821048
17.8	-1.2415682186197727
17.81	-0.1558429376650245
17.82	1.9254096378608947
17.83	0.9276304568122147
17.84	-0.3010445507537337
17.85	0.7376799328761614
17.86	1.8721131375220335
17.87	-0.8304680303355779
17.88	1.6544790006974281
17.89	1.5293721125852655
17.9	0.44507262167148914
17.91	2.4234360835547992
17.92	-0.9805825294867608
17.93	-0.2077074872001975
17.94	2.9030243616106834
17.95	1.909949556622768
17.96	-1.4593138973025939
17.97	-0.6506875881084722
17.98	-2.048553897326075
17.99	4.303277966363028
18.0	-1.138346328019788
18.01	0.7948115108334333
18.02	3.596658296488101
18.03	2.282184353929733
18.04	2.5749746612401165
18.05	1.7801220907295412
18.06	-1.3614797964374548
18.07	1.9762227003633384
18.08	2.6419899558055944
18.09	0.018727807078052383
18.1	0.8572163645740172
18.11	1.8927197927043968
18.12	1.9700976113172843
18.13	-1.5196685354816974
18.14	1.83522332177753
18.15	3.819788848670815
18.16	-0.6905231567680211
18.17	1.9776680797011958
18.18	0.2526889741989588
18.19	0.11511601227429524
18.2	-0.6245748384050415
18.21	0.9569848431392299
18.22	1.1696498692407666
18.23	-0.7916527846222191
18.24	-1.414054591071722
18.25	-0.7796960993750114
18.26	-0.9220906363429254
18.27	-0.03817014560035292
18.28	4.211139161645432
18.29	-2.2605635649791447
18.3	1.279226767467573
18.31	0.11753622280841403
18.32	-1.519557151255699
18.33	2.3575513229125056
18.34	-0.14899334569049916
18.35	-1.0545434725616956
18.36	0.11309672805578347
18.37	3.9834358508105674
18.38	-0.23093127302723448
18.39	1.6577097310120243
18.4	2.2017004333911747
18.41	1.2510038430178203
18.42	-0.4056137594289082
18.43	-1.706648110410173
18.44	3.2624072643312245
18.45	-1.3429582999037935
18.46	2.804949322371427
18.47	2.8258208684509682
18.48	1.4807791805108144
18.49	0.5658848493014804
18.5	-1.7666424161369427
18.51	0.7004742972866915
18.52	0.094384474825706
18.53	0.16656157579828662
18.54	2.062817372292277
18.55	1.2141273952592169
18.56	0.7752922622922491
18.57	1.4282984271656707
18.58	0.26250210317395223
18.59	0.12418574155066886
18.6	-1.5280532371679736
18.61	2.1929102548570767
18.62	0.15644789555371952
18.63	-0.6372980051692599
18.64	1.0196914887757487
18.65	-0.8235109444291774
18.66	-2.0766328446700975
18.67	1.1306777453782662
18.68	0.10728995703872862
18.69	3.427980346529249
18.7	3.377940501038804
18.71	2.426068973167739
18.72	1.1139137383970301
18.73	-0.13604557505133452
18.74	-1.821539583156024
18.75	0.03944716355784522
18.76	1.852854327401662
18.77	0.8838684866187265
18.78	1.247011803741809
18.79	1.3258013183279893
18.8	-0.7067472614817477
18.81	-0.4742152052751504
18.82	-2.995543845437108
18.83	-1.285504642835555
18.84	-2.410749455415423
18.85	0.19049907670095723
18.86	0.9494000145758188
18.87	0.6521664309133601
18.88	1.0055362057496555
18.89	-0.9032038927550013
18.9	0.37418839316881564
18.91	0.14370425305216722
18.92	-0.042536090006048854
18.93	-0.9213765976482794
18.94	3.671753433469138
18.95	1.1730373462932797
18.96	0.5732985969741219
18.97	0.7624834079231362
18.98	-0.43234412522002474
18.99	1.2819899655059395
19.0	-1.4154039887752283
19.01	-0.3087127544549566
19.02	0.7960231167484815
19.03	0.8920475550302855
19.04	1.326797135908853
19.05	0.522314598108799
19.06	3.2063012828854442
19.07	-0.47652851661098505
19.08	-0.14060702596962726
19.09	3.670346820121619
19.1	3.024310316851635
19.11	1.760553774549336
19.12	-0.36621555714473986
19.13	0.5046674682424714
19.14	0.5811636295306953
19.15	0.20495157083861226
19.16	-0.1890749655396602
19.17	0.8369801677547347
19.18	-0.17973492571280547
19.19	-0.9097820755503564
19.2	0.8771743319714913
19.21	-1.1533214558826437
19.22	1.853020237541362
19.23	2.549215132234051
19.24	0.7295739098593528
19.25	0.021793422822684927
19.26	-1.3688337503423975
19.27	1.018417550349195
19.28	-0.5154609877863324
19.29	-0.20698837277686633
19.3	4.505282861694694
19.31	0.6994128928928329
19.32	1.175916486824962
19.33	1.719622699538617
19.34	1.1420494813444488
19.35	1.3079195787307925
19.36	3.9081237022258257
19.37	-1.7065822815107548
19.38	0.8021753479274831
19.39	-0.16796662816222752
19.4	0.4740871583801574
19.41	2.324389128653048
19.42	1.6554016207214297
19.43	2.218049748687102
19.44	1.3129958484835758
19.45	4.137807348081358
19.46	3.874277680155166
19.47	0.1495290527770642
19.48	0.8778605343496888
19.49	0.7009967008818557
19.5	-2.1710900468854684
19.51	1.7059977573474354
19.52	-0.9210506820178715
19.53	1.599136646163147
19.54	2.4217303393774507
19.55	1.518278539423764
19.56	-0.03723954321800693
19.57	1.0091769537519735
19.58	-0.5224779785361086
19.59	1.9068104301464124
19.6	-0.9230993925593262
19.61	0.38306583662193333
19.62	-0.5373507214049867
19.63	-0.6286742502882018
19.64	-0.06943279985395256
19.65	0.08534809628376322
19.66	2.9933837770311524
19.67	0.1871170102912586
19.68	0.20995971855794365
19.69	0.9102312227456446
19.7	0.42166789329131577
19.71	-1.2231115295061468
19.72	0.7255790887953004
19.73	-2.0924648883699346
19.74	-0.2920962311283758
19.75	-2.1186163625990524
19.76	0.6363864924523455
19.77	2.173984200060908
19.78	-2.037477996307424
19.79	0.21313246727998453
19.8	2.0128608642675894
19.81	1.3096408172901635
19.82	0.6050485217428396
19.83	1.1388353468658803
19.84	3.562090671599737
19.85	1.2182361476740053
19.86	1.4661012314594428
19.87	-2.2034107615972762
19.88	1.1042183843438864
19.89	0.3922701032473261
19.9	2.106073960659194
19.91	0.7609148662369923
19.92	2.9499817197789238
19.93	2.882107672982219
19.94	1.8433978691579098
19.95	-2.8464111158706826
19.96	0.56849163639133
19.97	-0.6882999194183864
19.98	-0.3635325104427003
19.99	2.66217859682623
20.0	2.4081807364516656
