10.01	4.959451766984234
10.02	6.15082494639345
10.03	6.756942036671103
10.04	7.1411585630436925
10.05	7.87470741058205
10.06	7.196021133439912
10.07	8.539116544170056
10.08	8.85142600363151
10.09	10.262012198197038
10.1	11.158019403761362
10.11	10.426794720117522
10.12	12.07490408097603
10.13	12.1335250118154
10.14	12.230677829634264
10.15	11.858002498039026
10.16	13.388875785211898
10.17	14.134510197710885
10.18	14.860796380635863
10.19	14.663588015061988
10.2	16.348323131603173
10.21	15.049170676898466
10.22	15.412206812019424
10.23	16.346879478461275
10.24	16.776436557985676
10.25	17.375802702811576
10.26	17.384574590290146
10.27	17.90000189505907
10.28	17.943303901258012
10.29	18.29939731841692
10.3	18.669063701067845
10.31	18.402306070410106
10.32	18.939783757243497
10.33	19.863983621606458
10.34	19.202096194330135
10.35	18.927339617074754
10.36	19.134492453039794
10.37	20.227548816938587
10.38	19.716033751517354
10.39	19.79048781600368
10.4	19.475894333304467
10.41	19.616535971620646
10.42	19.554164175763155
10.43	19.663059103535144
10.44	19.903042194312917
10.45	20.08744026207978
10.46	19.822598631809523
10.47	20.021722804989025
10.48	19.39001959573873
10.49	19.647485695236725
10.5	18.970299349534674
10.51	19.432502180132595
10.52	19.305290421892494
10.53	19.928856077752094
10.54	18.28389498785652
10.55	18.643744057805407
10.56	18.047541818789913
10.57	18.48049156265718
10.58	18.49087704456245
10.59	17.55956635001099
10.6	16.958117475825336
10.61	17.865024395434784
10.62	17.212030774866975
10.63	17.207595190047137
10.64	16.060717024969524
10.65	15.754351410056247
10.66	15.32630116887939
10.67	14.687701568695301
10.68	13.561507729218203
10.69	14.807385613690816
10.7	13.91445663552786
10.71	13.834832375931782
10.72	12.578952960405395
10.73	12.704686325094716
10.74	12.295430770686728
10.75	12.706558407412059
10.76	11.090466611819325
10.77	11.619443157045733
10.78	9.951345572501076
10.79	9.850458652110891
10.8	8.868616193382314
10.81	9.207054117096822
10.82	8.367159498279419
10.83	8.082177873795139
10.84	8.662344114159463
10.85	7.25651788276039
10.86	7.629027033937245
10.87	6.925265622737978
10.88	6.451662332669124
10.89	4.615625800332623
10.9	4.0611445177214485
10.91	4.653326480910253
10.92	4.638701553101337
10.93	3.4570592279452823
10.94	4.282852114656764
10.95	3.1588519584759576
10.96	3.184531405733975
10.97	3.255549830569113
10.98	2.4906281817302514
10.99	2.2323149446918364
11.0	2.424944144770591
11.01	3.227380732521434
11.02	3.429651988926266
11.03	2.3418505001490866
11.04	2.160574819080122
11.05	2.2368683128370126
11.06	1.5251473651090275
11.07	2.1992174300466654
11.08	2.942479538321678
11.09	1.6090430974044225
11.1	1.876565458349209
11.11	2.611009045241509
11.12	2.0420836915226643
11.13	2.374746536131388
11.14	2.83258732482481
11.15	2.454248307046152
11.16	3.7124067213626497
11.17	2.8748646900993626
11.18	3.764449225836882
11.19	3.664520498519345
11.2	4.709836168783189
11.21	5.301814811231066
11.22	4.767056963103742
11.23	5.622383685496909
11.24	6.257325381495834
11.25	7.214258605216878
11.26	7.86407600284176
11.27	8.712400331857028
11.28	8.247990560473653
11.29	10.123718109583391
11.3	10.353690505677024
11.31	9.889764866953819
11.32	10.41216476143419
11.33	12.071086868619103
11.34	11.21239391843955
11.35	12.292106176760539
11.36	13.167600313355
11.37	14.126487523875857
11.38	15.233482077222378
11.39	15.83547014566737
11.4	15.722538953305927
11.41	16.836651922819968
11.42	16.95472259314866
11.43	17.530006248261117
11.44	17.374801407918362
11.45	17.780986391226275
11.46	18.98656843294877
11.47	19.21600967900549
11.48	19.263484629606893
11.49	19.428637410178098
11.5	19.59175790366052
11.51	20.319020692487925
11.52	20.905383873815463
11.53	20.93866112175863
11.54	20.977233848391442
11.55	21.106132133952777
11.56	21.884060781514467
11.57	22.243420475014705
11.58	22.339187270804704
11.59	21.681258430169823
11.6	21.00297391252496
11.61	21.638907752419936
11.62	20.96131906112301
11.63	21.466879503496113
11.64	19.815922773000473
11.65	20.22533330393193
11.66	20.703482440215115
11.67	19.474723639088715
11.68	20.167891555591
11.69	19.46276434358512
11.7	19.048058744518496
11.71	19.210027548901742
11.72	18.239022259005697
11.73	18.17838329060521
11.74	16.842492593441985
11.75	17.783732713587334
11.76	16.569722672691274
11.77	14.92650441762304
11.78	14.837580317145095
11.79	15.12220321050334
11.8	13.949158440969114
11.81	13.994117200072056
11.82	12.60941758949032
11.83	11.756029867954027
11.84	12.532021888235109
11.85	10.672581702061596
11.86	9.368049777759348
11.87	9.948220915401254
11.88	9.529053728687582
11.89	8.94238228594876
11.9	8.198654793528474
11.91	7.919194233153716
11.92	6.994550934743809
11.93	6.873359034792995
11.94	6.608556394853883
11.95	6.055782278294708
11.96	5.674470823465566
11.97	4.427511060911091
11.98	5.5305432390122125
11.99	5.169431389529853
12.0	4.124930412905278
12.01	3.7466391052782435
12.02	3.6737968860715746
12.03	3.2906717174768456
12.04	2.682184235408565
12.05	2.941190637251908
12.06	2.0922750973312487
12.07	1.0424667183684029
12.08	2.5983049476771543
12.09	2.051572671879158
12.1	2.636209887050146
12.11	2.117481190276843
12.12	1.9364009159810185
12.13	1.1819248846818287
12.14	1.8838523316337907
12.15	1.2064998559656033
12.16	2.7597440643951314
12.17	1.144186449864144
12.18	2.288143881195816
12.19	3.172610064823149
12.2	1.7662237657731032
12.21	2.569532843915099
12.22	2.6699238120545608
12.23	3.694488278969632
12.24	2.7475465604568807
12.25	3.250565305061084
12.26	3.9032947779805003
12.27	4.163714723940638
12.28	4.782384969573764
12.29	4.92864139059247
12.3	4.9011582055754515
12.31	5.359691084206325
12.32	6.026630636052982
12.33	6.190195759874509
12.34	7.619365173122054
12.35	8.101322543993012
12.36	6.656321269898409
12.37	9.247329128033797
12.38	9.19547756479967
12.39	10.320881904899593
12.4	9.743756801508454
12.41	11.176112302731088
12.42	11.22846054255712
12.43	11.90059822928513
12.44	11.974367363995096
12.45	12.978360972210133
12.46	13.187613542981403
12.47	14.670944658053354
12.48	14.778090480343094
12.49	15.411054742617264
12.5	15.607355713669378
12.51	17.745225693325665
12.52	17.195237766922983
12.53	17.4425199712694
12.54	18.249179925047233
12.55	19.53209537680548
12.56	20.27979169657679
12.57	19.987213857065214
12.58	20.112404282006768
12.59	20.97668514259309
12.6	22.3888636669493
12.61	21.99071456526488
12.62	21.83697934807385
12.63	22.325300154073748
12.64	22.73532393034908
12.65	22.685060241819876
12.66	23.538697231412463
12.67	23.646918800365636
12.68	23.254386996535988
12.69	23.307934593126436
12.7	23.557205070589156
12.71	23.590881580962606
12.72	23.73046631432499
12.73	24.399418322139276
12.74	23.558382555978504
12.75	23.325092262006407
12.76	23.10054274730349
12.77	22.73522161604631
12.78	23.051202355463495
12.79	22.619749566362568
12.8	23.14938376389318
12.81	22.53783674482212
12.82	22.109513163012213
12.83	21.58010061457296
12.84	20.979220517122556
12.85	21.193937837526157
12.86	21.212128690451415
12.87	19.04376244787629
12.88	19.642956634792416
12.89	18.884661155999844
12.9	18.396151716871703
12.91	17.886423584063888
12.92	16.977234807293232
12.93	17.006046989250045
12.94	16.075959148199953
12.95	16.25649722150608
12.96	14.652395303601223
12.97	15.177442292836824
12.98	13.390211246865592
12.99	15.3573685743411
13.0	12.963978892375836
13.01	12.790316960853374
13.02	12.24260468720925
13.03	10.69566417283568
13.04	10.823178578480777
13.05	11.164396526119237
13.06	10.422858499372753
13.07	9.40806157530227
13.08	9.296695375689108
13.09	8.656949034584162
13.1	8.288707141108398
13.11	8.425482520194434
13.12	7.21023581697892
13.13	7.906871603421294
13.14	7.221321445885487
13.15	6.38849427750136
13.16	5.780007944557587
13.17	4.753894930951223
13.18	5.710762048399259
13.19	5.1804506881422006
13.2	5.046617740666816
13.21	4.693702307455986
13.22	4.444950134594938
13.23	4.16836175388055
13.24	4.486054069722607
13.25	3.1701995909007374
13.26	3.8442994938932364
13.27	2.9244554893744685
13.28	3.998052355047438
13.29	2.6527884914355178
13.3	3.331956636464548
13.31	3.7434612378194694
13.32	2.738828544008752
13.33	2.3465058128364076
13.34	2.8234056369517164
13.35	3.8614089730111782
13.36	3.6299467520002713
13.37	3.4435273849433847
13.38	4.359939687430762
13.39	3.115453702125637
13.4	2.452332263070751
13.41	4.018703902220867
13.42	3.7896987739509216
13.43	4.096062620866344
13.44	4.690401029839356
13.45	4.451170447734806
13.46	6.071310341207389
13.47	6.156506385116526
13.48	5.8468297263988145
13.49	5.895005854365937
13.5	7.153274068741353
13.51	7.5022096876051245
13.52	9.041384555583399
13.53	8.975775508929432
13.54	8.772545511091295
13.55	10.202862403768687
13.56	10.196320126042055
13.57	10.8598001207591
13.58	10.372812848649813
13.59	12.666950936183161
13.6	12.31020729620082
13.61	12.351166682076133
13.62	13.953867111981905
13.63	14.200818259823572
13.64	14.773799011530745
13.65	14.822702013153156
13.66	15.19729646540097
13.67	15.725539066239879
13.68	16.21535962197824
13.69	16.679797247504908
13.7	16.399992310287796
13.71	17.036965526612374
13.72	17.686085439450117
13.73	17.770376087013137
13.74	17.395579176728194
13.75	18.459898529146
13.76	18.82247478462038
13.77	19.693281867913615
13.78	19.31360876610757
13.79	19.090245488651362
13.8	20.509316413900788
13.81	19.979515861809485
13.82	19.49040269693621
13.83	19.14423328108963
13.84	19.6591298955357
13.85	19.10881688722268
13.86	19.457401448766756
13.87	18.90602189146271
13.88	19.500503705554575
13.89	19.56538958546149
13.9	20.34810953565934
13.91	19.365765824347267
13.92	19.204979908473973
13.93	18.796906491284858
13.94	18.8031821608152
13.95	18.10222361934093
13.96	18.729859728618973
13.97	18.676841597089613
13.98	17.756691829695743
13.99	16.988922066971625
14.0	17.14463991537484
14.01	17.237413949406346
14.02	16.55426168500007
14.03	15.78523326681518
14.04	15.924499686877574
14.05	16.04270418883858
14.06	15.091604268582463
14.07	15.0238461533899
14.08	15.271189605680721
14.09	12.854654547822795
14.1	13.347883161358927
14.11	12.829896947499757
14.12	12.718753246106614
14.13	12.39026946268112
14.14	11.59984013005527
14.15	10.365988302597405
14.16	9.761292975890292
14.17	9.723920636743843
14.18	9.148235162948295
14.19	9.160858696083583
14.2	8.77004343597814
14.21	7.764765854470762
14.22	6.5922458569309885
14.23	7.0796960569079985
14.24	7.5147525061543785
14.25	6.644942492241498
14.26	6.290491634734957
14.27	5.256167103891316
14.28	4.736225223011061
14.29	3.989045713689813
14.3	3.3870874545645115
14.31	2.887504816611269
14.32	4.017845978396484
14.33	2.840907502757858
14.34	2.9114879916795005
14.35	2.222153036385878
14.36	1.898536845925738
14.37	2.0932815741085005
14.38	2.820784503756766
14.39	2.4867412586099924
14.4	0.9206527185893377
14.41	0.34764432868868944
14.42	1.8925394330451093
14.43	0.11232133552984502
14.44	1.011666207442437
14.45	1.4360185264407903
14.46	1.811776202226176
14.47	1.6063950380318515
14.48	0.6568627500253338
14.49	0.2763090809473674
14.5	0.8145382802285865
14.51	1.2344863303975901
14.52	0.685827672398047
14.53	0.08070158192985488
14.54	-0.23499869263801476
14.55	1.443328065238842
14.56	1.3553043354413448
14.57	1.956320873311629
14.58	1.4596155640383475
14.59	1.7751363491242094
14.6	1.8739314699658998
14.61	2.5922434111281905
14.62	2.586038036645993
14.63	2.3390183701032035
14.64	2.7584050624898495
14.65	4.000650289889576
14.66	2.469868547103015
14.67	3.4484409055957936
14.68	4.497443170093032
14.69	4.803757976015631
14.7	5.170057567990331
14.71	6.383371784985226
14.72	6.7201296190378725
14.73	6.94107368359344
14.74	6.841975301265498
14.75	7.248832826147925
14.76	8.443124136264023
14.77	8.687059721483752
14.78	9.072525868367737
14.79	10.206863494032334
14.8	9.168226756310743
14.81	10.084776512555443
14.82	10.503040472563422
14.83	11.1566238129778
14.84	11.40662435897236
14.85	12.331865861636594
14.86	12.83091103516565
14.87	12.36354903605031
14.88	12.355541349396805
14.89	12.841324571711441
14.9	12.842594750173632
14.91	13.91244445206296
14.92	15.164227373077487
14.93	13.343574441999225
14.94	14.52480435453341
14.95	14.252591441882384
14.96	14.532224229936228
14.97	15.069530810311885
14.98	15.141621489919775
14.99	14.700258649861691
15.0	14.841385418321996
15.01	14.900546769705773
15.02	15.608950809796292
15.03	14.487359552981365
15.04	15.357020813512465
15.05	15.491145965460419
15.06	15.805896197879022
15.07	13.972106424554111
15.08	15.935455468798429
15.09	16.314130339813563
15.1	15.198868606739728
15.11	15.881983055064985
15.12	15.860412015996799
15.13	15.894384952541216
15.14	15.059431332143228
15.15	16.245962508398726
15.16	16.722483171815536
15.17	16.79982929613437
15.18	15.865756413250542
15.19	16.726731647533157
15.2	17.343851650237646
15.21	15.69445889220421
15.22	16.268562395367173
15.23	17.138436662519883
15.24	16.1796637659152
15.25	16.693227890782786
15.26	16.073097803188137
15.27	16.68226215260861
15.28	16.28151761334027
15.29	15.970182259380412
15.3	15.854668279804867
15.31	15.57619979827672
15.32	16.038883193652087
15.33	16.00889345440351
15.34	16.588071709404808
15.35	15.503064955182907
15.36	15.355088019910625
15.37	15.852071697408281
15.38	15.202254539739297
15.39	15.77912712886989
15.4	15.059112271391971
15.41	15.461067338446357
15.42	14.50890241739064
15.43	13.69948268730281
15.44	14.26308970090982
15.45	13.820846914615943
15.46	11.972186200495441
15.47	12.022372826395259
15.48	12.645397889017461
15.49	12.355151230804271
15.5	12.237728459340682
15.51	10.025406648211298
15.52	9.6907245742695
15.53	9.371400384301635
15.54	7.962150500395253
15.55	8.845885812232414
15.56	8.369239765379342
15.57	7.437116948849654
15.58	7.763873168063812
15.59	7.396084127192909
15.6	6.638649538407265
15.61	5.43735908192847
15.62	5.143893281226619
15.63	4.809807455181793
15.64	5.313602903692431
15.65	3.9423596041692472
15.66	3.4722189623109263
15.67	3.6377484256792068
15.68	2.9158312232063817
15.69	3.03087023362183
15.7	2.8896427280588215
15.71	2.1417034628756246
15.72	1.822466576972707
15.73	1.0453998987599833
15.74	0.9963975796619293
15.75	0.01610825853920006
15.76	0.7649551153146616
15.77	0.6762145236474997
15.78	0.8248802373234729
15.79	0.22152918919901465
15.8	-0.40744077263024814
15.81	0.051381903251111374
15.82	-0.4697333409180292
15.83	0.8399033350329141
15.84	-0.172319082943991
15.85	0.3438104565467952
15.86	0.3231580496754876
15.87	0.8391390372237393
15.88	0.3868693661638761
15.89	0.8136235823501539
15.9	1.485709546849054
15.91	0.9235341705527734
15.92	0.975808363005837
15.93	-0.04542693108184692
15.94	1.5467361297088846
15.95	2.7469933486573446
15.96	3.464448840895239
15.97	4.007988924681689
15.98	3.1228458915305954
15.99	3.9489785692065933
16.0	4.59752191292654
16.01	5.061154520247684
16.02	5.29598564685168
16.03	6.003480274197614
16.04	6.378767142072669
16.05	6.64290430181426
16.06	7.497650617450341
16.07	7.281681359490383
16.08	7.69108260252294
16.09	8.83164281006011
16.1	10.109146284884897
16.11	11.048443665935453
16.12	10.283225030408962
16.13	11.378308273753232
16.14	10.405605590816732
16.15	10.957866863356887
16.16	12.362852123160438
16.17	12.212785743271326
16.18	13.889418700579535
16.19	12.884732995519105
16.2	13.94310747126573
16.21	13.594271500022993
16.22	13.059242798080218
16.23	14.389994825919477
16.24	14.11750857676025
16.25	15.138364647554313
16.26	15.000599542062087
16.27	14.716201461713691
16.28	15.518998857259673
16.29	15.486183144945674
16.3	15.310676697279407
16.31	15.626378086774585
16.32	15.885758500236065
16.33	15.671639988945518
16.34	15.358714145755874
16.35	15.637576652612376
16.36	15.434959758871361
16.37	15.028450564448638
16.38	16.20549601600837
16.39	16.160651047509386
16.4	15.865593307707277
16.41	14.187676586548003
16.42	15.538740696467547
16.43	14.324424682195195
16.44	15.34855897966898
16.45	14.287918323365144
16.46	14.551867364983709
16.47	13.804398296645669
16.48	13.989802148411814
16.49	14.22389588432188
16.5	13.426659681001233
16.51	12.494600328574034
16.52	13.343862553896772
16.53	12.889111429712198
16.54	12.222632900311444
16.55	12.231313057798733
16.56	11.039189706658528
16.57	9.896525263628792
16.58	10.557415306138287
16.59	9.636597989001315
16.6	9.91641443152518
16.61	9.910164942360495
16.62	9.132525303556259
16.63	8.465105727756823
16.64	7.637651688458171
16.65	8.596175068880914
16.66	6.543628087844868
16.67	6.458415511556424
16.68	5.770502904278236
16.69	5.946701293811228
16.7	6.463178831221998
16.71	5.432018527458563
16.72	4.719410303703553
16.73	5.014929734273075
16.74	4.330641020391681
16.75	3.719775251322196
16.76	4.196801879492714
16.77	3.8789104488853985
16.78	3.712822903065937
16.79	3.7014880496429314
16.8	3.0705398657619423
16.81	2.9198229709920307
16.82	3.019128599107561
16.83	1.9033954567687599
16.84	2.433428402662976
16.85	2.439940269217389
16.86	2.330868456776103
16.87	1.5645632656178106
16.88	1.8050084295998596
16.89	0.12553406514707133
16.9	0.8601646747348347
16.91	2.1044864512806107
16.92	0.7047595884280549
16.93	1.0299708347872463
16.94	2.239875900535912
16.95	1.5527641419434077
16.96	1.0115146979100282
16.97	1.2879055430504878
16.98	2.573024895425009
16.99	2.5464355626097976
17.0	2.0636010098524142
17.01	2.109964732481906
17.02	2.1164949701137443
17.03	2.916662137569294
17.04	3.771393178215118
17.05	3.4686260790393706
17.06	3.376858753160879
17.07	3.4967193521617723
17.08	4.375169734929075
17.09	5.065510297948602
17.1	5.28021999128717
17.11	4.800836875759904
17.12	5.3133946048823555
17.13	5.941797752415466
17.14	7.523027005535386
17.15	7.541415831461609
17.16	7.452090142255135
17.17	8.863389415820256
17.18	9.09776654327941
17.19	9.899854455098655
17.2	9.452819577847285
17.21	10.008581282915298
17.22	10.891423430076888
17.23	11.528134566389411
17.24	12.100807944073233
17.25	13.646898572520442
17.26	12.582876666852487
17.27	13.441178872229438
17.28	13.452241305785032
17.29	13.900225038805013
17.3	13.478349770397221
17.31	14.78345010793772
17.32	14.693786674316062
17.33	15.372592514154707
17.34	15.16004843852685
17.35	16.16416402862482
17.36	15.082271790158082
17.37	17.169738853221403
17.38	16.39728850723766
17.39	16.681925129846338
17.4	16.62926612971595
17.41	17.174600657607932
17.42	16.571114644279792
17.43	17.2183612860587
17.44	17.38212949350627
17.45	17.40059764423811
17.46	16.80115420043419
17.47	17.437186438337314
17.48	17.098775692587875
17.49	16.770912462956716
17.5	16.65909638620324
17.51	16.529480279151066
17.52	16.823509024816804
17.53	16.974670346618044
17.54	16.327538770431648
17.55	15.73962960810589
17.56	15.530262328957344
17.57	16.460881272549553
17.58	15.557537945214467
17.59	14.626263557710308
17.6	15.470059972605728
17.61	14.08648167640219
17.62	14.11398463297047
17.63	14.048681979766464
17.64	13.509803201364726
17.65	12.216981866073148
17.66	12.108416016611098
17.67	12.059842264106793
17.68	11.912828811479995
17.69	11.835275128379552
17.7	9.634831482374349
17.71	11.207078218649688
17.72	9.481503565587921
17.73	9.937845239099618
17.74	8.291631566878898
17.75	8.386954883100472
17.76	7.831848895536169
17.77	8.355329573456624
17.78	7.338980489680518
17.79	6.930605313425299
17.8	7.1536299943347625
17.81	5.554114787865098
17.82	6.273530142889285
17.83	4.806953637521375
17.84	5.220223065333468
17.85	4.176482036187558
17.86	3.476695151975761
17.87	3.7886879644874694
17.88	3.3413748348339825
17.89	3.9450098391848183
17.9	2.158702483142295
17.91	3.460056889278769
17.92	2.311663291520195
17.93	1.8482671761422582
17.94	1.4334350535206073
17.95	2.854098042873289
17.96	1.6993176815672595
17.97	1.729752080938049
17.98	2.29758409224283
17.99	0.5963991682798877
18.0	0.8015320212715042
18.01	1.011854243468442
18.02	1.6953514552819353
18.03	2.0260526153326457
18.04	1.8700042419452632
18.05	0.7578167313875488
18.06	1.102083261724566
18.07	1.2384731089540506
18.08	1.2941440635996748
18.09	0.4279105263664677
18.1	0.7620695984909853
18.11	1.1601852824606051
18.12	0.878411628230971
18.13	0.9663374460502598
18.14	1.068701320560709
18.15	1.205039737390299
18.16	1.4537186406872502
18.17	1.0729803530538677
18.18	2.826001432400105
18.19	1.4307166850216577
18.2	2.904327284982963
18.21	2.831428585203079
18.22	3.760556892713919
18.23	4.386620608172682
18.24	4.7164794562905845
18.25	4.325901544208119
18.26	5.5046799173629
18.27	6.2239624812459855
18.28	5.624720400192306
18.29	5.643092336894618
18.3	7.373967054759076
18.31	7.806027096380075
18.32	7.527309151530518
18.33	8.297888699911306
18.34	9.482301830522388
18.35	9.814385395873536
18.36	9.155790089949532
18.37	9.966443160575285
18.38	11.322919865862884
18.39	11.038854800113032
18.4	11.957970998828682
18.41	12.298257143233995
18.42	12.15523173881602
18.43	13.622948032736069
18.44	13.062647513505588
18.45	14.24190579966328
18.46	13.889477825426697
18.47	13.972392196910656
18.48	14.928798878585393
18.49	15.113029070429103
18.5	15.704056705651295
18.51	16.016037334318646
18.52	14.852153642563103
18.53	15.540326132151488
18.54	16.659219815918316
18.55	15.327228477660697
18.56	15.261748685284019
18.57	16.40179740624454
18.58	15.57784777311316
18.59	16.465754120454854
18.6	16.86314579558257
18.61	16.76895240454496
18.62	16.3496129251076
18.63	16.34885964175097
18.64	16.364424179715638
18.65	15.994798451877449
18.66	15.477590819184185
18.67	16.18417427122927
18.68	15.983330374927222
18.69	15.834713015885574
18.7	14.890410589834838
18.71	15.091775101969013
18.72	14.514165036780994
18.73	14.053838741505588
18.74	14.591260896159785
18.75	13.864071998017765
18.76	13.245903354397045
18.77	12.963471886641424
18.78	13.519833707813687
18.79	12.933328838891269
18.8	11.989033289778071
18.81	10.928646985429282
18.82	11.323548058703029
18.83	10.988041321234068
18.84	10.405322241376469
18.85	10.123285341093187
18.86	9.321936416483918
18.87	9.653084231412198
18.88	8.167020588150862
18.89	8.453884322446916
18.9	6.947885223139607
18.91	6.594309864389253
18.92	6.037794213650956
18.93	5.645155994316072
18.94	6.2179135475974805
18.95	5.12215318167586
18.96	4.941403464313438
18.97	4.837925082899554
18.98	2.9735106741427044
18.99	3.864352739406563
19.0	2.723256103015286
19.01	4.060527869635133
19.02	2.626556178644986
19.03	2.4338433586446726
19.04	2.309449233696138
19.05	1.3762878547553044
19.06	1.7388064841855553
19.07	2.1468177856838193
19.08	1.1009379205319583
19.09	1.191498500443031
19.1	1.3263728607028111
19.11	0.8968689437493099
19.12	1.5686089888567198
19.13	0.6869153897376782
19.14	0.365865733697971
19.15	0.33028883998479364
19.16	-0.003631456879344186
19.17	0.2231302478344187
19.18	-0.6270336640363198
19.19	-0.1944554519803921
19.2	-0.7076467377750539
19.21	-0.7033411817364773
19.22	-0.2916914553358927
19.23	0.28481667926222476
19.24	0.7126230192676061
19.25	-0.16727583637708776
19.26	0.010941076014523876
19.27	0.9691391130468859
19.28	1.8375740593954133
19.29	1.9329481950492522
19.3	0.7613306992225066
19.31	1.862977937901468
19.32	2.746909129347128
19.33	2.222201770060263
19.34	2.090864534277371
19.35	2.610768478761125
19.36	2.9722749029812885
19.37	3.45458599106887
19.38	3.553587559686227
19.39	3.887607277285186
19.4	5.2109576951906975
19.41	5.419967712109397
19.42	5.523041407267275
19.43	5.258961956850821
19.44	7.0078468232562665
19.45	8.267489666773043
19.46	8.63677504104657
19.47	8.978964774656635
19.48	8.627604573339909
19.49	9.50043852596793
19.5	10.589369732356795
19.51	11.08858338282141
19.52	10.37158814320186
19.53	11.320815670198932
19.54	13.096602252100627
19.55	12.379327700334064
19.56	12.49405992015376
19.57	13.636050020368852
19.58	14.434332102993412
19.59	13.971401828008826
19.6	14.381739090343169
19.61	14.327277638284295
19.62	14.74824394750463
19.63	15.19145955532503
19.64	15.811016966816586
19.65	15.920952246933792
19.66	16.64659698439886
19.67	16.951758102514223
19.68	16.76907380144929
19.69	17.137373824924634
19.7	17.09907982818712
19.71	16.808599877597647
19.72	17.724015389601995
19.73	17.628638870937838
19.74	16.935887866544316
19.75	18.476894336878733
19.76	17.386547405013477
19.77	16.885586913247856
19.78	19.501423257990048
19.79	18.491268572761477
19.8	18.691459691472595
19.81	16.92549571043414
19.82	18.05686150060693
19.83	17.867401231924898
19.84	17.345759023006515
19.85	17.291871440432455
19.86	17.712280054537157
19.87	17.18255409030246
19.88	17.427124482446857
19.89	17.177096889716704
19.9	15.793285613304986
19.91	16.550648408490762
19.92	15.60220694446225
19.93	15.756485018569087
19.94	15.847409957961972
19.95	13.935600439999943
19.96	13.014646957313111
19.97	13.42093282467308
19.98	12.523519944190197
19.99	12.709424025397839
20.0	11.460730685824771
