10.01	0.6689916245764644
10.02	0.06315343990656952
10.03	0.8815457885487687
10.04	0.371857195027427
10.05	-0.18497272584350677
10.06	0.9310525489382844
10.07	0.3553698928569965
10.08	0.3128521206031658
10.09	0.5262138916307262
10.1	-0.2036602131607944
10.11	-0.18342428970808922
10.12	1.4125685903658314
10.13	0.7209822384216694
10.14	0.28700447360618203
10.15	1.253459421234347
10.16	0.9979958718669466
10.17	0.9130158376154639
10.18	-0.0644061158573141
10.19	1.0487624001472593
10.2	1.563151702024057
10.21	0.6542787222189927
10.22	1.2876223471777195
10.23	0.510757031445954
10.24	0.5666022224618295
10.25	1.009170980745012
10.26	0.2727487288642097
10.27	0.30060902475260826
10.28	0.9119470119770765
10.29	0.7413840612479945
10.3	0.046153854979382625
10.31	0.40667676184279433
10.32	0.11266207170655779
10.33	1.1283346930183613
10.34	0.19897114618803285
10.35	0.09084668643019705
10.36	1.7276734673605105
10.37	0.2207156005959251
10.38	0.654649221354707
10.39	0.7450121137640008
10.4	0.25467480709321777
10.41	0.1020825733257944
10.42	1.026732530795289
10.43	1.1183512443548294
10.44	0.7209298401545597
10.45	1.0397926067381373
10.46	0.7327151226327042
10.47	1.62505661869326
10.48	0.6862981659187009
10.49	-0.13281613829399053
10.5	-0.16791225134159354
10.51	0.269024153849228
10.52	0.3981604289359676
10.53	0.34251154801813044
10.54	0.6557646341143955
10.55	1.1793362162744112
10.56	0.922456197759999
10.57	0.20937543939558667
10.58	0.05287800015608862
10.59	0.7937316387660982
10.6	1.3449868284373352
10.61	1.3918253676187058
10.62	0.5062578615196801
10.63	0.17932287416381554
10.64	0.5300778643491951
10.65	0.9722639339451483
10.66	0.44700026904202655
10.67	1.4542989071324208
10.68	-0.06071154085573549
10.69	0.7515686620686683
10.7	0.7922118943622067
10.71	0.8000483288378926
10.72	-0.07406388871614167
10.73	0.33939479499613145
10.74	0.33814030577520215
10.75	0.7383795922132377
10.76	-0.2326804513991373
10.77	0.09268691245890642
10.78	0.19136831214999128
10.79	1.8258079583589173
10.8	0.6077345364253812
10.81	0.06963381702102966
10.82	0.7085754097462564
10.83	1.0086936659234
10.84	1.1936970819151906
10.85	1.223352394561735
10.86	1.0637585979435986
10.87	0.5215141879730743
10.88	0.5061867370468737
10.89	2.0036353392985866
10.9	0.5807083733753806
10.91	-0.008002530717108547
10.92	0.2556579561961304
10.93	0.39020029314185845
10.94	-0.14506128126673035
10.95	1.2755859622174375
10.96	-0.06932625124607564
10.97	0.3475530837968702
10.98	0.10110293399358572
10.99	0.9815154105399407
11.0	0.4646149658675258
11.01	1.697625440879278
11.02	0.6081980664716333
11.03	-0.25793380564747015
11.04	0.6710502001280573
11.05	0.4121803717171939
11.06	0.12668692569660067
11.07	0.6593630784252829
11.08	0.25275102329472254
11.09	0.5400005837704328
11.1	-0.046937108260945964
11.11	0.8495766901395686
11.12	0.6791548490813304
11.13	-0.39524399330581506
11.14	0.34939583356153536
11.15	0.5630682494936676
11.16	-0.48901712228380567
11.17	1.1660531677856663
11.18	0.7348980203454277
11.19	0.8807060218449927
11.2	0.15267798879417066
11.21	1.1841658781986755
11.22	0.83926170366151
11.23	2.13451242454605
11.24	0.17713613007667695
11.25	0.2506954943168882
11.26	0.7175402530066229
11.27	0.8168321335176525
11.28	1.0039970418215756
11.29	0.5368280645128987
11.3	-0.21861432480615228
11.31	0.6410538496227656
11.32	1.2215610055239665
11.33	0.1618622755283755
11.34	0.20970576854495881
11.35	0.319461045866339
11.36	0.8975012310300514
11.37	1.5056941601279241
11.38	0.07447850024010577
11.39	0.34406039128167487
11.4	0.7945601117324674
11.41	0.7769908040376303
11.42	-1.297451780831832
11.43	-0.10139700504683424
11.44	1.0409447176404125
11.45	0.7317243266537958
11.46	0.709254900227348
11.47	0.322813463327542
11.48	0.7039776051843766
11.49	0.2117669443280703
11.5	0.7275993281378581
11.51	0.08857009295680654
11.52	-0.13090822449683653
11.53	0.4553375357328451
11.54	0.2808482084643571
11.55	0.4810595585296147
11.56	0.7285373520359508
11.57	0.9770773098476322
11.58	0.24464976741733913
11.59	1.270548780506707
11.6	0.15914128942760725
11.61	0.19750067049087927
11.62	-0.005550014126661451
11.63	-0.008015250288200937
11.64	0.1551171231631873
11.65	1.369912444689041
11.66	1.091908910798954
11.67	0.008285869310957816
11.68	1.2477830166888841
11.69	0.01483734624306604
11.7	0.5685219839720894
11.71	0.9517893205359467
11.72	0.7561907551433596
11.73	0.6517817260859299
11.74	0.800100556614824
11.75	0.5368603716201346
11.76	0.890525927036107
11.77	0.07483531837976137
11.78	0.3051726295514994
11.79	0.2108066827656756
11.8	0.05992842783220233
11.81	-0.7604706695372934
11.82	0.7512580958311225
11.83	0.8893090348385599
11.84	0.3314061437715248
11.85	0.21484122505711895
11.86	0.5968401666060675
11.87	0.7495155432912761
11.88	1.0762568253882043
11.89	-0.09713537992458376
11.9	0.27659014943130267
11.91	-0.6099408527633186
11.92	0.6447434641367548
11.93	0.7059736169332071
11.94	-0.018552505113203166
11.95	0.6745057398919969
11.96	0.08479054855894586
11.97	1.2773469650923786
11.98	0.11620399629840067
11.99	0.6275644383473662
12.0	0.45227802018094587
12.01	-0.6098398149292776
12.02	-0.3876961771036102
12.03	-0.5275651972640679
12.04	0.7122098530240233
12.05	0.4605768020338374
12.06	-0.08678402440209548
12.07	0.06354084976447091
12.08	-0.005808339469369345
12.09	0.31664786672064954
12.1	0.8180164551974216
12.11	0.9921902234061606
12.12	0.01664518442447961
12.13	0.5381171021662354
12.14	-0.5216840131827781
12.15	0.24512001618870288
12.16	0.6235794091054445
12.17	-0.30069726741371944
12.18	0.5596247624164647
12.19	-0.1148693839450417
12.2	0.24848253541981977
12.21	0.32642480638079985
12.22	-0.38565281274499313
12.23	0.29546800090395986
12.24	0.1139052505867065
12.25	1.4826876899248305
12.26	1.1103915379466225
12.27	0.18445289275464744
12.28	0.8176637133943798
12.29	0.5022151448433906
12.3	0.8572037402749861
12.31	-0.28358221071853884
12.32	0.0014059814640513119
12.33	0.04979462481203398
12.34	0.9047989419324018
12.35	-0.3517650715032702
12.36	0.6128060030827136
12.37	0.42476183884446006
12.38	0.6235968068594249
12.39	1.1049145871221753
12.4	-0.2824389116311694
12.41	-0.462850302275245
12.42	-0.2171257549619121
12.43	-0.16179238647311955
12.44	-0.14903564363778588
12.45	0.45143592463253845
12.46	1.2081238301437671
12.47	0.662779958952793
12.48	0.2441777095375605
12.49	0.42320398959181027
12.5	-0.7777323674829126
12.51	-0.19555265673904243
12.52	-0.38427469728541547
12.53	0.006683784685484528
12.54	0.6565506620689989
12.55	0.15284007061371943
12.56	0.23348085395604054
12.57	-0.12930625535393342
12.58	-0.4507769353839149
12.59	0.13850434248598067
12.6	1.0428865244591616
12.61	1.3548183226109656
12.62	0.6729044776726649
12.63	0.5885614248122307
12.64	0.755674427474865
12.65	0.6565858789220278
12.66	0.20895264252621662
12.67	0.8617317450112326
12.68	0.07828359414056826
12.69	0.313485191084386
12.7	-0.40643891302526775
12.71	0.2830430171887962
12.72	0.6008390618552056
12.73	0.36183681443608817
12.74	0.2486868751610639
12.75	-0.661230311817649
12.76	-0.6940266890119384
12.77	-0.1612105223374078
12.78	1.1349390078506432
12.79	-0.15526625892699897
12.8	-1.1198227137249246
12.81	-0.6315811881180629
12.82	0.4496103231545271
12.83	-0.12462738175298665
12.84	0.38429774243510784
12.85	0.13803299371975108
12.86	0.01639736937279543
12.87	0.4483233305437807
12.88	1.1592090933275185
12.89	-0.32984561011567737
12.9	1.0950461050781726
12.91	-0.22327872192302828
12.92	0.5181032584508509
12.93	0.569958815243566
12.94	0.3554872509910404
12.95	1.263492621407733
12.96	0.1747604488165797
12.97	-0.7124141922451201
12.98	0.3706134240458292
12.99	0.35101957043431653
13.0	0.17333802048769467
13.01	0.6614090274563873
13.02	-0.08909075774537872
13.03	-1.5536069705199416
13.04	0.24040986235338252
13.05	-0.7004657271712549
13.06	-1.2308566412398327
13.07	-1.3892679221278181
13.08	-0.24956106896696872
13.09	-0.48832090223517316
13.1	-0.6266399571815215
13.11	-0.4237050459569665
13.12	0.224356957890391
13.13	0.5399210950055464
13.14	0.6063357966020755
13.15	0.6055293938129604
13.16	0.0489423930941551
13.17	0.029805936596126792
13.18	-0.5950519333243174
13.19	-0.47221576210037336
13.2	1.108753179598729
13.21	0.0324046950004372
13.22	0.2730710091230788
13.23	0.04413244500364559
13.24	-0.1625565488084828
13.25	0.31107995539554445
13.26	1.0274448874100406
13.27	0.28367868075256153
13.28	-0.2878750940905992
13.29	0.4341374319560768
13.3	0.7900736779477895
13.31	-0.10055038978929559
13.32	0.4013174238075835
13.33	0.20027776463529517
13.34	-0.11015402462956334
13.35	-0.7854541295962338
13.36	0.6079539845324267
13.37	0.3454424083665284
13.38	0.010579891878158124
13.39	-0.20971928860240213
13.4	-0.36273792756118683
13.41	-0.07283433595384173
13.42	0.11714086510990464
13.43	-0.8874761064737944
13.44	0.4908047888318206
13.45	0.8316608422462364
13.46	0.15817488823690865
13.47	-0.108485360267284
13.48	-0.29493210605728837
13.49	0.9490487499726108
13.5	0.1711168266864105
13.51	-0.6153985156957866
13.52	-0.6015205232933538
13.53	1.6348367660654517
13.54	1.4986143001883474
13.55	0.6963838873496774
13.56	0.16233493901251048
13.57	-0.5912464248664597
13.58	0.20277983991927062
13.59	0.20746305547031987
13.6	-0.1191888321661995
13.61	-0.5315621368834529
13.62	-0.4798265430980438
13.63	0.10895455175047168
13.64	0.1850424233975003
13.65	0.017534659852147236
13.66	-0.26093298087603034
13.67	0.705392806769759
13.68	-1.1213984337535707
13.69	0.6832419757078172
13.7	0.10271765559117582
13.71	-0.5737055931142352
13.72	-0.31879367323246294
13.73	-0.2227891701571123
13.74	-0.6526889884213105
13.75	-0.0810955880409811
13.76	0.4349516410786834
13.77	0.8870853603794344
13.78	0.5473111952818088
13.79	0.9244044405870158
13.8	0.09398616738982804
13.81	0.17715187416834027
13.82	0.8320648379013917
13.83	-0.004076103295582861
13.84	-0.22354244526527556
13.85	-0.5285606462600942
13.86	0.15428046475945822
13.87	1.0623642993283513
13.88	0.22610460346343425
13.89	0.8147241073217433
13.9	0.673745046820116
13.91	-0.24656360593913784
13.92	-0.21017286598291257
13.93	-0.055788526664592414
13.94	0.761320323646673
13.95	0.4499057751913952
13.96	0.6359322635216857
13.97	0.21938975170688024
13.98	0.0949224376020483
13.99	0.36619435586948296
14.0	0.2927717595468601
14.01	-0.035259321165463015
14.02	-0.03636695295641504
14.03	0.645894186166502
14.04	0.9625215628873092
14.05	0.0050670834100976225
14.06	0.2726206076389627
14.07	0.25996248827849566
14.08	0.9388462156395265
14.09	-0.38583112653335566
14.1	0.26767489465012845
14.11	-0.5006123349482006
14.12	-0.30763250242787765
14.13	-0.35567120517353606
14.14	0.583378223151458
14.15	0.2862649644466857
14.16	0.8825027017662199
14.17	0.47769304453639794
14.18	0.03776713019424903
14.19	-0.3732143133314198
14.2	-0.40017505596842234
14.21	-0.023582736629721823
14.22	-0.16648191890439246
14.23	0.4892204737119982
14.24	-0.25152511703820485
14.25	-0.24432085016979727
14.26	0.08466836642089179
14.27	-0.5173346007360737
14.28	-0.16026436135919747
14.29	0.5186316849627686
14.3	0.2493917225176209
14.31	-0.31946523762596984
14.32	-0.026254392237962665
14.33	-0.2526006329731793
14.34	-0.4812652178972941
14.35	0.31945659312550445
14.36	0.23099560346100062
14.37	0.7505441629864118
14.38	-0.5558117991246383
14.39	-0.11244161954327289
14.4	-0.8158618455721061
14.41	-0.6444936885874366
14.42	-0.25170423131888287
14.43	-0.4380085210424392
14.44	0.4620952714852523
14.45	-0.43635338301821786
14.46	0.27550917871656816
14.47	-0.07853966058063297
14.48	1.0918449119279598
14.49	0.015152484216002335
14.5	-0.5322819178961637
14.51	-0.5146635266886037
14.52	1.0764688235474953
14.53	0.12002657619303214
14.54	0.9928831151513982
14.55	0.33608398208453794
14.56	-0.23302120083358724
14.57	-0.02071645979567499
14.58	-0.07917743956001638
14.59	0.6762391883689578
14.6	0.22499903137297678
14.61	0.30843702843230547
14.62	0.49129123783816564
14.63	0.7232973014585091
14.64	0.05092084132681332
14.65	-0.3135085748554099
14.66	0.5440592661288748
14.67	-0.22931664054344653
14.68	-0.2392111277456238
14.69	-0.175494481929025
14.7	0.35153733888302136
14.71	0.529444429467345
14.72	0.1902230315801795
14.73	0.11852655445896154
14.74	-0.25450958252954176
14.75	-0.423161893541638
14.76	-0.1288574341537358
14.77	0.88962525836378
14.78	0.4897792572340311
14.79	0.249294786656693
14.8	-0.5534913831372743
14.81	0.27330781936009296
14.82	0.5501083022716104
14.83	0.1416180863067771
14.84	-0.5532319197005198
14.85	-0.32555573218525996
14.86	-0.5970419137234407
14.87	0.030848660208540546
14.88	0.41153311823803923
14.89	0.194426599488652
14.9	0.6166718509022511
14.91	-0.2787099868945462
14.92	-0.497452019402197
14.93	-0.2599801514830154
14.94	-0.045495952397268474
14.95	0.2332521185754582
14.96	0.655311746880876
14.97	-0.29474138699420244
14.98	-0.13845719445754073
14.99	-0.4692414507997561
15.0	0.0005431525417150807
15.01	-0.1083922113348397
15.02	-0.441666691603478
15.03	-0.12601933912704538
15.04	0.13967173216056095
15.05	0.05822555407741349
15.06	0.35073246877217046
15.07	0.1363692564325616
15.08	1.0526716182857077
15.09	-0.05980523804736779
15.1	0.14787649158849278
15.11	-0.1763869019889449
15.12	1.1076736986145772
15.13	-0.4326601642224814
15.14	1.2628635557360979
15.15	0.6419012833883548
15.16	-0.5837417615548226
15.17	-0.32242121551404423
15.18	0.5149023314918618
15.19	0.1505066735603574
15.2	-0.4162394522471889
15.21	-0.08628063591748236
15.22	0.05922689863010923
15.23	0.20827805040019354
15.24	0.016284456367589822
15.25	0.42778555644717225
15.26	1.340453338824454
15.27	0.8189538564030754
15.28	-0.18943807017821396
15.29	-0.09142443209218395
15.3	0.2394378924885474
15.31	0.5510863111194686
15.32	0.8159121944389078
15.33	-0.14306532154565493
15.34	-0.41017102922290777
15.35	-0.15514141322348857
15.36	-0.17503726088639476
15.37	0.4740544030637148
15.38	-0.735049925281628
15.39	0.5401679441650529
15.4	0.5031036636001179
15.41	0.13100544046172297
15.42	0.380832038166582
15.43	0.47362179096846524
15.44	-0.17443442560410816
15.45	-0.5139242306128562
15.46	0.487613757017498
15.47	-0.009000932836499775
15.48	0.32321964219749516
15.49	0.7838013044348104
15.5	0.569771442793717
15.51	0.6326996933690927
15.52	0.33529089473823365
15.53	1.1583569313546147
15.54	0.938361662042388
15.55	0.6361223590255172
15.56	-0.8963486196597488
15.57	0.31734266539541345
15.58	-0.03633717103494588
15.59	-1.1630338117869958
15.6	0.22190805165904826
15.61	-0.3547754517391278
15.62	0.3700121156740863
15.63	0.14084708298134277
15.64	0.4957973875590649
15.65	-0.8219169337616712
15.66	-0.3150182279839317
15.67	0.8829646945971601
15.68	0.5720315011712713
15.69	-0.0045406230722240815
15.7	-0.342063575805258
15.71	-0.4567716724224824
15.72	-0.2336185277101515
15.73	1.2028287949697292
15.74	0.17691590461182813
15.75	-0.12079706427521858
15.76	-0.5360299267081985
15.77	-0.32561283334300695
15.78	0.9280402084883895
15.79	0.24481008809034455
15.8	0.07918331741293463
15.81	0.9744796929332069
15.82	-0.1487980188299654
15.83	0.8380922224142155
15.84	-0.039884655351271864
15.85	0.10842130767759388
15.86	0.4592294923540524
15.87	-0.010028472826856566
15.88	-0.08898203009986397
15.89	-0.09896580914919298
15.9	0.30927863556186813
15.91	0.10730951697255289
15.92	0.7537087455510769
15.93	0.9780826864358276
15.94	0.5871017016090327
15.95	0.6690291090107019
15.96	-0.9598135795558556
15.97	0.34242938154217273
15.98	0.772021004713334
15.99	0.10904660251769743
16.0	0.5871268950335221
16.01	0.55492992450823
16.02	0.2955303147471866
16.03	0.14123696827629756
16.04	0.2044798170588673
16.05	0.23352119228378626
16.06	0.47558141414567423
16.07	0.8975879540087354
16.08	0.74440998108651
16.09	-0.4623746225602525
16.1	0.024556700743049442
16.11	-0.32300710109878134
16.12	-0.25982128710687746
16.13	-0.03534845435186973
16.14	0.5704999535017183
16.15	-0.15943516391407483
16.16	-0.2394348549488281
16.17	-0.2657893084471881
16.18	-0.21768367509358963
16.19	0.5264811773498353
16.2	1.509152490203467
16.21	0.1780556236502109
16.22	0.20044054115176413
16.23	-0.12151856398343401
16.24	0.33075828164548715
16.25	0.19442523312401597
16.26	-0.12068625925992874
16.27	1.1759304485881008
16.28	-0.21141082326522564
16.29	0.567823428564186
16.3	-0.03349624740666996
16.31	0.4492194706457563
16.32	-0.07740137022403734
16.33	0.05724420293908704
16.34	-0.4615398201682039
16.35	-0.5077569354450159
16.36	0.11142419904622151
16.37	-1.1075041281180271
16.38	0.5148040246945245
16.39	0.15672804893992723
16.4	0.3429844347513331
16.41	0.33826993502251307
16.42	-0.3218889006720935
16.43	0.06273703279543327
16.44	0.2628186516673438
16.45	0.44222085864850613
16.46	0.08794242580793299
16.47	-0.7150219980971337
16.48	-0.3557467580859093
16.49	0.314782059388928
16.5	0.09735093477134932
16.51	0.3484995295017372
16.52	1.0002355657213122
16.53	0.11316756440918935
16.54	0.15202411682864567
16.55	-0.36606819746727626
16.56	0.37848519876888254
16.57	-0.4385600456581273
16.58	0.5729905294857102
16.59	-0.0673756165777311
16.6	0.5545307431089148
16.61	0.018872622711617625
16.62	-0.028403093116778418
16.63	-0.38826173172234074
16.64	0.20393901461235042
16.65	-1.003148077478075
16.66	0.7827718025309562
16.67	0.5274735914993419
16.68	-0.7645493819688614
16.69	0.040394952956380924
16.7	0.9528821973140884
16.71	0.48225495108806793
16.72	0.6173812880602834
16.73	1.2149015826141358
16.74	-0.11700920324803946
16.75	0.06721231647615479
16.76	-0.07335605806001827
16.77	0.10907173917606215
16.78	0.9917097038776468
16.79	0.6648687552518392
16.8	0.29191714099061367
16.81	-0.039404422887667226
16.82	-0.2380654469211016
16.83	0.26725332195865265
16.84	-0.23646118559487422
16.85	0.6371164970958761
16.86	-0.247515234926645
16.87	0.09692116532489256
16.88	-0.9196141557044688
16.89	-0.1378182246924878
16.9	-0.6846414878108981
16.91	0.07853562366837671
16.92	0.29099360788135653
16.93	0.16435506814747008
16.94	0.1751803413782458
16.95	-0.04776766002925734
16.96	0.3543407112536047
16.97	0.0973118987362365
16.98	-0.3605033356579688
16.99	0.09097051092567233
17.0	-0.5030144968556316
17.01	0.2436996127203963
17.02	0.14963936698177513
17.03	0.7022120061878228
17.04	-1.0205617917410987
17.05	0.615941289161552
17.06	0.07156894276004834
17.07	-0.5877475656168929
17.08	0.40825508195844323
17.09	-0.47547638958127214
17.1	-0.6596547144762173
17.11	-0.4319386346918836
17.12	1.1442095962556065
17.13	-0.16146772860878594
17.14	0.7985514495205298
17.15	0.4411889754845828
17.16	0.023279544224727222
17.17	0.14842781602804989
17.18	0.08545099278770671
17.19	0.29989380009320044
17.2	0.44491358826087624
17.21	0.1977178695850903
17.22	-0.44032949173799535
17.23	0.37717935266793917
17.24	-0.4309328760036097
17.25	0.6116947310945094
17.26	-0.5301852354151553
17.27	-0.06719273898607145
17.28	0.4557979616566428
17.29	0.2992240512547988
17.3	0.6538525130754075
17.31	-0.2670109119964152
17.32	0.47590914348430513
17.33	0.2536339485997971
17.34	-0.04670108560625161
17.35	0.9183975888449738
17.36	0.3694620392876973
17.37	1.0063522636240694
17.38	-0.6282134497860121
17.39	0.2637278654760174
17.4	-0.20700739378457306
17.41	1.1850781265857964
17.42	0.16433087502607183
17.43	-0.05942700152453772
17.44	0.07812453044033607
17.45	0.2978730177661998
17.46	0.42268197087701986
17.47	-0.07950036699050642
17.48	0.6133183022968415
17.49	-0.319239870342685
17.5	0.7938697474864986
17.51	-0.2094724886561049
17.52	-0.6010265959237928
17.53	0.012428355983779352
17.54	-0.7127513769546193
17.55	-0.38209343797746687
17.56	0.043995021545201574
17.57	-0.057039306100016965
17.58	0.0517638635356235
17.59	-0.26166710397185283
17.6	-0.9450589158346046
17.61	-0.2851694553581261
17.62	-0.2689768258850514
17.63	1.0312745784261277
17.64	0.03409846691020474
17.65	0.38603915435315866
17.66	0.785438280570708
17.67	-0.46941177509732684
17.68	0.6091919766858984
17.69	0.2230651676563476
17.7	0.024892103016603724
17.71	0.4308144818943841
17.72	0.4339222364526232
17.73	0.18527887468930512
17.74	-0.5019603341440515
17.75	0.21015399803659673
17.76	-0.5753651743962638
17.77	0.2394124527419455
17.78	0.3272645300831575
17.79	-0.05718218521748475
17.8	-0.3408096289821991
17.81	0.14768702583865018
17.82	0.3517316524376119
17.83	0.04853671815849346
17.84	-0.8188523587880929
17.85	0.7646283185712239
17.86	0.42980069141528965
17.87	0.5308551365353424
17.88	-0.09896864486523785
17.89	0.24481259691908713
17.9	0.2740223761019734
17.91	0.790617386904817
17.92	0.1934677826998829
17.93	0.2081719355688505
17.94	-0.5868277104193018
17.95	0.2296782862495237
17.96	0.23702262843430902
17.97	0.724700669704073
17.98	1.3029310954567674
17.99	0.2552826596767199
18.0	-0.009434243701074041
18.01	-0.8028455396256224
18.02	0.07150187569464861
18.03	0.1303118531849195
18.04	1.1252204171228304
18.05	0.8807013325367519
18.06	0.6294431450189623
18.07	0.8205407154172992
18.08	-0.07721573305619756
18.09	0.8529535989126249
18.1	0.8892605529809471
18.11	0.6620142316479195
18.12	0.828698987951527
18.13	-0.008179448146938023
18.14	0.33764909631027856
18.15	0.6781481399790446
18.16	0.5293856008820785
18.17	0.9470046499683158
18.18	1.5185195810812384
18.19	0.4924625043444964
18.2	-0.10907883951143005
18.21	1.118210944414845
18.22	-0.027604986970165224
18.23	-0.17545572453560732
18.24	0.769533232719145
18.25	0.5522210987044786
18.26	0.7767283261844091
18.27	0.7326575775923172
18.28	0.6704998812712982
18.29	0.6827872633514086
18.3	0.4041994389329828
18.31	1.354606036141611
18.32	-0.43578950380385273
18.33	0.39231451251069904
18.34	0.9504448587457093
18.35	0.011228717798556748
18.36	0.6423427033297909
18.37	0.601427689104895
18.38	0.5005652711358519
18.39	0.38853090342441166
18.4	1.0164652522145752
18.41	0.1381685762558688
18.42	0.19154594941090952
18.43	-0.06464164291390173
18.44	1.6582798850335823
18.45	-0.054367383461844054
18.46	0.38906166605310133
18.47	0.12864632521555247
18.48	0.6290008967481429
18.49	0.48810019908887115
18.5	0.7996748284015611
18.51	1.288150133539966
18.52	0.8310161855635113
18.53	1.0090745814776807
18.54	2.0848568872800533
18.55	1.9506913004310773
18.56	1.1842848750245614
18.57	0.3856754071372352
18.58	0.4086460736000207
18.59	0.6667767885331229
18.6	-0.4190003734974279
18.61	0.031076783691719123
18.62	0.9775682686372034
18.63	0.5973342017871408
18.64	0.6128481430911432
18.65	0.8940743904822372
18.66	0.38289428651892754
18.67	0.7935174100847746
18.68	1.2189921129755765
18.69	0.32791806176092136
18.7	0.38247045976632565
18.71	0.23031890825358875
18.72	0.5710155147904011
18.73	0.5096854631150177
18.74	0.49278428068547603
18.75	-0.410016578452818
18.76	0.2892601922833085
18.77	0.06318978229549355
18.78	-0.5512269439585186
18.79	0.45731323228889564
18.8	0.6331877530190496
18.81	0.21835982080624156
18.82	1.0212180942563607
18.83	-0.4496721088360849
18.84	0.8194702450345963
18.85	0.04374718211515449
18.86	0.9710928691638581
18.87	1.8567446145267321
18.88	1.444909913587317
18.89	0.994170744027526
18.9	1.0605309680820252
18.91	1.17527982361986
18.92	0.590200657777027
18.93	0.671875379146311
18.94	0.5745731577930635
18.95	0.8330618843802362
18.96	1.556016356997564
18.97	1.1640303578075268
18.98	-0.3392170774310518
18.99	1.9430315771065576
19.0	0.14611429871211962
19.01	1.2599893619671374
19.02	0.5425817612573293
19.03	1.0451545678209584
19.04	1.3719065818868348
19.05	1.1887369609113516
19.06	0.923857851762538
19.07	0.30947302570970864
19.08	0.7303501765522582
19.09	-0.09054437900642098
19.1	1.5670100556782525
19.11	0.21250033417400577
19.12	0.4645677191464245
19.13	0.045141165452450505
19.14	0.6245489174689289
19.15	0.5684334419633278
19.16	0.6751609747672034
19.17	0.177530035832837
19.18	0.22607436146544269
19.19	0.40620973157748963
19.2	0.4807725530248914
19.21	1.0123823554892164
19.22	0.2968024799149452
19.23	-0.1756944764205175
19.24	0.22725523762746336
19.25	1.5533453985765378
19.26	0.7680199170419103
19.27	1.0911261374574333
19.28	-0.2800862929849942
19.29	0.5391086468140808
19.3	0.3108338150112803
19.31	0.6177952861500653
19.32	0.9165312698615566
19.33	1.2344587836234773
19.34	0.8486122371323193
19.35	1.316604561107921
19.36	0.5483235852867531
19.37	-0.009511313190866177
19.38	0.31108500050503984
19.39	0.28006969875012677
19.4	0.1023708388101916
19.41	0.18481897999090152
19.42	0.5313670561883458
19.43	0.5306354325473982
19.44	0.8943899537148399
19.45	0.18973326798525897
19.46	-0.25338901378101886
19.47	0.6958740574574153
19.48	0.01951344344043182
19.49	-0.20708420440420794
19.5	0.320306642949484
19.51	1.2011647644159749
19.52	0.6430309161499276
19.53	-0.07887069399246727
19.54	1.022082547961987
19.55	-0.6965377860338372
19.56	0.8716296650900106
19.57	0.09293965200021104
19.58	0.9170337386250784
19.59	0.6689261017900601
19.6	-0.6897715580431368
19.61	0.11382674043613283
19.62	0.7677438116644009
19.63	0.7869142423150789
19.64	-0.5059921176560113
19.65	0.5454049677059315
19.66	0.8618701752152848
19.67	1.6481729415433466
19.68	0.24011879328024804
19.69	0.7592762132594164
19.7	0.3208916072592146
19.71	0.2505024737245292
19.72	1.029001547247502
19.73	-0.7420022949430346
19.74	0.7016293049917931
19.75	-0.20092638468280033
19.76	0.28813489270663994
19.77	0.10246860669468816
19.78	1.5996136931080769
19.79	-0.05923432871004741
19.8	-0.0046162857100148225
19.81	-0.07975704685229545
19.82	2.278595418049004
19.83	-0.05926130957307074
19.84	0.521857881481798
19.85	1.071226211460843
19.86	0.37294005906078453
19.87	0.717290254472636
19.88	0.3904818305620114
19.89	0.08033608057005398
19.9	1.0136818286628142
19.91	0.29516740679986964
19.92	0.2659600953516792
19.93	-0.605617710332104
19.94	0.08348183199268783
19.95	0.4628702767696178
19.96	0.7205335491169494
19.97	0.7650783549408708
19.98	0.35440983074587545
19.99	0.6112791092391181
20.0	0.35385189378694837
