10.01	4.836585356214734
10.02	4.453274619519411
10.03	4.431316412791712
10.04	4.356114369155353
10.05	4.3100538455026
10.06	3.135359432591768
10.07	3.518293211825106
10.08	3.6355026857609576
10.09	3.092283177886811
10.1	3.3033091895356708
10.11	2.8612680577460634
10.12	2.83645056880798
10.13	2.3895252939378167
10.14	2.1129487065799677
10.15	1.704302672349286
10.16	2.2410099195217676
10.17	1.300792193220221
10.18	1.6735031379167113
10.19	1.8828496143780682
10.2	1.3574610347866845
10.21	0.8537602386607808
10.22	0.21602533875025576
10.23	0.5225289664902908
10.24	0.5911889395165797
10.25	0.43625970447377693
10.26	0.1851693670583161
10.27	1.0494144765140836
10.28	0.5082561035769633
10.29	0.42936908624444015
10.3	0.9521020700285804
10.31	1.183527605617759
10.32	0.10342813620458152
10.33	1.6962980035241333
10.34	0.9497332870342653
10.35	1.4635880621147939
10.36	1.912956836315515
10.37	1.3109601591758921
10.38	1.4278307069791003
10.39	1.9127391151295545
10.4	2.1339809951629904
10.41	3.3047610965441256
10.42	3.3744810426678944
10.43	3.626119390542154
10.44	3.5037703296666414
10.45	3.9702510762414827
10.46	4.390700703486649
10.47	4.74248932329671
10.48	5.002628304981883
10.49	5.274328198444386
10.5	6.492947131673546
10.51	6.523948914131745
10.52	6.772135200878304
10.53	6.944379601529768
10.54	7.0633865998038425
10.55	8.075275703419944
10.56	7.295965684320809
10.57	8.267834410455169
10.58	8.226108790437234
10.59	9.510918010896866
10.6	10.179473607213355
10.61	10.542116704587418
10.62	12.072580872154417
10.63	11.419803298561359
10.64	12.071577666200518
10.65	12.556078894369191
10.66	12.716231021302539
10.67	12.492086897416991
10.68	12.864977615923719
10.69	13.978188517589652
10.7	15.606859754933282
10.71	14.835510803267084
10.72	16.1979690172464
10.73	14.667832797640925
10.74	14.67150311134261
10.75	16.70160181009622
10.76	16.18391704759356
10.77	17.887211939232436
10.78	18.4718954524813
10.79	17.621488201712424
10.8	17.207733206433815
10.81	18.734532331276192
10.82	18.66104105157974
10.83	18.697058106338694
10.84	18.907004484008393
10.85	19.870126561421657
10.86	18.277173136437543
10.87	19.862182098216557
10.88	20.762277097045228
10.89	20.309189191477948
10.9	21.240462979286193
10.91	20.757176313629323
10.92	20.71152117859855
10.93	20.21765627902114
10.94	21.09608324227924
10.95	21.19313443805372
10.96	22.936279112561568
10.97	21.082220464134046
10.98	20.53172486748245
10.99	20.781603240152382
11.0	20.590055346002668
11.01	21.010982331215153
11.02	19.932776981814932
11.03	20.39332086171616
11.04	20.983661504639013
11.05	20.779393507646365
11.06	20.60395252563689
11.07	19.355865242763844
11.08	20.320138703090752
11.09	19.654708412346938
11.1	19.4133405861306
11.11	19.505604417388568
11.12	19.91602193891139
11.13	18.77607531959026
11.14	19.03202726520077
11.15	19.188891623322
11.16	18.47640144636241
11.17	17.045762113149433
11.18	17.006661700578356
11.19	17.386839395067096
11.2	16.783656725493802
11.21	16.172952575032927
11.22	16.21108493058006
11.23	15.534332974218934
11.24	14.701292741079094
11.25	14.776918820795023
11.26	13.437506447299933
11.27	13.431496039360148
11.28	12.320500460615385
11.29	12.754859048732602
11.3	12.129327946215284
11.31	12.718222888599986
11.32	10.901699807195762
11.33	11.98579906396351
11.34	11.751893027029237
11.35	10.947202689277354
11.36	9.609709418501387
11.37	9.960433377827949
11.38	9.712557409513712
11.39	9.47428698520498
11.4	8.110547722682742
11.41	8.149127194670207
11.42	8.332103080675452
11.43	7.488580817852347
11.44	6.662008265644483
11.45	6.13245145999316
11.46	6.4848373185893395
11.47	5.182886113143696
11.48	5.284431998899876
11.49	5.0651052510566
11.5	4.537994512569918
11.51	5.909004390825477
11.52	3.580021051447539
11.53	3.6600277057248363
11.54	3.5813299436715815
11.55	4.058164835487259
11.56	3.4628259275540167
11.57	3.269367429807029
11.58	2.6900427164230507
11.59	3.993356194754491
11.6	3.690643319709224
11.61	1.9332073956256224
11.62	1.8187745434377778
11.63	2.5329700190571693
11.64	1.8866360693788315
11.65	1.3230865598959989
11.66	2.3150696969144855
11.67	1.8941680914234136
11.68	2.098678494425718
11.69	1.3664360644493276
11.7	2.066683087501366
11.71	1.6681054915942213
11.72	1.2834314528061037
11.73	0.9601759801923652
11.74	1.021271071990299
11.75	1.4162030435674868
11.76	2.4691373096457
11.77	1.9153789108114851
11.78	2.0935860216899416
11.79	1.9065308650282207
11.8	1.7482137287146486
11.81	2.3232618391251996
11.82	1.9347991603154522
11.83	2.2428221016464067
11.84	2.3638691171201107
11.85	3.9244828924011443
11.86	3.6649390830334614
11.87	3.0876090585394964
11.88	3.902783170480957
11.89	3.7168412843670064
11.9	2.8047346529018427
11.91	4.098703556454109
11.92	3.7807494503324897
11.93	5.045727199359511
11.94	5.121244361433586
11.95	4.938866732103988
11.96	4.990062260459439
11.97	5.326559882016864
11.98	5.152434806748735
11.99	5.195518677166644
12.0	6.729508682354472
12.01	6.257272601977446
12.02	7.740096900091012
12.03	7.114931114256975
12.04	7.4862382460700685
12.05	8.325579579457537
12.06	8.808810311749525
12.07	9.034234647735229
12.08	10.025195928100773
12.09	9.27126642595547
12.1	9.608433255821293
12.11	10.11895426348402
12.12	10.118914123879582
12.13	10.468647460012704
12.14	10.75265968516235
12.15	11.619000038416363
12.16	12.00161232468103
12.17	12.880493063587684
12.18	13.091739897242466
12.19	12.91466707710102
12.2	12.267039680548903
12.21	13.87948998301045
12.22	13.236463855524537
12.23	14.592073931414369
12.24	12.808369798877923
12.25	14.237802685243274
12.26	14.954358857155318
12.27	15.017699543283387
12.28	14.980302622173848
12.29	16.28462565437782
12.3	15.728351227838756
12.31	15.995852658402397
12.32	15.94271114951112
12.33	16.093507728536668
12.34	16.814369507303404
12.35	17.077053964329174
12.36	16.826276299174324
12.37	17.85548012322328
12.38	16.938948624517522
12.39	17.43665423112903
12.4	17.706975841841917
12.41	18.412326136519198
12.42	17.11890542410272
12.43	18.073010789356186
12.44	18.351736487063974
12.45	17.740705690809726
12.46	16.87497409504062
12.47	16.96160796409362
12.48	17.42839979354297
12.49	17.795202006486537
12.5	17.158754197042022
12.51	17.46272501968088
12.52	17.256331411970407
12.53	16.357949933702194
12.54	15.814272600108925
12.55	15.53758757880828
12.56	16.875430292455555
12.57	16.213085245338668
12.58	15.78487256920142
12.59	15.428628651867054
12.6	15.08991663633696
12.61	14.88541771456187
12.62	15.073603530271889
12.63	14.09212651981454
12.64	13.264255722246446
12.65	13.137973087313219
12.66	13.118225379071571
12.67	13.299940646892544
12.68	12.729760882420265
12.69	11.811334788369084
12.7	11.12064753971979
12.71	10.891392670025846
12.72	9.732801884432064
12.73	9.646285834280272
12.74	10.521737449187867
12.75	10.231541767814127
12.76	8.938984470175757
12.77	8.396383185735598
12.78	7.705905802368689
12.79	7.808615571264852
12.8	7.419863184392136
12.81	6.703772101265435
12.82	6.805946792532722
12.83	6.077728963858252
12.84	5.192962455184284
12.85	5.256743554442124
12.86	5.9564292891299
12.87	5.371314472843338
12.88	4.673579413776978
12.89	4.291158404660636
12.9	4.053751576153397
12.91	4.297488624999743
12.92	3.060960539431937
12.93	3.180278087237912
12.94	3.060870952041862
12.95	1.9790037989576503
12.96	2.671922384962136
12.97	2.367601738405561
12.98	1.7820363785541664
12.99	1.2879163876995898
13.0	2.02046444839403
13.01	2.1325480930496936
13.02	1.5989295994694728
13.03	1.333395690672166
13.04	1.8303716488857926
13.05	0.6614048879703188
13.06	1.1714956399219671
13.07	0.8303626319497064
13.08	1.5445987379440382
13.09	-0.24294462366625402
13.1	0.6933602719765277
13.11	2.2891493607380617
13.12	1.8031669129886883
13.13	1.7767132116233095
13.14	0.6736253506415035
13.15	1.6933247361527095
13.16	1.5220100956746563
13.17	1.1111825498115846
13.18	1.7618817352962783
13.19	1.430553040527464
13.2	2.3341397054638735
13.21	1.402387889983056
13.22	2.299661946910919
13.23	2.7251403150278604
13.24	2.083679470064675
13.25	2.206541814432044
13.26	2.630587031569306
13.27	2.8320845970132495
13.28	3.7336878087269945
13.29	4.152944064689674
13.3	3.794917154223741
13.31	3.1222031318622037
13.32	3.872512957025062
13.33	5.107974615828531
13.34	5.280931786056003
13.35	5.90181519328789
13.36	5.621202580819257
13.37	6.1968762260044965
13.38	5.112266764916514
13.39	6.819172937977396
13.4	7.294500852786062
13.41	7.286895040366748
13.42	8.09620689860121
13.43	8.702931401339898
13.44	8.745064308689507
13.45	9.123502475735298
13.46	9.48943903766701
13.47	10.134090827089825
13.48	9.78195345071739
13.49	10.762315919850668
13.5	11.154151218425149
13.51	12.525772421477201
13.52	12.970051316637958
13.53	12.651699030698452
13.54	13.461964545881468
13.55	13.964901723348982
13.56	13.482598562143547
13.57	15.686913635173237
13.58	14.761490235503807
13.59	14.910619984488449
13.6	16.073081867321157
13.61	16.148600580086708
13.62	17.344600648773977
13.63	17.389113667428326
13.64	17.918372729555898
13.65	18.949576746765697
13.66	19.3637789292751
13.67	19.973103033691846
13.68	20.353526293161416
13.69	20.379107541879936
13.7	20.31099377307068
13.71	20.184051186630867
13.72	20.564069898679175
13.73	20.53962293064911
13.74	20.57649834468537
13.75	21.990119541641196
13.76	21.11738303027488
13.77	21.297895402120734
13.78	22.079778651100476
13.79	21.801611495977586
13.8	21.174950031624952
13.81	21.605222071410143
13.82	21.231370898272594
13.83	21.687796528028944
13.84	22.049322041076962
13.85	20.979497199635166
13.86	20.755234415169966
13.87	21.21086599299736
13.88	20.90756524867681
13.89	20.2314636167453
13.9	19.024217173271744
13.91	18.9484659362198
13.92	19.577045302202684
13.93	18.1797429085532
13.94	17.592959268636143
13.95	16.851566998939415
13.96	16.802021906098908
13.97	15.859197985487768
13.98	16.36393682287665
13.99	17.042541036922284
14.0	15.204352031096265
14.01	15.886207990005289
14.02	14.274975854555741
14.03	13.051217954553882
14.04	13.146080168320294
14.05	13.779019612961894
14.06	12.512574864830988
14.07	11.092490227307202
14.08	11.251326372840557
14.09	10.75420236558506
14.1	9.783513421370957
14.11	9.504738473195065
14.12	9.66279606752347
14.13	8.256896606865588
14.14	7.8185059292828445
14.15	7.829825095855903
14.16	7.133719077377091
14.17	6.045196402668412
14.18	6.5364317765160065
14.19	5.8025731554906255
14.2	5.551656373489719
14.21	4.286982574474349
14.22	3.887664634105844
14.23	4.04307641772785
14.24	3.9809999082994496
14.25	3.5996867082134782
14.26	3.2519956527608387
14.27	1.615014111321973
14.28	2.6513882822827153
14.29	1.7607272042101632
14.3	1.901206667234993
14.31	3.2881192685915064
14.32	1.1800095043924765
14.33	1.4562074604835749
14.34	0.6782900099879844
14.35	0.6648476178419037
14.36	1.3946633215707593
14.37	1.2479614175944098
14.38	1.4574971424942234
14.39	0.3099090781331421
14.4	1.6569552385014772
14.41	1.0074918340993466
14.42	1.2446799764722292
14.43	1.7926485631897295
14.44	0.6431913506033755
14.45	2.2641156926928376
14.46	1.0483976653852405
14.47	1.7080831582538285
14.48	0.45533191004206264
14.49	1.4368084457732202
14.5	1.358722792901515
14.51	1.7011599196254894
14.52	1.177571357755673
14.53	1.8320756242457181
14.54	2.4276889851244996
14.55	2.7992400221926994
14.56	2.543237179938484
14.57	3.0141401212186594
14.58	3.629064971775974
14.59	3.5337862870532013
14.6	2.6146652486108435
14.61	4.413166759111734
14.62	4.195011450766904
14.63	4.091432423347986
14.64	4.3230625341068425
14.65	4.847988023609229
14.66	5.109069648715321
14.67	5.71684056894249
14.68	5.721306117084752
14.69	6.005392354143409
14.7	6.3263386580942464
14.71	6.479886165317555
14.72	7.212270979885598
14.73	8.140130993048889
14.74	7.899236001995971
14.75	7.739890837424993
14.76	9.11019152551374
14.77	7.957806054006793
14.78	9.39873954167067
14.79	9.43981026456374
14.8	9.688834719367973
14.81	10.591437009070631
14.82	10.14228390488502
14.83	12.01130723792923
14.84	11.324449424844135
14.85	11.3434670840307
14.86	13.227424982684342
14.87	12.018732444591677
14.88	13.418270998387115
14.89	11.853217720195344
14.9	12.615865662122625
14.91	13.621159427933238
14.92	13.458025172680241
14.93	15.092242246996372
14.94	15.092825259460232
14.95	14.668828730222902
14.96	16.270438732003214
14.97	16.371910621327743
14.98	16.110775125650065
14.99	16.81480140374506
15.0	17.428058402785524
15.01	17.23354306026843
15.02	18.615543025476217
15.03	17.968584950960985
15.04	18.540531964382257
15.05	18.84292294159783
15.06	19.57701787375848
15.07	19.599945242674664
15.08	17.920670549317432
15.09	18.75354599597166
15.1	19.297445716341873
15.11	19.728872687770778
15.12	19.567720479652618
15.13	19.04704686315636
15.14	18.75552935167242
15.15	18.630405863339334
15.16	19.640602394341073
15.17	18.334021669621112
15.18	19.06597623899587
15.19	18.691969465307544
15.2	18.92794273590435
15.21	18.728333204314012
15.22	17.492769270726203
15.23	17.758967870406
15.24	17.347889074207014
15.25	17.002987653209132
15.26	17.250223352749884
15.27	15.827944285972423
15.28	15.989630699109135
15.29	15.365958676817161
15.3	15.269113018689813
15.31	15.207989870991065
15.32	14.578232759805353
15.33	14.769302658673992
15.34	13.190770269674017
15.35	12.786491089335625
15.36	13.535040583694034
15.37	12.419992273092694
15.38	12.43830523068849
15.39	11.009899291010397
15.4	10.655730742872882
15.41	9.963281611005444
15.42	9.761784093613075
15.43	10.285699454005663
15.44	8.650811900305186
15.45	8.295116412712824
15.46	7.470329614329352
15.47	6.440130125908431
15.48	7.629173541627325
15.49	6.908789450544077
15.5	5.85811803369125
15.51	7.161701524660825
15.52	5.310723216082851
15.53	6.235503766365664
15.54	5.361900492296955
15.55	3.3430687806429473
15.56	3.6935107088797365
15.57	3.3479026200953577
15.58	3.2064652710010217
15.59	2.926595881983199
15.6	2.626129660741009
15.61	2.274005438431411
15.62	1.7594030049833622
15.63	2.10234869163213
15.64	2.1741668421746843
15.65	2.0213526022606514
15.66	0.20226665256243503
15.67	0.4064343667143282
15.68	0.3003726952419982
15.69	-0.017917198267090872
15.7	0.3224631409425484
15.71	0.17453262940026615
15.72	0.364044759467651
15.73	0.8401434192640167
15.74	0.37080528045716576
15.75	-0.33001139042233996
15.76	-0.34301127960092515
15.77	0.046272974777862234
15.78	-1.1060260133334334
15.79	1.371607707503532
15.8	0.17878402800832188
15.81	1.0179972755276279
15.82	0.3860598816891897
15.83	0.6676431279431798
15.84	0.1794995766238514
15.85	0.009370769235052423
15.86	1.3384964475526715
15.87	0.9944266225193594
15.88	2.09630752238242
15.89	1.3191898495233414
15.9	0.8199977171032117
15.91	1.92041710394868
15.92	2.7422814930412884
15.93	2.5679277981236246
15.94	2.4665102148423323
15.95	2.899450320483052
15.96	2.9703695888809203
15.97	3.404780633749554
15.98	3.7896407935372034
15.99	3.7703278487149317
16.0	3.293355055241777
16.01	5.137043212384833
16.02	4.282554714046685
16.03	4.864840336281831
16.04	5.456863459225459
16.05	4.999059261952319
16.06	5.975963079232036
16.07	5.624305605175646
16.08	7.036618134005905
16.09	6.69723136295861
16.1	7.35927703795658
16.11	7.896634375212088
16.12	8.740113387347634
16.13	8.933430125511308
16.14	9.596806750936311
16.15	10.267093269052328
16.16	9.994342711565409
16.17	10.889723159925568
16.18	11.424276128765161
16.19	11.272005544169701
16.2	11.660846209307964
16.21	11.579737577827595
16.22	12.919352490542277
16.23	12.822903544731377
16.24	13.301995288606287
16.25	13.652331941248532
16.26	14.724703143880802
16.27	14.346937434422369
16.28	14.4781646644671
16.29	15.345166131998237
16.3	14.595272810048499
16.31	15.754370619673695
16.32	15.278581411306643
16.33	16.56842879997288
16.34	15.826816679980872
16.35	15.47374519323208
16.36	17.444187202154477
16.37	17.18227760331517
16.38	16.665813095104724
16.39	17.25336749414968
16.4	18.012976839663168
16.41	17.93443111708618
16.42	18.0652741641465
16.43	17.4459039669729
16.44	18.484418268560585
16.45	18.11052590070524
16.46	18.237000243087707
16.47	17.50758845219494
16.48	18.326395064395182
16.49	17.829108571923463
16.5	17.89403644577393
16.51	18.506378626714756
16.52	17.973810409156975
16.53	17.949250480316955
16.54	18.12866200743827
16.55	17.81716443533214
16.56	18.361663899100986
16.57	17.083066355489894
16.58	17.32391853090138
16.59	17.388571380858686
16.6	17.605244772033174
16.61	16.84164676147657
16.62	16.308615332203775
16.63	16.025923196412563
16.64	16.569054699209534
16.65	16.673527680585718
16.66	16.406763719467044
16.67	15.156186693080679
16.68	15.767920923329433
16.69	15.557669427365468
16.7	14.513663818776148
16.71	13.962767899400351
16.72	12.940989183108668
16.73	13.62898856099116
16.74	13.017906708803691
16.75	12.221167482488267
16.76	12.496073070469873
16.77	11.791376805789035
16.78	11.116500008279605
16.79	10.716320629662516
16.8	9.334527816736324
16.81	9.10197618114157
16.82	9.148983089778037
16.83	8.811482138964665
16.84	8.80970953059982
16.85	8.246741356537814
16.86	7.490401708058257
16.87	6.622579934376968
16.88	6.056427501863208
16.89	5.369013453553152
16.9	5.545293358767755
16.91	4.983512977201121
16.92	6.056736083897879
16.93	4.591656045839611
16.94	4.435744948072878
16.95	4.279774371865917
16.96	4.067490598555095
16.97	3.448848852698394
16.98	3.402538004939484
16.99	1.8015368948374064
17.0	1.915511523459965
17.01	2.128009471402287
17.02	1.6636621388548878
17.03	1.9717068681991556
17.04	1.3794564535219833
17.05	1.9615405053735369
17.06	2.2403250403325394
17.07	0.1546794989008186
17.08	0.8430206704560963
17.09	0.5091332152377792
17.1	0.4273286331952493
17.11	0.438935287040105
17.12	0.7091232686851645
17.13	0.6335223864645415
17.14	0.9084373497419149
17.15	-0.43947475578067174
17.16	2.0707518360123722
17.17	0.8280773005629075
17.18	-0.1724330242105382
17.19	0.6557825644640112
17.2	0.25952165432624663
17.21	0.25830827966193975
17.22	1.0309993590620188
17.23	1.1891875690281715
17.24	1.2652998043344819
17.25	2.0114449298968973
17.26	1.7614141124665088
17.27	1.180791763128523
17.28	2.187161070335286
17.29	1.3825699652729257
17.3	1.8122603004011013
17.31	1.8841489864850167
17.32	2.2979975497332914
17.33	2.8223164759378574
17.34	3.2779311046008495
17.35	3.321215937927974
17.36	3.4178326264506937
17.37	3.509288079552854
17.38	4.019952156609437
17.39	3.902268818268494
17.4	5.0030866388025075
17.41	5.4049465089199495
17.42	5.899723654362636
17.43	5.31786944304054
17.44	5.910739395539482
17.45	5.8442749476154265
17.46	7.346670707855103
17.47	7.801237421181319
17.48	7.344061140403361
17.49	8.58862845342194
17.5	8.538759523052924
17.51	9.4423335758319
17.52	8.818055704543703
17.53	9.715330724045256
17.54	9.92501786211295
17.55	11.20661448488753
17.56	11.65284639260479
17.57	11.627478145796537
17.58	12.006615745191104
17.59	12.614264649434524
17.6	12.97008086297886
17.61	13.397369853949803
17.62	13.341616730130612
17.63	13.799215304484042
17.64	15.109419752244106
17.65	16.119357244087787
17.66	14.63961996751706
17.67	15.03039670226051
17.68	14.49022068309841
17.69	16.059305661980332
17.7	16.095982466088447
17.71	16.442536491552232
17.72	16.420957698514005
17.73	15.298304967871802
17.74	16.653342002615204
17.75	17.202001527735884
17.76	16.698413633993653
17.77	17.724095414204566
17.78	16.89822636339961
17.79	18.286511511266916
17.8	16.862650909494526
17.81	16.904956192828084
17.82	17.236213372467088
17.83	15.619811540221283
17.84	17.300595266762976
17.85	17.0653942377734
17.86	16.328058087096085
17.87	16.392430014205257
17.88	15.676398920701859
17.89	16.526526482787055
17.9	15.609406799534113
17.91	15.540334048749813
17.92	15.516281706497002
17.93	15.03998626187373
17.94	15.137837907021792
17.95	13.999935478136416
17.96	14.01507213202473
17.97	13.614826989900669
17.98	12.663592061642005
17.99	12.53765910605448
18.0	11.551893146573267
18.01	12.840135092957079
18.02	11.502281877451434
18.03	11.225419712705024
18.04	10.095809310670969
18.05	9.667505165177284
18.06	10.11036981964104
18.07	9.859962075181944
18.08	9.435880725066566
18.09	8.264904765198418
18.1	8.413755893725803
18.11	6.978912577312572
18.12	6.369424434409902
18.13	6.793021454671846
18.14	6.7076303211101616
18.15	5.9450974432521
18.16	5.3546529242843475
18.17	6.340288103611108
18.18	5.634771603999581
18.19	5.291976920182341
18.2	4.765331824529571
18.21	3.5983608532669105
18.22	3.653159445558433
18.23	3.744826364553378
18.24	3.735918369078027
18.25	2.5076131500099272
18.26	3.8006834123421465
18.27	2.076638567724638
18.28	2.3014832663828906
18.29	3.6275630263989123
18.3	2.8562695464447923
18.31	2.199994869368987
18.32	1.8199975258124321
18.33	2.5139720661806852
18.34	2.0378485897229406
18.35	2.4445478150401225
18.36	1.7217858574061073
18.37	0.9971904768802248
18.38	1.552583178469747
18.39	1.2733837244069166
18.4	2.135459663316539
18.41	1.828854371428428
18.42	1.4083992819251372
18.43	1.1450604930612256
18.44	2.1314550191233077
18.45	2.5354276656485064
18.46	2.516420117811395
18.47	2.9609398900937736
18.48	2.9927062290871524
18.49	2.086439758892527
18.5	2.911522751528637
18.51	2.986761329856663
18.52	4.189251665404433
18.53	3.0970819324089316
18.54	3.6017984579721603
18.55	3.6001653960914672
18.56	5.12737221571459
18.57	4.149424333428339
18.58	5.08586860358493
18.59	5.006073580602168
18.6	5.0451242773155185
18.61	4.455727073296892
18.62	6.427371618121998
18.63	6.4486230622726115
18.64	6.691009608889388
18.65	6.269252554399118
18.66	8.033026308148315
18.67	8.260967517057502
18.68	7.9206405839553735
18.69	8.854423015552172
18.7	9.513969645800943
18.71	9.945504690210093
18.72	9.11307875585464
18.73	9.855423326135256
18.74	11.518836830347176
18.75	11.066888818311346
18.76	10.80303939654819
18.77	12.429264014506561
18.78	11.896759396154422
18.79	12.952259544546093
18.8	13.572931537783147
18.81	12.417286450798507
18.82	13.006474830260295
18.83	13.78836891819015
18.84	14.564291846945157
18.85	14.77963733660293
18.86	15.25543190549709
18.87	15.15879463923786
18.88	16.053013951531977
18.89	14.967323197227248
18.9	15.667644600311858
18.91	16.041273592374704
18.92	15.49460782105738
18.93	14.80945322808795
18.94	15.529919609580265
18.95	16.076347289537452
18.96	15.61862526439698
18.97	15.810353087659857
18.98	15.095361302581976
18.99	14.723145618581283
19.0	15.359359561188668
19.01	15.200038023852374
19.02	12.89887533462183
19.03	15.410660806867217
19.04	14.913715545390097
19.05	14.30623307726498
19.06	14.220898112120727
19.07	13.589628957302747
19.08	13.447166206016563
19.09	13.09899354634884
19.1	11.452907345973317
19.11	12.58790256183067
19.12	12.08247507609356
19.13	10.220308065605852
19.14	10.916537180864408
19.15	11.148068235491008
19.16	10.509222987488258
19.17	9.156477182362744
19.18	9.431721403527346
19.19	8.588883729246252
19.2	9.332319391971897
19.21	8.271740592699198
19.22	7.312093423788202
19.23	7.146346207239342
19.24	6.503812952075179
19.25	5.756759061152773
19.26	5.4470500587350825
19.27	4.379761803815192
19.28	5.244263909583572
19.29	5.516940487572539
19.3	4.335614568432552
19.31	4.728352920653406
19.32	3.619309011954189
19.33	3.468159836164086
19.34	2.7514196636212
19.35	3.8972991467780993
19.36	2.851099490999818
19.37	2.3930664690290055
19.38	2.6592401482231347
19.39	2.843605256302512
19.4	2.003680631933467
19.41	2.0375885382199157
19.42	1.7592941583209503
19.43	1.027384794615358
19.44	1.3338770433383025
19.45	1.2492184657350347
19.46	0.8524971188630368
19.47	1.732262668301381
19.48	0.9222234991319169
19.49	0.4248735573517309
19.5	0.32289550477620044
19.51	0.07445980652177897
19.52	1.3258590545959885
19.53	0.8316140436309887
19.54	0.3898833139575555
19.55	0.8046595372662984
19.56	2.013630558334132
19.57	1.3769384729491727
19.58	1.0201929115215407
19.59	0.6388111598723868
19.6	2.8602382195598617
19.61	1.9340740789468558
19.62	3.881008234563274
19.63	2.973577064834055
19.64	2.438244003968869
19.65	3.100324060582244
19.66	3.290527163623417
19.67	3.684429978201569
19.68	3.8170538830801592
19.69	4.44474848778447
19.7	4.336815659017047
19.71	4.692870003312297
19.72	5.0091673659985725
19.73	5.8602851807211405
19.74	5.633666917364295
19.75	7.037511031849772
19.76	7.571688949854303
19.77	6.924224051622078
19.78	8.130368975603814
19.79	8.890928714337694
19.8	8.797418827249166
19.81	9.52897253719719
19.82	10.594811396971243
19.83	10.414851939687406
19.84	8.936272002077846
19.85	10.722656015300844
19.86	11.550534338794915
19.87	11.441908862366986
19.88	12.382081625093408
19.89	12.652990960528031
19.9	13.180702397891723
19.91	11.927373809269106
19.92	13.11060701304549
19.93	13.686881080318422
19.94	14.132205341596515
19.95	14.272913644821143
19.96	13.673410546466105
19.97	14.285203887612417
19.98	14.900703951663683
19.99	15.110588650310774
20.0	14.79605337707513
