10.01	5.847418961776852
10.02	5.896645789333759
10.03	5.877206269768594
10.04	7.063228997197851
10.05	6.652257903607352
10.06	8.006566289105752
10.07	9.030846413288993
10.08	9.588201138638532
10.09	9.83127219337303
10.1	9.598852147200812
10.11	10.385062021055617
10.12	11.66371865428261
10.13	11.60217556011179
10.14	12.708783312182867
10.15	13.178342164590596
10.16	13.740602463934158
10.17	14.154610215533761
10.18	14.152810120232298
10.19	15.569553184986212
10.2	14.90986787847574
10.21	14.297319824458144
10.22	16.97100904606078
10.23	16.98434011191132
10.24	17.285695616621123
10.25	17.373450249450162
10.26	16.915611667628873
10.27	17.880198986923528
10.28	18.263361615061847
10.29	18.60005641286915
10.3	18.734779820856836
10.31	18.89162992772477
10.32	19.168123448430933
10.33	19.955860180834225
10.34	19.342159519553828
10.35	19.112609696787846
10.36	19.168982790455647
10.37	19.496296384525778
10.38	19.513728304073446
10.39	19.729761238506452
10.4	19.984668543351834
10.41	19.92824034908213
10.42	19.924198560281763
10.43	20.43984294649618
10.44	20.078948833969555
10.45	20.32665504263958
10.46	19.808734651386544
10.47	19.658189369982704
10.48	19.646957260661306
10.49	19.744952605429727
10.5	20.325872189176938
10.51	19.45029436213616
10.52	18.354744480478494
10.53	19.406870294461715
10.54	19.02982052341337
10.55	18.260867009050887
10.56	19.728303916408578
10.57	18.538289397740215
10.58	18.748421647258613
10.59	18.48608664261348
10.6	17.802753357519926
10.61	16.79458957884869
10.62	16.906306510361468
10.63	16.790717636038398
10.64	15.568145260472562
10.65	16.71457405270417
10.66	15.666547213695129
10.67	16.039202312148063
10.68	15.045429564617649
10.69	14.824210252097588
10.7	13.928787641677278
10.71	14.50037916238765
10.72	12.5889160807488
10.73	11.68589033260747
10.74	12.4562037575376
10.75	12.212556668252002
10.76	10.822837761399267
10.77	10.44968266118285
10.78	9.556430104203315
10.79	10.304361136822545
10.8	9.598023635303964
10.81	8.736035359585829
10.82	8.920951975385824
10.83	7.50901886645069
10.84	6.449513092967324
10.85	7.871398179419407
10.86	6.702973308352407
10.87	5.72578026481741
10.88	6.052061915249941
10.89	5.571111457404834
10.9	4.816886258903246
10.91	5.014622310859339
10.92	4.674358415472682
10.93	5.158310809590434
10.94	4.136200062134553
10.95	2.5702680056652607
10.96	3.5450451262997023
10.97	2.9271680533462088
10.98	2.7278745905246247
10.99	3.9313709884800585
11.0	2.0545919305677462
11.01	3.042820186577972
11.02	2.1224575151818597
11.03	2.7929069404813402
11.04	2.4135755331279034
11.05	1.9749355739815304
11.06	2.2565324605130574
11.07	1.3425267347170335
11.08	1.8401424001724607
11.09	2.3445359598753184
11.1	1.524236078825281
11.11	2.254158571527064
11.12	2.590015783537468
11.13	3.763311135180172
11.14	2.0850546424675547
11.15	2.700923667343281
11.16	3.8205425357008487
11.17	2.7306570208116665
11.18	3.8532477793618924
11.19	4.317831379027819
11.2	4.206188146375107
11.21	4.981026084797467
11.22	5.545432698410276
11.23	5.311625588942208
11.24	6.797493410611489
11.25	6.334487203406128
11.26	6.939621281744767
11.27	7.900812720215317
11.28	8.118149517783626
11.29	9.776706493347042
11.3	10.100540892894864
11.31	10.965560400135308
11.32	10.358370287604696
11.33	11.413578012464018
11.34	11.38573160327838
11.35	11.666093468585593
11.36	13.392445001995297
11.37	13.978929639044008
11.38	14.831559876008738
11.39	15.663813618941793
11.4	16.071494978141985
11.41	16.315577583004043
11.42	16.13762931219423
11.43	16.174817558462696
11.44	17.667553471027
11.45	17.739508939347814
11.46	17.104858960072818
11.47	19.27006191919435
11.48	19.04081648648246
11.49	20.326845835700773
11.5	20.779283273329824
11.51	20.19092053894731
11.52	21.319582539959427
11.53	21.255443699725802
11.54	20.955592687876862
11.55	20.642848407790485
11.56	21.129752177485745
11.57	21.39261225080518
11.58	22.074625508347914
11.59	21.608595751086053
11.6	21.192147640494593
11.61	22.003215102505518
11.62	21.281406728180134
11.63	21.461711692257815
11.64	20.254499112790644
11.65	21.324813263310407
11.66	20.548607892749633
11.67	19.745480674710713
11.68	20.121405787433076
11.69	19.983195953638507
11.7	19.238984710934346
11.71	18.843319238763815
11.72	17.075735269041097
11.73	17.83078122122472
11.74	17.423590777037234
11.75	17.647461468125858
11.76	16.536607491385112
11.77	15.084396391223384
11.78	14.631626104715169
11.79	15.225017584357042
11.8	14.335630003372806
11.81	13.918499707688825
11.82	12.389080654496802
11.83	13.725396418652387
11.84	11.031280850396714
11.85	10.588678773889157
11.86	11.621678408465588
11.87	10.33617912776253
11.88	9.229102994988404
11.89	9.19561979932229
11.9	7.946339202997373
11.91	7.506930994274903
11.92	7.443329775527564
11.93	6.586896388894057
11.94	6.216307287174687
11.95	5.453566884660991
11.96	5.688313539247403
11.97	4.803555461572203
11.98	5.306101954739307
11.99	4.994764537038612
12.0	4.685632834181388
12.01	3.3379311713404594
12.02	4.1819362386507954
12.03	3.1132267098777437
12.04	3.0273411890885686
12.05	2.8222317629121667
12.06	2.1184407432985664
12.07	2.3032089375160054
12.08	1.8214941596575365
12.09	2.442972604917682
12.1	1.0513415280045137
12.11	1.8308000130900155
12.12	1.5209420543128709
12.13	2.1423618739339223
12.14	1.7748790178355984
12.15	1.0226575157788806
12.16	1.8312774666120595
12.17	2.3528088463773393
12.18	1.6961144278218105
12.19	2.536017286106501
12.2	1.8711668108383397
12.21	1.9751556019115648
12.22	2.71828731970288
12.23	2.5815558456762178
12.24	3.20612620937972
12.25	3.305823715772081
12.26	3.9427365044190146
12.27	4.16320174669495
12.28	5.028462292330259
12.29	5.073654257032047
12.3	5.610587582131954
12.31	4.741017576167845
12.32	5.036439040052227
12.33	6.838083109794073
12.34	7.059205495339985
12.35	8.12104227020761
12.36	7.693056221899137
12.37	7.371841132785382
12.38	9.73263192717134
12.39	9.297243017912852
12.4	10.221545738661593
12.41	10.502780782329461
12.42	11.17407211693263
12.43	11.415875629248388
12.44	12.19149576244174
12.45	12.577965531191742
12.46	13.16839745560586
12.47	14.93406395191546
12.48	14.321895009423587
12.49	15.014622124318583
12.5	15.412590891006248
12.51	16.502050231536746
12.52	16.780520304472894
12.53	17.482612954360018
12.54	19.10574440595174
12.55	19.41153758330823
12.56	19.32353017581477
12.57	20.518600142842587
12.58	20.036556924334622
12.59	21.423624968880876
12.6	21.227971489019055
12.61	20.944094968843
12.62	23.26209435894096
12.63	22.751207136932297
12.64	22.3565353635408
12.65	22.40892133549509
12.66	23.375114308045433
12.67	22.93870231074874
12.68	23.35289095022576
12.69	23.03603110651447
12.7	23.534331422953898
12.71	24.695324082796212
12.72	23.515442902841297
12.73	23.624312194259616
12.74	24.16291694889054
12.75	23.079685736546395
12.76	23.360901973467247
12.77	22.836326310883653
12.78	23.420976431405332
12.79	22.779775769951023
12.8	23.034549948939365
12.81	21.856859357718587
12.82	21.96061861625779
12.83	22.01482013932263
12.84	20.874800572772177
12.85	21.087361527212384
12.86	19.95069448146804
12.87	20.156666586597115
12.88	19.212884084717807
12.89	18.788692465601574
12.9	18.551281052321784
12.91	18.03539641439133
12.92	17.63494564667551
12.93	16.58760140853338
12.94	15.556803940822517
12.95	15.801666028289485
12.96	14.537571116732819
12.97	14.709797061667382
12.98	14.481920411175107
12.99	14.51744048886054
13.0	14.181363148710764
13.01	13.442738996268037
13.02	12.45720105059948
13.03	12.01330465277243
13.04	10.75715859095546
13.05	10.827157962001994
13.06	10.178722381855149
13.07	8.880151788603863
13.08	9.851186895625137
13.09	8.957187267094387
13.1	8.25121265926434
13.11	8.942330276229908
13.12	7.20792488973388
13.13	6.723001915748201
13.14	5.963704556843567
13.15	6.178183820082979
13.16	6.164583323890733
13.17	5.488551445392307
13.18	5.365516750289167
13.19	5.447632066259052
13.2	4.485533080631599
13.21	4.182394416322804
13.22	4.816190757914822
13.23	4.140584361946852
13.24	3.8240369422669156
13.25	2.7033563700938137
13.26	3.0631607631579127
13.27	2.8166181847075116
13.28	3.6631963087591566
13.29	3.411145440918796
13.3	3.1130185010884857
13.31	2.2511815655354814
13.32	2.9442093225631565
13.33	2.0568099674963607
13.34	2.8683088849498874
13.35	3.856639742936884
13.36	2.458493885430147
13.37	3.3688874597877585
13.38	3.7591584562702463
13.39	3.828338116663263
13.4	2.8094683231661017
13.41	4.514836407713008
13.42	4.033778006786497
13.43	4.4158630193588255
13.44	4.991009132798794
13.45	4.818302142232616
13.46	5.8332758063956875
13.47	6.034623846670625
13.48	5.957122358724371
13.49	6.841512772785558
13.5	6.694555280301618
13.51	7.494737559581188
13.52	8.924355889766126
13.53	8.430390362626566
13.54	8.76625228477402
13.55	10.870300706199151
13.56	9.71279277326764
13.57	11.210437771906177
13.58	11.229094849514567
13.59	12.360764057077093
13.6	11.75326116984366
13.61	12.721832422077178
13.62	13.379884875706205
13.63	13.226742454868432
13.64	14.474945533817694
13.65	14.545835695611865
13.66	16.06402053138931
13.67	15.022614285183689
13.68	15.537048525904094
13.69	16.50254666000567
13.7	17.0078675137632
13.71	17.434900947084408
13.72	17.52875089674067
13.73	17.012623686475898
13.74	17.42724062230582
13.75	18.070445803811978
13.76	18.072594121407754
13.77	18.984301608798297
13.78	18.772030200417465
13.79	18.971086411708754
13.8	19.674103059913723
13.81	19.423572886563033
13.82	18.98492058144448
13.83	19.213602141395093
13.84	20.06675384998613
13.85	19.79641751206522
13.86	20.150110950347326
13.87	19.564518436885244
13.88	18.72882989969115
13.89	19.45316131698855
13.9	19.220850088267287
13.91	19.255802535904113
13.92	18.65787634328043
13.93	19.636756989186033
13.94	18.26443200097773
13.95	18.859404972992433
13.96	19.29261985199761
13.97	19.248196160546883
13.98	17.950275867393216
13.99	18.464969394834217
14.0	17.24448908615702
14.01	16.974149519609036
14.02	15.996423817064814
14.03	16.66115044812975
14.04	16.489045765926903
14.05	16.029111444798257
14.06	15.40345943310011
14.07	15.446471909832043
14.08	14.364437339814158
14.09	14.121256924028094
14.1	13.821625794113302
14.11	12.808772014141782
14.12	12.738549576973371
14.13	11.408192731468468
14.14	12.146341234700328
14.15	10.357313459670376
14.16	10.600166941292768
14.17	9.951358173533038
14.18	8.309183149848403
14.19	8.504026327693802
14.2	8.604423247952425
14.21	8.075678520544498
14.22	7.930356658731108
14.23	7.066644986260137
14.24	6.35139787600875
14.25	5.714907735296912
14.26	5.006762721872727
14.27	4.491960799718764
14.28	4.2268640874566845
14.29	3.2847928515187177
14.3	3.2109839596923724
14.31	2.967562359464011
14.32	2.7255425958973043
14.33	2.129256597720585
14.34	2.9217305556074407
14.35	2.7520839738948712
14.36	2.7500420302722834
14.37	1.5169499000949418
14.38	2.2186094312780953
14.39	0.5445045398017333
14.4	0.32123446767195163
14.41	1.3375252950242364
14.42	0.9055336711042866
14.43	0.40764648306920953
14.44	0.33103457995057195
14.45	0.4743071800160895
14.46	0.7492433663996824
14.47	0.43174024260659016
14.48	-0.057931192779609564
14.49	0.27915494045274325
14.5	0.3712064745487105
14.51	-0.04414215849616443
14.52	1.0508371589648404
14.53	0.9373934649940183
14.54	0.8417870375351391
14.55	1.2188232477222967
14.56	1.6102341825923774
14.57	1.5736862739851414
14.58	2.0938873672944345
14.59	1.7258426162195681
14.6	2.5637852438708033
14.61	2.111911346388999
14.62	1.8791841046357072
14.63	2.5656751672993487
14.64	2.2958867074694354
14.65	3.7868263814019674
14.66	2.925187634058649
14.67	3.7674767332413945
14.68	4.655067530946142
14.69	5.4162121784435096
14.7	4.56671176761337
14.71	5.779715942525947
14.72	5.981945473092386
14.73	7.831511316387592
14.74	6.8950992710621986
14.75	8.112090296875156
14.76	7.147712230572175
14.77	9.150261579348031
14.78	9.751869084372903
14.79	9.20383989169228
14.8	9.33421574024756
14.81	9.655736758026535
14.82	10.840749636372543
14.83	10.859021888442086
14.84	11.184342747424873
14.85	11.490480162465182
14.86	11.8411611001647
14.87	12.611011892902686
14.88	12.855443380968902
14.89	14.07457080378497
14.9	12.96730674216435
14.91	13.532563670675733
14.92	13.342590109406123
14.93	14.804981753686935
14.94	14.083928338397563
14.95	14.071216979291789
14.96	14.794189386084481
14.97	15.27446911185506
14.98	14.467527146888402
14.99	14.886363205971886
15.0	15.13771243669048
15.01	15.795635970424776
15.02	15.663037381751893
15.03	15.50341044131022
15.04	15.388883597998728
15.05	14.945469824141764
15.06	16.641057957453043
15.07	15.638466263286833
15.08	15.245646712613935
15.09	16.59616983664078
15.1	15.874580277760625
15.11	16.169930474073485
15.12	16.198387820938
15.13	16.42562557713498
15.14	16.174642195163845
15.15	16.08881362844022
15.16	15.615972146537427
15.17	15.785188340652189
15.18	16.574871844649262
15.19	15.97126895112767
15.2	15.376843674293934
15.21	16.494080932545128
15.22	16.076291961525637
15.23	16.52409505812905
15.24	17.21955850160985
15.25	16.53042003226477
15.26	16.019240451750562
15.27	16.68425505094781
15.28	16.773829773947387
15.29	16.44861285147764
15.3	16.289360592481696
15.31	15.854595919045696
15.32	16.6909928867884
15.33	15.634285999170215
15.34	15.182348577324959
15.35	14.750201218694386
15.36	15.597654673494217
15.37	15.711979520662727
15.38	16.416519729537974
15.39	15.130180777206778
15.4	15.304509967209869
15.41	14.49239510094298
15.42	14.466380565916923
15.43	14.631787311823308
15.44	14.376002068199414
15.45	13.604934308470797
15.46	13.10610631069502
15.47	12.584815434619639
15.48	12.106289332717825
15.49	12.320390354137752
15.5	10.575999955307017
15.51	10.574078641788798
15.52	9.577171619502753
15.53	9.890914530708262
15.54	9.542042997244247
15.55	8.790328330716472
15.56	7.932954040153893
15.57	8.10799000577927
15.58	6.7641754586570455
15.59	7.299038272881182
15.6	6.6811467959523885
15.61	5.891516337265633
15.62	5.193051081812444
15.63	5.072809513416733
15.64	4.678144105689637
15.65	4.360348129180208
15.66	4.253664939158117
15.67	3.4043340032559075
15.68	2.7137860005750096
15.69	2.4972860387306506
15.7	2.9517372160364
15.71	1.5209885339705014
15.72	1.2813589032309969
15.73	1.9279330283085483
15.74	1.7700070643084094
15.75	1.0737152108657773
15.76	1.131491165051026
15.77	0.39900290790107806
15.78	0.0842113211422808
15.79	0.36122757327714117
15.8	1.651685801381193
15.81	0.06990589161696563
15.82	0.5771555558632332
15.83	-0.5453861038125292
15.84	0.7943557164605035
15.85	0.3458661485465207
15.86	0.8723084869015743
15.87	0.8665050013626585
15.88	0.3408648177182907
15.89	0.036511105992241055
15.9	1.488180342498223
15.91	0.6432434561072955
15.92	0.575800656263612
15.93	1.934156490590967
15.94	1.915221186494053
15.95	3.015025214361824
15.96	3.2122237456855176
15.97	2.9172020043994777
15.98	3.070090469833472
15.99	5.2315844399269285
16.0	4.791515494843683
16.01	4.847051308922112
16.02	5.571315119663226
16.03	5.210530529139195
16.04	6.876410206454655
16.05	7.158804022779061
16.06	8.20733302216351
16.07	8.30177139719626
16.08	8.047213760465981
16.09	8.62493717037777
16.1	10.063436710254576
16.11	10.890857759741674
16.12	9.809698314199148
16.13	11.02801140469492
16.14	11.919308475233027
16.15	11.798746315456526
16.16	11.934403655945355
16.17	12.352400394913808
16.18	12.341626603556023
16.19	13.41726766532867
16.2	14.10002367810816
16.21	13.76569662756521
16.22	14.429221061491448
16.23	13.966542040996124
16.24	14.811154442630173
16.25	15.704952807399042
16.26	13.852837927693018
16.27	14.782415609679457
16.28	15.229496748593592
16.29	15.922882004080321
16.3	14.737485190306687
16.31	15.003014840441349
16.32	15.545192469510503
16.33	15.093560473698293
16.34	15.432520334784384
16.35	16.239046030049632
16.36	15.724414113770866
16.37	15.54554352625747
16.38	16.510640690547163
16.39	15.749156722609039
16.4	15.73467395919122
16.41	15.422707406859516
16.42	14.550547421917292
16.43	15.72561116525647
16.44	15.51967502192157
16.45	15.200737717427938
16.46	15.02956869284684
16.47	14.470099266695641
16.48	13.857010875062473
16.49	13.639755030177838
16.5	13.57935883756268
16.51	12.627043067893663
16.52	12.96969523594609
16.53	12.122308349224117
16.54	12.004726486626312
16.55	11.726952812929323
16.56	11.359248688964414
16.57	10.91183765967152
16.58	10.067249736496722
16.59	10.406505797913992
16.6	9.750510342185143
16.61	9.499243308848031
16.62	8.613262801740907
16.63	9.379240985625573
16.64	7.869381593116069
16.65	7.942030676637455
16.66	6.572296989023504
16.67	6.658136431398288
16.68	6.686047253866926
16.69	6.72912828197435
16.7	6.356966050424147
16.71	5.775365252334456
16.72	5.61553214385868
16.73	3.9913164083281547
16.74	4.088440765025508
16.75	4.801971558488305
16.76	4.022802400643255
16.77	2.817098687120512
16.78	3.09428569800315
16.79	3.1899460098140224
16.8	3.0250814531873615
16.81	2.4633011278423966
16.82	2.138868784468131
16.83	2.796327015362831
16.84	1.1359931289323657
16.85	2.0438211751993536
16.86	1.053076717850933
16.87	0.7851096237958745
16.88	1.767333847647179
16.89	0.8925132030871492
16.9	1.0011017434406353
16.91	1.3785970908319658
16.92	1.223559421716641
16.93	0.9970876783656122
16.94	1.0893407554659447
16.95	1.1172587412079422
16.96	1.6091273861032196
16.97	1.2187979893967564
16.98	1.0062416971963373
16.99	2.7905820473854
17.0	1.8161640347903294
17.01	2.5385559054767386
17.02	2.0337586716096143
17.03	2.299252051967769
17.04	1.4461938263493617
17.05	2.588252278743532
17.06	3.405868599651944
17.07	5.066485127720429
17.08	5.093843331522101
17.09	4.409268470100141
17.1	4.930590753927618
17.11	5.79413726709998
17.12	5.511511139438855
17.13	7.049191093758914
17.14	7.183282155993332
17.15	6.55239413072116
17.16	8.15523131385371
17.17	8.556160827653166
17.18	8.332205111933957
17.19	9.63381828950362
17.2	10.002788083423575
17.21	10.163928676973597
17.22	10.367635018917138
17.23	12.180590358942037
17.24	11.921251915052785
17.25	12.586995251059598
17.26	13.340065310166748
17.27	12.99112713325712
17.28	13.670108383615519
17.29	13.881684817058279
17.3	14.356723255939402
17.31	14.237960674064517
17.32	14.65862246197783
17.33	15.304261150200249
17.34	15.480635826681002
17.35	15.62002596428907
17.36	15.134816800158806
17.37	16.884748095655766
17.38	15.853174809071449
17.39	16.61240425005989
17.4	15.968859894918728
17.41	16.928903898787123
17.42	17.88041910824616
17.43	17.033306985303547
17.44	17.037456233026745
17.45	16.82122183134232
17.46	17.638761995589025
17.47	17.017674071683274
17.48	17.071123982960525
17.49	16.501195336170575
17.5	16.426802513865777
17.51	16.699108249044055
17.52	17.549806642617455
17.53	16.0251306242633
17.54	15.842999231410042
17.55	15.480518604102738
17.56	15.44700379097533
17.57	15.74205260477039
17.58	15.628444196070408
17.59	14.86059236689647
17.6	14.850615204875112
17.61	14.147658749671937
17.62	14.01510586493629
17.63	13.114616152090786
17.64	13.369807910186706
17.65	13.389975629029909
17.66	12.69303463890356
17.67	11.77297982481008
17.68	11.211938793149317
17.69	11.366486333861152
17.7	10.359452658021556
17.71	10.281129274776129
17.72	10.060145095843847
17.73	10.345841464519623
17.74	9.033384950699404
17.75	8.39774297702442
17.76	8.34858141183823
17.77	7.064199128616607
17.78	7.535386648399042
17.79	7.08621433848497
17.8	6.7157647455399445
17.81	6.607800531480089
17.82	4.16054985337402
17.83	6.940504559855312
17.84	5.446683464496958
17.85	4.54217763336178
17.86	4.772124711284976
17.87	3.8196691341556397
17.88	3.195474724060337
17.89	3.7182473529960562
17.9	2.652798779136299
17.91	2.960679782726571
17.92	3.0338813315624638
17.93	1.6351755541740438
17.94	2.190279088129139
17.95	2.908979899148102
17.96	1.9508433336094535
17.97	1.3953263319966274
17.98	1.6881361012132738
17.99	0.3587740685240458
18.0	1.074353357718055
18.01	0.8485448650965923
18.02	0.29875335114662604
18.03	1.4069003235207196
18.04	1.1508859653110315
18.05	1.410381993373536
18.06	0.2183516270395509
18.07	0.23774159683137375
18.08	0.9268765242663002
18.09	0.5689626154436285
18.1	0.5354926948860993
18.11	0.982009129524788
18.12	0.614795556630995
18.13	0.2167875052003403
18.14	1.2629809676522936
18.15	1.2926337480412706
18.16	1.3244238211347177
18.17	2.062672541218635
18.18	2.8136009449331043
18.19	2.6562613200172915
18.2	2.65194524098907
18.21	3.129383666770178
18.22	3.137492106668672
18.23	3.7279943736324825
18.24	4.821225487778299
18.25	4.6159579833626125
18.26	5.248199431078853
18.27	5.126693231895983
18.28	5.627126116344563
18.29	6.901022182198164
18.3	6.6588500629304015
18.31	8.022455863827382
18.32	8.711378965397234
18.33	8.389206136380631
18.34	8.408904864635241
18.35	9.981909013490537
18.36	9.502659289203804
18.37	10.306359086430462
18.38	9.401286539634954
18.39	10.827273916852906
18.4	11.91179992061719
18.41	12.259977443188452
18.42	13.456871803581135
18.43	13.036285205461423
18.44	12.458836335683554
18.45	13.774902038979395
18.46	13.38725298807846
18.47	14.198535260140844
18.48	15.189467065088511
18.49	13.510012844074666
18.5	14.54120197540226
18.51	16.003248990605783
18.52	16.604517486463088
18.53	16.173111944206557
18.54	15.185095751520263
18.55	16.544295528217187
18.56	16.476531342317333
18.57	16.651544763845372
18.58	16.110031460315714
18.59	16.13446684398515
18.6	16.17459187967622
18.61	16.64405109983222
18.62	16.766360837193396
18.63	16.059188487539373
18.64	16.024409138984463
18.65	15.709545306461855
18.66	15.701069906029197
18.67	15.64313344749888
18.68	14.327539620259946
18.69	15.439821056373061
18.7	15.327114529804236
18.71	14.779407411252663
18.72	14.739245340168562
18.73	14.602267241420599
18.74	14.477982502279632
18.75	13.420782166094547
18.76	14.262941088031104
18.77	12.961049058583914
18.78	13.49042062333338
18.79	12.532196043609307
18.8	12.333688407329188
18.81	12.096324802852632
18.82	10.877478757984148
18.83	10.802040638577997
18.84	9.731868260452623
18.85	9.650616930638604
18.86	9.616738165568297
18.87	8.60865028954119
18.88	7.993568037556311
18.89	7.358479810333005
18.9	8.129153649879228
18.91	8.109713142617357
18.92	6.723393006415428
18.93	5.9030061076954246
18.94	5.016439489712431
18.95	5.88865193751035
18.96	6.240697083914039
18.97	4.929640529144504
18.98	4.1858273558923855
18.99	3.990153683082367
19.0	3.3637582914719633
19.01	2.705609373278745
19.02	3.4591925078751906
19.03	3.226517757829442
19.04	2.3702729490150607
19.05	2.414001253451959
19.06	2.1403116881589366
19.07	1.6460494779125407
19.08	0.7120338040755798
19.09	2.377415308175843
19.1	1.2053135067400345
19.11	0.8566660908836621
19.12	1.2386460044728649
19.13	1.480168500468095
19.14	0.43381391815647474
19.15	0.41768754967718197
19.16	0.15046387382491103
19.17	0.21585616744004468
19.18	0.7229444452982565
19.19	0.40461332068512135
19.2	-0.3710861205606827
19.21	0.2827938644825665
19.22	0.23851414968056195
19.23	-0.2158568222751842
19.24	0.25080414497279624
19.25	0.8590749329642955
19.26	0.4813908811847146
19.27	-0.4035887116019262
19.28	0.06105124064500789
19.29	0.3672237879612953
19.3	1.551391605274654
19.31	1.7525499138649536
19.32	2.0447943861489444
19.33	2.540877228471671
19.34	2.6525333238014763
19.35	3.1030060503026977
19.36	3.361510904751976
19.37	3.055902618672939
19.38	4.0622611549714085
19.39	4.856313551802053
19.4	6.022577911866477
19.41	5.24998728578892
19.42	5.8029277981204945
19.43	7.384697351792603
19.44	6.864935722347412
19.45	7.0189345706365796
19.46	7.432757538295161
19.47	8.48909289423791
19.48	9.533039746910104
19.49	9.056964949550117
19.5	9.605389415934052
19.51	9.883737855335067
19.52	9.849099242769775
19.53	11.558302951734902
19.54	11.88602096942511
19.55	12.566690890874812
19.56	13.47193134900713
19.57	13.231636874080836
19.58	13.61084506786391
19.59	13.536164452413287
19.6	14.397716836551231
19.61	14.546615645705396
19.62	16.41901189682562
19.63	15.737011141836694
19.64	16.1938743299446
19.65	15.58501259920164
19.66	16.15601840153824
19.67	16.506057870513892
19.68	16.98748773658897
19.69	17.12084991879728
19.7	17.50779865437725
19.71	16.615159620171145
19.72	17.212163667387816
19.73	17.439016339120098
19.74	18.06654097797338
19.75	17.28753155715032
19.76	18.090672505854805
19.77	17.40654181736369
19.78	17.43617232328825
19.79	17.443924966852435
19.8	18.849398571203693
19.81	16.971128043078043
19.82	17.99357081806429
19.83	17.373708711276937
19.84	17.57094041689937
19.85	17.706348866693997
19.86	17.305705428031143
19.87	17.587106488409077
19.88	16.677666821191732
19.89	16.488005663779663
19.9	16.17651787260626
19.91	15.05306068814551
19.92	15.831720067318425
19.93	15.757790478630511
19.94	15.179533830427854
19.95	14.74386808678539
19.96	14.32952115394165
19.97	13.599333063892017
19.98	13.229601302742351
19.99	12.895533650311382
20.0	12.51889448512122
