10.01	5.789350992622414
10.02	5.9391906011745705
10.03	6.001974308843086
10.04	6.980992311812768
10.05	7.523938689893736
10.06	8.778093117201218
10.07	8.63549814710561
10.08	9.127779869323689
10.09	9.782413730399394
10.1	9.78185249704059
10.11	10.654270380364675
10.12	11.66864098534207
10.13	11.881349757994833
10.14	12.582759907029326
10.15	13.21846230910059
10.16	13.110282408161652
10.17	14.206251413935302
10.18	14.40657140955681
10.19	14.29355081515298
10.2	15.344997513424595
10.21	15.351366646362642
10.22	16.08538667104272
10.23	16.416930260662184
10.24	16.635938957652858
10.25	17.518770551792066
10.26	17.729780890517826
10.27	18.060707498923428
10.28	17.887872596926485
10.29	18.389044155832018
10.3	18.800801597392095
10.31	18.66495373345196
10.32	18.864519182335098
10.33	19.228966195595532
10.34	19.055356689399506
10.35	19.07361289982126
10.36	19.80544467703972
10.37	20.029663090887993
10.38	19.57280829446224
10.39	19.24347437467835
10.4	19.72022600834467
10.41	20.010361172743938
10.42	19.77974739020051
10.43	19.79652591727111
10.44	20.35371013875094
10.45	19.689269690706503
10.46	19.72864818465681
10.47	20.18341272634257
10.48	19.67360845690697
10.49	19.725729685508202
10.5	19.15806870039234
10.51	19.213113647395012
10.52	19.251728704732397
10.53	19.12101106854045
10.54	18.608701740022802
10.55	18.794015321500577
10.56	18.092606724285385
10.57	17.919136339861844
10.58	17.871176409580343
10.59	17.608495085507027
10.6	17.668411196043895
10.61	17.62754127482478
10.62	16.601324087373403
10.63	17.188657550382228
10.64	16.219424923869088
10.65	16.175783985004696
10.66	16.06765365253139
10.67	15.438679156306202
10.68	14.87173959367271
10.69	15.06381751155594
10.7	14.27632140404858
10.71	13.817720044595857
10.72	12.859851765081125
10.73	12.640735214444366
10.74	12.456374322262077
10.75	11.704302528264499
10.76	11.57870597508051
10.77	11.078908293437015
10.78	10.193911015288728
10.79	9.699623228748129
10.8	9.344137462954198
10.81	9.112858343659644
10.82	9.010907550431924
10.83	7.989489702399368
10.84	7.524019167585879
10.85	7.02044252478601
10.86	6.426662809691399
10.87	6.032585000446393
10.88	6.0722535317964
10.89	5.619228099716091
10.9	4.791906075083109
10.91	4.787299786910721
10.92	4.58906691344892
10.93	4.591857450720648
10.94	4.005686037302307
10.95	3.2404187402927738
10.96	3.268461910523663
10.97	3.1904643272215387
10.98	2.979062228855389
10.99	2.508399758463484
11.0	2.362852054807781
11.01	2.345822858403516
11.02	2.282579658729201
11.03	2.4574116313189265
11.04	2.0002299695653805
11.05	1.714087705740949
11.06	1.6804886391618172
11.07	1.907335818455064
11.08	2.007727188469122
11.09	2.0554869581453445
11.1	2.2688892393947935
11.11	1.8875791296567852
11.12	1.8274446036244878
11.13	2.5889823696021583
11.14	2.7025704051169885
11.15	2.746373166237197
11.16	3.2340633045439526
11.17	3.355302079045682
11.18	4.069091415115548
11.19	4.092392257271496
11.2	4.363748925167101
11.21	4.69528173944956
11.22	4.624811706847411
11.23	6.005053894820997
11.24	6.626344305987347
11.25	7.189746812569948
11.26	7.339701289069481
11.27	7.762856663500057
11.28	8.643112529840035
11.29	9.305552314165942
11.3	9.83335192700546
11.31	10.430232398138857
11.32	11.316879808398824
11.33	11.768006226893995
11.34	12.382556718340831
11.35	13.039235175368356
11.36	12.856565504772512
11.37	13.85771447500457
11.38	14.928840673674186
11.39	14.935266006120134
11.4	15.880121378289335
11.41	16.597921017882175
11.42	16.84098678322173
11.43	17.21757175603856
11.44	17.509544002723775
11.45	18.164795422949176
11.46	18.590488697716438
11.47	19.183933975470868
11.48	19.489761581464695
11.49	19.46528466250685
11.5	20.3141949897886
11.51	20.02533237031054
11.52	20.858832407610628
11.53	20.805512022944768
11.54	21.203231960680515
11.55	21.46384809850557
11.56	21.207974494450045
11.57	21.309713957783455
11.58	21.33987290402385
11.59	21.3886429426685
11.6	21.240983188397557
11.61	21.26705924042395
11.62	21.06345231477115
11.63	21.248440759906558
11.64	20.72421646697344
11.65	20.479977045799124
11.66	19.998696525926093
11.67	20.38711182683983
11.68	20.14110005965628
11.69	19.205119487850855
11.7	18.97582273486037
11.71	18.31399432887346
11.72	18.15803878597372
11.73	17.456822745408445
11.74	17.001652082019074
11.75	17.531449551753816
11.76	16.071941366026355
11.77	15.865565933246224
11.78	14.612844339178173
11.79	14.786967691319639
11.8	13.962979237724051
11.81	13.489035825247603
11.82	12.743490328372346
11.83	12.499624302234597
11.84	11.644059278203885
11.85	10.992475104781134
11.86	10.695226197089093
11.87	9.684904170991757
11.88	9.77296434183425
11.89	8.415576937635347
11.9	8.421149387143242
11.91	7.982302348215577
11.92	7.453677691129186
11.93	6.903644959167294
11.94	6.534348595702526
11.95	5.828718996364318
11.96	5.6938929183379345
11.97	5.000179236850233
11.98	5.177345517196
11.99	4.355988282873705
12.0	4.209359386173317
12.01	3.8513715063763896
12.02	3.693509853352096
12.03	3.573404168354037
12.04	3.209465907200666
12.05	2.647793727102411
12.06	2.7863204537708
12.07	2.0622920190289964
12.08	2.578925964124776
12.09	2.126481967056788
12.1	2.103979526289884
12.11	2.617162757890964
12.12	2.1362621702380222
12.13	2.256836055619318
12.14	2.0089407436625053
12.15	1.874296862269746
12.16	1.7768850431694874
12.17	2.0064287099438576
12.18	2.1596458666114007
12.19	2.521245004658907
12.2	2.538747819389891
12.21	2.3703157125906342
12.22	2.4304326881748515
12.23	3.1404897564325585
12.24	2.805056635439994
12.25	3.241947242973118
12.26	3.398802708344811
12.27	4.105785340904023
12.28	4.702776054202077
12.29	4.834589468438192
12.3	4.79165289889065
12.31	5.3993631334379515
12.32	5.724635650934008
12.33	6.896901277505117
12.34	7.25178027226779
12.35	7.338130403709554
12.36	7.8688468169534245
12.37	8.136652444581767
12.38	8.855545905996175
12.39	9.633702710012416
12.4	9.736596712968682
12.41	11.118770198169637
12.42	11.370641481863814
12.43	11.669266936937301
12.44	12.250406121754612
12.45	12.51696879072904
12.46	13.956057828852268
12.47	14.317425845094887
12.48	14.92040394967374
12.49	15.710987418098492
12.5	15.897877137752877
12.51	16.7096952282341
12.52	17.77509814660961
12.53	17.907579100131205
12.54	18.118526175041673
12.55	19.397554055439343
12.56	19.685127449622073
12.57	19.997654955833056
12.58	20.223994509046015
12.59	20.742418721614534
12.6	21.434707455667095
12.61	22.01687880770573
12.62	21.660240638144952
12.63	22.776196921055096
12.64	22.279441636457285
12.65	22.561613403664705
12.66	23.180104970095524
12.67	23.381579689116307
12.68	23.11366629114311
12.69	23.329477932924963
12.7	23.478032954391704
12.71	23.45983019987512
12.72	23.25527250794566
12.73	23.900934405735462
12.74	23.5552932428288
12.75	23.164813492361223
12.76	23.423023454563598
12.77	22.931418975931606
12.78	22.774885498320366
12.79	22.399421989748273
12.8	22.347059701208522
12.81	22.03360176553477
12.82	22.09813133986869
12.83	21.94915047940448
12.84	21.051299943083297
12.85	20.447940998789118
12.86	19.96943040366298
12.87	20.295492296264893
12.88	19.596143110947573
12.89	18.694186019753595
12.9	18.678490001028656
12.91	17.906273817600987
12.92	17.573529376885244
12.93	17.492969911398976
12.94	16.76702788326006
12.95	15.757524277679622
12.96	15.917518009968163
12.97	14.612224160011785
12.98	14.441746751199625
12.99	14.479950602983067
13.0	12.833710534429922
13.01	13.033468084653988
13.02	12.257105971633772
13.03	11.532095398411164
13.04	11.134311391424344
13.05	10.877043780049243
13.06	10.332919715041074
13.07	9.631536251499774
13.08	9.201787226746445
13.09	9.039309460486763
13.1	8.686320337089647
13.11	7.9597482931509855
13.12	7.630188431933151
13.13	6.873293130381117
13.14	6.915593085266673
13.15	6.359392472524834
13.16	6.11503338568179
13.17	5.815742909676807
13.18	5.410103827970098
13.19	4.7978406613004445
13.2	4.876306012180825
13.21	4.631276092701013
13.22	4.530732489673838
13.23	4.31976096578724
13.24	4.158616151830944
13.25	3.3284431171799094
13.26	3.08073366740883
13.27	3.819724630375983
13.28	3.464738892349904
13.29	3.0595385316195793
13.3	3.104110485399252
13.31	3.5467092802197664
13.32	3.224244426854251
13.33	3.216665616076393
13.34	3.1556916869628386
13.35	3.4433070817403366
13.36	2.976885949803539
13.37	2.9572605016513163
13.38	3.5877714071303424
13.39	3.500789355767188
13.4	3.554418901219053
13.41	3.685724272757099
13.42	4.6327221070732865
13.43	3.990891817009447
13.44	5.1069092453366896
13.45	4.656441742391836
13.46	5.359867640330476
13.47	5.9638020488298285
13.48	6.127973007774744
13.49	6.579950392860943
13.5	6.9095423022311016
13.51	7.5103188032429244
13.52	8.146575562289884
13.53	8.230335355507053
13.54	9.452660003863068
13.55	9.603640834313628
13.56	10.483827686321398
13.57	10.462407292274287
13.58	11.148340857771444
13.59	11.178738062266074
13.6	11.735899614940012
13.61	12.750035450319395
13.62	13.260173404104894
13.63	13.80329080363475
13.64	14.710797410216317
13.65	15.103274272256366
13.66	15.317542945431187
13.67	15.785883021296602
13.68	15.961716246677025
13.69	16.69880860952966
13.7	17.25062568948121
13.71	17.226157876570923
13.72	17.89371497095876
13.73	17.66806044460337
13.74	17.930612070152886
13.75	18.43001086299975
13.76	18.499557218732136
13.77	19.116331552741066
13.78	19.010697882067205
13.79	19.411680025459958
13.8	19.700030866826687
13.81	19.49641766139417
13.82	19.673901267552846
13.83	19.424189596730017
13.84	19.504924292702366
13.85	20.108502806458656
13.86	19.40647611148318
13.87	19.53768934828903
13.88	19.392023981820564
13.89	19.469348173664866
13.9	19.55300895317656
13.91	19.08065531466443
13.92	18.834935503229016
13.93	19.140248336660367
13.94	19.085230005046544
13.95	18.910176740073023
13.96	18.497217281041426
13.97	18.271991331867472
13.98	17.98649301130622
13.99	17.86436765311736
14.0	16.88184564960782
14.01	17.0344822265079
14.02	16.542781712684658
14.03	16.659969709113376
14.04	15.795186902017507
14.05	15.360555316370569
14.06	15.585968811085506
14.07	14.714356989525967
14.08	14.455620301952443
14.09	13.98322726441277
14.1	13.086494348731447
14.11	13.184154962686524
14.12	12.392808500058269
14.13	12.034655655946056
14.14	11.521381327406695
14.15	11.113690210613788
14.16	10.125983266684603
14.17	9.812082160936994
14.18	9.505400144023772
14.19	8.576137868081592
14.2	8.216202904454766
14.21	7.370372765536256
14.22	7.358812361857085
14.23	6.629952550443767
14.24	6.217741801923407
14.25	6.052418284154842
14.26	4.990076555011811
14.27	4.906872638308261
14.28	4.956080218041871
14.29	4.651295671527817
14.3	3.810891688784349
14.31	3.1528060447157342
14.32	2.9733757236373624
14.33	2.6587792526630953
14.34	2.7483433638434063
14.35	2.163741818889149
14.36	2.43898924845568
14.37	1.7600597329428775
14.38	1.61230663155951
14.39	1.6212272789976596
14.4	0.8105255720663503
14.41	1.3087810972922855
14.42	1.019595244268149
14.43	0.8551160941080974
14.44	1.3557127048373583
14.45	1.0110990664273887
14.46	0.8594071089433754
14.47	0.9846521304922308
14.48	0.6635091227297558
14.49	0.7531030116892425
14.5	0.7586968337641474
14.51	0.5043921133379923
14.52	0.46791133283021136
14.53	0.5375190170083431
14.54	1.392129311097226
14.55	0.9688117219282849
14.56	0.8601181825543306
14.57	1.6792306285272613
14.58	1.3653465076705567
14.59	2.087559635783084
14.6	2.045657109234644
14.61	2.560168269041882
14.62	2.133235911094393
14.63	2.582365223653749
14.64	3.006811686695076
14.65	3.3813143319386474
14.66	3.755641647576843
14.67	4.3570476860461085
14.68	4.332399994548085
14.69	4.864203946808445
14.7	5.252259667442052
14.71	5.711466101035185
14.72	6.649636179525576
14.73	7.065510621885344
14.74	7.0424195394659925
14.75	7.4760369504538895
14.76	8.287081407627053
14.77	8.42570715224114
14.78	9.415312399160712
14.79	9.484978056997686
14.8	9.86133237455339
14.81	10.6219071205731
14.82	10.549479994554806
14.83	11.312704044345876
14.84	11.455951908052228
14.85	11.737522873798435
14.86	11.967429119415312
14.87	12.562336131081402
14.88	12.863427166189515
14.89	12.637489553381334
14.9	13.317975495918473
14.91	13.57243966859528
14.92	13.822403256992935
14.93	13.613320094366944
14.94	14.540723153103942
14.95	14.62940118839899
14.96	14.270571849693042
14.97	15.220987361529527
14.98	15.037547203674674
14.99	15.431266264921872
15.0	15.251696068309862
15.01	15.15038334166099
15.02	15.456240059074622
15.03	15.60939155992936
15.04	15.340205775163824
15.05	15.899008802221593
15.06	16.2675237454824
15.07	15.759972478490054
15.08	15.89204811570796
15.09	16.124970806064145
15.1	16.163577922571253
15.11	16.177716854447745
15.12	15.792231683891579
15.13	16.000627803685937
15.14	16.40441161135597
15.15	15.83025300525191
15.16	16.41373757248977
15.17	16.568161914557663
15.18	16.811581048269378
15.19	16.237259850022355
15.2	16.12062588710273
15.21	16.26185052120565
15.22	15.922751909752145
15.23	16.187185453994093
15.24	15.918255803484564
15.25	16.082931903203576
15.26	16.741917105138654
15.27	16.354306160458815
15.28	16.458707612846254
15.29	16.542428312759288
15.3	16.170358866667897
15.31	16.351624919259006
15.32	16.363195645380287
15.33	16.303469314561205
15.34	16.053032302991383
15.35	15.935195569256779
15.36	15.658639327248759
15.37	15.633886608075226
15.38	15.822126677077438
15.39	14.674764598694846
15.4	15.273607237695202
15.41	14.797163164072932
15.42	14.507346851995594
15.43	14.629419046011003
15.44	13.907037947854038
15.45	13.393017023564173
15.46	13.2654782113865
15.47	12.407086213039069
15.48	12.09348623915827
15.49	11.987119424676946
15.5	11.143002537753556
15.51	10.372573087880628
15.52	10.294143673316233
15.53	9.89207822175192
15.54	8.883549225403852
15.55	9.079876912141335
15.56	8.419684520428062
15.57	7.965853872482343
15.58	7.420014534192326
15.59	6.64021622140927
15.6	6.188742265133984
15.61	5.673644865892801
15.62	5.997984565060756
15.63	5.1607023185855425
15.64	4.431950670350571
15.65	3.8202421037602052
15.66	3.6045148533710747
15.67	3.037734241345455
15.68	3.544648259129101
15.69	2.833268267792537
15.7	1.9309387872395631
15.71	2.2310094079356655
15.72	1.6891916582356692
15.73	1.7460885622042441
15.74	1.3148191171445425
15.75	0.9791230196857696
15.76	0.9117067762976605
15.77	0.8072991105310245
15.78	0.8159320137405495
15.79	0.9951076471081086
15.8	0.7841654936359393
15.81	0.27241241388120624
15.82	0.2986570241779583
15.83	0.29929155323313855
15.84	0.4074540229699473
15.85	0.34027552457261445
15.86	0.33233948158190346
15.87	0.33052375733575506
15.88	0.8564145855614208
15.89	0.7381049387923635
15.9	1.164141608509705
15.91	0.8071142240428192
15.92	1.2775852789793738
15.93	2.0150532208058136
15.94	1.9359598299457832
15.95	2.1017810851392364
15.96	2.797785311037026
15.97	3.022741245991691
15.98	3.119350078530769
15.99	4.021919220497154
16.0	4.1656208679429385
16.01	4.3824056543175205
16.02	5.891661945841431
16.03	6.047989793533807
16.04	6.515282977071972
16.05	6.8274883246643565
16.06	7.699613117781597
16.07	7.918807498770968
16.08	7.965027584644077
16.09	8.977304703822604
16.1	10.072252467896538
16.11	9.962951252628862
16.12	10.238801965380894
16.13	10.925911422267822
16.14	11.200988724157455
16.15	11.901215798483545
16.16	12.51924130083489
16.17	12.58560913752013
16.18	13.062450041200911
16.19	13.062180029431909
16.2	13.242056239171006
16.21	13.61778329938175
16.22	14.182136631790286
16.23	14.833851156475783
16.24	14.505271433741456
16.25	14.06521559620255
16.26	14.32500206713231
16.27	14.866132639137138
16.28	14.689224150367702
16.29	15.34185528849407
16.3	15.758464608014554
16.31	15.813268869550427
16.32	15.747646475631274
16.33	15.607086027490585
16.34	15.708411482090195
16.35	15.48279456935335
16.36	15.607898684519833
16.37	15.441215978278606
16.38	15.682415693886114
16.39	15.56485351503603
16.4	15.179428614840447
16.41	14.90537685328707
16.42	15.016781974006213
16.43	15.440933403429428
16.44	15.150820854194803
16.45	14.977901661239938
16.46	14.716730769164803
16.47	14.369500514766317
16.48	13.901544077032566
16.49	13.877959625390627
16.5	13.5711989501353
16.51	13.193552710854613
16.52	12.750123329516448
16.53	12.628122052532749
16.54	12.224341292245759
16.55	11.718103452910114
16.56	11.684534207295286
16.57	11.239579887708159
16.58	10.309208049993625
16.59	10.645721111277664
16.6	9.657160930004585
16.61	9.643457346035916
16.62	8.917207815851294
16.63	8.56881496653576
16.64	8.608948652781311
16.65	7.77585747609868
16.66	7.463158724146946
16.67	6.713092051229213
16.68	6.912185099353462
16.69	6.401719534830119
16.7	5.608812755418018
16.71	5.27864959670016
16.72	5.102209464617557
16.73	4.8641163141225645
16.74	4.224100498586109
16.75	4.3474875433581825
16.76	3.632673529654469
16.77	3.632952552364109
16.78	3.576598324207158
16.79	2.9911963864554276
16.8	2.8046386002110357
16.81	2.5081834237892013
16.82	2.2754408431421616
16.83	2.4644764447937355
16.84	2.4229390342600716
16.85	1.7211822035330335
16.86	2.0822350000027017
16.87	1.566101306646301
16.88	1.3490714617317745
16.89	1.683701774512155
16.9	0.9601421376401033
16.91	1.1941138806800098
16.92	0.9868518495397197
16.93	0.9715794166541656
16.94	1.493690024206772
16.95	1.2050222904135466
16.96	1.361203656178834
16.97	1.3049478135287207
16.98	1.7205828286922464
16.99	1.621383086710421
17.0	1.8565218074180017
17.01	2.2548452912628485
17.02	2.233837465379261
17.03	2.9770077541878597
17.04	2.684679825006843
17.05	3.414345981303212
17.06	3.5173701686656136
17.07	3.9879354972630034
17.08	4.248512830618598
17.09	4.925680484712296
17.1	5.204931295782265
17.11	5.485924141120383
17.12	6.288066299081789
17.13	6.664186279335155
17.14	7.055326320455381
17.15	7.207819180227056
17.16	7.977637980962062
17.17	8.320856345527629
17.18	8.801932485938597
17.19	9.615368890543358
17.2	10.1947540878728
17.21	10.730432838484047
17.22	10.874122704414118
17.23	11.82543036205121
17.24	12.439637070310516
17.25	12.862836202119563
17.26	12.844517772755264
17.27	13.543650842156005
17.28	13.94067322504087
17.29	13.276653066605075
17.3	14.158438719867206
17.31	14.624503936615993
17.32	15.03957238608296
17.33	15.207158056233265
17.34	15.500335199329005
17.35	15.447132040641673
17.36	16.01187969740643
17.37	16.597431713352425
17.38	16.12376583951954
17.39	16.528747417531935
17.4	16.867140810671962
17.41	17.06544504555806
17.42	16.765900791483304
17.43	17.049477062679646
17.44	17.094355021574437
17.45	17.295311405119154
17.46	17.182005494170852
17.47	17.190077831823423
17.48	16.968324776970626
17.49	17.10248053830655
17.5	16.80962834380975
17.51	16.787116580607297
17.52	16.84046462900389
17.53	16.49719478227938
17.54	16.21557710679192
17.55	16.137752698197787
17.56	15.710266379146702
17.57	15.571234812944875
17.58	15.219187172577504
17.59	15.394156549836358
17.6	14.705379401090786
17.61	14.451240618849296
17.62	14.367926318119608
17.63	14.036159665920927
17.64	13.11148915391478
17.65	12.821374619831973
17.66	12.395580244853985
17.67	11.954866122841397
17.68	11.609224151470952
17.69	11.376966228972952
17.7	10.778793396126183
17.71	10.086393208919432
17.72	9.597860279994359
17.73	9.355839266478052
17.74	9.188040193067074
17.75	8.031505074237673
17.76	8.382441969588662
17.77	7.609191711720696
17.78	7.557217258240628
17.79	6.334554454290485
17.8	6.338976619806566
17.81	6.253884102043416
17.82	6.007214231139041
17.83	5.63220294121732
17.84	4.7641079311484065
17.85	4.569961684500482
17.86	4.38596942547608
17.87	3.9618499322507534
17.88	3.5403328370058
17.89	3.102604735809666
17.9	3.051512433354591
17.91	3.22823772374489
17.92	2.222593640859452
17.93	2.4700839063605144
17.94	1.7997897389934623
17.95	1.7341149963173224
17.96	2.0912186685554266
17.97	2.1531611029400954
17.98	1.8863798752742027
17.99	1.0748410614655697
18.0	1.1982417444618694
18.01	1.4417386788785216
18.02	1.220414670076065
18.03	1.2692228984098617
18.04	1.051447963114322
18.05	1.051666995790521
18.06	0.5735651498066505
18.07	1.0757410079174439
18.08	1.0847724128560623
18.09	1.012873482979432
18.1	1.4011967153187703
18.11	0.9627101684918629
18.12	1.4795552460555013
18.13	1.0216168719185013
18.14	1.0079717098568968
18.15	1.9084745074210605
18.16	1.4812806361598958
18.17	1.8283633315041055
18.18	2.4383164145940808
18.19	2.867097531270776
18.2	2.7986033189660366
18.21	3.0419236940092245
18.22	3.4114752240926296
18.23	4.0714596470480116
18.24	4.17653237424422
18.25	5.016543196064338
18.26	5.243751414336215
18.27	5.756612007092532
18.28	6.090869107227725
18.29	6.1032163038437695
18.3	7.397185932971838
18.31	7.542437930428571
18.32	7.287694903110609
18.33	8.278941909397455
18.34	8.923212792350315
18.35	9.328170831160422
18.36	9.805102434898512
18.37	10.073529444929902
18.38	10.614399381176725
18.39	11.256356276040544
18.4	11.954800904560052
18.41	12.37778208054147
18.42	12.886391743822337
18.43	12.915454820152611
18.44	12.944176511968159
18.45	13.313558343723795
18.46	14.070855947504725
18.47	14.679423555131983
18.48	14.749196111553184
18.49	14.86218073817462
18.5	14.595203269057237
18.51	15.421927858796774
18.52	15.767228000767656
18.53	15.698660376357758
18.54	15.501715897436153
18.55	15.893731997491603
18.56	16.164589394426375
18.57	16.416431899027952
18.58	16.516345897297512
18.59	16.227277109687908
18.6	16.049024801701
18.61	16.314808450347577
18.62	15.725704733272366
18.63	16.330353715110963
18.64	16.276977851018607
18.65	16.263795001014337
18.66	15.408570302650512
18.67	15.4492241655528
18.68	15.71520034432441
18.69	15.222294574250098
18.7	15.056784429808348
18.71	15.00445125041483
18.72	15.464830661215512
18.73	14.595811787811844
18.74	14.407961849251123
18.75	13.996612274668657
18.76	13.617124631495958
18.77	12.949657813543672
18.78	12.524767208656375
18.79	12.536515954189301
18.8	12.08147186191714
18.81	11.406672482609864
18.82	11.190456039955407
18.83	10.728815049672173
18.84	10.316249161926148
18.85	9.775096382245978
18.86	9.489775347642054
18.87	9.195238227633846
18.88	8.627175795702344
18.89	7.935748032562294
18.9	7.518856841093506
18.91	7.465449373574863
18.92	6.647726729154354
18.93	6.397831757289172
18.94	5.1577805913981125
18.95	5.288112392460129
18.96	4.608932319965962
18.97	4.922124105227647
18.98	4.351506281143255
18.99	3.929985405390687
19.0	3.408469083685198
19.01	3.5078241520845492
19.02	2.932257533779616
19.03	2.5737108175157957
19.04	2.3437916629156557
19.05	2.258202115444837
19.06	1.8157719899762583
19.07	1.73154427460358
19.08	1.3493808124815594
19.09	1.0902105402421771
19.1	0.8186531765983276
19.11	0.9676105780083256
19.12	0.6094690788218574
19.13	0.6906716646176905
19.14	0.39854548508257326
19.15	0.4929039443634069
19.16	0.10120751829735133
19.17	0.14181521184308093
19.18	-0.041417082158117534
19.19	0.06839904634813658
19.2	-0.08280047001082083
19.21	0.21317544136003716
19.22	0.5092385561037607
19.23	0.39022270398675907
19.24	0.4375155203946616
19.25	0.5242181294554122
19.26	0.5220681923405187
19.27	0.30665519654396933
19.28	0.8849265232865118
19.29	0.9242078109330796
19.3	1.260473366936275
19.31	1.765871099225933
19.32	1.63412605267575
19.33	2.1936936540029355
19.34	3.0005110877671504
19.35	2.7122918261226627
19.36	3.4135955489858287
19.37	3.265289108638553
19.38	3.957971258489746
19.39	4.640035002306087
19.4	5.09989120793866
19.41	5.685583095392389
19.42	5.702082475534923
19.43	6.972783469073598
19.44	6.907356998862676
19.45	7.408837217998372
19.46	7.126933904892154
19.47	8.39896585862412
19.48	8.723845492151266
19.49	9.759885994389847
19.5	9.800014580602905
19.51	10.552180591803893
19.52	10.484359532013407
19.53	11.380976822892919
19.54	12.012216632952889
19.55	12.305616302383196
19.56	12.560363780195036
19.57	12.972855213809478
19.58	13.288590874273037
19.59	14.424896556387008
19.6	14.25973460470397
19.61	14.698312993172761
19.62	15.669214330088385
19.63	15.506357307811387
19.64	15.8563065877535
19.65	16.501047114738824
19.66	16.225629270164323
19.67	16.401971878685675
19.68	16.678251647094292
19.69	17.16808972505257
19.7	17.04067344571248
19.71	17.668574981395157
19.72	18.027875666678746
19.73	17.886001551592685
19.74	17.677152037724877
19.75	17.757887568858344
19.76	17.942894709281955
19.77	17.926788766198094
19.78	17.73446124419196
19.79	18.002753456480054
19.8	17.552440835502853
19.81	17.783992441423504
19.82	18.06578138293796
19.83	18.199795428902494
19.84	17.397127917294004
19.85	17.71720284261276
19.86	17.834671525013686
19.87	17.54540986670983
19.88	16.607509673633455
19.89	16.642051583254734
19.9	16.603381681799796
19.91	15.897385573040248
19.92	16.065169723352028
19.93	15.529921252710887
19.94	15.030193118632614
19.95	14.535660568169108
19.96	14.281380041679283
19.97	13.591864612642887
19.98	12.63368948364579
19.99	12.561736672654504
20.0	11.883784668643909
