10.01	2.9646933754003584
10.02	3.1984540808852904
10.03	2.5574982282688135
10.04	3.240032228014944
10.05	2.9885647934785347
10.06	3.0334468149444684
10.07	2.7040146958880986
10.08	3.182626529215582
10.09	3.182374287885799
10.1	3.0733380963001204
10.11	3.045776075999731
10.12	3.002205327008061
10.13	2.344786375616855
10.14	2.853283618642574
10.15	2.620065217515925
10.16	2.6225534483431323
10.17	2.7964363662386487
10.18	2.5063957129964027
10.19	2.194852910097723
10.2	2.0733168179788084
10.21	2.169407508977303
10.22	2.0635026350180192
10.23	2.0255907064534093
10.24	2.0244213524132357
10.25	1.7483804833745105
10.26	1.503855464395913
10.27	1.5597596038220718
10.28	1.4287151078591132
10.29	1.1312051433155825
10.3	1.5406262169825096
10.31	1.3380065281137445
10.32	0.9137604897903725
10.33	0.7248625405129027
10.34	1.112682137962146
10.35	1.1470844943926273
10.36	0.8363878343029235
10.37	1.204238620838661
10.38	0.5948154821952003
10.39	0.3561519604329321
10.4	0.5497425217592412
10.41	0.35787412891475356
10.42	0.3345276725542467
10.43	-0.05904887760416727
10.44	0.07532415050499237
10.45	0.008101812918639317
10.46	0.3777307100132972
10.47	-0.0103900023068218
10.48	-0.01423399457598179
10.49	0.009571928356001647
10.5	-0.2941617931910966
10.51	0.12282816699192217
10.52	0.0006609002197236968
10.53	0.20467649214190403
10.54	0.26197639549936386
10.55	0.1073758627871966
10.56	0.19024801240104053
10.57	-0.024581577833966237
10.58	-0.3767712794791973
10.59	-0.11801067415623445
10.6	-0.37879727667725543
10.61	-0.17333500341099567
10.62	-0.2729005761902144
10.63	0.42947641973046247
10.64	0.2380957718033937
10.65	-0.26855523773484885
10.66	0.42501697577975117
10.67	-0.14714397299919418
10.68	0.19395674020945092
10.69	0.2307809788902025
10.7	0.4859102510748585
10.71	0.7030874177000206
10.72	0.11326685503809814
10.73	0.7271452645701166
10.74	0.6101508731086036
10.75	0.7835541179796469
10.76	0.5961388149089171
10.77	0.8198099773511851
10.78	0.5423764804706239
10.79	0.5883427284147921
10.8	0.6576708406981991
10.81	0.47361576387089466
10.82	0.655871692797824
10.83	0.828205916299666
10.84	0.47847920970553715
10.85	0.7097194363572252
10.86	0.6957436039772881
10.87	0.9074943878627559
10.88	0.9649748058511811
10.89	0.9748684141954775
10.9	0.806942857920402
10.91	1.1424233963130508
10.92	1.2419914738624946
10.93	0.9682248076548876
10.94	0.6551273159042568
10.95	1.2116526549854367
10.96	0.9616292788081436
10.97	0.9678888226248015
10.98	0.7193982995902657
10.99	0.8790973903548814
11.0	1.2264766480715714
11.01	1.1012525680058818
11.02	0.8947622645418576
11.03	0.9574805776133535
11.04	0.6442905012724474
11.05	0.938385111155591
11.06	0.971302662671896
11.07	1.244027016058126
11.08	1.0511402260334375
11.09	1.1193345539232467
11.1	1.0662318431919
11.11	1.0972790268150119
11.12	0.2771919153718445
11.13	0.8484673864845106
11.14	0.530243780011654
11.15	0.9305969667120191
11.16	0.8029866969765989
11.17	0.8999733547207397
11.18	0.6498701847801496
11.19	1.194220690310008
11.2	1.0956900994601284
11.21	1.128875002923248
11.22	0.7710407597115381
11.23	1.2641255211082492
11.24	0.9719242637305938
11.25	0.688643336334396
11.26	1.0616082403759404
11.27	1.347901498122731
11.28	0.683403329033317
11.29	1.2699676572135967
11.3	1.108371143211174
11.31	1.1811173926771243
11.32	1.2718156660136632
11.33	1.121800631910769
11.34	1.476756420561955
11.35	1.5496823578680576
11.36	1.709086024341567
11.37	1.1931430448633338
11.38	1.4580085702881764
11.39	1.8934289704434744
11.4	1.661538629082094
11.41	1.4228534739974341
11.42	1.6715408857573448
11.43	2.0446794796493633
11.44	2.007795047453371
11.45	2.276673596707663
11.46	2.119581653562256
11.47	2.099880138046774
11.48	1.977071899699085
11.49	2.3988830340415737
11.5	2.262542127527012
11.51	2.3651535616476034
11.52	2.5165643235967616
11.53	2.214031470589109
11.54	2.822218966347613
11.55	2.519650038421885
11.56	2.2561349396309813
11.57	2.1228889345354656
11.58	2.4572686519090183
11.59	2.872239492935793
11.6	2.376517409373501
11.61	3.0452453705336486
11.62	2.352320199904235
11.63	2.8039995449896153
11.64	2.621340634751103
11.65	2.6812350784496606
11.66	2.4882938352169974
11.67	2.564673189635064
11.68	2.6288782016562195
11.69	2.8441639500929443
11.7	2.6065951803978895
11.71	2.253268903239194
11.72	2.452076789356877
11.73	2.18537923506785
11.74	2.6883304878984458
11.75	2.77222866733885
11.76	2.5457796278185367
11.77	2.223154221699045
11.78	2.29950518125531
11.79	2.332389164737115
11.8	2.219239483436866
11.81	2.277765552513917
11.82	2.016436854687305
11.83	1.935477156793107
11.84	2.0641183019829628
11.85	2.2579748293597066
11.86	2.2332056778082348
11.87	2.24977118128535
11.88	1.6789626780019078
11.89	2.0179049681813446
11.9	2.3580679555091084
11.91	1.9987282325619573
11.92	2.355439032226645
11.93	2.1974880830051053
11.94	1.7696900045067583
11.95	2.0196121942664713
11.96	1.8172461425663322
11.97	1.9589494026594072
11.98	2.124732812970638
11.99	2.047231490559281
12.0	2.2070742782445434
12.01	2.660041114413868
12.02	2.152304055266676
12.03	2.1841317707317085
12.04	2.304316949401926
12.05	2.27160828794213
12.06	2.1359725539343755
12.07	2.028830295335232
12.08	2.2696765814470328
12.09	2.0297640215076465
12.1	2.526267048154542
12.11	2.070294840083348
12.12	2.1882406344653265
12.13	1.9712172735650053
12.14	1.7900106627222392
12.15	2.0952410792369602
12.16	2.441300636566147
12.17	2.385116548680704
12.18	2.4127930962965833
12.19	1.8658066713665
12.2	1.9952716290656536
12.21	1.550469864554996
12.22	2.1410869759607545
12.23	2.112852717484332
12.24	2.3397212739808744
12.25	1.9671485567852354
12.26	2.2549439109334646
12.27	1.661432879158975
12.28	1.7364372815843503
12.29	1.578293965074627
12.3	1.3627217707595227
12.31	1.6529726574684518
12.32	1.485860542231812
12.33	1.5467185296700667
12.34	2.186695934161421
12.35	1.4942986949989883
12.36	2.0472110612465073
12.37	1.649510043166655
12.38	1.7475725359104248
12.39	1.7372269286408228
12.4	1.5895980059010815
12.41	1.2258284535952888
12.42	1.270261931787066
12.43	1.799289396555241
12.44	1.3520465032451556
12.45	1.646526640744562
12.46	1.5029320871342686
12.47	1.2178110877798471
12.48	1.9238696961033586
12.49	1.4349361612756995
12.5	1.6538083959974432
12.51	1.938535366986259
12.52	1.3406342103324633
12.53	1.4051784377482193
12.54	1.6380457536192161
12.55	2.072232176229309
12.56	1.8934657000166355
12.57	2.1058237650797347
12.58	2.34342103279685
12.59	2.2842869532752506
12.6	2.1954483672698237
12.61	1.8402659162380723
12.62	2.714527536379323
12.63	2.7095626690667625
12.64	2.0779986800190153
12.65	2.5274299986775075
12.66	2.4143364311646547
12.67	3.0368839296163377
12.68	2.7990828496353317
12.69	2.957074915814117
12.7	3.6381631497580385
12.71	3.1240991847674686
12.72	2.999830126895294
12.73	3.1827203901513044
12.74	2.7977304093833824
12.75	3.394286131557273
12.76	3.3220932864592494
12.77	3.2612568191682376
12.78	3.52468450509223
12.79	3.136788696353565
12.8	3.39237209552921
12.81	3.396551968875929
12.82	4.045162936041254
12.83	3.4422055824722246
12.84	3.689362329259018
12.85	3.471718403609191
12.86	3.7338496284959546
12.87	3.429343316549657
12.88	3.198009844963054
12.89	3.7450516984316153
12.9	3.180471549144359
12.91	3.504254983679644
12.92	3.5700964576100334
12.93	3.754779614941468
12.94	3.337300068977913
12.95	3.6240528303505113
12.96	3.4508881943123586
12.97	3.5765212891283986
12.98	3.4064805157007956
12.99	3.7694733413340575
13.0	3.1335703287192893
13.01	3.3768506062493078
13.02	3.7282118357369094
13.03	3.0054637809512723
13.04	3.4439131186523517
13.05	3.308421471498447
13.06	3.4929644204424877
13.07	2.8437941880832542
13.08	2.836130659832619
13.09	3.3823846284337913
13.1	3.1981778508540675
13.11	3.062992573130581
13.12	2.7038014321484876
13.13	2.6960185804272245
13.14	2.9896002075277432
13.15	2.9073821308424437
13.16	2.7733974733757956
13.17	2.797287077005169
13.18	2.8455623023103356
13.19	2.5817599894641567
13.2	2.529409245152307
13.21	2.7206497891219783
13.22	2.5514722353650052
13.23	2.475349930182347
13.24	2.790354416256386
13.25	2.5548357167069113
13.26	2.5255442436021016
13.27	2.0329434660851353
13.28	2.5816690816358374
13.29	2.424164299494834
13.3	2.6528984661364357
13.31	1.9246321065913863
13.32	2.173955603873731
13.33	2.014935219007342
13.34	2.5686473127550267
13.35	2.2571826918721913
13.36	2.024316757974176
13.37	2.386011812507157
13.38	2.0680636211563854
13.39	2.1888231745757007
13.4	2.3065337031093947
13.41	2.5891504143982287
13.42	2.322802069254302
13.43	2.3724940489865505
13.44	2.334895024256605
13.45	2.1985342442605917
13.46	1.9359060776329604
13.47	2.7936304998777497
13.48	2.6446152813174137
13.49	2.4113052865499447
13.5	2.618127408799268
13.51	2.182003336739082
13.52	2.11295259544853
13.53	1.9807331043793392
13.54	1.9711689438212692
13.55	2.477607654391363
13.56	2.174898295613224
13.57	2.208107383110495
13.58	2.5245875355794354
13.59	2.159730330422935
13.6	2.053685547115307
13.61	2.7327278661366425
13.62	2.4659807023319282
13.63	2.730196448154964
13.64	2.5051230601228136
13.65	2.4409156461349
13.66	2.638899866430383
13.67	2.342811742220166
13.68	2.541310082209385
13.69	2.616626228788376
13.7	2.738221938902859
13.71	2.7377878530437876
13.72	2.8010576630788053
13.73	2.827462470602694
13.74	2.7439689000735026
13.75	2.900067674834676
13.76	2.7119764361176797
13.77	2.8018744965900555
13.78	2.7483152526596695
13.79	3.1059086246767205
13.8	2.6259881165488204
13.81	3.0263550732756253
13.82	3.0184879675355014
13.83	2.9504664826496887
13.84	2.8889545261864282
13.85	2.5679888596647484
13.86	2.299810292630527
13.87	3.111207453374632
13.88	2.436571290020494
13.89	2.5401809370788873
13.9	2.2564955557231823
13.91	2.6986374914622098
13.92	2.928997371416308
13.93	2.4724541475077326
13.94	2.5705621537489334
13.95	2.3228260304542903
13.96	2.00207033276225
13.97	1.881586910301054
13.98	1.7330677522176339
13.99	2.0554085645994395
14.0	1.8244209396228512
14.01	1.7657582122072644
14.02	1.9784370629340642
14.03	1.8716480036326189
14.04	1.671675813814792
14.05	2.0537495729742856
14.06	1.5122102727807538
14.07	1.4624163771508725
14.08	1.8201139295779782
14.09	1.7500723803306628
14.1	2.1676304760446343
14.11	1.6965964273841276
14.12	1.5607354545155594
14.13	1.0591667638977034
14.14	1.2681770838339699
14.15	1.7461234294533474
14.16	1.465516956889382
14.17	1.4928648475108686
14.18	1.3374179770045231
14.19	1.6457356897410318
14.2	1.1896126906412812
14.21	1.5269052503082552
14.22	0.8592399477670061
14.23	1.4525854840460477
14.24	1.2465147105526144
14.25	1.5157456741604345
14.26	0.9783989645914211
14.27	1.5638013363859813
14.28	1.4085330671427343
14.29	1.1435912388226175
14.3	1.3559876345032629
14.31	1.1757135550774516
14.32	0.8219818697987025
14.33	1.3942135376646503
14.34	1.4715707566892178
14.35	1.2719829322542062
14.36	1.4274284915549553
14.37	1.5221737596518636
14.38	1.3288646048443529
14.39	1.4299203764516812
14.4	1.6036106137635835
14.41	1.164927302884256
14.42	1.788463003537339
14.43	1.8453940044980313
14.44	1.4689144634999003
14.45	1.647169911208917
14.46	1.784641084591318
14.47	1.4775609609712776
14.48	1.5413100178398462
14.49	1.5457414867193817
14.5	1.678399116996685
14.51	1.0269635756780524
14.52	1.6040718311086244
14.53	1.4537652617738128
14.54	1.5327815857852252
14.55	1.827995422383639
14.56	1.6185893940496614
14.57	1.530076564133218
14.58	1.6411805540539195
14.59	1.5598224370647809
14.6	1.7639946441021828
14.61	1.4959013386660471
14.62	1.315495840592655
14.63	1.7828523995432857
14.64	1.8540097297214309
14.65	2.192258243536104
14.66	1.9070310690898267
14.67	1.9359915056083732
14.68	1.6993183876369757
14.69	2.215129292758225
14.7	1.9654738659619428
14.71	2.135033824842524
14.72	2.2526901098812093
14.73	2.5410866838133472
14.74	2.4648446222191494
14.75	1.8717512144286217
14.76	2.4858831872384544
14.77	2.185745619185098
14.78	2.122815653828728
14.79	2.3497767316103255
14.8	2.4241065440917184
14.81	2.255766033337957
14.82	2.455165084720537
14.83	3.0114092998443707
14.84	2.422787460172483
14.85	2.2640365778906735
14.86	2.6690315577081902
14.87	2.830273879311398
14.88	2.0728585068795446
14.89	2.465287888783772
14.9	2.40340655169013
14.91	2.136720550855125
14.92	2.3562061333475386
14.93	2.1879521482381312
14.94	2.137435588330715
14.95	2.0591600589000025
14.96	2.4775351263981142
14.97	2.0367416940348146
14.98	2.184413725378881
14.99	2.3242212641866606
15.0	1.820302648235767
15.01	1.7397410414684005
15.02	1.3933240076342472
15.03	2.009494381961421
15.04	1.3864831219130023
15.05	1.75936454555336
15.06	1.871360521500022
15.07	1.825574947251576
15.08	1.7787550003347015
15.09	1.5074283531683796
15.1	1.6106639298273164
15.11	1.7655133426512108
15.12	1.9644182719290368
15.13	1.4120203964048026
15.14	1.4311284990804176
15.15	1.7445133920036455
15.16	1.153591645565774
15.17	1.728304629084685
15.18	1.353770151042467
15.19	1.4125338408213401
15.2	1.0119935739644448
15.21	1.3303633646858393
15.22	1.4592084830023657
15.23	1.1103037561560378
15.24	1.2051801048494528
15.25	1.4988241780520555
15.26	1.6866105892241723
15.27	1.5083382499071984
15.28	1.2064537205887815
15.29	1.149200517423226
15.3	1.0227336422381077
15.31	1.2480943831027052
15.32	1.0520830315145862
15.33	1.5293560261120838
15.34	1.2656365461027272
15.35	0.9281447143928218
15.36	1.1693913712561559
15.37	1.1836263875700668
15.38	1.1930980297108147
15.39	1.2386948082357643
15.4	0.6257112629642068
15.41	0.6567874369491102
15.42	0.8008897664272299
15.43	0.8137995666175313
15.44	1.1907117463938328
15.45	0.9803487949772707
15.46	0.913011193994078
15.47	1.0090658528718555
15.48	0.9126579086371562
15.49	0.9795416267536086
15.5	0.5532266858552797
15.51	1.0766929003465815
15.52	1.1739413312615607
15.53	1.080711799961313
15.54	0.6208770275159359
15.55	0.8076155052103621
15.56	0.62477294363058
15.57	0.7872028880069609
15.58	1.23914787906581
15.59	1.0113927031652923
15.6	0.6023177185702298
15.61	0.7911764513390952
15.62	1.5993432645180992
15.63	0.9780455453111274
15.64	1.3873761056163851
15.65	0.7005917040563248
15.66	1.1172615661157532
15.67	1.082623986905321
15.68	1.0121686163442292
15.69	0.825650669059643
15.7	1.2188322739401194
15.71	1.1793066976648514
15.72	0.5342729476378599
15.73	1.363311821084214
15.74	1.3743999917143237
15.75	1.4887809492079918
15.76	1.4052902915948648
15.77	1.4495612173064192
15.78	1.621456219540068
15.79	1.685905620731445
15.8	1.5788003547504175
15.81	1.5656361876943146
15.82	1.4638420873702354
15.83	1.4591225617809873
15.84	1.309233752638117
15.85	1.7693456467065447
15.86	1.8052025101272713
15.87	1.6480977534849142
15.88	1.6216826572260403
15.89	1.5663508035674225
15.9	1.8026278467880952
15.91	2.202962457625643
15.92	1.4221408313424477
15.93	2.399782672245336
15.94	1.766448821121615
15.95	1.633590922653021
15.96	1.7120296952690846
15.97	2.1445900181173525
15.98	1.4643080306683403
15.99	1.8124384460201253
16.0	2.4119345272563595
16.01	2.2380251780714473
16.02	1.9376000203094417
16.03	1.8889770630978355
16.04	1.9887155323109376
16.05	1.7907088677384346
16.06	1.6455499297086518
16.07	1.747203089118367
16.08	1.6609014080328088
16.09	1.6775180376434868
16.1	1.9854118165064734
16.11	1.8400062951960843
16.12	1.593934863341723
16.13	1.4534826711485602
16.14	1.7633248147368874
16.15	1.4394663632046014
16.16	1.604551552505492
16.17	1.5163561117558764
16.18	1.8321260927382594
16.19	1.4565402495707187
16.2	1.742067154479993
16.21	1.417409615955906
16.22	1.686819292356565
16.23	1.8106593901142842
16.24	1.5173793134788895
16.25	1.7011334293120743
16.26	1.2648775058855477
16.27	1.7714998620155953
16.28	1.5328846066606359
16.29	1.1419715287857928
16.3	1.6149139787381788
16.31	1.5405569937380117
16.32	1.3851626954497733
16.33	1.5515569300138041
16.34	1.3339824033587229
16.35	1.3475548302687645
16.36	1.1594359600994542
16.37	1.4062880034447458
16.38	1.3802575605881355
16.39	0.9791703992390379
16.4	1.276562148278767
16.41	1.1959060276942466
16.42	1.1819162542373516
16.43	1.391262558126371
16.44	1.1051466883108427
16.45	1.215944071225919
16.46	1.458808813331577
16.47	1.4940450185685947
16.48	0.7700238840676323
16.49	1.5636666539636643
16.5	1.011863483949881
16.51	1.523059888430949
16.52	1.0911641644605776
16.53	1.3115241502616304
16.54	1.1103203581575132
16.55	1.0537461819137373
16.56	1.2325323734361822
16.57	1.4924568299593226
16.58	1.0774821532728154
16.59	1.5959502624949393
16.6	1.2433311978524888
16.61	1.3553362984023076
16.62	0.70786686437249
16.63	1.40129609356705
16.64	1.3975826857682003
16.65	1.4432313990980994
16.66	1.095805402130619
16.67	1.2617511073389325
16.68	1.36815121252143
16.69	1.0947275301334243
16.7	1.0454657014823083
16.71	1.7037431778388303
16.72	1.5096235966069256
16.73	1.2015845905131903
16.74	1.399122200717433
16.75	1.4618823355262376
16.76	1.2663070246856503
16.77	0.8807986560557559
16.78	1.3184678274786579
16.79	1.8545467383681684
16.8	1.2841152072339488
16.81	1.2556339647348975
16.82	1.513964368264486
16.83	1.560536137570848
16.84	1.3229900276313262
16.85	1.0688860396900894
16.86	0.9915107622776764
16.87	1.4889705544309049
16.88	1.0709428462557575
16.89	1.6619380639733579
16.9	1.2391650216554018
16.91	1.1441480728277957
16.92	1.9808160101337364
16.93	1.549629748220101
16.94	1.5182093181565992
16.95	1.236503822445044
16.96	1.219234567301503
16.97	1.6360510288594543
16.98	1.2172247315713416
16.99	1.402048945724711
17.0	1.6290746764843376
17.01	1.5736776405281458
17.02	1.5944615250779386
17.03	2.031588070474389
17.04	1.6535300250276674
17.05	1.4529227319970084
17.06	1.6089867452599196
17.07	1.4679984010389913
17.08	1.6839585558263794
17.09	1.5895152243247168
17.1	1.5760804475934107
17.11	2.166270289397385
17.12	1.8360811017470224
17.13	1.729264970623309
17.14	1.7408975880058184
17.15	1.9309533309558407
17.16	1.7032366153983067
17.17	1.6653213878968387
17.18	1.5423690880830865
17.19	2.5149372859846304
17.2	2.0001721534691925
17.21	2.0152057002246457
17.22	2.07422608684133
17.23	2.2706923493161546
17.24	2.3171388148828056
17.25	2.6235386475950726
17.26	2.104490864788548
17.27	2.1286199985111707
17.28	2.2628649052454555
17.29	2.3078331319289447
17.3	2.597040981903369
17.31	2.181916697971423
17.32	2.437024764960038
17.33	2.86965648844146
17.34	1.9153500046359544
17.35	2.03231681998224
17.36	2.388533668236804
17.37	2.588644422619705
17.38	2.9362403533141053
17.39	2.60633487198635
17.4	2.6206772251589974
17.41	2.914413548069695
17.42	2.805345427748259
17.43	3.245667915440277
17.44	2.969024295883679
17.45	3.1455816082185324
17.46	2.7271746336988385
17.47	3.1681426461203013
17.48	2.9968391747345486
17.49	3.2984563703406216
17.5	2.869775884882213
17.51	3.1877377019802107
17.52	3.2473730314679856
17.53	3.4985961864875743
17.54	3.4497986216865466
17.55	3.499046995846705
17.56	3.3136730445376417
17.57	3.9205710402609233
17.58	3.6380862580022173
17.59	3.3262233871763347
17.6	3.6278774769852347
17.61	3.261722488395924
17.62	3.704782362525733
17.63	3.2816096092107747
17.64	3.678884188904084
17.65	3.579147379272368
17.66	3.6781679518046753
17.67	3.867277562635217
17.68	3.827856582361617
17.69	3.691409311110508
17.7	3.910473061948468
17.71	3.7185407690351115
17.72	3.7183779124937018
17.73	3.7174153278401767
17.74	3.6262340139195732
17.75	3.847527211889408
17.76	3.560531532976741
17.77	3.6937797243895827
17.78	4.296777703937476
17.79	3.9497673058690506
17.8	3.66342976729238
17.81	3.955820976871342
17.82	4.153068328430477
17.83	3.8939226113228442
17.84	3.7955218514553146
17.85	4.070638214234179
17.86	4.767924298876147
17.87	4.581002953412192
17.88	4.422861802871369
17.89	4.509627223332772
17.9	4.384103029647108
17.91	4.735347019730841
17.92	4.765063028947165
17.93	4.354020881903793
17.94	4.545581687797073
17.95	4.424045616735983
17.96	4.755005272522053
17.97	4.60796294193933
17.98	4.502461889947677
17.99	4.735436374426549
18.0	4.722931169960447
18.01	4.969226022695932
18.02	4.721216428019801
18.03	5.014250734478644
18.04	4.688553955274018
18.05	4.377025922788358
18.06	4.7888566145745814
18.07	5.131425714125851
18.08	4.751102520437225
18.09	4.836208041151576
18.1	4.538104073009887
18.11	4.778971829460712
18.12	4.859686574829115
18.13	4.888587737621232
18.14	4.810624989304919
18.15	4.666684400002913
18.16	4.557975769028511
18.17	4.588117959591267
18.18	4.845100888601952
18.19	4.900187991374274
18.2	4.567057507220421
18.21	4.860130549482222
18.22	4.4013448907909565
18.23	4.350044720007722
18.24	4.260132680255063
18.25	4.25503252082851
18.26	5.12600554128388
18.27	4.283974600122645
18.28	4.522001840474444
18.29	4.610032549893343
18.3	4.499890929771908
18.31	4.460646626314659
18.32	3.7384778354322084
18.33	4.171177200344829
18.34	4.361794626629511
18.35	4.094437860208567
18.36	3.6719471119023632
18.37	3.895888434463605
18.38	4.187981915635679
18.39	3.6798133645070714
18.4	3.640556494807085
18.41	3.9701450325551537
18.42	3.7826007471938023
18.43	3.965415530761828
18.44	3.541177797593266
18.45	3.4691976607619455
18.46	3.4326775579572026
18.47	3.834711310992458
18.48	3.845747002985858
18.49	3.226084983271543
18.5	3.281557913104998
18.51	3.6393204701097703
18.52	3.329462139676367
18.53	3.127838352700831
18.54	2.9596005331715003
18.55	3.178736940570455
18.56	3.223712356538328
18.57	3.23649924467446
18.58	2.7621869913839117
18.59	3.1962401890917738
18.6	2.7543064204004013
18.61	2.9066467512672296
18.62	2.9977504622005737
18.63	3.2970054430034788
18.64	2.9808212051868574
18.65	3.1708552551659626
18.66	2.3853589726848776
18.67	2.561466543266798
18.68	2.977220024070483
18.69	2.5202958097746655
18.7	2.8550478535073203
18.71	2.534989759623965
18.72	2.567946097298345
18.73	2.563545362845771
18.74	2.2961887152003757
18.75	2.4274338958436803
18.76	2.6777613876202278
18.77	2.35567180093287
18.78	2.675152194608937
18.79	2.944376351795061
18.8	2.4117916036562805
18.81	2.1056047407538303
18.82	2.6375159363144403
18.83	2.8392105505397196
18.84	2.047157430867145
18.85	2.8902892452463633
18.86	2.7723854727062776
18.87	2.8715583321874436
18.88	2.507476546429047
18.89	2.6116640459857665
18.9	2.6762156051867283
18.91	2.529486562101938
18.92	2.27581395939599
18.93	2.75165174629926
18.94	2.549084766524636
18.95	2.936817471550727
18.96	2.42731245271055
18.97	2.717621075851776
18.98	2.4066196160498485
18.99	2.7461900040865688
19.0	2.405948774340535
19.01	2.5132671160871576
19.02	2.686494557595878
19.03	2.7628339512891644
19.04	2.8322297502762903
19.05	2.8414489600407675
19.06	3.1087352584729944
19.07	2.661296856075095
19.08	2.3835569486745993
19.09	2.356664620759428
19.1	2.601467848349342
19.11	2.541051846189698
19.12	2.75719270276531
19.13	2.9460768305109224
19.14	2.369037773571678
19.15	2.512267522476889
19.16	2.7018206984560913
19.17	2.960906639090475
19.18	2.8615708549339827
19.19	2.7878559426845277
19.2	2.481411779595167
19.21	2.9575124761336617
19.22	2.776687142881117
19.23	2.8644561556984236
19.24	2.8265157154917606
19.25	2.5065691294758703
19.26	2.6604505186601006
19.27	2.7867703151475665
19.28	2.811996517323151
19.29	2.854735217825269
19.3	2.7598001226092834
19.31	2.5798833019156535
19.32	2.72449458141795
19.33	2.555450676481563
19.34	2.7156321830617527
19.35	2.5280089464491176
19.36	2.6126434658054047
19.37	2.673630831252442
19.38	2.715224343935467
19.39	2.4149810320529665
19.4	2.867936462037248
19.41	2.7731945149149326
19.42	2.393980340408586
19.43	2.9955548429346655
19.44	2.9030679778879005
19.45	2.4252812734087223
19.46	2.843260882706959
19.47	2.692198313421565
19.48	3.30073663746026
19.49	2.9341801904622713
19.5	2.5820104341993537
19.51	2.9976032796940513
19.52	2.681534597252063
19.53	2.9846813206164415
19.54	2.684419683754091
19.55	3.387719543790881
19.56	3.538735107150945
19.57	3.4588844862425225
19.58	2.8724905390819218
19.59	3.360690628063161
19.6	3.276406636435648
19.61	3.3434090696128185
19.62	3.5401964240112576
19.63	2.979087443654492
19.64	3.364431413127255
19.65	3.742416694576097
19.66	3.4747190690289673
19.67	3.7696957492699017
19.68	3.6316780186195476
19.69	3.4860911379745056
19.7	3.6621087043257687
19.71	3.4549166839616783
19.72	3.5572427552714956
19.73	3.170071644409942
19.74	3.792959517860739
19.75	3.9454033198551834
19.76	3.7962063327393762
19.77	3.8733202749260616
19.78	3.7068422054177064
19.79	3.1831499659888056
19.8	3.8022283855482986
19.81	3.956675615247102
19.82	3.2028571493155846
19.83	3.634650872814148
19.84	3.451989845295081
19.85	3.312765355687447
19.86	3.7072244246586052
19.87	3.5048931594533306
19.88	3.5678183731557227
19.89	3.2046300686532856
19.9	3.700347211759677
19.91	3.5041172466666284
19.92	3.707469646792087
19.93	3.638643165505333
19.94	3.4658062325595593
19.95	3.400804795758367
19.96	3.1050384852062334
19.97	3.3574000060124605
19.98	3.774962427876353
19.99	3.1996255097877584
20.0	3.3074606329925196
