10.01	5.610640414640297
10.02	6.513969290153852
10.03	5.839765166657278
10.04	6.143197102094234
10.05	7.2915252073723
10.06	7.370426590175495
10.07	8.210859810897588
10.08	9.562701701430695
10.09	9.702337645782396
10.1	9.365602294066136
10.11	11.494331579128039
10.12	11.219898908263616
10.13	12.196414329780517
10.14	12.643552177627601
10.15	12.202887165949063
10.16	14.132387266222391
10.17	13.259620401626751
10.18	13.990739376698848
10.19	15.74341851432364
10.2	15.977812425780298
10.21	15.587382082695381
10.22	15.973984975759626
10.23	16.704980500643348
10.24	16.834245112861105
10.25	16.76357455339806
10.26	18.15964040008243
10.27	18.27943844363763
10.28	18.288795546054292
10.29	18.7368346381482
10.3	17.483918641259017
10.31	18.349992857695025
10.32	18.57745273822109
10.33	18.53802281689414
10.34	19.649524348563965
10.35	19.750125652240815
10.36	20.14943653492991
10.37	19.49046868086874
10.38	19.87552285889016
10.39	19.57627957818898
10.4	20.373495482493542
10.41	19.433323312272083
10.42	19.40102151030777
10.43	20.111408430176866
10.44	19.995902758173408
10.45	19.12610208589009
10.46	19.444409293610597
10.47	19.794713185635512
10.48	19.66379109609098
10.49	19.704057735739237
10.5	19.572639722120588
10.51	18.90573930023832
10.52	18.87970547466959
10.53	18.393928225471036
10.54	19.593683267740857
10.55	19.142754631690657
10.56	18.63624371142901
10.57	18.59636576702543
10.58	17.820490699863367
10.59	18.2157395256896
10.6	17.682317580961747
10.61	17.930188034897643
10.62	17.52854775385464
10.63	16.52367236792126
10.64	17.015319620480064
10.65	16.83971402385618
10.66	15.765106970220426
10.67	15.00303394440027
10.68	15.375862939273546
10.69	14.44516509764813
10.7	14.400494715158851
10.71	14.33522588929746
10.72	13.027501061931071
10.73	12.696885195362544
10.74	11.918987153008583
10.75	12.152090004942313
10.76	11.028070348605882
10.77	10.57557568682213
10.78	10.393848384870644
10.79	10.216007603519742
10.8	9.259147533641295
10.81	9.626455849414233
10.82	8.800440132591083
10.83	7.855026007238998
10.84	7.515139394717706
10.85	6.921046022645627
10.86	7.506877873820221
10.87	6.66839984077851
10.88	5.5480767038154175
10.89	5.744088439506417
10.9	4.810154256292252
10.91	4.744801422498438
10.92	4.953284569600665
10.93	3.6587779028366936
10.94	4.155592961055944
10.95	3.8132731276149974
10.96	3.837190920513515
10.97	3.1833584978609504
10.98	3.6515939417527683
10.99	2.6657911439034194
11.0	2.7289605240678076
11.01	2.6929487743349863
11.02	1.6662777233672483
11.03	2.236422084347676
11.04	1.9184120527662283
11.05	2.305832495148804
11.06	2.146414911676054
11.07	1.2458507830234695
11.08	1.6583902458470159
11.09	2.055755282705898
11.1	0.7400665900619134
11.11	1.6499761084155975
11.12	2.447302611259773
11.13	2.506538569862045
11.14	2.200659865393704
11.15	3.116915529355066
11.16	2.931009242094677
11.17	3.552582775461996
11.18	3.705556639450884
11.19	4.647646507865216
11.2	5.491002285315824
11.21	5.205962669875214
11.22	5.290125427476443
11.23	6.027135495343241
11.24	5.715797836386502
11.25	6.568637818094834
11.26	7.028997417092015
11.27	7.958600230307409
11.28	8.789351932615235
11.29	9.910047228559211
11.3	10.19859213984868
11.31	11.079624541883632
11.32	10.411995367495242
11.33	11.521347530990212
11.34	12.139275080637521
11.35	12.59575882154866
11.36	12.992276043889252
11.37	14.149307772179691
11.38	14.91271268505905
11.39	14.835471882738428
11.4	14.94632537508682
11.41	16.132886106392856
11.42	16.451644426050443
11.43	17.474793373895107
11.44	18.0896399019182
11.45	17.33396967679878
11.46	18.35811642340429
11.47	19.294149987307996
11.48	19.019303786761135
11.49	18.93076830767422
11.5	20.72887791195961
11.51	20.64020378142887
11.52	20.395693259367366
11.53	20.13891078830217
11.54	20.95631665067536
11.55	21.428927152009326
11.56	21.20142614119098
11.57	21.905586865428447
11.58	21.44880811481042
11.59	21.834748617745475
11.6	21.874402041949423
11.61	20.860008226242055
11.62	22.12413789304144
11.63	21.349280031082976
11.64	22.076314042058954
11.65	21.453166422661123
11.66	21.317872692830548
11.67	20.804978401668198
11.68	19.33348412964767
11.69	17.999464820403603
11.7	19.70534705584446
11.71	19.109173229602394
11.72	17.378457999895808
11.73	17.145912490058226
11.74	17.124596274562705
11.75	15.918674534970892
11.76	16.896433338074218
11.77	15.721258691183653
11.78	14.288263455043307
11.79	14.567369798701755
11.8	13.984225953655107
11.81	13.438037360357384
11.82	12.669436166191371
11.83	12.7674909359027
11.84	11.316307231399032
11.85	11.523956951670703
11.86	9.712703853242964
11.87	10.236259859102997
11.88	9.189649498392095
11.89	9.23602806887463
11.9	7.454978719499881
11.91	8.889773925123178
11.92	7.838001982727675
11.93	6.7746895166282775
11.94	6.292291087441879
11.95	5.867250377712548
11.96	4.938969641062229
11.97	5.348537487267211
11.98	5.130905129058481
11.99	4.195733712091002
12.0	3.9820261786790385
12.01	4.418105708520211
12.02	3.4287335984739116
12.03	3.0694441177618654
12.04	2.9592051448281866
12.05	2.817590217735728
12.06	3.0106024820075534
12.07	2.671340857134348
12.08	2.53962739750657
12.09	2.461194797228208
12.1	1.8638349767789373
12.11	2.765559848201514
12.12	1.4116518785174912
12.13	2.304182066766928
12.14	1.9641844792505918
12.15	2.149160718707652
12.16	1.132990943076213
12.17	2.2189461187393626
12.18	1.8425069888566732
12.19	1.6417951466902774
12.2	2.610841566796567
12.21	2.08975151620399
12.22	3.5597520134040646
12.23	2.0860680066213044
12.24	3.4763829522817136
12.25	2.30292217979383
12.26	2.943973001101457
12.27	4.000034170148011
12.28	5.175082813913226
12.29	4.566360804330321
12.3	5.182131668132835
12.31	6.050567254579089
12.32	6.31126357169169
12.33	7.022932014040835
12.34	7.54266807141488
12.35	7.720917662705255
12.36	7.900974660077516
12.37	8.672342132984914
12.38	8.296998640840442
12.39	9.340407443439931
12.4	10.141301587117281
12.41	10.006486134212873
12.42	11.86045887642915
12.43	11.50835654185183
12.44	11.928417656309527
12.45	13.074966681359138
12.46	14.101725447219899
12.47	14.849322897525376
12.48	15.0919253654271
12.49	15.430983895227309
12.5	15.926118436410446
12.51	16.296811365236604
12.52	17.19054910461967
12.53	17.14010866192034
12.54	18.56270587710378
12.55	18.815029051297973
12.56	20.201593500700113
12.57	20.170659393937864
12.58	20.038052951358086
12.59	21.568949000599584
12.6	21.261388632366696
12.61	21.796751136749133
12.62	21.762352977781976
12.63	22.610423147600383
12.64	23.217679798896853
12.65	23.365493238304293
12.66	24.16662049204076
12.67	24.634406508428576
12.68	23.29937979196173
12.69	23.41250586465392
12.7	24.34238372239054
12.71	23.88602825854356
12.72	24.29094655088088
12.73	24.113940702112878
12.74	24.273213596444872
12.75	23.554419143985953
12.76	22.98710975922851
12.77	22.78809661363774
12.78	23.44389488644015
12.79	22.769926914113636
12.8	23.05805511724655
12.81	22.1200453785114
12.82	21.520386773814597
12.83	21.826351191896528
12.84	20.711399844555412
12.85	20.599227795420827
12.86	20.819959846657557
12.87	20.809338223342895
12.88	19.012677458519253
12.89	18.753708351854886
12.9	17.7403855112457
12.91	17.800669736802295
12.92	17.827803713629603
12.93	17.35037551916046
12.94	16.10814720409912
12.95	15.09926422803374
12.96	15.570974231140026
12.97	14.935781548706684
12.98	14.300285706936291
12.99	14.398421332078454
13.0	13.41547081692241
13.01	12.115205657633986
13.02	12.802874060832682
13.03	11.961979429723868
13.04	11.309342894648658
13.05	10.28340619147101
13.06	9.602194977417671
13.07	9.638405296542514
13.08	8.958991401490115
13.09	8.847494650026874
13.1	8.163429211952373
13.11	8.461343676252008
13.12	7.812645505445197
13.13	6.6497545534184965
13.14	7.2166665601615225
13.15	5.738669229034838
13.16	5.797875063670937
13.17	5.050144574832506
13.18	5.366124482643781
13.19	4.837566139860029
13.2	4.411814805107148
13.21	4.847716904138638
13.22	4.9825828479314085
13.23	4.105817671165135
13.24	4.405780797802329
13.25	3.429841129933612
13.26	3.7493521987747265
13.27	3.5829867812241094
13.28	3.244402807591613
13.29	3.2563679946083055
13.3	3.7963257771852557
13.31	3.4273288051535253
13.32	3.3329711255310914
13.33	3.2885732419153197
13.34	3.0441989001044587
13.35	3.911734483680818
13.36	2.5922403108924894
13.37	3.278906516886285
13.38	3.44736222095487
13.39	3.074410759244597
13.4	3.6892197935608726
13.41	4.310405349709697
13.42	4.5979339465591735
13.43	3.1291728495930595
13.44	4.839763836665854
13.45	5.025173769492161
13.46	5.829704443654922
13.47	6.38838813257605
13.48	5.476370594499911
13.49	6.667181469270753
13.5	6.184465155092473
13.51	7.174519567606774
13.52	8.244922273041228
13.53	8.160157822708792
13.54	8.01921134307772
13.55	9.431509435759512
13.56	11.621513204480832
13.57	10.387700979839412
13.58	11.357827294740895
13.59	12.07228728935711
13.6	11.92017228242173
13.61	12.873609080010018
13.62	13.91511690111528
13.63	13.010043708410242
13.64	13.930998880262381
13.65	14.579972977687843
13.66	15.144638580163688
13.67	14.874688227236119
13.68	15.689106303625948
13.69	16.12458848083698
13.7	16.434068888895244
13.71	16.59494061103295
13.72	17.328179412686147
13.73	18.795664327745918
13.74	18.986047038464896
13.75	18.61899639791846
13.76	18.107821544372907
13.77	18.746553589684943
13.78	19.326466213993047
13.79	18.889482036904376
13.8	19.26334721387927
13.81	19.064980610224588
13.82	20.73449902042549
13.83	19.542112210084504
13.84	20.36652267961395
13.85	18.588036360970634
13.86	20.190031844358714
13.87	19.456071575222165
13.88	19.551388879665446
13.89	19.405786024272018
13.9	20.04385368662694
13.91	20.072706687603983
13.92	18.437712352908715
13.93	19.08593416439007
13.94	17.61744198853571
13.95	18.68322797598172
13.96	18.151976756826507
13.97	18.44300839016394
13.98	18.63118380579155
13.99	17.921757213585444
14.0	16.44688777677666
14.01	16.335975262725814
14.02	16.941421062441467
14.03	15.678597015753907
14.04	15.709445026683328
14.05	15.863083759447733
14.06	15.702800478635734
14.07	15.0498915570366
14.08	15.075343690879246
14.09	13.213728597040916
14.1	13.87050997374923
14.11	12.34601348975269
14.12	12.634109523738076
14.13	12.418668012625927
14.14	12.457139523063463
14.15	10.623524716031524
14.16	10.67103820453963
14.17	9.38860645066712
14.18	8.67228944913304
14.19	8.984919041738237
14.2	7.873283243160999
14.21	7.674743441931896
14.22	7.133765258406996
14.23	6.147512710052167
14.24	6.365435106840906
14.25	5.534379258537459
14.26	5.214881822311592
14.27	4.574359553488038
14.28	5.139112400397359
14.29	4.381338222767404
14.3	3.469643373624177
14.31	3.1185594872332
14.32	2.943042762857108
14.33	2.6525808895290646
14.34	3.0406491753445875
14.35	2.886593776975266
14.36	1.745121438380095
14.37	1.911624786080024
14.38	1.7779729786189955
14.39	1.3473856270196038
14.4	0.5736465294495148
14.41	1.4675847375789275
14.42	0.7978666320466294
14.43	1.501550948122186
14.44	1.408975474589678
14.45	0.8272600968049847
14.46	1.342185356263128
14.47	1.1061589852345124
14.48	0.7171872426731185
14.49	1.5228161239579971
14.5	-0.007748506815321243
14.51	0.898697090106502
14.52	0.25373831495069105
14.53	0.7426931078606009
14.54	0.813261257916415
14.55	0.9654422150990358
14.56	0.6433010466323519
14.57	1.2912169645457285
14.58	1.6028005389441335
14.59	2.5535896353508183
14.6	1.7627017632408648
14.61	1.6663327553757463
14.62	1.9050904416988663
14.63	2.9372779050780333
14.64	3.9100729957563183
14.65	2.9706854571358665
14.66	3.8114164723207744
14.67	5.216787896173525
14.68	4.172427101757256
14.69	5.195071915675468
14.7	5.722350209275452
14.71	5.56826096056665
14.72	5.7591227408035985
14.73	6.7243748855783325
14.74	8.097455767938065
14.75	8.401489807797104
14.76	8.670572121171508
14.77	7.513477034072581
14.78	9.013540572061409
14.79	9.718449231512494
14.8	9.697114196345236
14.81	10.802891825729775
14.82	11.358225487537302
14.83	10.442351145888598
14.84	12.110237096563786
14.85	12.406968122789776
14.86	11.786700464258024
14.87	11.901673240204666
14.88	12.28237317351475
14.89	12.557488806840572
14.9	13.158638137015902
14.91	14.023763648397088
14.92	12.921797039124526
14.93	13.986170650539936
14.94	14.726972174298151
14.95	14.412324058028743
14.96	14.96965309124217
14.97	15.71768905306208
14.98	14.152448336869115
14.99	14.340367707887578
15.0	15.659502247136091
15.01	15.391058278318093
15.02	15.536880709187077
15.03	15.519893453584373
15.04	15.042498040971665
15.05	15.389421310271517
15.06	15.982444236608002
15.07	16.27149282625383
15.08	15.23291054019758
15.09	16.266420370859837
15.1	16.40890554346443
15.11	16.341500932697883
15.12	15.158975021087908
15.13	15.670242279359284
15.14	16.947860188602334
15.15	15.8089131606447
15.16	15.635764520945418
15.17	16.015842313863995
15.18	17.292477739521072
15.19	17.316298252251208
15.2	15.794755800640049
15.21	16.053660326523705
15.22	15.609075308878658
15.23	16.5066355598544
15.24	16.17712307660093
15.25	15.684307528495815
15.26	16.80168040070558
15.27	16.337298984169603
15.28	15.920936379644758
15.29	16.264636941239516
15.3	15.917535543743043
15.31	16.344785525242383
15.32	15.849023673743265
15.33	16.690991328488053
15.34	16.154695176351364
15.35	16.157629103966443
15.36	15.460011674767234
15.37	15.614896063251573
15.38	15.200595246981464
15.39	14.989227111651251
15.4	13.864811386242472
15.41	14.461211390393753
15.42	14.061369887894255
15.43	14.485008268966439
15.44	14.505080478139266
15.45	12.238862674609251
15.46	12.62763520405868
15.47	12.989986182066438
15.48	13.02732690831136
15.49	11.530469169206679
15.5	12.072493778729584
15.51	11.2635167609702
15.52	9.994597960382281
15.53	10.435002590219755
15.54	10.060293685911939
15.55	9.165914934408832
15.56	8.926856903902983
15.57	8.374895199552833
15.58	8.241729286825292
15.59	7.946300478681854
15.6	7.047209496117253
15.61	5.704213069022883
15.62	6.280431786508401
15.63	5.802621511551457
15.64	5.384533542594876
15.65	3.1276417857719547
15.66	2.884549994975835
15.67	3.0548419695477853
15.68	2.513094249116714
15.69	2.784551225853278
15.7	2.982342221489637
15.71	1.2985322772713568
15.72	2.3471281870657217
15.73	1.3002120493653817
15.74	1.4438364931414323
15.75	0.3083246052924321
15.76	1.396490499234949
15.77	0.8545990873939315
15.78	-0.3699477483736858
15.79	0.8341667490214232
15.8	0.608417214994591
15.81	0.24891391177769762
15.82	0.8942613887180005
15.83	0.8344331396673359
15.84	1.2228704186523531
15.85	0.36782501549744095
15.86	1.3028292816927534
15.87	1.3758300906287704
15.88	0.6380772949081255
15.89	1.2114744571821183
15.9	0.9438619349949445
15.91	0.5254477359484306
15.92	0.8365673307279099
15.93	2.5678066558289077
15.94	0.9389608069121098
15.95	2.2461621229788995
15.96	3.172948571334037
15.97	2.728749036666685
15.98	3.2508553117589147
15.99	4.2248069908708255
16.0	4.613785152961074
16.01	5.090485079216586
16.02	5.468943694125383
16.03	5.715005709647143
16.04	6.955940037117565
16.05	7.374628995531607
16.06	8.010751201291628
16.07	6.9530068533785885
16.08	7.5989871947041046
16.09	8.677909975380999
16.1	9.574381952596712
16.11	9.810519350198769
16.12	10.294035963180608
16.13	10.935627205485245
16.14	10.713612466884676
16.15	11.47120550807222
16.16	12.339137871740144
16.17	12.03095300350242
16.18	12.442314080718779
16.19	13.552131498308844
16.2	14.368298308137826
16.21	12.67904171525743
16.22	14.270267829185503
16.23	14.73763258534892
16.24	14.532114899723908
16.25	15.005745202029843
16.26	14.640256646461824
16.27	14.883434234611245
16.28	15.851303834817823
16.29	15.902749267462818
16.3	16.91891197024463
16.31	15.926782655903287
16.32	16.27692429580697
16.33	15.453005602682072
16.34	15.145798473912723
16.35	15.199451980600294
16.36	14.75997024223968
16.37	15.785181013760237
16.38	16.467322058735924
16.39	15.358747789044886
16.4	14.529570570673416
16.41	15.93677005198526
16.42	15.915917068809827
16.43	15.88929917068451
16.44	14.25312127839143
16.45	14.448680982907938
16.46	14.590294025965433
16.47	14.508982235255454
16.48	13.79750765327442
16.49	13.853302356739489
16.5	13.303761724327016
16.51	13.8902770382521
16.52	13.280067499566263
16.53	13.025902170901222
16.54	12.889234697186339
16.55	11.003902652289415
16.56	11.353351204619281
16.57	12.125129874905689
16.58	10.683751191821269
16.59	10.602884053749147
16.6	9.102450713563348
16.61	8.228169391056285
16.62	9.0814481775716
16.63	8.23063310072264
16.64	8.034534093057204
16.65	7.439377490981367
16.66	8.246096398580168
16.67	6.698925159909526
16.68	6.432289421225734
16.69	6.90448714431613
16.7	5.51842008024452
16.71	5.782096797086922
16.72	4.489649188708585
16.73	4.692455782840596
16.74	5.116344065155984
16.75	4.05821255524304
16.76	4.560852970712054
16.77	4.119855917360084
16.78	2.4204675336505432
16.79	2.687313832054384
16.8	2.898408358900418
16.81	3.472455187994891
16.82	2.515922468865504
16.83	3.1119875113235995
16.84	2.7320939399125104
16.85	1.9668224288239833
16.86	1.023102139765153
16.87	1.4873833376720191
16.88	2.1307634788600467
16.89	2.0818191169822042
16.9	1.1309775452377382
16.91	0.5176421641096636
16.92	1.2597592867096161
16.93	1.5309147023216911
16.94	1.5507383645252457
16.95	1.7987391093847158
16.96	1.4964556451168818
16.97	0.8155079608102117
16.98	1.6344271311717522
16.99	1.4805875123074985
17.0	1.7006894790825213
17.01	2.5175444700855527
17.02	1.6878715315079766
17.03	3.0823106239696836
17.04	2.440985162910496
17.05	3.5488530651750394
17.06	3.271706374775387
17.07	4.347132063756443
17.08	4.862293232695517
17.09	4.680399678558204
17.1	5.3748849919632775
17.11	5.016925960938137
17.12	6.372988917452416
17.13	7.253223373193381
17.14	7.0846955116195725
17.15	7.344557455933107
17.16	8.316827089912067
17.17	8.543103442334813
17.18	8.927637949613526
17.19	9.76443900557348
17.2	10.196981235646346
17.21	11.25451684998711
17.22	10.2434327301344
17.23	11.881450417721059
17.24	12.035180499221516
17.25	13.066933370616205
17.26	12.585124429969147
17.27	12.968947505387964
17.28	14.097032273708246
17.29	13.526192934730652
17.3	13.817401492977746
17.31	13.917067393885405
17.32	14.908241755127003
17.33	15.063652260956905
17.34	15.64436405968711
17.35	15.439620807297482
17.36	15.88504999801792
17.37	16.616061842239503
17.38	16.745810958193434
17.39	17.043272984947897
17.4	16.806052570316165
17.41	17.212363628375027
17.42	16.366751884870734
17.43	16.753210593747934
17.44	17.288335642216104
17.45	16.899432919075238
17.46	17.159023862269002
17.47	17.71154975729482
17.48	16.445854805797406
17.49	16.30532234750868
17.5	17.0087929843515
17.51	16.413242286541234
17.52	16.71692122957725
17.53	16.835283443503958
17.54	16.931379946119076
17.55	16.04152310512648
17.56	15.36802433860326
17.57	15.285059754825209
17.58	16.676687315088316
17.59	15.78881578838395
17.6	15.185109963645617
17.61	14.458562772988229
17.62	14.215437941162666
17.63	14.113519169748187
17.64	12.169904568438707
17.65	13.414725058619453
17.66	11.889038372260721
17.67	11.919782936999674
17.68	11.221386928305252
17.69	10.850574541351966
17.7	10.011624004009802
17.71	10.581158821665865
17.72	10.139842705024545
17.73	9.24554918524006
17.74	9.334123512165268
17.75	8.806260658555432
17.76	8.410643706886269
17.77	8.594596137191186
17.78	7.483586927883645
17.79	6.607367651163816
17.8	7.601934420498572
17.81	6.731976396168674
17.82	5.574755465889951
17.83	5.204957601437413
17.84	4.697621966906927
17.85	5.431224529514843
17.86	3.8557345566459236
17.87	4.331768040311109
17.88	3.981306358252553
17.89	3.4362010327636656
17.9	3.424914806833883
17.91	1.7253775320416571
17.92	2.215822277299204
17.93	3.704795006073529
17.94	2.0863574796599207
17.95	2.0773315984082257
17.96	2.6829622354523117
17.97	1.6387022084389964
17.98	1.092083908083259
17.99	0.49771748558850215
18.0	0.50616085788845
18.01	0.839442738561031
18.02	1.0438834369683847
18.03	0.7490049646485613
18.04	1.537869288071527
18.05	2.097581427256311
18.06	0.9499365166874728
18.07	0.3580468423663915
18.08	0.8261137290925388
18.09	0.5512035955414789
18.1	1.4755690263043628
18.11	0.3203204267508024
18.12	1.3974914665258624
18.13	0.9227902037853575
18.14	0.6109043803668323
18.15	1.4225426093103808
18.16	2.3000153980408253
18.17	1.3647170683330807
18.18	3.2920953309226135
18.19	3.1977682588059224
18.2	3.308969851587664
18.21	2.807503147849545
18.22	2.96141727014008
18.23	3.8169512543348643
18.24	4.187569760497661
18.25	5.753710357512709
18.26	6.1187929058493165
18.27	6.183729235779991
18.28	5.905904525902274
18.29	7.637085811385402
18.3	7.153906859949397
18.31	7.074929856557726
18.32	8.188340630995226
18.33	7.948155245630784
18.34	9.137996055239476
18.35	8.913186488599813
18.36	10.072272489325476
18.37	10.863896148366319
18.38	11.028808691463635
18.39	12.187692817635694
18.4	12.235905532646058
18.41	13.345057533823171
18.42	12.864410362129236
18.43	12.894364029657265
18.44	13.281197214571938
18.45	13.08333749372067
18.46	13.68241344682774
18.47	14.689344881664265
18.48	14.521708260805326
18.49	14.621541297451706
18.5	14.170355208054048
18.51	15.101089806558821
18.52	16.22537931788424
18.53	16.2899192063202
18.54	15.196734318121582
18.55	16.686641437872925
18.56	16.632400920938913
18.57	15.624429443996528
18.58	15.979814035861299
18.59	15.214159038452252
18.6	15.561923064634588
18.61	16.068312183330224
18.62	15.640521834281406
18.63	15.254889794630976
18.64	16.227001293931384
18.65	15.668311868371033
18.66	14.86140092952207
18.67	16.033726986917753
18.68	15.21468567712155
18.69	14.330384055368965
18.7	15.879700431125153
18.71	14.044400509060525
18.72	14.935341737269058
18.73	14.338424725211908
18.74	14.104498161678118
18.75	14.581072443223045
18.76	13.561581044564855
18.77	11.856077093545116
18.78	12.378528651555921
18.79	12.30232401207792
18.8	12.192266803694706
18.81	12.232613010367032
18.82	10.549647704622549
18.83	10.330958731131881
18.84	9.991296105065542
18.85	9.580337594483996
18.86	9.182220395629665
18.87	9.42746093412381
18.88	7.729090289455422
18.89	8.012286528315293
18.9	7.007206411748141
18.91	7.138163779631839
18.92	5.67766147497935
18.93	6.561900851196726
18.94	5.016970771396118
18.95	6.350678407825241
18.96	5.815807183124174
18.97	5.144721853438563
18.98	4.648490055568718
18.99	4.796320016175304
19.0	2.9272195127856886
19.01	3.87249740723056
19.02	2.230573834417165
19.03	2.6914883298428816
19.04	2.5169456713939247
19.05	3.0315388906773535
19.06	1.6956677943810496
19.07	2.500018434526437
19.08	0.7296329841379137
19.09	0.48969214272738215
19.1	0.5227414121162379
19.11	1.021264025174335
19.12	0.3002441335038128
19.13	-0.6062756338221311
19.14	0.2994635620162909
19.15	1.2009355367388221
19.16	0.3377413124684633
19.17	1.3542428051571949
19.18	-0.3384199080758606
19.19	-0.4434611734397427
19.2	-0.6811161222386111
19.21	-0.030973945878164738
19.22	-1.0128437390064762
19.23	0.9798841023344048
19.24	0.04403270468115872
19.25	0.14285198515223174
19.26	0.9512196620530673
19.27	0.8270798495133169
19.28	1.4173741320947864
19.29	1.9562352912554353
19.3	1.5603081841810265
19.31	1.5931174269437673
19.32	1.813701210303372
19.33	2.399979023550608
19.34	3.497731734103947
19.35	2.7702657936446746
19.36	3.410350759987851
19.37	3.1134457618852034
19.38	4.966726476138526
19.39	4.8385291244330775
19.4	5.42566796547758
19.41	5.862916489602661
19.42	5.332708122394308
19.43	6.295291049198933
19.44	7.539353301538849
19.45	7.480367343678267
19.46	7.475699440926738
19.47	8.856866549676193
19.48	9.020557815961018
19.49	9.768168077725143
19.5	10.655878941606018
19.51	9.438881236104304
19.52	11.112305289592591
19.53	11.391995146675653
19.54	10.922377667761218
19.55	12.381503538046925
19.56	13.26231776145814
19.57	13.487589248176874
19.58	13.509552061987335
19.59	13.270836877463179
19.6	14.501213631267044
19.61	14.2287648656765
19.62	16.14356495457508
19.63	15.118575906564049
19.64	15.355873977613717
19.65	16.561460377487585
19.66	16.658774342614574
19.67	16.39199573598077
19.68	16.23769358566867
19.69	17.061860012817082
19.7	17.41356137585102
19.71	16.76385185849222
19.72	17.148337921051002
19.73	17.715132720511583
19.74	17.452550337431052
19.75	16.90815343162332
19.76	19.090611525536318
19.77	17.932593878065337
19.78	17.91867824021195
19.79	18.480975034085375
19.8	17.912240751884124
19.81	16.791164542030156
19.82	18.074940489534626
19.83	17.895728867862836
19.84	17.678470917829994
19.85	17.394488488095757
19.86	16.918051462298823
19.87	17.153695691004394
19.88	17.217631098718847
19.89	16.042683119717758
19.9	16.26830007624462
19.91	16.116587894427372
19.92	15.542304763160276
19.93	14.327087225247551
19.94	14.648172436509364
19.95	14.975495248130636
19.96	14.271890405645992
19.97	13.273083129497815
19.98	12.569041443791892
19.99	13.461951609034084
20.0	11.947843485764942
