10.01	2.440373197803805
10.02	2.883780538176983
10.03	2.550167025182298
10.04	2.9342301828916497
10.05	2.9619573553767555
10.06	2.7805178723967607
10.07	2.648168392419173
10.08	3.1207469782044663
10.09	2.900510758219044
10.1	2.9591140097842565
10.11	2.8063111967866736
10.12	2.5012226395464765
10.13	2.804620917969001
10.14	3.0264651644984077
10.15	3.3122972823033936
10.16	2.648131384377039
10.17	2.3015583327503433
10.18	2.359653744648192
10.19	2.3311101653449438
10.2	2.224635334526786
10.21	2.417158435643627
10.22	1.9849634715889644
10.23	2.523149417768303
10.24	2.098752619980688
10.25	2.23566700970815
10.26	1.8563086551863364
10.27	1.7259938935515997
10.28	1.7498179780986436
10.29	1.548081473914455
10.3	0.9482006046064303
10.31	1.3968893432236822
10.32	1.2207438696021558
10.33	0.7733909144423818
10.34	0.9292482908377032
10.35	1.0305969918080966
10.36	0.9406280392677665
10.37	0.6747262906191701
10.38	0.6161403346441177
10.39	0.975142633432766
10.4	0.5527210250223419
10.41	0.3691173227615491
10.42	0.4906567391495201
10.43	0.30559297209224456
10.44	-0.033515561500515115
10.45	0.2493581509603295
10.46	0.021323594576723587
10.47	0.08459221369599784
10.48	0.09248320450337313
10.49	-0.1049700529330458
10.5	-0.056548727248194534
10.51	0.5376937531772918
10.52	-0.28684527636696716
10.53	-0.3412655477591434
10.54	-0.16070872817749626
10.55	-0.07049343198636458
10.56	0.4922314056708961
10.57	-0.09968193294475683
10.58	0.1663972713836304
10.59	-0.03741888680192006
10.6	0.3354367150944641
10.61	0.08082149205417696
10.62	-0.09358283178776036
10.63	0.06003136727372764
10.64	0.2820350117746496
10.65	-0.233966477153057
10.66	0.256481787900521
10.67	0.31849603703351387
10.68	0.3550464779987873
10.69	0.3013697272708573
10.7	0.5545874858005073
10.71	0.2086459838379387
10.72	1.1553973733955987
10.73	0.28933976630836583
10.74	0.3475210169901831
10.75	0.9931840882566423
10.76	0.49414224954784475
10.77	0.8708175525858994
10.78	0.044938951243092995
10.79	0.621791464554953
10.8	0.6888954053777671
10.81	0.8561493893031883
10.82	0.5539552324161325
10.83	0.5594123284975125
10.84	0.5768791775146018
10.85	1.0808678927641895
10.86	1.5105760927917837
10.87	1.1142904953206394
10.88	0.8704083603775176
10.89	1.0223776642569278
10.9	0.7572124270516848
10.91	0.9496247479818505
10.92	1.2330307840931558
10.93	0.9902340958115542
10.94	0.9339079600841894
10.95	1.0198744199229608
10.96	0.6625216447187002
10.97	1.06305500476676
10.98	0.8134121336284286
10.99	1.2405717530909572
11.0	0.8376035856590537
11.01	0.9525745027157725
11.02	0.8412267211532202
11.03	0.7333293516590478
11.04	0.7317768038766633
11.05	0.9067192528274559
11.06	1.0549226314932958
11.07	1.1346685704924495
11.08	1.1376564480836104
11.09	0.7402299122354088
11.1	0.9289843546452978
11.11	0.944142807052163
11.12	0.496967353730101
11.13	1.1677992455583237
11.14	1.2848026665029544
11.15	0.8886848693735123
11.16	0.5031483624377155
11.17	1.160613530224758
11.18	0.6511597133946861
11.19	1.2236011571774108
11.2	1.09758758386358
11.21	0.8313247357829571
11.22	0.6859239893471757
11.23	1.0481386100128753
11.24	0.8494953371501004
11.25	0.9838140745925469
11.26	1.2873027563844615
11.27	1.3396277885478023
11.28	1.0509542725045662
11.29	1.0664689652812716
11.3	0.9915871624623497
11.31	1.697251107491032
11.32	1.1685504114806444
11.33	1.3760055581884154
11.34	1.7669293311902856
11.35	1.7496090427324322
11.36	1.8124556151700943
11.37	1.6665744591055025
11.38	1.3452746999335343
11.39	1.5919381469722333
11.4	1.65002595873181
11.41	1.644661796456922
11.42	1.851724874457959
11.43	1.4114007171540366
11.44	1.9289683275367904
11.45	2.030600476355639
11.46	2.021585036713107
11.47	1.8767236704329826
11.48	1.8156352232357658
11.49	2.054677052551667
11.5	2.561780022047241
11.51	2.2498988441542296
11.52	2.3238296984237423
11.53	2.5272856358191
11.54	2.359067698772709
11.55	2.29098075421009
11.56	2.2297071671110547
11.57	2.443382094785668
11.58	2.7090767792430137
11.59	2.4732177263309842
11.6	2.652162176166302
11.61	2.8647126053404235
11.62	2.5484734310131154
11.63	2.184792553026242
11.64	2.6348605298614816
11.65	2.4509272741823813
11.66	2.499610607176976
11.67	2.57049944589796
11.68	2.526161268259426
11.69	3.0145030814737686
11.7	2.7694707247024204
11.71	3.0720109033055376
11.72	2.8126119164810826
11.73	2.259956119281855
11.74	2.8109225440893875
11.75	2.7999037280598698
11.76	2.512093289058763
11.77	2.5040636266738705
11.78	2.8321066021965424
11.79	2.5067675085841383
11.8	2.5921373618107735
11.81	2.892534335741863
11.82	2.16010301432186
11.83	2.5585276545279636
11.84	2.28412070925915
11.85	2.1352790234031667
11.86	2.1679528901041527
11.87	2.2398427344541574
11.88	2.4484066850200272
11.89	2.281928825023886
11.9	2.0745064851529333
11.91	2.0616858956029276
11.92	2.4331875863784695
11.93	2.049653028223011
11.94	1.9532579893813335
11.95	2.1416180312776825
11.96	2.3947243206472164
11.97	2.250012488014943
11.98	2.647159817700561
11.99	2.2128838053204722
12.0	2.329036985213009
12.01	2.420219104434051
12.02	2.2901676633194863
12.03	2.2256518699857883
12.04	1.9554243572531014
12.05	2.2556226284598107
12.06	1.9359172634698874
12.07	2.2031002773260484
12.08	2.127282329866375
12.09	2.00723176556557
12.1	2.3530347087612697
12.11	2.2158427219402825
12.12	1.9117650519626266
12.13	2.654081292181199
12.14	1.5878577162460077
12.15	2.21162236319885
12.16	1.804915443216775
12.17	2.0046207820540625
12.18	2.1459721537512424
12.19	2.034354348971027
12.2	2.0343928118486163
12.21	1.647485923045839
12.22	2.3520185041032886
12.23	1.980676677692045
12.24	1.9740392595856906
12.25	1.9407277192212555
12.26	1.9778199132042054
12.27	1.4601930317807814
12.28	1.727010112472397
12.29	1.4951527085023442
12.3	1.968273218538066
12.31	1.8922204800595792
12.32	1.8301326674753406
12.33	1.6467562342108155
12.34	1.860456319208001
12.35	1.3995278811971528
12.36	2.2807086896117803
12.37	1.8344105746312898
12.38	1.7930394014785342
12.39	1.7013216249446532
12.4	1.8187663883038316
12.41	1.9624368254409845
12.42	1.1335113368203005
12.43	1.687695100641404
12.44	1.9574080028722576
12.45	1.7611844441272393
12.46	1.7997581533564375
12.47	1.62614954992682
12.48	1.7153088246283745
12.49	1.937734273117568
12.5	1.9922653938215409
12.51	2.3537145064347085
12.52	1.6752429914651323
12.53	1.520388999296111
12.54	1.6788634520146035
12.55	1.8812314337021143
12.56	2.2304332129232165
12.57	1.9891889928589042
12.58	2.3149519697930616
12.59	2.254704225560004
12.6	2.404143347006339
12.61	1.9907951542394287
12.62	2.2352315569338517
12.63	2.7037233680531982
12.64	2.0539550183073456
12.65	2.390632628048143
12.66	2.4755229953190043
12.67	2.776344380919854
12.68	3.007885219561431
12.69	3.0786382542825956
12.7	3.367368016824289
12.71	3.198838380192951
12.72	3.247027953131576
12.73	2.980082345585325
12.74	3.2511357968275405
12.75	3.0898679971617122
12.76	3.3226956640444993
12.77	3.5338572922244897
12.78	3.107167154726425
12.79	3.8296545826499755
12.8	3.7297752654780605
12.81	3.152864993549002
12.82	3.711225800818353
12.83	3.5444400788248256
12.84	3.800068202766471
12.85	3.8547249577702924
12.86	3.6511144039763725
12.87	3.57819679771302
12.88	3.384233309081269
12.89	3.328643347771093
12.9	3.321284993397573
12.91	3.954781257365298
12.92	3.777764010417648
12.93	3.6209370480626966
12.94	3.5421724031672532
12.95	3.5204714592703183
12.96	3.143059637753644
12.97	3.8267376046229873
12.98	3.375446413169934
12.99	3.5653924613910153
13.0	3.3135181017630213
13.01	3.2533119783384588
13.02	3.5474478455845757
13.03	2.7129964756105225
13.04	3.2347485187127103
13.05	3.6013439182015174
13.06	3.3480722313658076
13.07	3.2600220536559092
13.08	3.159988153298517
13.09	2.9175485053330887
13.1	3.0023718094403806
13.11	2.8988086107888327
13.12	2.935737025090943
13.13	3.2206504350965153
13.14	3.0071901757009107
13.15	2.8085995782807904
13.16	3.010116236519494
13.17	2.3919634933035074
13.18	2.7020625257677993
13.19	2.993550175975709
13.2	2.863025062230605
13.21	2.6589744607315478
13.22	2.3329734833611084
13.23	2.764413896980053
13.24	2.429851683364165
13.25	2.6956514627751504
13.26	2.3198712535507924
13.27	2.536075624048693
13.28	2.1617530130470533
13.29	2.42695015427434
13.3	2.496719598298524
13.31	2.4003512474050575
13.32	2.4456060340822505
13.33	2.5324359265462566
13.34	2.4125450775316666
13.35	2.4797825401056923
13.36	2.6267517698130605
13.37	2.098940250669637
13.38	2.3677659234766764
13.39	2.4272579350082686
13.4	2.333558903547351
13.41	2.2710282714265695
13.42	2.041354301898073
13.43	2.4660277729683946
13.44	2.281819135953529
13.45	2.255609580340051
13.46	2.2720470468996306
13.47	2.344393172688103
13.48	2.3638585404207615
13.49	2.7252827218800335
13.5	2.2143345193414077
13.51	2.39293494510743
13.52	2.2693048484399885
13.53	2.450773219816375
13.54	2.060185348265791
13.55	2.387039513660503
13.56	1.9222435131879978
13.57	2.631854337010595
13.58	2.205623539419569
13.59	2.3314421119328177
13.6	2.328851953135116
13.61	2.6297223152900657
13.62	2.5099784432303323
13.63	2.7629816415573947
13.64	2.276303002618207
13.65	2.8219259270634782
13.66	2.5743816624749014
13.67	2.2445701586462894
13.68	2.6942516429008623
13.69	2.810005961472617
13.7	2.5778519502514645
13.71	2.519183949141616
13.72	3.071577767903263
13.73	2.8107318300471076
13.74	2.8969896433482685
13.75	2.7364183041233545
13.76	2.6935984318626325
13.77	3.1252028481768694
13.78	2.7867031218116503
13.79	2.90526142901083
13.8	2.5293730737909756
13.81	2.7035600381178315
13.82	2.7091970406737107
13.83	2.747029261381532
13.84	2.895607524291183
13.85	3.0421425788453087
13.86	2.534700309581676
13.87	3.181931771042187
13.88	2.3375055980493564
13.89	2.1721476836449543
13.9	1.9905392188995443
13.91	2.7063571154028874
13.92	2.7011151181246555
13.93	2.5632440700456933
13.94	2.384039534676974
13.95	2.3130840821651564
13.96	2.2050335957430156
13.97	2.1977368075512462
13.98	1.8167631454235018
13.99	1.9365360532619622
14.0	1.9198102132644632
14.01	1.795404005868003
14.02	1.2464851984931478
14.03	1.6983081431226257
14.04	1.5723856686157558
14.05	1.4057353228479479
14.06	1.462291536172804
14.07	1.830424363221912
14.08	1.6977677799354454
14.09	1.3617937223306824
14.1	1.3308154161016084
14.11	1.529323158767549
14.12	1.3576957272464116
14.13	1.1541888662703692
14.14	1.3589083477349657
14.15	1.0997039654580512
14.16	1.2057978269792335
14.17	1.203020405052777
14.18	1.6154912494101925
14.19	1.4493817611728883
14.2	1.159040366454762
14.21	1.216718969572728
14.22	1.1474878390410588
14.23	1.1838097736614586
14.24	1.3659475857417562
14.25	1.8259638989358051
14.26	1.179821634066496
14.27	1.3038586795330147
14.28	1.7002248893814986
14.29	0.930677574199948
14.3	1.3739228708569944
14.31	1.263262357066025
14.32	1.0806188416618392
14.33	1.195343464475875
14.34	1.3807694727050475
14.35	1.246237799640026
14.36	1.5214359214693163
14.37	1.5310071616503238
14.38	1.1372256578101734
14.39	1.3393237572891483
14.4	1.6063439378662714
14.41	1.3317392204666314
14.42	1.6042473007847204
14.43	1.4671869640363977
14.44	1.7208234335599237
14.45	1.4008426335154596
14.46	1.9449036284343628
14.47	1.0199812722375072
14.48	1.6556748662142817
14.49	1.3053101557137856
14.5	1.2008464545664195
14.51	1.137094899435068
14.52	1.6483950859619454
14.53	2.0582662112409116
14.54	1.9072446592092849
14.55	1.7058599930653304
14.56	1.2491407761062798
14.57	1.6183035047913732
14.58	1.7672037145234412
14.59	2.148359244892713
14.6	1.8121729592786018
14.61	1.6912716781363488
14.62	1.6684997490725682
14.63	1.4746351780816516
14.64	1.9482633010706345
14.65	1.9248064477564741
14.66	1.8022499153968419
14.67	2.1033396722435196
14.68	1.3194361771121252
14.69	2.02210611899308
14.7	1.847801469132017
14.71	1.9158484730673015
14.72	1.9447531902506805
14.73	2.5463934880483996
14.74	2.3106612772408033
14.75	2.040818183723979
14.76	2.2654910965814095
14.77	2.152835813656681
14.78	2.1323422640826273
14.79	2.5090558885881973
14.8	1.9624378027594973
14.81	2.400364333714747
14.82	2.7705839801824546
14.83	2.759542791348952
14.84	2.2921454303303923
14.85	2.4823707078180717
14.86	2.6363876057569144
14.87	2.210366630962894
14.88	2.240180810384503
14.89	2.197537378636829
14.9	2.2720072369528204
14.91	2.1029626137219615
14.92	1.9405922521453585
14.93	2.6468369893128436
14.94	2.3007295545959434
14.95	2.01221135910582
14.96	2.6657764524712912
14.97	2.064288246946807
14.98	2.1260937127901607
14.99	2.0955643222220153
15.0	1.5059188996580226
15.01	1.4743424715160014
15.02	1.6588080075290523
15.03	1.5754353173540303
15.04	1.7253792674484363
15.05	1.6153550731239124
15.06	1.9865036974835242
15.07	1.5358083549869612
15.08	1.5719204137279073
15.09	1.6743274652142321
15.1	1.4329029696008198
15.11	1.4978656043850238
15.12	1.5197690354577131
15.13	1.5151082918293743
15.14	1.4386349514358887
15.15	1.3278054737541611
15.16	1.4149167004302032
15.17	1.5091203743231838
15.18	1.0314933541496087
15.19	1.1941574109663937
15.2	1.1304034917197332
15.21	1.557632383637906
15.22	0.8027331376704496
15.23	1.3241094425363964
15.24	1.160580424365071
15.25	0.9023104161661314
15.26	1.5535100067419536
15.27	0.9501220080865779
15.28	1.4360061013390715
15.29	0.969466989938793
15.3	0.9882203813809901
15.31	1.1280360105339757
15.32	1.1492539943890485
15.33	1.423453876063361
15.34	1.2253979942173747
15.35	1.2459879819696487
15.36	1.0954835731484391
15.37	0.9866192621370826
15.38	1.1610951607750342
15.39	1.0394023889385435
15.4	1.2328974217453443
15.41	0.5989352396224057
15.42	1.3037908784285692
15.43	0.7892287909591557
15.44	0.7720790947236704
15.45	1.2024042569109223
15.46	1.2699024036198143
15.47	1.2161056088547022
15.48	1.2823461016770363
15.49	0.2638128540023218
15.5	0.4103853351782901
15.51	1.0018162969989588
15.52	1.324702905883794
15.53	0.9377679873859199
15.54	0.5019504153710432
15.55	0.6781696152248444
15.56	1.1740359472737616
15.57	0.8946650800325551
15.58	0.8871267987114989
15.59	0.9698782951831191
15.6	0.9501322155191022
15.61	0.5641394376305259
15.62	0.9794971072575118
15.63	1.0918224682693647
15.64	1.146027771490774
15.65	1.4187722179687774
15.66	1.1549091402174834
15.67	1.0285068575483776
15.68	0.6916259606514178
15.69	1.1749403518867352
15.7	1.1180875548260438
15.71	1.701866565526263
15.72	1.4016285595269036
15.73	1.379745273074244
15.74	1.0522565228619956
15.75	1.5881422702998593
15.76	1.260734702234918
15.77	1.554228472372622
15.78	1.1451655213413865
15.79	1.09602380388672
15.8	1.8904987923419831
15.81	1.6819577559786205
15.82	1.4210285248621153
15.83	2.009794474890589
15.84	1.3450055691766607
15.85	2.1147098655561933
15.86	1.7452400709823503
15.87	1.7260299308135594
15.88	1.7237480609116014
15.89	2.2221809949915765
15.9	1.6227708018917244
15.91	1.771787316443209
15.92	1.6580897656729514
15.93	2.336081893111023
15.94	1.5867980494345892
15.95	1.606149119287555
15.96	1.5160547760434413
15.97	2.0564479774319375
15.98	1.9966790070598819
15.99	1.7900555702637193
16.0	2.31276921552133
16.01	2.0640279250019673
16.02	1.9701949634278035
16.03	1.6421217514228357
16.04	1.5029535299010501
16.05	1.8570669507688384
16.06	1.877941725770601
16.07	1.814468399476859
16.08	1.6225201146716417
16.09	1.940566105829126
16.1	1.433113651261869
16.11	1.7308109638693534
16.12	1.694232783207577
16.13	1.6188179446968018
16.14	1.70253901663131
16.15	1.3982734279125026
16.16	1.4172974546731214
16.17	1.5780060226281716
16.18	1.4579165284311137
16.19	1.1100072957264029
16.2	1.9062290884424564
16.21	1.4093813407946276
16.22	1.828807343360077
16.23	1.720633325153329
16.24	1.564292632520913
16.25	1.4320813625099875
16.26	1.3740719217406558
16.27	1.4482090946928101
16.28	1.5564820139937774
16.29	1.0040277476870136
16.3	1.4357121891739195
16.31	1.2805827895953472
16.32	1.4948359168943723
16.33	1.4748032328018883
16.34	1.878618367581951
16.35	1.7151021760237173
16.36	1.5515125147072608
16.37	1.5170045363903564
16.38	1.1916931169684408
16.39	1.423253996835479
16.4	1.7153720120339933
16.41	1.1895547186559894
16.42	1.7939410500224209
16.43	1.450177868362765
16.44	1.2169402490618193
16.45	1.1807818326324575
16.46	1.3361228403342689
16.47	1.3395041966993897
16.48	1.201007572318439
16.49	1.1309399878772246
16.5	1.0954345113066573
16.51	1.3502883269115866
16.52	1.511498647015448
16.53	1.1081325679054077
16.54	1.0913569438567574
16.55	1.6541610194340617
16.56	1.6619539530236218
16.57	1.8299060502500648
16.58	1.1766807836869742
16.59	1.269552178536138
16.6	1.2893268680097931
16.61	1.3036104062716316
16.62	1.1906989188824986
16.63	1.4275513620264175
16.64	1.2252371600621323
16.65	2.126176431284994
16.66	1.200312259937688
16.67	1.0968040890583406
16.68	1.2800953733866078
16.69	1.2811242314654543
16.7	1.733199031878731
16.71	1.3163729482404596
16.72	1.2114427172011497
16.73	1.5727920936834545
16.74	1.5263032130376981
16.75	1.1714569143313265
16.76	1.0063291640686325
16.77	1.3780409899324975
16.78	1.3628737398362523
16.79	1.53347022972177
16.8	1.232247179654699
16.81	1.2883685908560947
16.82	1.3417440685362592
16.83	1.3578668454028235
16.84	0.9566464850437275
16.85	0.9198584967614677
16.86	1.4556005121886966
16.87	1.0750260110171173
16.88	1.1233866778768633
16.89	1.4250690039709648
16.9	1.4705180108824294
16.91	1.3418577893844201
16.92	1.4725392389892522
16.93	1.5503094013797405
16.94	1.041412897117474
16.95	1.50425003071299
16.96	1.4507286847182832
16.97	1.451920114027683
16.98	1.9084319275790018
16.99	1.6174256537150609
17.0	1.4547898680344964
17.01	1.9478185985659806
17.02	1.9268094907209257
17.03	1.6055855030775452
17.04	1.976122180364786
17.05	1.3509441813459313
17.06	1.5534621405911366
17.07	1.6302920778681538
17.08	1.6893807227972508
17.09	1.585713635695035
17.1	1.6320193199862851
17.11	1.5610219306229949
17.12	1.6840095985873642
17.13	1.7935537178832917
17.14	1.3926395055533303
17.15	1.5969402154785552
17.16	1.468704115101942
17.17	2.2717358147495843
17.18	2.0752440261483347
17.19	2.1642364550467965
17.2	2.112237481653691
17.21	2.378403081203239
17.22	1.9707790304010047
17.23	2.4393963144819946
17.24	2.29499497291223
17.25	2.4188922248727422
17.26	2.2816900799357454
17.27	2.305994234974092
17.28	2.238733886839057
17.29	2.4060616494698897
17.3	2.2126194303958475
17.31	2.4094265534137675
17.32	2.3200828829746016
17.33	2.3271779599136484
17.34	2.357862896307766
17.35	2.28399587997905
17.36	2.2417330246866056
17.37	2.5923574895766373
17.38	2.8643107617636403
17.39	2.8752691389102143
17.4	2.4748074454143407
17.41	2.8379290675456317
17.42	2.7190352061920677
17.43	2.6077836211033674
17.44	2.9541178324104584
17.45	3.193408297899784
17.46	3.0730215043740303
17.47	3.0984758743001604
17.48	3.157351873856504
17.49	3.1295475225648937
17.5	3.111369121370399
17.51	3.0880335390499116
17.52	2.9186628824071756
17.53	3.3885504786112706
17.54	3.3437364639543192
17.55	3.6833607981331213
17.56	3.0623276281060052
17.57	3.686321490272567
17.58	3.5858417492742816
17.59	3.3625126461763175
17.6	3.172302986198675
17.61	3.468124364155003
17.62	3.3960936160823
17.63	3.352483599706918
17.64	3.7601997245285816
17.65	3.7535861260684795
17.66	3.9529213939616263
17.67	3.6728039562877783
17.68	3.720140994483194
17.69	3.775990665459984
17.7	3.9895395434173437
17.71	3.9719021076792624
17.72	3.733423035709961
17.73	3.9357595287778953
17.74	3.759773954601457
17.75	3.875382157704209
17.76	3.842824652282308
17.77	3.9795083030463676
17.78	4.149395625053975
17.79	3.597624346841046
17.8	3.3877720625613805
17.81	4.210602197011324
17.82	3.7444877236182124
17.83	3.7006976795508537
17.84	3.737525268226704
17.85	4.388031592057461
17.86	4.096118905782041
17.87	4.194759038288306
17.88	4.180865613544939
17.89	3.958102091282436
17.9	4.628892866696796
17.91	4.189872243506352
17.92	4.487862972685651
17.93	4.7516221784054125
17.94	4.2527716791110795
17.95	4.457940492453399
17.96	4.507384464423612
17.97	4.508878433282552
17.98	4.486924963001945
17.99	4.367050171875589
18.0	4.471446420893451
18.01	4.631177780404776
18.02	5.080739255779347
18.03	4.703222499592318
18.04	4.355066803847277
18.05	4.582282375845229
18.06	5.205193040042879
18.07	4.806480908352009
18.08	4.713725105200093
18.09	4.5563707345216224
18.1	4.9563567717479495
18.11	4.383287167446594
18.12	5.2252865784285385
18.13	4.854206514852084
18.14	4.9654890561906155
18.15	4.916717123146483
18.16	4.844166636448908
18.17	4.316267620871101
18.18	4.886279005924755
18.19	4.695344192462182
18.2	4.429757593950835
18.21	4.7297055100986265
18.22	4.488143028893472
18.23	4.57583951726654
18.24	4.340268022387673
18.25	4.060614538074663
18.26	4.545380317147028
18.27	4.127497885625107
18.28	4.15773875966737
18.29	3.7645989465254845
18.3	4.239868926880737
18.31	3.957507018491112
18.32	3.7091369249366997
18.33	3.7777357696850298
18.34	4.036727719312471
18.35	4.075225925671148
18.36	3.961322527285039
18.37	3.8922215999419736
18.38	3.877290750955345
18.39	3.5730030238522263
18.4	3.725898565845789
18.41	3.271452714975389
18.42	3.5858529322690043
18.43	3.3780457240698905
18.44	3.513464124084712
18.45	3.103197236812547
18.46	3.5866574401227345
18.47	3.3265130922994888
18.48	3.3713581560424255
18.49	3.503736980339927
18.5	3.224687702267617
18.51	3.4954506241955263
18.52	3.2319301376786247
18.53	3.2960462341344052
18.54	2.868795726012713
18.55	3.2377423338629536
18.56	2.835836891047863
18.57	3.3763591391352397
18.58	2.673778099809701
18.59	3.2486853581482213
18.6	3.0029934336853445
18.61	3.1741766239850597
18.62	2.755408470371048
18.63	2.9022218697796722
18.64	2.5807086985961676
18.65	2.6395079226833356
18.66	2.410897866592491
18.67	2.5977689298877715
18.68	2.6062316059748687
18.69	2.8156676740589375
18.7	3.1660037297571417
18.71	2.2496357609484248
18.72	2.437488562888562
18.73	2.3451565264504852
18.74	2.2489424693119013
18.75	2.412847231385275
18.76	2.3786101895053444
18.77	2.673712083547872
18.78	2.505453435898437
18.79	2.8832470701144794
18.8	2.375726243499802
18.81	2.4696941847007756
18.82	2.6788057253960966
18.83	2.760143034486632
18.84	2.781793491029297
18.85	2.2557112426330286
18.86	2.5972721242170813
18.87	2.825027829177614
18.88	2.5586144221978393
18.89	2.58522136842028
18.9	2.654758521619348
18.91	2.7044815683007446
18.92	2.442290839001676
18.93	2.567261017699235
18.94	2.448695703265223
18.95	2.91914201414042
18.96	2.5622899726103316
18.97	2.243192371433739
18.98	2.265514896741325
18.99	2.55392085212564
19.0	2.693796569441065
19.01	2.5550618865008454
19.02	2.4868145088537315
19.03	3.1872594546328794
19.04	2.974370883054013
19.05	2.9843956023116407
19.06	2.992169359673796
19.07	2.605184660244832
19.08	2.3136817173449873
19.09	2.5247088099996695
19.1	2.2795519034120715
19.11	3.076403031690569
19.12	3.178592519289266
19.13	2.686935290383907
19.14	2.503065386087461
19.15	2.9477139559206362
19.16	2.517619737023823
19.17	2.6700627945832762
19.18	2.420151020271034
19.19	2.32924310418918
19.2	2.3397663871906853
19.21	2.9185758143727436
19.22	2.9002138788649328
19.23	2.522841161888766
19.24	2.5549474211325176
19.25	2.5242277498625834
19.26	2.6574827858316286
19.27	2.8311230866637778
19.28	2.491157297556597
19.29	2.6788493345254345
19.3	2.561430034790103
19.31	2.4215323987375412
19.32	2.546921012643732
19.33	2.5716642361625377
19.34	2.6249097381888418
19.35	2.7676887624050526
19.36	2.419757368164594
19.37	2.763318281833663
19.38	1.9047140805547262
19.39	2.4124471499609648
19.4	2.7654659390513916
19.41	2.4999704161952567
19.42	2.5551521758985842
19.43	2.8259122075624368
19.44	3.2330033998427687
19.45	2.50339023718782
19.46	2.623055919550443
19.47	2.4030891529701597
19.48	2.990051729515362
19.49	3.4026384888473107
19.5	2.698178673107047
19.51	3.0230995614588214
19.52	2.8968141378875645
19.53	3.3315507575641337
19.54	2.9676840802460234
19.55	3.3365683276700357
19.56	3.474034896106028
19.57	3.2851139345899694
19.58	3.4638069700208716
19.59	3.1558092298349263
19.6	3.4684681865170077
19.61	3.2400879805583536
19.62	3.5382673874650874
19.63	3.58716866855529
19.64	3.3128085465487658
19.65	2.833290363853698
19.66	3.517378460845263
19.67	3.9351067401435404
19.68	3.4206237395612837
19.69	3.2101097925762576
19.7	3.6482950977908644
19.71	3.476466591058954
19.72	3.7195032976071345
19.73	3.5603083316215596
19.74	3.81856274076414
19.75	4.075595552563522
19.76	3.5905417063924236
19.77	3.83469259231474
19.78	3.5567358103811637
19.79	3.5860839860814475
19.8	3.692958792281172
19.81	3.6241428426026605
19.82	3.210105859881108
19.83	3.699570399965718
19.84	3.5155414744218234
19.85	3.233493496935714
19.86	3.565662111350556
19.87	3.3271946122642806
19.88	3.290685104454806
19.89	3.293878088539085
19.9	3.394679434469124
19.91	3.4797927321652407
19.92	3.5923412889981825
19.93	3.494982606193503
19.94	3.194714215644416
19.95	3.225300247678941
19.96	3.5823704194917334
19.97	3.6466716623243536
19.98	3.8814395696689425
19.99	3.345126377246438
20.0	3.2570191315467203
