10.01	29.25109522068309
10.02	28.48652114176997
10.03	29.32127027511237
10.04	26.469794498958244
10.05	29.301423737432703
10.06	29.091006650431503
10.07	25.70367761483253
10.08	27.924561287320195
10.09	27.403939729434022
10.1	25.014089771075234
10.11	22.72150564203571
10.12	24.044841554789375
10.13	21.71104627949082
10.14	23.617781977910774
10.15	22.28778833171636
10.16	19.55968747813954
10.17	21.217083975881813
10.18	19.96406583515259
10.19	18.017187656128435
10.2	18.99053177726666
10.21	15.848114209945434
10.22	14.827224391088379
10.23	15.824685651646524
10.24	13.069751699091992
10.25	11.921559469150385
10.26	13.900708713933577
10.27	12.53799335144114
10.28	12.008228959660173
10.29	11.601773491866666
10.3	9.588496062423992
10.31	10.185400326241023
10.32	8.619025896765047
10.33	6.706929308985766
10.34	9.981491942775214
10.35	9.693596054841858
10.36	7.950229063247187
10.37	7.654042067394766
10.38	6.100957068139881
10.39	3.99795888375364
10.4	6.338438980860923
10.41	5.1640096971246585
10.42	5.601118998533799
10.43	3.8069088732421212
10.44	4.795249960719767
10.45	2.4465438783942273
10.46	1.645298059392431
10.47	3.769395669765557
10.48	4.821379877659123
10.49	2.2343741868076252
10.5	4.437760674746197
10.51	1.9290821108751275
10.52	4.595714660981696
10.53	3.7037871030175666
10.54	4.634130899173561
10.55	3.469698437622073
10.56	4.861948715190316
10.57	3.3636844274918825
10.58	6.751994721843716
10.59	4.473430047850534
10.6	4.09814750048128
10.61	3.8360866793757467
10.62	6.594064688030459
10.63	4.624865014466206
10.64	4.326847840150724
10.65	4.5014707343760545
10.66	4.616412030588719
10.67	4.679159346801082
10.68	6.608660641498659
10.69	7.376723766185219
10.7	7.053057003602743
10.71	8.364310407191942
10.72	10.712374680211953
10.73	9.335687704408615
10.74	13.08083059903188
10.75	13.09276122747679
10.76	14.065661523668794
10.77	12.61854279782323
10.78	13.504103256650536
10.79	16.32525819056444
10.8	15.396886119625938
10.81	17.859946719251223
10.82	18.79702915966241
10.83	17.789407162750962
10.84	18.691538726939047
10.85	18.237435441357658
10.86	24.767153946806864
10.87	20.513556319254516
10.88	21.972124723870284
10.89	24.036132014982694
10.9	23.61176925228883
10.91	26.307993076094693
10.92	25.005617478602264
10.93	25.882426781286583
10.94	28.270639978635767
10.95	25.514587503526897
10.96	25.6960133178085
10.97	27.166924411093127
10.98	30.00821032985037
10.99	28.68771296982539
11.0	30.246686105535726
11.01	26.983186729327535
11.02	30.372793130720396
11.03	28.27999405103726
11.04	29.686822206825962
11.05	30.11671424471956
11.06	30.422407766497585
11.07	30.28104807199929
11.08	30.469667155190663
11.09	34.47226970401996
11.1	30.875638707408914
11.11	32.756876576712706
11.12	30.638379988216904
11.13	27.779750792110235
11.14	30.648308445439227
11.15	31.232725845907908
11.16	30.150037858577985
11.17	30.940347148133185
11.18	29.76937896974763
11.19	30.332541641688575
11.2	28.198451132224132
11.21	28.954643950733285
11.22	27.851359057393854
11.23	28.488121976762482
11.24	24.601941085473968
11.25	24.95866361160455
11.26	26.858305222723967
11.27	26.03713662052958
11.28	26.6653443253195
11.29	26.919541036190857
11.3	25.989877292745206
11.31	26.14972155827705
11.32	23.919922095410694
11.33	23.12488678116741
11.34	19.576898114562237
11.35	20.026917928226386
11.36	20.463593995342464
11.37	19.419195522403307
11.38	19.864986330096308
11.39	16.931681333913243
11.4	19.13481243363679
11.41	15.176101185976693
11.42	14.434846187790312
11.43	15.593186766493385
11.44	14.28671358212167
11.45	10.846139152350588
11.46	11.739521161013933
11.47	9.915702618352162
11.48	11.259466061404218
11.49	11.716088980867152
11.5	9.388434793393715
11.51	9.658932232324899
11.52	7.428152607356173
11.53	9.4377327325348
11.54	6.303267519984553
11.55	5.721573787879944
11.56	7.037594349681979
11.57	4.36077488881047
11.58	6.690789053314969
11.59	5.33432450901525
11.6	4.209528124232464
11.61	3.420579903862891
11.62	4.434977760419067
11.63	2.6411634760019758
11.64	5.084718690792937
11.65	2.4111824309526195
11.66	1.9134258707938319
11.67	3.0293045771070193
11.68	1.9669711139518293
11.69	2.349117898368996
11.7	1.121276264992638
11.71	-0.1558235201739817
11.72	0.23745061978657278
11.73	0.9822288630019358
11.74	-0.24113176673202585
11.75	0.2753406398909526
11.76	-1.407157101677095
11.77	1.295585953506514
11.78	3.8222654682637276
11.79	1.0198848833255287
11.8	-0.04256838892449444
11.81	0.23010533541600542
11.82	0.9552174301171712
11.83	-0.6474912795681069
11.84	3.693426002541699
11.85	3.3136530700495284
11.86	1.3307712386239312
11.87	-0.62453428051306
11.88	1.1935409301787392
11.89	1.311633395483322
11.9	2.878622477187116
11.91	1.5060161839372577
11.92	1.8490363861876924
11.93	3.522751056488229
11.94	2.913186087467672
11.95	1.610330553258504
11.96	4.315537324336746
11.97	2.871254461766517
11.98	4.365097435833436
11.99	4.514801273495808
12.0	3.408066600378726
12.01	3.5425658168860727
12.02	8.340147425222764
12.03	4.751655141841006
12.04	7.829086668159823
12.05	5.3876029668353125
12.06	9.309805527435302
12.07	10.045535470579063
12.08	8.543764171532905
12.09	10.161118467518163
12.1	11.810324669119522
12.11	10.751334954229902
12.12	13.873296977657773
12.13	15.419993464150616
12.14	11.790136050337543
12.15	13.985113507817946
12.16	15.144401149585786
12.17	15.608181908599041
12.18	17.26542323307472
12.19	18.31318635345591
12.2	19.37256225311651
12.21	18.06974767245724
12.22	19.667591165010446
12.23	18.210196931100675
12.24	19.314320721173655
12.25	22.45202222004181
12.26	22.35061302781487
12.27	22.62589664050178
12.28	23.079140092956262
12.29	25.43987802177712
12.3	23.00335061636179
12.31	22.771909000309645
12.32	27.947910422484966
12.33	27.645047260760645
12.34	29.00103086940755
12.35	26.139454290228386
12.36	24.75575208502186
12.37	27.956919714053342
12.38	27.27013469170619
12.39	26.91754498163348
12.4	28.04902687560997
12.41	27.160231768220523
12.42	28.577911555415387
12.43	28.45316303647708
12.44	32.36348325109908
12.45	28.838430992046025
12.46	29.71809799674729
12.47	28.47252716107914
12.48	28.707378037429887
12.49	30.113075227508006
12.5	31.456263007595812
12.51	29.42201398817504
12.52	31.88030678903907
12.53	27.62973151810852
12.54	33.727870691517694
12.55	27.41002729975677
12.56	29.56888034478287
12.57	28.371519689440593
12.58	33.14730760516646
12.59	30.936047368189048
12.6	29.385049832303565
12.61	29.693689984796443
12.62	29.92658974255586
12.63	28.721819332471984
12.64	32.831866545800395
12.65	31.803427565761638
12.66	30.68340134101878
12.67	32.096404264463764
12.68	28.31492630398832
12.69	26.27466624768075
12.7	27.00744377569862
12.71	28.480983712280782
12.72	27.976055605494572
12.73	26.898230522759718
12.74	25.728180199689042
12.75	24.907919422280397
12.76	25.04175815854617
12.77	26.44233156020412
12.78	25.8149713046484
12.79	26.143228520894905
12.8	25.332344369450805
12.81	22.620643946300106
12.82	23.877474265980872
12.83	22.063485069616515
12.84	20.60721223460302
12.85	17.501968729658344
12.86	22.59028606565158
12.87	22.622446319187503
12.88	20.752450841148743
12.89	19.80243383985274
12.9	17.73667008537998
12.91	15.69798298041486
12.92	15.775364828495984
12.93	17.646881678481783
12.94	15.221504875256084
12.95	12.472952165652991
12.96	11.48371814199279
12.97	12.613725124859716
12.98	11.225527416436584
12.99	12.749170823408923
13.0	10.125747677841687
13.01	11.668250963851186
13.02	11.927528125431191
13.03	11.55502401478723
13.04	8.961576526573335
13.05	11.009566165846676
13.06	7.065505423151728
13.07	7.646149259755832
13.08	5.061106162852839
13.09	6.0790224240572135
13.1	9.045286031187846
13.11	6.977965390794487
13.12	5.725204714663258
13.13	5.834885877564725
13.14	5.199287788564057
13.15	5.116578209720561
13.16	4.779589207068035
13.17	4.792731259911594
13.18	5.142460566881706
13.19	5.643168186541987
13.2	5.422547201637094
13.21	3.747715215491405
13.22	5.968119696173349
13.23	3.962278945422452
13.24	2.6674352281496834
13.25	5.725790877798614
13.26	5.6561909490004965
13.27	1.314411214081674
13.28	4.7520099707509615
13.29	4.7135042882958125
13.3	8.46095865197515
13.31	4.3318828627645996
13.32	6.546209442786551
13.33	2.510413058907808
13.34	3.630600164521464
13.35	1.561983396702331
13.36	4.541649963679573
13.37	3.7152696304567647
13.38	4.55771732067913
13.39	5.611333165178572
13.4	5.290223088535113
13.41	3.344804239174119
13.42	4.6242028511744016
13.43	5.500259491243895
13.44	6.7160480407638605
13.45	6.493095773342111
13.46	4.2863771917725035
13.47	5.704581166669737
13.48	6.538135477139318
13.49	10.504436686511863
13.5	12.739101679346971
13.51	8.62472411830214
13.52	7.59978732104091
13.53	10.76971854894645
13.54	9.486222993336343
13.55	9.940068386435412
13.56	11.321519496176043
13.57	11.35070597784292
13.58	13.28730215727412
13.59	13.317832057587694
13.6	15.17051366814601
13.61	14.092431710468416
13.62	13.170523381945724
13.63	16.2729059030606
13.64	14.618126062621087
13.65	16.96152156054605
13.66	15.584471556138256
13.67	18.375981534042477
13.68	15.76966085950255
13.69	17.880969170356686
13.7	20.06354824023963
13.71	22.34039862316371
13.72	19.824981175986757
13.73	23.826791391072724
13.74	21.537915625839545
13.75	20.399895789798006
13.76	24.06417985612726
13.77	22.073212356857734
13.78	24.06037916081483
13.79	22.16918465321077
13.8	25.358687745395336
13.81	25.30122412500438
13.82	28.43428667405491
13.83	21.743840871927084
13.84	26.61936588212926
13.85	26.754270072730908
13.86	24.11960160816736
13.87	23.161117197735813
13.88	26.95999799490476
13.89	26.938936419657164
13.9	23.335268204187976
13.91	24.15407812916603
13.92	26.345732771878954
13.93	27.69828955569681
13.94	27.892536222978435
13.95	25.231598016923318
13.96	25.849009671548668
13.97	26.514490193161524
13.98	27.177052362921398
13.99	23.686883183245733
14.0	25.566012252563418
14.01	24.074417311862067
14.02	26.017622628462004
14.03	25.967332175549767
14.04	25.254289516114795
14.05	25.949977768734787
14.06	27.326018786491503
14.07	21.701901933217783
14.08	25.928783218615514
14.09	23.42815026316207
14.1	26.69456014199184
14.11	25.141829134643785
14.12	24.98347074300878
14.13	26.91533901344852
14.14	24.627753207730983
14.15	23.982422596004408
14.16	23.337983207821505
14.17	23.215823474856695
14.18	21.989924024423324
14.19	24.505356660985516
14.2	21.07942293497904
14.21	22.31826414577551
14.22	20.865325408299235
14.23	19.719826163807742
14.24	20.59536482736433
14.25	19.645956848668316
14.26	19.536055642330393
14.27	17.79697236489762
14.28	17.202550192350408
14.29	16.487563519283096
14.3	15.540499094744417
14.31	15.799115051616349
14.32	16.3788418315488
14.33	16.098512253570227
14.34	13.731591937529691
14.35	15.718725050411516
14.36	13.805661768768863
14.37	12.452013779525597
14.38	7.514740037630596
14.39	10.065175348477824
14.4	9.12109582799733
14.41	7.458545652045772
14.42	6.919385123299487
14.43	9.148699536868117
14.44	6.2195811729668495
14.45	7.8158383885862746
14.46	5.663907757313857
14.47	6.595678409073678
14.48	4.04972643919535
14.49	5.962295968720266
14.5	5.678056641117967
14.51	6.150427986054596
14.52	5.484333673472721
14.53	4.148166721208385
14.54	3.0559085159534414
14.55	2.6390130849952675
14.56	1.017640710669785
14.57	2.88215168665054
14.58	0.458342450599287
14.59	1.6858096664274826
14.6	1.221534879276837
14.61	2.269493593058657
14.62	0.7209189416527477
14.63	0.951211386746575
14.64	-0.5199182899087853
14.65	-0.31465843617179057
14.66	-1.344614469552079
14.67	1.9352728840474085
14.68	1.2945202277504257
14.69	1.4190543008782668
14.7	1.2962036550213427
14.71	1.3455994768054842
14.72	2.5406784652233005
14.73	0.9610283726636151
14.74	2.391646294181639
14.75	3.346057871315675
14.76	3.7771900948215995
14.77	-0.7749935803459098
14.78	1.2306841329801355
14.79	2.1316282695565785
14.8	5.107319328071273
14.81	4.963753330448733
14.82	3.1801168456327633
14.83	5.071337905714809
14.84	4.402586506090768
14.85	7.045924521458598
14.86	3.590165281117288
14.87	5.618075126737747
14.88	7.590367275620429
14.89	7.441377972026243
14.9	7.199207350144643
14.91	8.88550395834556
14.92	10.234661194144064
14.93	12.218198053778472
14.94	9.952221939277585
14.95	10.828932200615643
14.96	13.088635283427374
14.97	14.355892792267143
14.98	13.01093824546132
14.99	16.05463078925899
15.0	17.099023426510144
15.01	16.409617987937782
15.02	14.479394024352956
15.03	22.045399762373822
15.04	16.05154379435365
15.05	19.272414068316213
15.06	19.798044758238728
15.07	23.433905836323216
15.08	20.21155547245835
15.09	21.19749518790734
15.1	23.346986380265164
15.11	23.418944021141936
15.12	24.73537833185896
15.13	24.55981219546887
15.14	24.544371259272527
15.15	26.145516930812775
15.16	25.1541812315931
15.17	26.925898004782717
15.18	26.833078686433836
15.19	26.900266694528632
15.2	28.188634504104762
15.21	25.477801820764633
15.22	27.549903763347746
15.23	28.367839533511773
15.24	23.329950660835877
15.25	27.08769499850939
15.26	28.23489203892251
15.27	25.394719938168762
15.28	27.00457725654043
15.29	30.191447663385695
15.3	25.16432755433069
15.31	28.193348092471513
15.32	24.73771993253883
15.33	25.6773063014464
15.34	27.13812025248396
15.35	24.00592638151425
15.36	24.329363340432064
15.37	25.03338259857045
15.38	27.40566343056897
15.39	27.016532110057245
15.4	26.009766325061783
15.41	25.849647406928266
15.42	27.13021328247727
15.43	24.092514810484552
15.44	24.634839994550642
15.45	24.311574736624088
15.46	24.544923023513185
15.47	25.067940761320546
15.48	24.874178082742525
15.49	22.521048659324837
15.5	22.72626008117041
15.51	22.110811948193362
15.52	22.25614976050809
15.53	21.102665649406568
15.54	20.337388198020445
15.55	15.84141518259656
15.56	18.667559777864714
15.57	17.92413276050788
15.58	16.67810012037779
15.59	18.788281252514153
15.6	13.736977387714454
15.61	13.221785036157275
15.62	11.066774054166665
15.63	12.922498925670846
15.64	15.398523262204495
15.65	10.560075018380104
15.66	8.925364662762263
15.67	10.452354165242102
15.68	11.457835779217486
15.69	9.725065479178845
15.7	5.351918937485779
15.71	6.184472018752512
15.72	7.408478143629359
15.73	4.607953471337642
15.74	4.9229478959706965
15.75	7.094985092020366
15.76	4.600059589159376
15.77	3.913400232023041
15.78	4.537934889427664
15.79	2.7508262172082074
15.8	1.4298929830646245
15.81	1.4723784552653394
15.82	-0.6891973869729568
15.83	3.2285961675246435
15.84	1.5573616068203169
15.85	5.016916628652962
15.86	-0.7389872627403908
15.87	1.379921882479926
15.88	0.13743919841903818
15.89	1.2542483199177918
15.9	-2.4051771043796055
15.91	-0.24093086617335047
15.92	0.5554852161687518
15.93	-3.0378980580110464
15.94	-0.8827546282070372
15.95	1.7573729271914327
15.96	0.5230547956959094
15.97	0.20753043660878845
15.98	-0.7226796927574154
15.99	-2.0485828376264132
16.0	-0.15624839497423482
16.01	1.3204894110130672
16.02	-2.279980720298468
16.03	0.023833913320481237
16.04	1.1112968068598934
16.05	2.8033298061532075
16.06	0.4210421329967904
16.07	3.255489673543141
16.08	4.083270450803554
16.09	6.433286786138908
16.1	5.003347216091708
16.11	5.942581911973367
16.12	3.555848762071012
16.13	5.754418846869318
16.14	8.668640915521083
16.15	9.170412542837733
16.16	7.2638579175823565
16.17	7.823536771171034
16.18	10.884999015837696
16.19	10.472422322094067
16.2	12.240699745060178
16.21	10.739308926803524
16.22	12.879622238944613
16.23	15.176559421127926
16.24	16.19693921944316
16.25	16.154267366874745
16.26	16.866234620125216
16.27	15.849490395849166
16.28	15.85196575877822
16.29	20.94928877233086
16.3	19.990733466947944
16.31	21.62570233500022
16.32	19.85505960378297
16.33	22.277185119578466
16.34	20.910111475879916
16.35	23.856489589970785
16.36	25.003375718374862
16.37	23.153071605437134
16.38	21.02521562691203
16.39	24.293358534470265
16.4	25.04529434767453
16.41	23.420958169910765
16.42	25.6203235901697
16.43	23.753929622580227
16.44	26.57016041807234
16.45	26.864351944603
16.46	27.543606170538645
16.47	27.908761653218885
16.48	27.414587487729534
16.49	25.61152966107654
16.5	27.85591131498539
16.51	29.157326527156787
16.52	26.95814898589082
16.53	30.408494112452203
16.54	28.574340392326935
16.55	30.427014972420558
16.56	25.426371375638748
16.57	28.720157466192322
16.58	30.502383694288657
16.59	24.9341276559133
16.6	28.151428961829136
16.61	29.488077361681764
16.62	27.708209312821737
16.63	28.497135176251657
16.64	29.048417211761816
16.65	28.476979717888188
16.66	28.012246220202382
16.67	27.29999288417263
16.68	29.781416812031598
16.69	23.13360282087184
16.7	26.1482994146647
16.71	25.920408305832265
16.72	23.630175520521405
16.73	25.447577560428662
16.74	24.700200126158887
16.75	22.962968441937843
16.76	23.764412193445825
16.77	23.866215884095713
16.78	22.50325424180876
16.79	24.495372777626386
16.8	18.16428119030899
16.81	22.343202649108804
16.82	21.727345617298685
16.83	21.050369134342148
16.84	19.81804762365809
16.85	19.372513016613574
16.86	16.965712162865284
16.87	17.606288210350545
16.88	20.085671319090814
16.89	17.96093726310891
16.9	17.519918624138242
16.91	16.323025796086412
16.92	11.949122190872634
16.93	15.634179100626316
16.94	13.507707413445528
16.95	13.132229039428275
16.96	11.406467334681178
16.97	8.182507375098712
16.98	13.36761627075549
16.99	9.296928598868439
17.0	9.017292061794583
17.01	9.551209689242894
17.02	10.241800623734113
17.03	10.279180788315717
17.04	9.005950311174676
17.05	7.002599849865093
17.06	6.689566396837408
17.07	6.975929358195321
17.08	4.828804953981581
17.09	5.326904207981708
17.1	3.1692786028362026
17.11	5.643833881849671
17.12	6.334745932134333
17.13	6.050839806247951
17.14	6.1652707922019
17.15	8.04729739176478
17.16	5.439246980651934
17.17	5.3853615629903695
17.18	6.131515805265671
17.19	2.3995351193483456
17.2	3.7427096372866036
17.21	4.019182570268424
17.22	5.413402285353877
17.23	3.964315300987077
17.24	3.9726868684182417
17.25	4.316689079164108
17.26	0.4660619812659923
17.27	5.033557834007624
17.28	3.3284214397170486
17.29	2.5423800434771975
17.3	4.385025247545791
17.31	5.146617772536246
17.32	3.7392570538106864
17.33	3.5986718272978355
17.34	4.1995810343358215
17.35	5.77179101063553
17.36	5.332860117227189
17.37	7.459204838292678
17.38	6.939824163489531
17.39	7.32194885507413
17.4	8.261876725593401
17.41	8.017065903198176
17.42	7.114868159175313
17.43	7.315020253676513
17.44	9.03243512013111
17.45	9.315735593339486
17.46	7.502365953996696
17.47	9.73274087934644
17.48	9.910142483102323
17.49	13.15822289025129
17.5	11.293724500626942
17.51	16.211343625293107
17.52	13.995164077496392
17.53	14.403660063246566
17.54	16.16934293462131
17.55	16.054301179592144
17.56	18.439288724422894
17.57	15.084476835019837
17.58	20.689273027368312
17.59	19.88869142283917
17.6	20.192222262896735
17.61	20.251460430918147
17.62	18.085517253020654
17.63	19.786337708161035
17.64	21.86203880307738
17.65	24.472551087470386
17.66	23.419732937021106
17.67	21.295844695681566
17.68	22.703520677706145
17.69	23.868333944311097
17.7	25.56403641783437
17.71	24.103936427768943
17.72	23.376063787413113
17.73	27.243699632956048
17.74	25.49414368138631
17.75	24.914698198060574
17.76	25.272149819070982
17.77	29.154207485725234
17.78	26.472369184778604
17.79	23.18416052400211
17.8	27.324062666311043
17.81	26.519872835858017
17.82	25.553652897277985
17.83	27.892589723374684
17.84	27.701102695753256
17.85	27.636760952478745
17.86	28.060849378491007
17.87	28.02946297414211
17.88	29.131198898634118
17.89	28.21401193425905
17.9	26.07933376014156
17.91	24.99377954821293
17.92	23.756414375585024
17.93	21.95944834021272
17.94	27.25094365274096
17.95	28.41144522107943
17.96	25.666820673594966
17.97	24.33745636988048
17.98	22.567255170604835
17.99	23.669605033915428
18.0	22.245646646035475
18.01	23.33813300465369
18.02	22.413193952628177
18.03	22.724281166554302
18.04	19.260771507387414
18.05	20.70715277344197
18.06	19.2090348063258
18.07	17.79173884072731
18.08	16.407640202692523
18.09	15.09767797225067
18.1	14.202329141819465
18.11	14.340558772953278
18.12	13.212171307388424
18.13	12.394244260557144
18.14	15.551956084598599
18.15	14.481542213724833
18.16	14.042034645450608
18.17	12.091569700148995
18.18	10.486809841199275
18.19	9.243285323130142
18.2	9.018366165630264
18.21	9.045155133621227
18.22	10.014644056745812
18.23	9.208107213554879
18.24	8.974477794763155
18.25	10.188785528127578
18.26	4.311227937758041
18.27	3.999104967476929
18.28	7.6758556969683
18.29	6.969980290147463
18.3	4.831349041451479
18.31	7.206358071891944
18.32	5.299469767442246
18.33	1.0962800636831194
18.34	4.89638154318479
18.35	6.368620013473968
18.36	5.524598789946879
18.37	3.8609861470309683
18.38	4.737958604034574
18.39	3.8613406186459067
18.4	7.1415440775393435
18.41	3.0260205899660253
18.42	2.203370610750987
18.43	4.755881130488297
18.44	4.120705133383604
18.45	2.6212823099250473
18.46	5.843655140268005
18.47	1.5085513316054864
18.48	4.095988614087747
18.49	3.482935884896469
18.5	5.359783528896431
18.51	3.146194183146526
18.52	4.007546533936764
18.53	3.227705765400069
18.54	7.3549099638386615
18.55	4.528393904902639
18.56	5.468904796768058
18.57	5.400875693566117
18.58	5.7585015710627525
18.59	8.925553380408232
18.6	7.317757223170672
18.61	7.793627424422343
18.62	9.72077992016825
18.63	11.092256944839297
18.64	9.149466805501952
18.65	10.545035233843283
18.66	11.992029664927356
18.67	10.966303206651514
18.68	11.896431376454855
18.69	12.541655165758396
18.7	13.425300993214405
18.71	16.267601342276617
18.72	14.768579445650431
18.73	15.950041068044587
18.74	18.499229308944184
18.75	17.42016275583206
18.76	22.402162770471232
18.77	19.257322781977777
18.78	20.990063472290018
18.79	19.796522024497047
18.8	18.835512899107215
18.81	22.886606800793814
18.82	21.445881164049872
18.83	23.171317311366415
18.84	23.258716520490708
18.85	24.072043332315143
18.86	26.421765796030996
18.87	24.23393746499871
18.88	26.229272019832923
18.89	26.1253415768784
18.9	24.8441865291133
18.91	29.50188701898935
18.92	25.398486432676673
18.93	25.868882833419462
18.94	28.572048409158914
18.95	28.092419232699083
18.96	28.657013159743595
18.97	27.60965808030109
18.98	27.902924776192854
18.99	26.936523517533082
19.0	27.445689779373318
19.01	28.468259216863533
19.02	29.775284196917422
19.03	27.554700139106142
19.04	28.518718790406542
19.05	28.14150586460022
19.06	26.766705791560785
19.07	26.00517660543549
19.08	27.41284638685791
19.09	29.831833484555716
19.1	26.68275711018866
19.11	27.72109785714801
19.12	26.337332928459073
19.13	28.306011059820953
19.14	24.465175799032163
19.15	24.168131293267017
19.16	23.74429891935368
19.17	25.825015319808436
19.18	23.773311458329903
19.19	27.0696336822502
19.2	23.251431204700314
19.21	17.60716289187763
19.22	23.457112579365248
19.23	21.330281093370957
19.24	20.962638597677763
19.25	17.999950825156173
19.26	18.350580482073436
19.27	17.256372193934002
19.28	17.30976956011075
19.29	17.63193212822662
19.3	13.425974948685123
19.31	14.733288105750546
19.32	17.00830938482864
19.33	14.226122775027749
19.34	11.044952082715072
19.35	13.415619888266038
19.36	14.178614548703871
19.37	5.932865301583075
19.38	11.374276633727826
19.39	10.220455840297497
19.4	11.516097424903474
19.41	10.619346120881367
19.42	8.246469994214548
19.43	7.217501393974386
19.44	4.490366260458433
19.45	6.691398475415088
19.46	5.520807877488415
19.47	5.321973751750689
19.48	7.089763324769523
19.49	6.763195486876661
19.5	3.6324314925651295
19.51	2.2657612839485837
19.52	3.6383836676719348
19.53	2.2045846070673036
19.54	7.050532429091017
19.55	3.775590487760528
19.56	4.936394675106065
19.57	2.2418574544285637
19.58	2.156767730898858
19.59	0.2623380287727901
19.6	3.5899486124731848
19.61	3.2802878238389104
19.62	2.380878280960669
19.63	-0.17188060986178422
19.64	-1.6667807753578667
19.65	-1.3239692464164023
19.66	-0.21978199655455966
19.67	1.0345701838602266
19.68	0.6378597173506827
19.69	-0.4751570636702678
19.7	1.2503194808404188
19.71	-0.5870777017715076
19.72	0.36913682008158194
19.73	1.8821498462611725
19.74	-1.5623579146082442
19.75	1.3460925660231062
19.76	1.5561748677361151
19.77	3.36382816819682
19.78	0.8618453243477348
19.79	0.48662754617584736
19.8	2.6148689844310415
19.81	0.8633414229567216
19.82	-2.5537372317698654
19.83	2.899127395325788
19.84	3.732754260383815
19.85	3.8397211176857597
19.86	3.168303531928913
19.87	4.8286385768167515
19.88	4.373442152472583
19.89	7.391619904795222
19.9	5.273845092309464
19.91	7.143150171811026
19.92	8.153624276719611
19.93	7.508240197047649
19.94	7.0584713087422335
19.95	10.590244488094402
19.96	8.040855303602683
19.97	11.226257043887422
19.98	10.24452367022068
19.99	10.63090200616043
20.0	12.057707284501069
