10.01	0.4697764768760179
10.02	0.34521262620057075
10.03	0.6252996277338099
10.04	0.43098925006480127
10.05	0.5558156244734755
10.06	0.726725483732575
10.07	0.4001283638501403
10.08	0.9741249992858152
10.09	0.6163525200837029
10.1	0.47909541392001037
10.11	0.27674177975536485
10.12	0.6678580650237111
10.13	0.20059949038147906
10.14	0.8248663803429195
10.15	1.1245750412196092
10.16	0.6491666428987845
10.17	0.6173340706394586
10.18	0.33792929241580194
10.19	0.75591858247416
10.2	0.43711122644588435
10.21	0.7079832498731927
10.22	0.8488564000265797
10.23	0.337714043618915
10.24	0.7198344479403395
10.25	0.8876142629599252
10.26	1.062904220886757
10.27	1.009735708818908
10.28	0.9066578969945687
10.29	0.6498994605425547
10.3	0.7032845226388379
10.31	0.4147593300722827
10.32	0.19825318978089468
10.33	0.6347940647079464
10.34	0.3503420079679883
10.35	0.35096867636265605
10.36	0.5436037558248922
10.37	0.26233899622411383
10.38	0.315280076659494
10.39	0.6959809460499602
10.4	0.17229240274720764
10.41	0.4213232224017015
10.42	0.46598275409727025
10.43	0.4754598046213392
10.44	0.783394081211681
10.45	0.7520511212865704
10.46	0.8647991146986825
10.47	0.6742334369374514
10.48	0.5264735488052259
10.49	0.2797855604589232
10.5	0.008258457408130401
10.51	0.5628583856033149
10.52	0.24510608210973533
10.53	0.7666526585108768
10.54	0.7271571476454836
10.55	0.7977084270469634
10.56	0.9390920955465473
10.57	0.720063128761887
10.58	0.478331840482221
10.59	0.4934980265388621
10.6	0.5279226181005864
10.61	0.5788933152992298
10.62	0.2541302775448233
10.63	0.7824922782780466
10.64	0.39150613759079655
10.65	0.4132397461900604
10.66	0.561267495978003
10.67	0.39990694142337
10.68	0.46932682133979176
10.69	0.547321955053478
10.7	0.7395236956909857
10.71	0.3722806874886017
10.72	0.7502423443496682
10.73	0.3794635334539366
10.74	0.19545668155570356
10.75	0.34702190114304743
10.76	0.19507072153776361
10.77	0.5699016209138323
10.78	0.28749196535997834
10.79	0.6472922066330198
10.8	0.879095363650667
10.81	0.7763836660864791
10.82	0.24964903174267117
10.83	0.26712828517224074
10.84	0.44362536588039997
10.85	0.29504150271430596
10.86	0.44916488884014083
10.87	0.04618061728348144
10.88	0.8724030561975822
10.89	0.8169958447026566
10.9	0.7640148333198971
10.91	0.08205885149172004
10.92	0.2801194571905782
10.93	0.24571370769826173
10.94	0.6270999380179436
10.95	0.502793217977022
10.96	0.0941250286529613
10.97	0.5933340975434763
10.98	0.9200879969710367
10.99	0.5315615206867168
11.0	0.49675981615243603
11.01	0.6524540111541048
11.02	0.7582460459666959
11.03	0.03136149392755572
11.04	0.2508427197770749
11.05	0.018274805439313244
11.06	-0.1634967266307361
11.07	-0.23427544250130766
11.08	0.3680351579058268
11.09	0.4533292200608544
11.1	-0.1778367780563671
11.11	0.6213603927021898
11.12	0.7801102309354673
11.13	0.7669945555028049
11.14	0.7287960139591108
11.15	0.08696769311378716
11.16	0.5097249853573358
11.17	0.3838913069077279
11.18	0.9125684917956113
11.19	0.6078090287782751
11.2	0.6762331148426621
11.21	1.057116659647153
11.22	0.544582597223941
11.23	0.7227684910048255
11.24	0.654021518848246
11.25	0.08994281279075686
11.26	0.951305910252505
11.27	-0.010604441473588189
11.28	0.3404737351838236
11.29	0.46561161373894994
11.3	0.19904336011163257
11.31	0.5134877581031063
11.32	0.5329717781542287
11.33	0.6768329763266383
11.34	0.38933938412199287
11.35	0.5576511361483872
11.36	0.11684259188426718
11.37	0.10736874547924219
11.38	0.35591235445588687
11.39	0.12359584408430635
11.4	0.4612994041920689
11.41	0.11829717956454149
11.42	0.046314047172075434
11.43	0.589110824095191
11.44	0.718877640131312
11.45	0.7089742663850738
11.46	0.6692378193818446
11.47	0.06658251562961615
11.48	0.6248404054179636
11.49	0.3600380387996762
11.5	0.6299978462600828
11.51	0.22899120897916475
11.52	0.056487567563596075
11.53	0.0415850679594955
11.54	0.053531510519795295
11.55	0.7371866906063136
11.56	-0.3349615911993281
11.57	0.649218064134963
11.58	0.2901622125435751
11.59	0.34589100477867807
11.6	-0.14502143028979225
11.61	0.4565938511760733
11.62	0.7347628370607924
11.63	0.17402031412966962
11.64	0.1428484130402728
11.65	0.5288746765390713
11.66	0.45512754713903936
11.67	0.581718612058913
11.68	0.7459288276415055
11.69	0.5091305467061501
11.7	0.12978369053292368
11.71	0.5779581894857366
11.72	0.7881522316228915
11.73	0.6039436504878023
11.74	0.3273278474685295
11.75	0.014852431073050676
11.76	0.15040238160540984
11.77	0.5527281914077314
11.78	-0.16333354447156218
11.79	-0.17790619424214904
11.8	0.1798150412215222
11.81	-0.082998692115763
11.82	0.45405770858898997
11.83	0.339055283636627
11.84	0.42776596030194297
11.85	0.6225383907530476
11.86	0.2927475277984732
11.87	0.022016682931072423
11.88	-0.05614957244959726
11.89	0.5403224851453612
11.9	-0.13772366262980512
11.91	0.305593405075554
11.92	0.36236193734139666
11.93	0.20272168268245924
11.94	0.03639351162757637
11.95	0.37315894321561865
11.96	0.8255245773300566
11.97	0.6488917700756657
11.98	-0.02620855113794518
11.99	0.04307199847591281
12.0	0.5094295803280663
12.01	-0.0303632094948601
12.02	0.18212448508375476
12.03	0.7411130131092055
12.04	0.2592351222271641
12.05	-0.007593081524193829
12.06	-0.05249642959094439
12.07	-0.10622557971671476
12.08	0.4751382298806033
12.09	0.5691256721444637
12.1	0.26498898471962673
12.11	0.5802541340190162
12.12	0.07312917476955058
12.13	-0.07288936393472784
12.14	0.14399079239754992
12.15	0.2116153778231316
12.16	0.23286010589281364
12.17	-0.02429900820532485
12.18	0.03678956663501709
12.19	0.07701523648481934
12.2	0.08373097480916103
12.21	0.5166647660755358
12.22	0.11593483465317798
12.23	-0.2523168142685386
12.24	-0.08718394495264684
12.25	-0.04366043897880875
12.26	0.1416909778283648
12.27	0.07320596938516402
12.28	-0.09520776899584316
12.29	0.4041037734649451
12.3	0.22678973899513954
12.31	0.31810705548142837
12.32	-0.03762212173054963
12.33	-0.07422295899990083
12.34	0.45201006903031504
12.35	0.13043390860283108
12.36	0.1623042013657549
12.37	0.5116001611308035
12.38	0.5334732027538471
12.39	0.12700731788070127
12.4	0.31577903343036084
12.41	-0.08537300479430893
12.42	-0.34840773659236446
12.43	0.05814944864919852
12.44	0.4896837959256735
12.45	-0.08860960236596307
12.46	0.19802214846445235
12.47	-0.3243784856737449
12.48	-0.4292855873817463
12.49	-0.182127120214653
12.5	0.2955218491957088
12.51	-0.132867345823801
12.52	0.05193760784158025
12.53	-0.1540121282916851
12.54	0.2081038680662795
12.55	-0.047901271556024416
12.56	-0.2587239764028225
12.57	0.08053967298282275
12.58	0.14144360875297748
12.59	0.07475255307780249
12.6	0.30146698622094525
12.61	-0.012379077810318995
12.62	0.3607141466750098
12.63	0.2667593509963399
12.64	-0.19525075891082022
12.65	0.2647068009660935
12.66	0.6928970958252463
12.67	0.16903277049646762
12.68	-0.1549115844494544
12.69	0.09276997553253524
12.7	0.10912200604590379
12.71	0.2707536501801098
12.72	-0.10495258295065638
12.73	0.5990593331564524
12.74	-0.01902258851118896
12.75	0.25794318131181215
12.76	0.2912823468319498
12.77	0.1749821864248513
12.78	0.2531696034807198
12.79	0.18143628072347137
12.8	0.06606030501143983
12.81	0.15783031157343388
12.82	0.41311699939783886
12.83	0.27073920128830975
12.84	-0.07282436391639499
12.85	0.00599772719649129
12.86	0.06043669749654626
12.87	-0.19308362297063308
12.88	0.06416636525542363
12.89	0.1915757579779604
12.9	0.35244053944547
12.91	0.49943960858141045
12.92	0.700879848774878
12.93	0.11846964274096526
12.94	0.13332174576453704
12.95	-0.1347688459634494
12.96	-0.13313852061281245
12.97	-0.06626270790576258
12.98	0.16693156215093075
12.99	0.18381933168972364
13.0	0.3523627344299203
13.01	0.779689048237622
13.02	0.18749866247441893
13.03	-0.022112110900942616
13.04	0.04113681404438914
13.05	0.2388830639241737
13.06	0.05509520135466417
13.07	0.09738090557638081
13.08	0.106123020768847
13.09	0.2115454123782617
13.1	0.23097220728338683
13.11	-0.021642113943775493
13.12	0.03287329227647058
13.13	0.0717212405520325
13.14	-0.2107452768672879
13.15	0.3125909019789026
13.16	0.5504514691017086
13.17	0.34834226411233005
13.18	-0.1247136183842669
13.19	0.07509766454167435
13.2	0.163920389970367
13.21	0.13561884130483326
13.22	-0.12066017970417142
13.23	-0.004785408568085542
13.24	0.5852015652834226
13.25	0.40689159217201293
13.26	0.23530408167212696
13.27	0.5697136572531636
13.28	-0.11322966113485222
13.29	0.18242646943863128
13.3	-0.3118745407289742
13.31	0.37238781500306367
13.32	-0.37292190532665803
13.33	0.3566257702054211
13.34	0.1107588466704174
13.35	0.03282237479444701
13.36	0.022414774321062023
13.37	0.6342859774024068
13.38	0.09887432946848122
13.39	0.26717236410921164
13.4	0.08960105556210314
13.41	0.26993992466683886
13.42	-0.10116972308593009
13.43	-0.17533655203987908
13.44	0.12645977949330622
13.45	-0.21748616774776725
13.46	0.11898999430826676
13.47	-0.24398149727588897
13.48	0.09217051382022984
13.49	0.01753976607839
13.5	0.3175836359697288
13.51	0.09415547927092976
13.52	-0.05449993185227783
13.53	0.14878965439138156
13.54	0.415433676377582
13.55	0.5953397725969658
13.56	0.1348962544373278
13.57	0.28224982499460805
13.58	0.4066922424583943
13.59	0.035353487069638714
13.6	0.19299502038388652
13.61	0.04373097465045213
13.62	0.1101638552623708
13.63	-0.05426086217057666
13.64	0.15160722466122595
13.65	0.1736371607668332
13.66	0.06921636784860952
13.67	0.29279927141891976
13.68	0.06639518318579651
13.69	0.01640971458735589
13.7	0.11271531726617076
13.71	0.014861373539075892
13.72	0.16631149981018373
13.73	-0.04668357006819193
13.74	-0.02247321252508877
13.75	0.25987583977276374
13.76	0.30539111596031976
13.77	0.9950780147189329
13.78	0.38905040666946233
13.79	0.2610122836475483
13.8	-0.07684318625721595
13.81	0.23780921761285867
13.82	-0.15269984163425654
13.83	-0.04806470087768158
13.84	0.39717415386296695
13.85	0.009554071641563744
13.86	0.0963871650308748
13.87	0.02990181417006932
13.88	0.26840382228191834
13.89	0.43042902432842567
13.9	0.1297540493913972
13.91	0.14636356023622127
13.92	0.17270455551485642
13.93	-0.3947106888789908
13.94	0.5339832380468065
13.95	-0.0001279017785039971
13.96	-0.11424686609916423
13.97	-0.19815214462693287
13.98	0.07169510106055753
13.99	0.27171437007049726
14.0	-0.0870841544202619
14.01	-0.19378004440528496
14.02	0.06740762695708155
14.03	-0.1847378099829129
14.04	0.04279872166721563
14.05	0.0034787390022821413
14.06	-0.01285471677521724
14.07	0.28535210257707366
14.08	0.4925802210955782
14.09	0.0794049254323144
14.1	0.02164342972999278
14.11	0.7299349549323351
14.12	-0.03947488340963887
14.13	0.09185907437368279
14.14	-0.0819738131312635
14.15	0.6927869018793003
14.16	0.12973819783312407
14.17	-0.18346345070457393
14.18	0.24325014485594715
14.19	0.09664531835888421
14.2	0.4047569587357941
14.21	0.2948261051192035
14.22	0.3535032088864791
14.23	0.22995682709288834
14.24	-0.04053565305450535
14.25	-0.029870056065262773
14.26	-0.22551451918935322
14.27	0.27768208418287726
14.28	0.0892544335277098
14.29	0.5981617160127
14.3	0.1743415153108914
14.31	0.037951099631079566
14.32	0.2377813476096853
14.33	-0.038189841609109765
14.34	-0.1752268062686977
14.35	0.19514689225890147
14.36	0.46605969067437536
14.37	0.3545307646513546
14.38	0.15621070612201288
14.39	0.02750416413209553
14.4	-0.1470571742800389
14.41	-0.06883314022078929
14.42	0.07836222052765043
14.43	0.5267121621863419
14.44	0.21259504497258652
14.45	-0.024227806654437994
14.46	-0.07734028004451052
14.47	0.18671161512025566
14.48	0.31503338485409016
14.49	0.26615132008214387
14.5	0.16372076205235522
14.51	0.10793513084885081
14.52	0.013079863207106426
14.53	0.30543529511928147
14.54	0.08252009666163007
14.55	-0.015230523440148053
14.56	0.08761111643339695
14.57	0.06001662634360763
14.58	-0.11179767540017493
14.59	-0.004228820587883569
14.6	0.2648347781760322
14.61	-0.27550167172999074
14.62	0.40208358299294117
14.63	0.07603377957170525
14.64	-0.0072274307579305586
14.65	-0.19028944750680327
14.66	0.08682353711889895
14.67	-0.25224807594996856
14.68	0.13702440484273262
14.69	0.3059938670230283
14.7	0.02740758598503512
14.71	0.054393780760469856
14.72	-0.16434830229879877
14.73	0.3663274491677148
14.74	0.2779220063960914
14.75	0.4838683832014586
14.76	-0.07757623579851666
14.77	0.07514288316439649
14.78	0.3309451164129149
14.79	0.1491777166251151
14.8	-0.007732878463101639
14.81	0.07500800231174723
14.82	0.46252223061411274
14.83	0.30963904213159155
14.84	0.05513830934546436
14.85	0.5019604349790819
14.86	0.17770265351423464
14.87	-0.03964028758888202
14.88	0.2226482776241902
14.89	-0.0801639964903828
14.9	-0.03803461699619701
14.91	0.1370982370252815
14.92	-0.09100985785325141
14.93	0.2642233701117169
14.94	-0.2573114699801703
14.95	0.09344596255106777
14.96	0.10339854480932813
14.97	0.06871777166468446
14.98	0.3060141024451257
14.99	0.01291471823158119
15.0	0.09037558539595646
15.01	0.03286400670866885
15.02	0.04736339041569207
15.03	0.07506153927812917
15.04	0.32040829221572786
15.05	-0.04435449357539703
15.06	0.3117660311289615
15.07	-0.02351933122809227
15.08	0.1344442078565747
15.09	-0.11021135478019153
15.1	-0.041456112277416274
15.11	0.05543697196652214
15.12	0.022993550047044745
15.13	0.3376239610003491
15.14	0.2460483033911477
15.15	0.17897138560931156
15.16	-0.12832945384789396
15.17	0.20077160180565679
15.18	0.294050097827535
15.19	0.3840317583577483
15.2	0.11904315970866118
15.21	-0.6537388705287273
15.22	0.11935638375321214
15.23	0.19822275915717527
15.24	0.09788060596243679
15.25	0.4054619026330692
15.26	0.32504213944650817
15.27	0.11406893727892686
15.28	0.09379292805682668
15.29	0.08776361535348254
15.3	-0.07982970851594978
15.31	0.6243417555111966
15.32	0.0034817887137011394
15.33	-0.022387861302462342
15.34	0.29497662317481527
15.35	0.14562739153271306
15.36	-0.039650262906831546
15.37	0.27741648920266804
15.38	-0.22750027008606255
15.39	0.06902379424484326
15.4	0.4780862275230583
15.41	0.1786274238388184
15.42	-0.17659609694831735
15.43	0.2747151420793334
15.44	0.05202347471306741
15.45	0.2936262515065943
15.46	0.40034472027943163
15.47	0.33646943990850886
15.48	-0.15309303549493863
15.49	0.22495643842803692
15.5	0.24336658903278452
15.51	0.1073648463165893
15.52	0.5192377362054965
15.53	0.04839018273369114
15.54	0.2588515201546693
15.55	0.22554581347825806
15.56	0.002304366890124962
15.57	0.011768107113943022
15.58	0.04010586088063613
15.59	0.0647215215144697
15.6	0.09388890631310376
15.61	0.3124687368198099
15.62	0.3359889353458557
15.63	0.3287169869747728
15.64	0.44367587936459046
15.65	0.22365492714307006
15.66	-0.1875884329397436
15.67	0.4488913734888982
15.68	0.22437408055105085
15.69	0.19040896815099986
15.7	-0.005466435312016404
15.71	0.31280894638882384
15.72	0.2807056004307711
15.73	0.03387921356738696
15.74	-0.06674669524653168
15.75	-0.13626556929415184
15.76	0.7025105549782747
15.77	0.24149149005486165
15.78	0.5873625387180336
15.79	0.21831294772929755
15.8	0.20233192626962443
15.81	0.051258864172835275
15.82	0.016725433748790527
15.83	0.14523706059581057
15.84	-0.07383360220832885
15.85	0.23543962604071633
15.86	-0.20003340828229477
15.87	-0.056187750941425196
15.88	-0.16524948642032894
15.89	0.33215677893575896
15.9	0.1181188845448682
15.91	-0.09526276611228526
15.92	0.13537601237388242
15.93	0.277079310544189
15.94	-0.04162553945345912
15.95	0.33704125683623865
15.96	0.3813762542152993
15.97	0.4369745243130322
15.98	-0.20577445746080592
15.99	-0.03876284410904204
16.0	0.21499240169926678
16.01	-0.05986247269772438
16.02	-0.09547747964614221
16.03	0.053053472618056624
16.04	0.07470256743754393
16.05	-0.15122054724176356
16.06	0.020521292556938173
16.07	-0.15808436782641136
16.08	0.2521780833269628
16.09	-0.12244992021000288
16.1	0.3611381161136572
16.11	0.1337051015428876
16.12	-0.006512631902252514
16.13	0.27300879366377
16.14	0.009740859222205162
16.15	-0.030402136838079092
16.16	0.07040084118413086
16.17	0.164894719359475
16.18	0.06690621291632276
16.19	-0.1216732753268388
16.2	0.028339870717801
16.21	0.2373162885800464
16.22	0.019620323208608945
16.23	0.7021259090387836
16.24	0.13968735166658047
16.25	0.4740611029513547
16.26	0.3231276472644864
16.27	0.07965813286390719
16.28	0.2924952429953913
16.29	-0.3327308855347386
16.3	-0.03594324693771479
16.31	-0.04423707872477528
16.32	-0.0015314278144771265
16.33	0.0026683677068338324
16.34	0.13996218298462104
16.35	0.2095780278760458
16.36	0.2994433700797291
16.37	0.15872402973114838
16.38	-0.0008982260761323875
16.39	0.1972370390890028
16.4	-0.18899422926057127
16.41	-0.16631733345556798
16.42	0.24514645356377956
16.43	0.47024091688154196
16.44	-0.24720166593442996
16.45	-0.2796601993941719
16.46	0.3702416629427437
16.47	-0.08513152472437069
16.48	0.14122122149415803
16.49	-0.16592031710637695
16.5	0.3324291444263275
16.51	0.3545816318034931
16.52	-0.30712456060761406
16.53	-0.07023851613419714
16.54	0.23343553856593185
16.55	-0.18985832441540185
16.56	-0.17289605098209
16.57	-0.024812217956875143
16.58	0.25341434644585237
16.59	-0.1644292409760651
16.6	-0.2816481575432347
16.61	0.3188547329207019
16.62	-0.0893593660095198
16.63	0.25152726313232365
16.64	0.12913424749169372
16.65	0.2976625342911143
16.66	0.4620227925382376
16.67	0.4567604711961768
16.68	0.003401805865573477
16.69	0.18848793420458607
16.7	0.1015518319653413
16.71	-0.007222735503676969
16.72	-0.3204399516610485
16.73	0.1316616992091653
16.74	0.02835768565987939
16.75	-0.0734361132697413
16.76	-0.1782801670914637
16.77	0.03214554218461246
16.78	-0.09012097230072746
16.79	0.07174472320669387
16.8	-0.02987074406260211
16.81	0.17378610680310172
16.82	0.13032816984965398
16.83	-0.056104986697643675
16.84	0.2735512250120984
16.85	-0.10247721159453047
16.86	-0.07209414720965085
16.87	0.03722492213910583
16.88	-0.1511444328163098
16.89	-0.27711199162958094
16.9	-0.46123711773820353
16.91	0.12256571420929116
16.92	-0.07337595688810467
16.93	0.233790146327326
16.94	0.45239463863843243
16.95	-0.0635479510539757
16.96	0.08610422651225852
16.97	-0.04607112289034806
16.98	-0.16515851715273358
16.99	0.07485772630741706
17.0	0.001598627252451007
17.01	-0.04605066753100208
17.02	0.06748518328242767
17.03	0.34345514785146886
17.04	-0.16332987470449312
17.05	-0.25920035173459743
17.06	0.028968590133658757
17.07	0.013490346490968846
17.08	0.10256481790986402
17.09	-0.3561272818902475
17.1	-0.34585559484331735
17.11	0.05783734342265571
17.12	-0.4233637552399459
17.13	0.6558283933397597
17.14	0.09358970987192936
17.15	0.063023535421344
17.16	0.331775410431846
17.17	-0.22483256774437707
17.18	0.29391901196584225
17.19	0.07993703870913527
17.2	-0.1626829377778723
17.21	0.06427712769475516
17.22	0.11154759344039081
17.23	0.18467911397605408
17.24	-0.11317070802880058
17.25	-0.21446322014342417
17.26	-0.2984011771669008
17.27	0.23181423088959605
17.28	0.15745849626008074
17.29	-0.026993407900612387
17.3	-0.48225830955660864
17.31	0.5846790961722654
17.32	0.2111563350166875
17.33	0.05387425547282021
17.34	-0.020038534042266215
17.35	0.380292677639381
17.36	0.1506211525632478
17.37	0.12214352735854607
17.38	0.22979771533202367
17.39	0.10046235904149245
17.4	-0.13374483744472937
17.41	0.17537293267220402
17.42	-0.016874004911308103
17.43	-0.3982431779550002
17.44	-0.11279398549058334
17.45	-0.25901570462080437
17.46	0.07441208628696297
17.47	0.4920576202037522
17.48	-0.01643963224035123
17.49	0.013244292243561929
17.5	0.25112408364921945
17.51	-0.047784332114604304
17.52	0.4298617154785453
17.53	0.2909784797817866
17.54	0.0065741759204005394
17.55	0.2696745836121848
17.56	0.09562781196241979
17.57	0.08285865719006932
17.58	0.6686916294318515
17.59	-0.11795236944743255
17.6	0.3543979652577638
17.61	0.42382171374142613
17.62	-0.06186010561450073
17.63	-0.0696444264273173
17.64	-0.1228194673582663
17.65	-0.06445292523066673
17.66	0.030085732093672636
17.67	0.02418740072729869
17.68	0.21502781597739662
17.69	0.43674771267376644
17.7	-0.23673456170782478
17.71	0.1796440129226417
17.72	0.06206612394172498
17.73	0.08967557998022385
17.74	0.23723356565672546
17.75	0.2283414547442481
17.76	0.14939500116886512
17.77	0.19911717242332047
17.78	0.2811714366584689
17.79	0.8080820397613648
17.8	0.16670342133001664
17.81	-0.06510172296830136
17.82	0.062328948995358624
17.83	0.11726049077058172
17.84	0.2783973128289533
17.85	0.7546323600698617
17.86	-0.04224797610057085
17.87	0.6718027974034091
17.88	0.14669420292708193
17.89	0.25692440853412196
17.9	0.4070903067293573
17.91	0.21211279078849227
17.92	0.7608630601566859
17.93	0.27677046401300154
17.94	0.12228201881350974
17.95	0.45666058321448444
17.96	0.8576678984140615
17.97	-0.007839003070602785
17.98	0.49249969991322373
17.99	0.1905199154863101
18.0	0.687879982316379
18.01	0.2520173380065701
18.02	0.33811942830395825
18.03	0.6593581067959177
18.04	0.25471766059276263
18.05	0.3046197204713433
18.06	0.017929646741545957
18.07	0.5603775736049362
18.08	0.6555667474958022
18.09	0.5127313179547429
18.1	0.6003291243078367
18.11	0.4186755585474954
18.12	0.3427966565989857
18.13	0.35098193619535323
18.14	1.1065715595317127
18.15	0.8180833050985171
18.16	0.32797814207715276
18.17	0.31859208692008334
18.18	-0.015283374612718253
18.19	0.6801586314047559
18.2	0.5179831790561155
18.21	0.564867605128914
18.22	0.3955213276748887
18.23	0.8570068224535033
18.24	0.7205082191943536
18.25	0.38463546089503664
18.26	0.22208944381897816
18.27	0.3139505233999591
18.28	0.7635115339475158
18.29	0.7137699231124917
18.3	0.3284632032047695
18.31	0.9462077849709658
18.32	0.13133208020295256
18.33	0.476513754538099
18.34	0.5781715207491522
18.35	-0.10002599885766203
18.36	1.2347270189671118
18.37	0.8974113040619653
18.38	0.6767761639032154
18.39	0.27140243409542075
18.4	0.30221322586101385
18.41	0.5489970097151312
18.42	0.8572458988184073
18.43	0.6679121561179359
18.44	0.844839681538228
18.45	0.40346582236702666
18.46	0.27588076322272276
18.47	0.28773651496824293
18.48	0.43527513531594714
18.49	0.8963735002052459
18.5	0.6576471055325276
18.51	0.5672759214392707
18.52	0.4757288376794611
18.53	0.3801350975405816
18.54	0.5671322398466383
18.55	0.7824133335542962
18.56	0.24442489271173623
18.57	0.6188798716332351
18.58	0.6085082102289928
18.59	0.1655577883545885
18.6	0.28225853173453386
18.61	0.6130618141057901
18.62	0.2946281621902027
18.63	0.4640237834542341
18.64	0.1910683484731877
18.65	1.0848884313203846
18.66	0.38103365648697574
18.67	0.06433504956977693
18.68	0.42582964111175664
18.69	0.4188469101913471
18.7	0.7407726905407706
18.71	0.59400589065938
18.72	0.6625537035431661
18.73	0.47643510339514605
18.74	0.2084211626176954
18.75	0.8174543848071851
18.76	0.30543437114381633
18.77	0.21209096495027882
18.78	0.5810635980429677
18.79	0.7141602874810691
18.8	0.2513322297978551
18.81	0.5999884930429328
18.82	0.21302068730334994
18.83	0.6223837541771872
18.84	0.4964092074284941
18.85	0.5455117321216099
18.86	0.21423968944958344
18.87	0.33727778616266557
18.88	0.6042508953372174
18.89	0.5767666219095297
18.9	0.5501063625264859
18.91	0.9091358533099609
18.92	0.7633212330002057
18.93	0.40021239657630503
18.94	0.7405102337445949
18.95	0.6665634949496865
18.96	0.6086789672027765
18.97	0.582635089575001
18.98	0.4225646816687636
18.99	1.2074040305200473
19.0	0.8476689868417822
19.01	0.741259273110086
19.02	0.835713946971817
19.03	0.5665373643950518
19.04	0.43416268035945366
19.05	0.21116515828873872
19.06	0.3255846767155667
19.07	0.5724294419934245
19.08	0.7381247365353313
19.09	0.35207092136959944
19.1	0.9975585691711837
19.11	0.5166384272267821
19.12	0.6706526171520251
19.13	0.7167549385971094
19.14	0.5724062639969553
19.15	0.5994235465657903
19.16	0.7292543500100637
19.17	0.24243069413566148
19.18	0.531348920361093
19.19	0.9064809822179933
19.2	0.25755969499280595
19.21	0.506726400863374
19.22	0.5656104279856248
19.23	1.0305914200076456
19.24	0.6631799093484407
19.25	0.6046545065687265
19.26	0.38269290312054394
19.27	0.554821433519205
19.28	0.6223973453388438
19.29	0.37011722605174907
19.3	0.3660205491702935
19.31	0.6334405494808576
19.32	0.3515428161921768
19.33	0.22029832205730104
19.34	0.5113716531045035
19.35	0.6518896186036287
19.36	0.7990268515750739
19.37	0.4303576413848634
19.38	0.34527167552121363
19.39	0.2906825431073447
19.4	0.9714790143338387
19.41	0.5789975095537927
19.42	0.6406567224026916
19.43	0.395584220486089
19.44	0.5336512107970287
19.45	0.6403934949274543
19.46	0.7675519104654513
19.47	0.6522594136224493
19.48	0.5804538057269137
19.49	0.9222446616344558
19.5	0.6781590968394722
19.51	0.6283031445647342
19.52	0.44545089771824825
19.53	0.4894935817353673
19.54	0.7422375872680811
19.55	0.5963804973634446
19.56	0.33735190456895287
19.57	0.5455458837678635
19.58	0.6484526313732992
19.59	0.45350396725022984
19.6	0.12425721855986854
19.61	0.6097423027041587
19.62	0.332085633234365
19.63	0.6103193289911992
19.64	0.07521235715187985
19.65	0.34344131207571116
19.66	0.9780262437475596
19.67	0.6366217194836845
19.68	0.22941464882789503
19.69	0.2613599023483252
19.7	0.7143482111733294
19.71	0.6870402110790825
19.72	0.646629531175453
19.73	0.6935310707385131
19.74	0.7287233117575955
19.75	0.3350875592279999
19.76	0.5262653211289686
19.77	0.4318180880260448
19.78	0.4835556443290095
19.79	0.6386288411286918
19.8	0.7086330781316386
19.81	0.6559909113441241
19.82	0.48748213421543346
19.83	0.6206921985662184
19.84	0.6334890287364598
19.85	0.8686434544486733
19.86	0.7198342489299363
19.87	0.871646811179958
19.88	0.7209414347517185
19.89	0.21034598248106678
19.9	0.5490841270340677
19.91	0.6720626503660984
19.92	0.6645623537917125
19.93	0.5966204440631844
19.94	0.3824133889626804
19.95	0.46025873036497267
19.96	0.7685291378111726
19.97	0.11923042971317399
19.98	0.5552270248757479
19.99	0.4286460654218707
20.0	0.7284348924052071
