10.01	9.401125785454786
10.02	9.407517344150373
10.03	8.538297279890607
10.04	9.231776685678636
10.05	8.433634055566134
10.06	8.460710868714605
10.07	6.525897072654885
10.08	7.954020306512082
10.09	6.360694084860635
10.1	6.25645761255057
10.11	5.288290666501525
10.12	5.367633441290186
10.13	5.95548291626538
10.14	4.718930673371145
10.15	4.857610224437988
10.16	3.5813501913484043
10.17	4.648441767572536
10.18	3.9123559375751644
10.19	3.9122392746030967
10.2	3.321059259432698
10.21	3.4935675233835624
10.22	3.800512111620434
10.23	1.8216666796152707
10.24	2.546120489097695
10.25	1.5385990064929735
10.26	2.2691539704278374
10.27	1.7593996385092736
10.28	2.032765549482581
10.29	2.791953855586209
10.3	1.8867492498845329
10.31	2.0028301014975356
10.32	2.4644759265111684
10.33	2.256396664133274
10.34	1.7933377784125746
10.35	3.1188994716909555
10.36	3.628333508662278
10.37	2.951331258872805
10.38	3.324058810715153
10.39	2.4764016265919953
10.4	4.305674131391259
10.41	3.7373762891169333
10.42	4.84930128944729
10.43	4.729433390216173
10.44	4.8497529969813735
10.45	4.015801471147231
10.46	5.5320340976479665
10.47	6.506852902510055
10.48	5.965103505205354
10.49	6.387558682304825
10.5	6.738648947237486
10.51	7.317475870147491
10.52	8.07848480744076
10.53	8.210584787681718
10.54	9.148991366797938
10.55	8.187466306966792
10.56	8.465459938300686
10.57	9.471085693167847
10.58	9.817608371271456
10.59	9.982100956657929
10.6	9.355862512795387
10.61	10.954339339015021
10.62	10.549713920042212
10.63	10.657556567438577
10.64	10.69278255577446
10.65	10.950461051451818
10.66	12.13253756279032
10.67	11.45181783293866
10.68	12.268277564059602
10.69	12.313757674941519
10.7	12.424264664960166
10.71	12.021710039211522
10.72	12.64570826404025
10.73	12.313091616704604
10.74	11.343775907990004
10.75	12.363089585347751
10.76	10.942611767975173
10.77	11.225688312151199
10.78	11.549448437221807
10.79	10.819289307372763
10.8	11.246228067612412
10.81	10.307516224364498
10.82	10.688962939858243
10.83	9.358464223665147
10.84	9.380533371793591
10.85	8.118935732935219
10.86	8.696743615677892
10.87	7.911452637229446
10.88	6.906373079718661
10.89	6.627046481105178
10.9	6.361260697278003
10.91	6.163384688816023
10.92	6.336428481615654
10.93	6.279773354793585
10.94	5.418300089168203
10.95	4.6730911097023915
10.96	4.289264003626297
10.97	4.2371061086317345
10.98	3.863414264467043
10.99	3.820404503280032
11.0	4.159343604109162
11.01	3.40769950857183
11.02	2.4589625133163917
11.03	3.149302349719886
11.04	2.6904112804257223
11.05	2.5295927090896937
11.06	3.3318783622696158
11.07	3.425901284022564
11.08	1.7870908748128354
11.09	2.187885074451679
11.1	2.7519744322903374
11.11	3.2384207618655294
11.12	2.7503782168373996
11.13	2.724606802132197
11.14	3.0036307381451195
11.15	3.807403545274307
11.16	3.902293715743722
11.17	3.4580230118208615
11.18	3.5664879012601096
11.19	4.451579748402626
11.2	4.095647348895518
11.21	4.672375919455062
11.22	4.4459937141998465
11.23	6.353942309872158
11.24	5.419828732906003
11.25	6.487719845193483
11.26	6.608542620048359
11.27	6.737157877915949
11.28	7.888668574337659
11.29	8.26865760820292
11.3	7.479103667339174
11.31	7.392112646550904
11.32	7.9147590511656905
11.33	9.38375982801671
11.34	8.777755494493753
11.35	10.84202299490014
11.36	10.24111883529698
11.37	11.537108841101599
11.38	11.259735595704129
11.39	10.695761174694765
11.4	11.698838171270557
11.41	11.02630785705955
11.42	12.047243141406707
11.43	12.539137069438937
11.44	12.55066286098902
11.45	11.984158981045457
11.46	11.920625313641056
11.47	11.7452099883361
11.48	11.833309163640624
11.49	11.919863305679723
11.5	12.139215062461593
11.51	13.120747374607364
11.52	11.720419892120374
11.53	11.46847996893474
11.54	11.20197432541666
11.55	11.838466581211543
11.56	11.77199527242152
11.57	10.878302503838231
11.58	10.618600613472674
11.59	9.344050533583708
11.6	9.32135288237257
11.61	9.098183448606328
11.62	8.99330170972294
11.63	8.499923162876945
11.64	7.39355765270327
11.65	7.489717194530911
11.66	6.1998354724464875
11.67	6.292026169793804
11.68	6.156944926757454
11.69	4.158803699978261
11.7	5.34342828177429
11.71	4.4421442536007065
11.72	3.841392160344671
11.73	4.556907878509702
11.74	3.1296742932684603
11.75	2.614050677846464
11.76	2.551567806846634
11.77	2.473010636850277
11.78	1.7719204576674807
11.79	1.858347086283974
11.8	0.7775530343894375
11.81	0.542157593682086
11.82	1.630896543822316
11.83	1.5082859034912535
11.84	2.313619915646287
11.85	1.261199711695349
11.86	1.9841780478839275
11.87	1.3784689238388568
11.88	1.2907368856266515
11.89	1.176390780818088
11.9	0.41985652446352695
11.91	1.0871935713563514
11.92	1.9122955115058367
11.93	1.6337321257787003
11.94	2.121900742236704
11.95	2.402222785474816
11.96	2.813230940356989
11.97	2.636872544900225
11.98	3.4965385523405255
11.99	3.4559395828356267
12.0	3.5320348749924166
12.01	4.683621814269938
12.02	5.525343477497325
12.03	5.194501549421407
12.04	4.386835094658135
12.05	5.554249442280506
12.06	5.365648835787696
12.07	6.183194719297344
12.08	6.54311355477369
12.09	7.721587733275076
12.1	7.235146831034915
12.11	7.8401096929297704
12.12	8.00267310925208
12.13	8.024455290404013
12.14	8.72909099786346
12.15	9.18198783235541
12.16	8.844720969434416
12.17	8.303506925347493
12.18	9.053999684714302
12.19	10.942068675337982
12.2	11.170669578845011
12.21	8.854773935347044
12.22	10.928042097342255
12.23	9.707662269715133
12.24	9.975760093371669
12.25	10.176291228792929
12.26	10.140802756118678
12.27	9.712002972400605
12.28	9.368663904882796
12.29	9.14303499868885
12.3	10.030090886298137
12.31	9.309723759842873
12.32	7.903098995551826
12.33	7.877393969916852
12.34	8.864068157305569
12.35	8.958705173544717
12.36	6.812606599188429
12.37	6.163461076625763
12.38	6.790003352766599
12.39	5.798883748672937
12.4	5.984156317921963
12.41	5.418639019997781
12.42	5.8527333752072055
12.43	5.1195953006748995
12.44	3.8570491928941166
12.45	4.00199190701007
12.46	4.300915521303283
12.47	3.5153416543031213
12.48	2.3807805051175417
12.49	2.594668821800567
12.5	1.602610416539934
12.51	0.9255840735273867
12.52	1.992455737034141
12.53	1.5250783841172628
12.54	1.4956996111678444
12.55	1.3414555565268569
12.56	0.09228512185253779
12.57	0.5620602067330155
12.58	0.505341787500446
12.59	-0.24107889027295426
12.6	-0.641064176189087
12.61	0.36923035264102566
12.62	0.3416229139302359
12.63	-0.12709426864574022
12.64	0.8391425278564857
12.65	0.8271462944284874
12.66	0.6794230051100489
12.67	-0.08654793466285893
12.68	-0.15138106204273238
12.69	-0.34825058933884545
12.7	0.2789003413008635
12.71	1.090344313421483
12.72	1.6105974966068015
12.73	2.560189904363643
12.74	1.8364194567690562
12.75	2.3982545069213717
12.76	2.7913939641956564
12.77	3.743941275402801
12.78	3.3761621378704203
12.79	3.6965157980345564
12.8	4.327511638523165
12.81	4.6829413972818195
12.82	4.807893772062071
12.83	6.06308888235668
12.84	6.125970339983627
12.85	6.4375035976736115
12.86	7.317083827573043
12.87	6.468020196346476
12.88	7.401738622860945
12.89	7.860338153836486
12.9	8.492194237521492
12.91	8.857037548116384
12.92	8.427034465323135
12.93	9.05474925591616
12.94	9.481570386431459
12.95	9.848700954952148
12.96	10.100965903617167
12.97	9.37529134567982
12.98	10.167554491424074
12.99	10.827486512271205
13.0	10.316821772469352
13.01	10.826402817797884
13.02	10.246056828123226
13.03	10.844892444331204
13.04	10.661336024850923
13.05	10.917785096114752
13.06	9.806846894732885
13.07	9.950301341507707
13.08	9.626090782567394
13.09	9.83081834456587
13.1	9.181429001305055
13.11	8.783168451784226
13.12	9.47177003117743
13.13	8.073505471856844
13.14	8.18698667352482
13.15	7.3341895337316165
13.16	7.207935272826864
13.17	6.802735907060313
13.18	6.344010751057612
13.19	5.844246136038075
13.2	5.139684178821575
13.21	4.573973505259248
13.22	4.716287599580136
13.23	5.788485740684507
13.24	4.9777316606689785
13.25	3.9358740698790027
13.26	4.04683081406651
13.27	3.1428553228643086
13.28	3.2921313935479914
13.29	3.070890303064364
13.3	3.546120357217232
13.31	2.425624044160238
13.32	2.3781384470939515
13.33	1.2202512372209577
13.34	2.483845463307159
13.35	0.7404044276428825
13.36	1.8996507670947427
13.37	1.2972463592381192
13.38	0.5865697763866495
13.39	1.751508160100805
13.4	0.6835960765209464
13.41	1.8783814854070755
13.42	1.9373909102449667
13.43	1.8552007203735277
13.44	1.1894331599735564
13.45	2.240419111605089
13.46	0.885193589776176
13.47	2.091049705089769
13.48	2.782773371888277
13.49	2.713466554286954
13.5	2.8390409783787494
13.51	3.6583488473758146
13.52	4.702303293030843
13.53	3.1458553149290207
13.54	4.058520236035648
13.55	4.948561918760633
13.56	5.345522491871036
13.57	4.628661039452636
13.58	6.697568017244302
13.59	7.242523038597812
13.6	6.554025919346228
13.61	7.331162761540382
13.62	7.644460505454986
13.63	8.066544064861347
13.64	7.886684365208365
13.65	8.1732384178662
13.66	9.264630811776145
13.67	8.370768349240153
13.68	8.891972925360644
13.69	8.612766915319096
13.7	10.003770776195209
13.71	9.458678055010381
13.72	9.72044435537011
13.73	8.767827809890946
13.74	10.135983423262022
13.75	10.58072411847234
13.76	9.706918467628666
13.77	9.621446096044526
13.78	9.030667777029109
13.79	9.76025647310816
13.8	9.57080082044056
13.81	8.486066718861373
13.82	8.657947161294535
13.83	8.678705846937294
13.84	8.331382888485836
13.85	7.821252395715832
13.86	7.9051124003438185
13.87	7.886883860177329
13.88	7.648253875064525
13.89	6.996971521128553
13.9	5.823852795618661
13.91	7.19111232324063
13.92	5.761763608420905
13.93	5.5409372744459295
13.94	5.843580658742794
13.95	5.37593144369918
13.96	3.9740809258067
13.97	3.871623067104099
13.98	3.6533049330947542
13.99	2.838960304786345
14.0	3.32111310724397
14.01	2.4983825815322422
14.02	3.119159429746006
14.03	2.551580992595749
14.04	1.673958607555948
14.05	2.2132442826663437
14.06	2.0339083998475447
14.07	2.196074434258527
14.08	1.1832206693187717
14.09	1.6467515647624433
14.1	1.4691528878736502
14.11	0.5164935653790166
14.12	1.112061738262939
14.13	1.1175958491344606
14.14	1.5167467043045764
14.15	0.6982604654889236
14.16	1.9603484622427656
14.17	2.252067658071993
14.18	1.7897427362554856
14.19	2.7355734747038873
14.2	2.300577439923878
14.21	2.264518580733753
14.22	3.4986530233266127
14.23	3.2960875498021376
14.24	2.514735939695975
14.25	4.325409751348811
14.26	4.1533000313472455
14.27	4.237414758060307
14.28	4.35938401100122
14.29	5.414141197095709
14.3	5.106055878201818
14.31	5.824301866928721
14.32	6.2138092451719675
14.33	6.725671163758497
14.34	6.200928996693249
14.35	7.574818548563231
14.36	8.126195948838609
14.37	8.02898872715785
14.38	8.15008486020946
14.39	8.001812493216633
14.4	8.774956983790748
14.41	9.032790141991624
14.42	9.388477617220346
14.43	8.94236755560915
14.44	8.554108062868002
14.45	8.427098889738948
14.46	9.191868943676772
14.47	9.826135767319062
14.48	9.903831137710398
14.49	9.666650117639083
14.5	9.71331930926483
14.51	8.84848029546541
14.52	8.704216020275219
14.53	9.233512392643428
14.54	9.473661457086454
14.55	7.945262950104957
14.56	8.400377671124536
14.57	8.204484374407013
14.58	6.553123617409335
14.59	8.153554845017835
14.6	7.650176462957156
14.61	6.524468582565566
14.62	5.251888988442712
14.63	5.831866078161272
14.64	5.810394672838713
14.65	5.7345445482153705
14.66	5.639880366572481
14.67	5.064360713706978
14.68	4.945977895186598
14.69	4.500416607109606
14.7	4.228348876259441
14.71	2.8934065907506263
14.72	3.189224826021831
14.73	2.931273468281213
14.74	3.137855944709708
14.75	3.598359028672145
14.76	3.1172734273144185
14.77	2.599363233312552
14.78	0.5398421735751171
14.79	2.353231909497137
14.8	1.1139552374927062
14.81	2.070783867320942
14.82	1.362669175377625
14.83	2.26266321735612
14.84	2.227886323942738
14.85	1.8963398325103287
14.86	2.5338578098315683
14.87	2.8641031049409698
14.88	1.0781911049485504
14.89	2.544690062341422
14.9	1.630340908290174
14.91	2.13145888649594
14.92	3.792896097654233
14.93	3.3897973264960375
14.94	3.4711066853991666
14.95	5.042438449372431
14.96	4.468264742239433
14.97	4.761828148035357
14.98	4.633205132697727
14.99	4.856318264077529
15.0	5.352107745466051
15.01	6.278886450716302
15.02	6.322630819255226
15.03	7.2653707542573445
15.04	8.939398968998564
15.05	7.0063814784376515
15.06	8.671006612381975
15.07	8.512328224842594
15.08	9.103755957619343
15.09	8.711472121425592
15.1	9.301053334002145
15.11	9.678480608617319
15.12	9.493410752261935
15.13	10.653490460738796
15.14	9.274196204627431
15.15	10.686436238743093
15.16	11.722863908700099
15.17	10.002668068034591
15.18	9.808168011445094
15.19	11.1964411107325
15.2	10.901130778329792
15.21	10.76172481516855
15.22	11.391556327739199
15.23	10.495875924566171
15.24	10.688286304295879
15.25	11.302122998262522
15.26	10.765548704975057
15.27	10.9704040168897
15.28	10.45018566535656
15.29	10.708827993957813
15.3	10.385520669248022
15.31	10.188685789072226
15.32	9.732755234105916
15.33	10.129314844136795
15.34	9.192539969875384
15.35	10.21915854379417
15.36	8.717990851539367
15.37	9.411545973084069
15.38	8.78611963049328
15.39	8.859580519210102
15.4	8.361642977008852
15.41	7.733166644699271
15.42	8.143582969984912
15.43	8.014043446473128
15.44	7.318586419765292
15.45	7.620687936568942
15.46	6.626794800333636
15.47	6.743019679785964
15.48	5.860658197815976
15.49	5.534960984520453
15.5	4.9481328547143235
15.51	5.604061974909448
15.52	3.6104433147803676
15.53	3.418703404741237
15.54	2.808156478626087
15.55	3.2241230752409273
15.56	1.8646052351762823
15.57	2.6440146442453134
15.58	2.1790221994032106
15.59	1.2240102919440852
15.6	1.7325024623603629
15.61	1.229507428902132
15.62	0.5516564703891718
15.63	0.82887569630291
15.64	0.743017279557301
15.65	-1.0540680562704692
15.66	0.461788410391742
15.67	-0.04379811585350155
15.68	0.32579065144775143
15.69	0.7067132081622409
15.7	0.41634279157662496
15.71	-0.07223018386737932
15.72	-0.6660994781985575
15.73	-0.5171264262678373
15.74	0.1818505504425331
15.75	-0.48784060205252766
15.76	-0.46348497976162795
15.77	0.325597881189774
15.78	1.0412010664522129
15.79	1.2171311436105992
15.8	1.687544998196004
15.81	0.9149600700497577
15.82	1.9021525088718987
15.83	2.0938004303783035
15.84	2.654028056004539
15.85	3.926899222815577
15.86	3.0916728817990573
15.87	3.8762850939662625
15.88	4.283332216047046
15.89	4.145090783858543
15.9	4.208127593352482
15.91	4.749490248500244
15.92	4.635858881724854
15.93	5.119578235045126
15.94	6.483087449775459
15.95	6.878880343048661
15.96	6.670994975683955
15.97	6.225424108939847
15.98	7.94432348807382
15.99	7.940321779180944
16.0	8.188713498377497
16.01	8.512751102549071
16.02	8.471859485406997
16.03	8.208097519104287
16.04	8.771396837903016
16.05	8.838785110000176
16.06	8.108868675706088
16.07	8.432996821147189
16.08	8.682159674062872
16.09	9.454836511450063
16.1	9.732153128940281
16.11	8.71185763570288
16.12	9.727430741328043
16.13	9.69513475040061
16.14	8.398672428438791
16.15	8.560539113641306
16.16	8.727178735422282
16.17	8.427008894019266
16.18	7.1825289727554615
16.19	8.41456471373482
16.2	8.20610159896821
16.21	8.078978474840032
16.22	7.1211410745557915
16.23	7.257112189390793
16.24	6.810941540681192
16.25	6.125623357189766
16.26	5.358301140958584
16.27	6.067134089074348
16.28	5.612905697597908
16.29	4.72480532220225
16.3	4.697582712872144
16.31	4.0599564758179305
16.32	4.20970484717487
16.33	2.9637916356358116
16.34	3.757193577402343
16.35	2.7417820209205033
16.36	1.8551987480834735
16.37	2.4987577678315107
16.38	2.7883022101473007
16.39	2.2328328812861877
16.4	1.6171356898358646
16.41	1.201977895327495
16.42	1.0801285848466817
16.43	1.4693267157234677
16.44	0.853645487460027
16.45	0.5693459629127544
16.46	0.7157893244487715
16.47	1.1750290285480778
16.48	1.2668678176305628
16.49	1.8636267489404035
16.5	1.9395089277722348
16.51	1.4837567700431222
16.52	1.1521741554663265
16.53	2.0171470097677386
16.54	1.7167609189451587
16.55	2.4549525749213834
16.56	2.985542046337166
16.57	2.954086796974688
16.58	2.7997053020621587
16.59	3.415819544646811
16.6	3.91903262761572
16.61	4.276806929653933
16.62	4.180834139748738
16.63	5.48242230205055
16.64	5.140421924906906
16.65	5.969178225957399
16.66	5.6222366499468155
16.67	6.524835715207662
16.68	6.327281035493244
16.69	7.52348138926173
16.7	7.519956605704362
16.71	7.158672913250455
16.72	7.765627930755875
16.73	8.445070896984944
16.74	8.62976637527921
16.75	8.725249235350786
16.76	8.544711967211455
16.77	9.758770841972343
16.78	9.850089658449162
16.79	9.251121825521782
16.8	10.771802154746323
16.81	11.1721585588553
16.82	9.951796741147854
16.83	10.833534139680362
16.84	9.968361132635726
16.85	9.638176775425567
16.86	10.69840107443397
16.87	9.258117137454871
16.88	9.66721506031569
16.89	9.324631357263044
16.9	10.20994866174011
16.91	9.029953772959779
16.92	9.325888654906974
16.93	8.418673968465718
16.94	9.033485405465436
16.95	8.898279824865833
16.96	8.567967367532022
16.97	6.769525498040169
16.98	6.667625705108673
16.99	6.514121167150573
17.0	5.904434979920027
17.01	5.935542921271687
17.02	5.509548469196521
17.03	5.524551971255492
17.04	4.956722305779425
17.05	4.521035561540695
17.06	3.407322572810792
17.07	3.6783556637745565
17.08	3.8125578217857323
17.09	3.8102477545698212
17.1	2.7163414781819846
17.11	3.710774392859257
17.12	2.92145542485629
17.13	2.76535696707633
17.14	1.6275909053577704
17.15	2.258716383031698
17.16	1.9285468866390552
17.17	2.601300576426363
17.18	2.4092826961631135
17.19	1.9397402126920065
17.2	2.4862458937704366
17.21	2.1262418271615418
17.22	1.458910157877863
17.23	1.7929644426366969
17.24	2.3392526699917893
17.25	2.1366244520002993
17.26	1.5521092359677242
17.27	2.365298014747171
17.28	2.846084029782404
17.29	2.5004825997563827
17.3	3.714076047908687
17.31	4.01156066722674
17.32	3.914080874522441
17.33	3.905008608993076
17.34	4.343852847065961
17.35	5.407756834311114
17.36	7.519775546347329
17.37	5.836180120428203
17.38	6.242221060135344
17.39	7.25285417278776
17.4	6.6994796526284235
17.41	6.643859597546689
17.42	7.996748095699897
17.43	7.678829688477818
17.44	7.980206949352569
17.45	8.545618898271478
17.46	9.190327569438617
17.47	8.566383154262505
17.48	9.866147994907418
17.49	9.660512851676636
17.5	9.870207600321033
17.51	10.152610556197551
17.52	8.971129294499821
17.53	10.717756248318429
17.54	10.955899929060669
17.55	10.996203251977066
17.56	11.067394476935428
17.57	10.03990561034708
17.58	10.950216073120924
17.59	10.222957530939096
17.6	11.268600255434654
17.61	10.197708825586535
17.62	10.184694085224708
17.63	9.066803732272477
17.64	9.42203888773005
17.65	8.759550272045132
17.66	8.293061708031587
17.67	7.381444732109816
17.68	7.708553173692977
17.69	7.36406968293089
17.7	5.975932812676665
17.71	6.242070488509164
17.72	5.25622954380513
17.73	6.953111624968237
17.74	5.870346492703909
17.75	5.6530813838889
17.76	4.168356784182037
17.77	3.690199866587355
17.78	4.028931561731988
17.79	4.524131831225478
17.8	3.8254084938526702
17.81	2.551821211449884
17.82	2.873836809698181
17.83	2.387629410296278
17.84	1.3423141535930845
17.85	1.0384879614936677
17.86	1.3347843057834305
17.87	1.587226862292874
17.88	1.0312922341388346
17.89	1.9862683243595756
17.9	2.502753028710476
17.91	1.4372345597715297
17.92	0.3969056617395641
17.93	1.5169572033907954
17.94	1.3185443467301252
17.95	0.665288081277924
17.96	1.6216841149264547
17.97	2.281037934430587
17.98	1.01267722714045
17.99	1.4650798691150775
18.0	1.0265348513842585
18.01	1.7923731298185863
18.02	0.9168000499824754
18.03	2.818382786919153
18.04	1.1736296433787066
18.05	3.541066077482001
18.06	2.8187350687516406
18.07	3.577807441330936
18.08	4.575260240798478
18.09	4.068389133102637
18.1	4.998681464898049
18.11	5.145486308866051
18.12	4.932494410664835
18.13	5.128958891390931
18.14	6.853321513454136
18.15	6.565823975930538
18.16	6.390158530323571
18.17	7.179345975223159
18.18	6.9723492805685785
18.19	7.272398876344971
18.2	8.302974557574787
18.21	7.7589412732088485
18.22	8.250845540130607
18.23	9.469876988317418
18.24	8.565773277178305
18.25	9.219991616751734
18.26	8.934840375410108
18.27	8.759846894645444
18.28	9.380381858713422
18.29	9.913872959869856
18.3	9.941576614576674
18.31	8.868490878675875
18.32	8.71162504966179
18.33	9.271990136245943
18.34	8.370614907137684
18.35	9.177923553164744
18.36	8.206661354492683
18.37	8.48830131640185
18.38	7.4696684938884985
18.39	8.085827925500462
18.4	7.615095715687449
18.41	8.052146166312696
18.42	6.882098852945667
18.43	5.931258225522971
18.44	7.569076533541767
18.45	6.04522039301763
18.46	5.596882127946674
18.47	5.1928515819193555
18.48	5.425553239028179
18.49	3.81788290929894
18.5	3.799216241719839
18.51	3.4420982554145443
18.52	4.046482939584341
18.53	2.3924128803004687
18.54	2.2397298154782943
18.55	2.3250784660339834
18.56	1.562446907694674
18.57	1.0781423316495133
18.58	1.4746868236350856
18.59	0.484513683600571
18.6	1.135349704780301
18.61	1.1665432045065394
18.62	1.3407632614177276
18.63	1.337630229787274
18.64	0.9767886000169568
18.65	0.46174647694681864
18.66	0.2958380585178345
18.67	0.6871948596545541
18.68	-0.8796598607992676
18.69	1.0116446019351593
18.7	0.6270906100787256
18.71	1.6289548124805027
18.72	0.888663983858289
18.73	1.4343390597711012
18.74	1.9135018001908977
18.75	2.0526214554490867
18.76	1.3031139659559088
18.77	2.029952170602069
18.78	2.5183704423936635
18.79	2.4990803429097674
18.8	3.815854663646117
18.81	3.856819351021985
18.82	3.2937632764841593
18.83	3.2575776035166677
18.84	4.344039011888228
18.85	4.79230589177499
18.86	4.970745582058132
18.87	4.858906727258312
18.88	5.500936477500354
18.89	6.235377395844808
18.9	6.798511274720232
18.91	6.820302722890176
18.92	7.843835317982505
18.93	6.685685622605764
18.94	7.239676015430563
18.95	7.752394510868615
18.96	8.937401274358457
18.97	8.70343598955291
18.98	9.244289587335796
18.99	9.086880650115821
19.0	9.334171620460834
19.01	9.478920710806163
19.02	9.132313848884925
19.03	9.62712947012249
19.04	10.20306106629392
19.05	9.262881584371062
19.06	9.698268220555425
19.07	10.089074102788599
19.08	9.857532042906517
19.09	10.083014150960427
19.1	10.803758337699664
19.11	9.952031712241224
19.12	10.315263652941868
19.13	9.5019902088929
19.14	9.025317891631996
19.15	9.536460067244045
19.16	10.738734407653599
19.17	8.257652541984704
19.18	8.957177561800103
19.19	7.673194855350531
19.2	8.350178683386172
19.21	7.099892121232934
19.22	7.964059074850376
19.23	7.578987086611167
19.24	7.512207864942088
19.25	6.144786417942468
19.26	6.808518229298435
19.27	6.913557304613873
19.28	5.7025157755710305
19.29	4.486076997122002
19.3	4.0825423942692645
19.31	3.973613863850344
19.32	3.9198390164588837
19.33	3.9595995029459896
19.34	2.4520942035440085
19.35	3.8983586035808724
19.36	3.194188402598655
19.37	2.8720882131198944
19.38	2.088888584995898
19.39	2.3341895329403184
19.4	3.3875987865982435
19.41	2.6053103185906914
19.42	2.7717556161352412
19.43	2.285044218176912
19.44	2.8794353976965805
19.45	1.5772228380876485
19.46	3.6747032974024343
19.47	2.662762336500743
19.48	3.0882084748242193
19.49	3.299898204392219
19.5	3.880493217436255
19.51	3.8550372897015066
19.52	3.88719088215454
19.53	4.193767468160681
19.54	4.610761156831619
19.55	4.395404084509544
19.56	3.8004154646488355
19.57	5.3585028909239885
19.58	5.651199420670894
19.59	6.097801277850035
19.6	6.473080904935914
19.61	6.773662021295535
19.62	7.833070538172611
19.63	7.306371847552249
19.64	8.012456597935714
19.65	8.236512017097315
19.66	8.803722028882326
19.67	8.70268055730948
19.68	9.319358414349676
19.69	9.783232290986303
19.7	10.37599060691407
19.71	10.823580066438094
19.72	10.133277218052605
19.73	11.172680875546062
19.74	11.18948362560029
19.75	10.860767914878101
19.76	11.340484285801692
19.77	11.489499934150832
19.78	12.223478910350249
19.79	11.657327533960107
19.8	12.108922792130635
19.81	11.856799739604831
19.82	12.290298091288918
19.83	12.428744169440426
19.84	11.65458618811035
19.85	11.643685521940492
19.86	12.451732875478985
19.87	11.527434232473137
19.88	11.77912719863425
19.89	10.352434270222531
19.9	11.704536602830265
19.91	10.875845406297328
19.92	11.99924824774116
19.93	10.310417006256776
19.94	10.346294358485002
19.95	9.631418069211017
19.96	8.998986582805497
19.97	9.343299874104835
19.98	9.2628812550244
19.99	7.933348921619115
20.0	7.084131903446381
