10.01	29.61469296174134
10.02	29.03510168568068
10.03	28.54890930217882
10.04	27.870890945976495
10.05	27.75393509505209
10.06	26.972800642226265
10.07	26.532376598524486
10.08	26.44679749785237
10.09	25.394289370619813
10.1	24.776363285899123
10.11	24.125840911722076
10.12	23.79572098189223
10.13	22.825249644798458
10.14	22.309480332958177
10.15	21.227686134155025
10.16	20.955367952000014
10.17	19.247323692068452
10.18	18.839041925157055
10.19	18.28489722759019
10.2	17.118560942167036
10.21	16.82655161736813
10.22	15.726055894273795
10.23	14.897775523246398
10.24	14.634182272088674
10.25	13.467196441696176
10.26	12.54058032329428
10.27	11.65187994180454
10.28	11.835147778621906
10.29	11.00868638432286
10.3	9.54686603884175
10.31	9.884768505437359
10.32	9.199414810033549
10.33	8.4170819493117
10.34	7.911075406242687
10.35	7.1785319148839655
10.36	7.476723554840273
10.37	6.920382212322324
10.38	6.975807518347581
10.39	6.171887860580738
10.4	5.510169529774462
10.41	5.163805126613473
10.42	4.875106302639446
10.43	4.403880439505226
10.44	4.784418100643796
10.45	4.562867297625519
10.46	4.103246240701564
10.47	3.7807219140813206
10.48	3.9321337837133403
10.49	3.597198500013801
10.5	3.538189712790157
10.51	3.3682258504282228
10.52	3.8240565027384035
10.53	3.4259475101556762
10.54	3.147934890516969
10.55	3.6286443453783104
10.56	3.619578172066451
10.57	3.7054129432414844
10.58	4.1708443283077
10.59	3.770906785916303
10.6	3.785919985175683
10.61	4.344251095158137
10.62	4.997590761353593
10.63	4.8079915393938375
10.64	5.4852482241895855
10.65	5.622821494691662
10.66	5.990309051294158
10.67	6.188852657148403
10.68	7.3513856515806735
10.69	7.5588488625256
10.7	8.263948586626084
10.71	8.703285653580895
10.72	9.238561371060333
10.73	10.225878521116915
10.74	11.352409373015131
10.75	12.212083971839414
10.76	12.715976307601183
10.77	13.483610081356929
10.78	14.077253110067176
10.79	15.185859324015775
10.8	15.779231253644546
10.81	16.457663351411632
10.82	17.512442289479992
10.83	18.41850079094024
10.84	18.9881068485427
10.85	19.836449801178077
10.86	20.899576881930706
10.87	21.634453507311715
10.88	22.369601207631206
10.89	22.871770270942392
10.9	24.055333038257416
10.91	24.11463666547625
10.92	24.815224190113756
10.93	25.717431757408537
10.94	26.563464853962586
10.95	26.63633632351045
10.96	27.07785044690138
10.97	26.886382601490787
10.98	27.840297741796178
10.99	28.39067344730399
11.0	28.750826795749713
11.01	29.227251618901903
11.02	29.094463876220285
11.03	29.65207498916059
11.04	30.05704488859553
11.05	29.95268989005285
11.06	30.26406004977081
11.07	30.71010541962734
11.08	30.492002230140262
11.09	30.25775567221046
11.1	30.689400938341198
11.11	30.405122375556374
11.12	30.515256738654998
11.13	30.44058569865754
11.14	30.436582211571263
11.15	30.15713611309174
11.16	30.244914949986587
11.17	29.71834805875508
11.18	29.792846523607945
11.19	29.047038422591946
11.2	28.682149006977273
11.21	28.913519700930728
11.22	28.664085727814292
11.23	27.867507689809596
11.24	27.89565213731587
11.25	26.762266864329806
11.26	26.229424045910804
11.27	25.486002672650528
11.28	25.630413930347004
11.29	24.913859875324857
11.3	24.224737333270557
11.31	23.41436619855894
11.32	22.41948499781625
11.33	22.07321752876364
11.34	21.350290919959363
11.35	20.634003540613122
11.36	19.312973929056856
11.37	18.99483931162272
11.38	18.10790641678225
11.39	17.436594175169432
11.4	16.7488661255066
11.41	15.609960258489867
11.42	15.08155507005568
11.43	14.826089943506643
11.44	13.74360555786303
11.45	12.269655198828783
11.46	11.57832323131527
11.47	11.056976894265613
11.48	11.37123874880227
11.49	10.034496294506347
11.5	9.242601777604609
11.51	8.248742714610051
11.52	7.969136014506991
11.53	7.527059105918894
11.54	7.0910883489511765
11.55	6.274898792361673
11.56	5.6977919701271365
11.57	5.348180806596897
11.58	5.193176379187697
11.59	4.54006031319148
11.6	4.456306683807612
11.61	4.083555987487015
11.62	3.6407129880050624
11.63	2.6495217721841855
11.64	2.876428882943713
11.65	2.61191101586303
11.66	2.40066652400462
11.67	1.9779762738129838
11.68	2.3028319916608826
11.69	1.18189890181974
11.7	1.182785864712095
11.71	1.2542639863357588
11.72	0.7279210714086051
11.73	1.1388034864252587
11.74	0.7079542537658549
11.75	0.6874731792327053
11.76	1.1734485431828618
11.77	0.6468529111871898
11.78	0.6791638651410464
11.79	1.2642134908393836
11.8	0.6644219632443079
11.81	0.5544241820618294
11.82	0.9517783213230472
11.83	0.6539724765001899
11.84	1.0385546320664243
11.85	1.2711537663164756
11.86	1.2896080934176313
11.87	0.8180428400631793
11.88	1.67445643510761
11.89	1.9492576261214463
11.9	1.626858928835094
11.91	2.384360317833068
11.92	2.520996447516811
11.93	1.9898968909949963
11.94	2.2291748594046092
11.95	2.675800790837849
11.96	3.37211995490081
11.97	3.760126801043095
11.98	3.4923237491436474
11.99	4.453312014138203
12.0	4.992397753356965
12.01	5.123942775020829
12.02	5.6532940084107155
12.03	5.950867654008425
12.04	6.71736875981327
12.05	7.797065532150848
12.06	8.253038237075131
12.07	8.594471975073315
12.08	9.429553417312283
12.09	10.192552686260864
12.1	10.9468118864574
12.11	11.105644669623823
12.12	11.702417671486442
12.13	12.796087234273433
12.14	14.011458617800002
12.15	14.846219335013252
12.16	15.542110423359045
12.17	16.226664953007187
12.18	16.848618921338307
12.19	17.645798259051453
12.2	18.184654178626047
12.21	18.934964686011863
12.22	19.500485680954526
12.23	20.319473185410178
12.24	20.91536001376379
12.25	22.12130384752255
12.26	22.08985147336906
12.27	22.970595577988256
12.28	23.515680956303612
12.29	23.824840648695925
12.3	24.32400101999318
12.31	24.815993914211116
12.32	24.910820971422904
12.33	25.89808361412912
12.34	26.323075045244394
12.35	27.071815142936213
12.36	26.304288998010215
12.37	27.229697802603237
12.38	27.68210897065051
12.39	27.853390528906374
12.4	27.772946068634347
12.41	27.412222962232143
12.42	28.350095671104683
12.43	28.379177572807322
12.44	28.762504315967654
12.45	29.15778512259925
12.46	29.04729830986675
12.47	29.396425292589306
12.48	29.29479811435829
12.49	29.250670253431366
12.5	29.327184393685247
12.51	29.26763470108211
12.52	29.055117454921195
12.53	29.833863834116816
12.54	29.40237947933029
12.55	29.275111656606015
12.56	29.22688538177422
12.57	29.34575226395698
12.58	29.73698920592717
12.59	28.921154559727213
12.6	29.226836973093025
12.61	29.741058698008867
12.62	29.03449850343003
12.63	29.408283123227324
12.64	28.821661361444903
12.65	29.38517891157138
12.66	28.756232481510754
12.67	28.385587005373342
12.68	28.11595363273484
12.69	27.89016066476475
12.7	27.642092412505647
12.71	27.475569020783198
12.72	27.559760360237295
12.73	27.511080778920768
12.74	26.84429789661467
12.75	25.963207865923067
12.76	25.959697391462225
12.77	25.343484069247577
12.78	24.37770302010516
12.79	24.490767763076807
12.8	24.30014025134881
12.81	22.878308733169852
12.82	22.895754121500588
12.83	22.118353906723215
12.84	21.94940900144283
12.85	21.2676842660142
12.86	20.288875515174784
12.87	19.770711302134437
12.88	19.125602558110344
12.89	19.004416670676715
12.9	17.698058597232325
12.91	17.396841647722237
12.92	16.57976449352406
12.93	16.368764659965652
12.94	15.442278434080569
12.95	14.755324602340888
12.96	14.169883590295694
12.97	13.845125640331933
12.98	12.584184455446655
12.99	12.161892618699715
13.0	11.102917358301516
13.01	11.243480609105765
13.02	10.560970312013403
13.03	10.752260397589547
13.04	9.754669098822353
13.05	9.340308161791352
13.06	8.952081680349373
13.07	8.283638828572087
13.08	7.7055082887175645
13.09	7.541034639896416
13.1	6.992838032145175
13.11	6.658357027286468
13.12	6.5660531746283635
13.13	6.203101842303707
13.14	6.049548838001024
13.15	5.236885669094049
13.16	5.430159405435891
13.17	5.2084198889651185
13.18	4.619769560902157
13.19	5.117316985332187
13.2	4.682576279598096
13.21	4.447892687769415
13.22	3.8818995590313317
13.23	4.0267806746708015
13.24	4.141678587207783
13.25	4.559084065502777
13.26	4.395181508961765
13.27	3.6686772749053094
13.28	3.9821612146471193
13.29	3.813839260110275
13.3	3.6955777307076647
13.31	3.975120332132993
13.32	4.434351653559406
13.33	4.419351305463747
13.34	4.139529007856552
13.35	3.781094059774759
13.36	4.484305826284193
13.37	4.486168586346484
13.38	4.436482564751674
13.39	5.409769509199068
13.4	4.807914809595913
13.41	5.175853693804469
13.42	5.8782592365114255
13.43	5.353159901615392
13.44	6.637721545723213
13.45	6.522785394518746
13.46	6.6917626846822404
13.47	7.58261456950425
13.48	7.6721128410213355
13.49	8.224174557792765
13.5	8.277780068509575
13.51	9.213697886700078
13.52	9.547689777610547
13.53	9.963434702273975
13.54	10.837517134314893
13.55	11.133118141329813
13.56	11.235754860845848
13.57	12.151736569325848
13.58	12.711852353323698
13.59	13.168461891425615
13.6	13.864848236572044
13.61	14.117931939397515
13.62	15.483792057082699
13.63	15.593597048752757
13.64	16.24117532143355
13.65	16.704000624592492
13.66	17.39537653028669
13.67	18.58007678566412
13.68	18.940106830752875
13.69	19.159416967029575
13.7	19.99810302535234
13.71	20.328609480372698
13.72	21.16761397131858
13.73	21.848658266503367
13.74	21.2119819669267
13.75	22.202463838465793
13.76	22.582418669079008
13.77	23.13964123043894
13.78	23.72289871977286
13.79	23.721680450920044
13.8	24.60298920448228
13.81	24.521811576661232
13.82	24.67466921547075
13.83	25.105754774266916
13.84	25.68973430696444
13.85	25.614532284491098
13.86	25.57632760060666
13.87	26.025920263285077
13.88	26.78776268937393
13.89	26.474934718961734
13.9	26.779355389809226
13.91	26.37730462681788
13.92	26.581505517726164
13.93	26.557420643685095
13.94	26.878059727891543
13.95	26.853783579905873
13.96	27.249820679813116
13.97	26.734225402652797
13.98	26.634346469224475
13.99	26.535967616242097
14.0	26.58839770987539
14.01	26.72138405111003
14.02	26.195476985018935
14.03	26.678644523250526
14.04	26.45442033939984
14.05	26.40265314144861
14.06	26.140013631686113
14.07	26.303002232878757
14.08	26.391566570099705
14.09	26.159706564026294
14.1	25.673316530039926
14.11	25.691098450128003
14.12	25.048737470290668
14.13	25.10416072957844
14.14	24.469075094790853
14.15	24.18566460501566
14.16	23.627985354888388
14.17	24.05607328520885
14.18	23.562225129852767
14.19	23.143035297142717
14.2	22.266740027975793
14.21	21.839077804934046
14.22	21.65526966230622
14.23	20.576200130265452
14.24	20.916506743503113
14.25	20.176569908478896
14.26	19.29290120596351
14.27	19.071805615558944
14.28	18.640033619150568
14.29	17.994537488146136
14.3	16.801468389994493
14.31	16.251737498860454
14.32	15.648795857810397
14.33	14.58480216378889
14.34	14.173119920781565
14.35	13.582938496428623
14.36	13.247333561124277
14.37	12.68852255733187
14.38	11.37859913674929
14.39	10.839832203203063
14.4	10.026866347151161
14.41	9.369642034761068
14.42	9.022753139611954
14.43	7.635439652983148
14.44	8.269313153441482
14.45	7.267408022533794
14.46	6.740262654720113
14.47	5.870782251257669
14.48	5.421245463965102
14.49	4.699042196207442
14.5	4.836741910173187
14.51	4.7866796390128785
14.52	4.219729104335531
14.53	3.6497106512445363
14.54	3.008145681598203
14.55	3.162833337452205
14.56	2.5202787507216224
14.57	2.537746470121842
14.58	2.382382874235207
14.59	1.7231383325271603
14.6	1.7156913906874156
14.61	1.4928778201378987
14.62	1.5301244403558265
14.63	1.9829946684554058
14.64	0.8280252820990989
14.65	0.9934645429029112
14.66	0.9580547098463955
14.67	1.060910733731847
14.68	0.9294736422253939
14.69	1.4084016339577996
14.7	0.737936411624232
14.71	1.4284774023522202
14.72	1.2367760123803369
14.73	1.4013440459978372
14.74	1.3205445809989884
14.75	1.5324781679107973
14.76	1.5211226709839432
14.77	2.2523333114877584
14.78	2.377496548765858
14.79	2.85607815024943
14.8	3.520235966896377
14.81	3.3916786027392822
14.82	3.9829866311601814
14.83	4.359110736638125
14.84	5.522117964244961
14.85	5.4671083278329204
14.86	5.466512683586638
14.87	6.2443438176587005
14.88	7.059727636386306
14.89	7.7637799875136855
14.9	8.507732094076067
14.91	9.07683477113004
14.92	9.580567778861552
14.93	10.764678270477608
14.94	11.05596103698756
14.95	12.072122285564111
14.96	12.867459405279968
14.97	13.572738762506969
14.98	14.399784340616181
14.99	14.764497433012254
15.0	15.941721305261346
15.01	16.36168052320365
15.02	17.50430796397138
15.03	17.741412294407073
15.04	18.78828748158971
15.05	19.338088447363273
15.06	20.332316580814027
15.07	20.453757528284388
15.08	21.883724378244228
15.09	22.06061623632642
15.1	22.418026778871173
15.11	23.149097274391444
15.12	23.343807248152608
15.13	23.910215231145422
15.14	24.855603377187975
15.15	25.032339356412468
15.16	25.763746473497747
15.17	26.217918172241006
15.18	26.23477257117128
15.19	26.683022568331893
15.2	27.26991645692865
15.21	27.026423882287194
15.22	27.059486607116863
15.23	27.19895191438687
15.24	27.241911192248995
15.25	27.712498831130148
15.26	27.68005569623143
15.27	27.66986083975049
15.28	27.728006097899904
15.29	28.17195639436988
15.3	27.99867111918377
15.31	27.854205692658216
15.32	27.868565110622367
15.33	27.662421849962737
15.34	27.855719635949207
15.35	27.595063774076284
15.36	27.699685570944492
15.37	27.7750110312954
15.38	27.539620307812307
15.39	27.019444176796238
15.4	26.7944865269653
15.41	26.374528462184944
15.42	25.92776770371597
15.43	25.72560033267354
15.44	25.316287624203568
15.45	24.947360088074813
15.46	24.43657802798444
15.47	24.18621192486677
15.48	23.660931278823043
15.49	23.269299075468638
15.5	22.360015627649418
15.51	21.960909191844838
15.52	21.095217206781335
15.53	20.626494205847113
15.54	19.29064818455212
15.55	19.350770247691944
15.56	18.097099724265824
15.57	17.34087504079045
15.58	16.28650210388144
15.59	16.347356990222522
15.6	15.423203017030827
15.61	14.575721574536498
15.62	13.911206651247424
15.63	13.152836581840576
15.64	12.476760898449323
15.65	11.160656516926561
15.66	10.979772664440478
15.67	9.815373354965114
15.68	9.48999362793725
15.69	8.960764234949886
15.7	7.822042805965446
15.71	7.126640233018109
15.72	6.316738874291375
15.73	5.81291370829516
15.74	4.929466847577148
15.75	5.16269602119402
15.76	4.44880878696061
15.77	4.623830699724704
15.78	3.5182824182131758
15.79	2.4335849285726994
15.8	2.8289089297281027
15.81	2.1746528066030084
15.82	2.0053337494242682
15.83	2.0339257305772183
15.84	1.5771061918227405
15.85	1.605293316050205
15.86	0.53926057447114
15.87	0.5815655205945074
15.88	0.3147881473103665
15.89	1.2800356325893487
15.9	0.7423604641149767
15.91	0.11137139109491956
15.92	0.2844668198392364
15.93	0.29004653907301275
15.94	0.07461383182347814
15.95	0.09487420534027215
15.96	-0.034113590100650994
15.97	0.36290726618605224
15.98	-0.19705206357823485
15.99	1.2228234662938686
16.0	0.9302859890786713
16.01	0.9774516449528166
16.02	1.027601491824899
16.03	1.5863285584050297
16.04	2.421038485132969
16.05	1.9493987808863014
16.06	3.098789823538698
16.07	2.998614776138975
16.08	3.755217841483982
16.09	3.985290562159899
16.1	4.632568338562977
16.11	5.317000834689947
16.12	5.352704358400681
16.13	6.188640833935565
16.14	7.116556544282665
16.15	8.101692248791837
16.16	8.591042018848501
16.17	9.99339121855881
16.18	10.069329922413642
16.19	10.60345101935529
16.2	11.603556425543552
16.21	12.784971606866705
16.22	13.226684860029897
16.23	13.924959905382714
16.24	15.076254131221205
16.25	15.689668112242222
16.26	16.157929709935072
16.27	16.98190194869587
16.28	17.72140499035101
16.29	18.63449400750915
16.3	18.98730495711471
16.31	19.65817628553328
16.32	19.746966284582278
16.33	21.07613852282852
16.34	21.824188490793738
16.35	22.21804265083013
16.36	21.99385642746024
16.37	23.09743616500499
16.38	23.97421386548658
16.39	23.867056098135414
16.4	24.344720213074556
16.41	24.852046670140773
16.42	25.246779331287318
16.43	25.391251918341904
16.44	26.01790785664355
16.45	26.395660778800337
16.46	26.859661367665275
16.47	26.83309225751065
16.48	27.21313556637379
16.49	27.228090788025447
16.5	26.97407761892442
16.51	27.559635169031715
16.52	27.676919124292336
16.53	27.943983183200586
16.54	28.014072906245055
16.55	27.737186217652354
16.56	27.74399781714875
16.57	28.7732074253642
16.58	28.201716141691072
16.59	28.209413519954072
16.6	28.05022159318868
16.61	28.420729978574354
16.62	28.242416867537514
16.63	27.820114608092133
16.64	27.312047271061967
16.65	27.782954972431344
16.66	27.16003295146488
16.67	27.377046822946795
16.68	27.23475632636803
16.69	26.71692317309288
16.7	26.71029454188896
16.71	26.226177471199563
16.72	25.761768130402295
16.73	25.711665807217397
16.74	25.10482305184131
16.75	25.082791564122914
16.76	24.266923037909603
16.77	23.621091899201094
16.78	23.44883375360025
16.79	22.703733002770004
16.8	22.228536563325008
16.81	22.18067918029295
16.82	21.105286894436016
16.83	20.79969371686355
16.84	20.314753289392506
16.85	19.371355476572973
16.86	19.387598026060182
16.87	18.719778248749126
16.88	17.70522979795354
16.89	17.294940573465123
16.9	16.55290250046205
16.91	15.853413767166298
16.92	14.88537178488818
16.93	14.819334028952298
16.94	14.038623437334374
16.95	13.476429871220313
16.96	12.786311408466005
16.97	12.039177155336318
16.98	11.058732767433586
16.99	10.860438090577329
17.0	10.602071994705055
17.01	9.89466067336224
17.02	9.495689626008863
17.03	8.870650046473429
17.04	8.619818384673394
17.05	8.066364016898824
17.06	7.348556781044734
17.07	7.13506552203476
17.08	7.3576135237830345
17.09	6.423512025162882
17.1	5.663875144837628
17.11	5.429420278015302
17.12	5.020704957667704
17.13	5.257553666962479
17.14	5.347242555293363
17.15	4.927309568009509
17.16	4.3056241534945885
17.17	3.847170243788213
17.18	3.922974987043039
17.19	4.030887471415185
17.2	3.511392044170035
17.21	3.916853061640593
17.22	4.050133427186658
17.23	3.748679864066191
17.24	4.192070731003776
17.25	3.4564400731049463
17.26	3.9074583326198007
17.27	3.3663610081147564
17.28	3.5858235979000583
17.29	4.076296275858246
17.3	4.109901907937327
17.31	4.00243443901679
17.32	4.802731870008661
17.33	4.102777354981813
17.34	4.895591197122002
17.35	4.904521605358961
17.36	5.249869816522591
17.37	5.760882929754821
17.38	6.076079229003292
17.39	6.555351507818277
17.4	6.860918846446288
17.41	7.723977065934709
17.42	7.861739552656729
17.43	8.179381455162472
17.44	8.652689493520159
17.45	9.202296054453619
17.46	10.030619301193562
17.47	10.641111425126573
17.48	11.271720193094541
17.49	11.694783042219719
17.5	12.586058921741198
17.51	12.618881898856708
17.52	13.729796299090347
17.53	15.137427917917748
17.54	15.297319917713557
17.55	16.111051553150087
17.56	16.80220158959688
17.57	16.861516730819396
17.58	18.188676044974848
17.59	18.66902131638507
17.6	18.618306144037888
17.61	19.95491751517307
17.62	20.413821542066042
17.63	20.948709636790408
17.64	21.89205477201528
17.65	22.078620662933805
17.66	22.991478213600683
17.67	23.57047471954357
17.68	24.022134990971917
17.69	24.456460928816053
17.7	24.976406335412864
17.71	24.816769796487918
17.72	24.85575817323937
17.73	25.431292529871016
17.74	25.82967257419367
17.75	26.45791094447728
17.76	26.51453113359396
17.77	26.44375986376611
17.78	26.673127671939227
17.79	26.82525927364198
17.8	27.326283362193582
17.81	27.806540287739267
17.82	27.410557984903225
17.83	27.758536312444072
17.84	27.659043264499616
17.85	27.825341864637664
17.86	27.017706907404605
17.87	26.891873682627033
17.88	27.304903181893064
17.89	27.42554111955326
17.9	27.012072082360376
17.91	26.718569650206586
17.92	26.246947634036466
17.93	26.56981359126978
17.94	25.859348121647486
17.95	25.449012612957056
17.96	25.452710529758313
17.97	24.26688375074531
17.98	23.948426775380963
17.99	23.343180352702035
18.0	23.33146006523592
18.01	22.1432498462908
18.02	22.009712351626085
18.03	21.39383699346614
18.04	20.406864817653936
18.05	19.505784691766916
18.06	19.216354989775525
18.07	18.342628967390883
18.08	18.08490048303444
18.09	16.38095291077252
18.1	16.422157153496354
18.11	15.643921537771275
18.12	14.972080655328622
18.13	13.668311438620181
18.14	13.719522426390487
18.15	13.328443725527501
18.16	12.377668166282303
18.17	11.749171517683845
18.18	11.431604123929898
18.19	10.722966304751953
18.2	10.232986028618724
18.21	9.466112619404585
18.22	9.077724470548356
18.23	8.151222183351532
18.24	8.15037245006228
18.25	7.753066835931182
18.26	7.250984718857999
18.27	7.256259232597449
18.28	6.6523030458180505
18.29	6.36367938011397
18.3	5.660222612214023
18.31	5.20023664390647
18.32	4.9971509977920725
18.33	4.8139918068910115
18.34	4.566269791453442
18.35	4.262436701759677
18.36	4.3972889631640495
18.37	4.711002260371248
18.38	4.146591952101234
18.39	3.949217103960446
18.4	3.959059166139568
18.41	3.889916284888235
18.42	3.906577849072306
18.43	4.072848519676165
18.44	3.811133755646244
18.45	4.033593428025733
18.46	3.172914113401
18.47	3.601657927091568
18.48	3.962392561631598
18.49	3.979865448442667
18.5	3.765938337328638
18.51	4.185256796129659
18.52	4.401956376565594
18.53	4.065276171129363
18.54	5.078779892779036
18.55	5.302393042840183
18.56	4.974087940119701
18.57	6.3220827596363645
18.58	6.77191422746949
18.59	7.3443608491956045
18.6	7.506560216050957
18.61	8.175888784507965
18.62	8.785518042206636
18.63	9.007104895524114
18.64	9.925986620728919
18.65	10.822648309724327
18.66	10.747141776448498
18.67	12.03700683153671
18.68	13.56295313248478
18.69	13.11983770511172
18.7	13.611935291339105
18.71	14.91100080837043
18.72	16.4262988633865
18.73	16.79428405994149
18.74	17.998751857258167
18.75	18.454796245600434
18.76	19.58734804790095
18.77	19.485820173032476
18.78	19.85669473673448
18.79	21.002110745706936
18.8	21.619881506512044
18.81	22.005158957959065
18.82	22.538866874405215
18.83	23.443534316297377
18.84	23.766908410938996
18.85	24.516232543107197
18.86	25.45902879188548
18.87	24.95388741139813
18.88	25.686522607326257
18.89	25.81669868852196
18.9	26.355442704436843
18.91	26.403065123506927
18.92	26.386789070019827
18.93	27.099252509498328
18.94	27.612736971178926
18.95	27.148831726977402
18.96	27.927975096770417
18.97	27.926860643020802
18.98	27.612933209153944
18.99	27.47332948630361
19.0	27.2713199187018
19.01	27.657651682287142
19.02	28.013009302584347
19.03	27.554261574431305
19.04	28.070510573755286
19.05	27.731767321828148
19.06	27.136201664581495
19.07	27.346905182185985
19.08	27.14465538916476
19.09	27.082210314538408
19.1	26.15939936337056
19.11	26.264243182395134
19.12	26.044808170003453
19.13	25.896686642519914
19.14	25.413787660704568
19.15	24.632615943202513
19.16	24.786999019394226
19.17	24.26691508887671
19.18	23.26293744729531
19.19	23.163663342123613
19.2	22.924293043497503
19.21	21.74542778683548
19.22	22.043765365805235
19.23	21.036314713689762
19.24	20.60479544406394
19.25	19.23953635496413
19.26	18.709205320305752
19.27	18.385123473373618
19.28	17.98163317562147
19.29	16.474717754576645
19.3	16.26337952751262
19.31	15.767331927940093
19.32	14.748599507971004
19.33	14.017186544980989
19.34	13.709836581701431
19.35	12.478825982175167
19.36	12.117755704365695
19.37	11.122410358500177
19.38	10.788550952203517
19.39	10.098598456460792
19.4	9.377593295799965
19.41	8.285894474236114
19.42	7.920775245890673
19.43	7.363263340904149
19.44	6.610695451952854
19.45	5.876730074732978
19.46	5.518996224334627
19.47	5.040181954395631
19.48	5.13795536556157
19.49	4.2393591214774275
19.5	4.171617136837577
19.51	3.533204829743779
19.52	3.1598486194728195
19.53	2.4983587396146296
19.54	2.7879545369608367
19.55	1.8782592085259813
19.56	1.921991718317369
19.57	1.4956685730362742
19.58	1.6578293407484788
19.59	1.27035635075809
19.6	1.5429991655864352
19.61	0.973334148573421
19.62	0.8774999959971824
19.63	0.660744992951704
19.64	0.5614793422805693
19.65	0.10631611835478359
19.66	0.6200729858411637
19.67	0.212997435069821
19.68	0.25079132772390267
19.69	0.007783213496207079
19.7	0.4337913973943279
19.71	0.25304551261071206
19.72	0.7348781467973775
19.73	1.3754358951939814
19.74	0.5001234796022156
19.75	0.8336587572999181
19.76	1.2361081439958737
19.77	1.3768843091880756
19.78	1.3283773172929034
19.79	1.3828855918724767
19.8	1.6607137324103265
19.81	2.020544930511659
19.82	2.6117848089620614
19.83	2.517132134946312
19.84	2.847710314033147
19.85	3.254895325176528
19.86	3.8806524839917476
19.87	4.470909657474572
19.88	4.554588658169084
19.89	4.848377582097146
19.9	5.748027943969408
19.91	6.220143126216604
19.92	6.681973584935306
19.93	7.754795003882476
19.94	7.876582653641995
19.95	8.42015595554914
19.96	9.150120275338445
19.97	9.833064183629288
19.98	10.653082362947972
19.99	10.8086022658223
20.0	11.502189447241664
