10.01	0.5771145721313471
10.02	0.49645364602756936
10.03	0.2881593594247225
10.04	0.9644966958014354
10.05	0.8261766478126755
10.06	0.5122151501206302
10.07	0.8931454105517616
10.08	0.8917667357848691
10.09	0.31231497383057105
10.1	0.40421821917545986
10.11	0.6362669482046127
10.12	0.5427413584192371
10.13	0.7042810932192757
10.14	0.726130017633138
10.15	0.17992929235263155
10.16	0.7618460158730935
10.17	0.5470399632056094
10.18	0.5363679545805288
10.19	0.7142992904007256
10.2	0.5854058828639607
10.21	0.7188770954252837
10.22	0.6208756901035911
10.23	0.01817017888589878
10.24	0.4019421843633167
10.25	1.2899085049202714
10.26	0.9811314115511103
10.27	0.7943264234150571
10.28	1.0945241822249754
10.29	0.6642974283785662
10.3	0.5071303319881338
10.31	0.6747078938764783
10.32	0.29911962646237655
10.33	0.7936616192441347
10.34	0.503811933841793
10.35	0.1657983670456275
10.36	0.9452412282365361
10.37	0.5280342472394481
10.38	0.8055739560670908
10.39	0.28512915805849237
10.4	0.01494932238084136
10.41	0.6663936575921292
10.42	0.48361264125352943
10.43	0.7360874961498535
10.44	0.7369829509791176
10.45	0.4790302267717459
10.46	0.7630437020771013
10.47	0.8432557704368546
10.48	0.46416028370084356
10.49	1.0597787522391255
10.5	-0.11734763574000429
10.51	0.37347104737057996
10.52	0.6090122822507744
10.53	0.7459780843032225
10.54	0.1986915038593139
10.55	0.4827809218435803
10.56	0.6100325485790146
10.57	1.0655677724231725
10.58	0.5799736736802302
10.59	0.42827604195025604
10.6	0.2614817261391864
10.61	0.42328648231133886
10.62	0.21542032927996335
10.63	0.6086755230852363
10.64	0.6148605711371934
10.65	0.9851636928811199
10.66	0.474128322154996
10.67	0.6357031506851927
10.68	0.8500574250685377
10.69	0.6072542835920884
10.7	0.2984540317027096
10.71	0.45323137698546356
10.72	0.579109205825192
10.73	0.59913070293549
10.74	0.5035893826250794
10.75	0.4631934476184869
10.76	0.19158078943822
10.77	0.3671915873756629
10.78	0.3551701638162245
10.79	0.8382486058219043
10.8	0.9304406133176337
10.81	0.5007044950893009
10.82	0.5808783802177873
10.83	0.7543264012600623
10.84	0.21427037183139508
10.85	0.2589138017004041
10.86	0.2772472167723071
10.87	0.4245837230647755
10.88	0.9255226400629458
10.89	1.055111410717747
10.9	0.301334049438899
10.91	0.3123395830011366
10.92	0.5359256803971938
10.93	0.44052598716742697
10.94	0.4448685991040062
10.95	0.9267441251443346
10.96	0.6782596076595782
10.97	0.41444363472006196
10.98	0.9040411997740069
10.99	0.42417430417897617
11.0	0.5224751051740272
11.01	0.7112023552390192
11.02	1.168935751759594
11.03	0.21382146799238733
11.04	0.10307480128519919
11.05	0.35070515106214833
11.06	0.4885943710236311
11.07	0.37366263195563987
11.08	0.7116017587455187
11.09	0.7256375162255443
11.1	0.036346494348027975
11.11	0.36434833205905914
11.12	0.539785049772061
11.13	0.6735549038369495
11.14	0.7214945509996725
11.15	0.4958453513657163
11.16	0.288859583485256
11.17	0.7380309646730978
11.18	0.5603274336836559
11.19	0.6364171529486077
11.2	0.4289051004604548
11.21	1.0948695206384946
11.22	0.8872471207776256
11.23	0.41196399332867184
11.24	0.37527045997589725
11.25	0.19520689392354978
11.26	0.6690051286213472
11.27	0.6381523924942156
11.28	0.6372816867340747
11.29	0.30881099052771005
11.3	0.2624933224234336
11.31	0.4036342209865722
11.32	0.26694776493391636
11.33	0.7439804705672758
11.34	0.7028619900688948
11.35	0.39882528751524804
11.36	0.6350151234482542
11.37	0.2780438124284905
11.38	0.458998244597541
11.39	0.32574598196140153
11.4	0.13480825985425923
11.41	-0.02028958716247356
11.42	0.32742742824134785
11.43	0.42802313752468196
11.44	0.2980361710853059
11.45	0.40352562761648736
11.46	0.6356891286934241
11.47	0.08538347821119527
11.48	0.73371180671774
11.49	0.20337477324636
11.5	0.26896351868244617
11.51	0.18748804865651808
11.52	0.2029739963904425
11.53	0.21526154923298485
11.54	0.08794147937020486
11.55	0.9442999060849945
11.56	-0.00024110842611252403
11.57	0.6326869669261548
11.58	0.36319091778143914
11.59	0.7895421949727269
11.6	0.0664912555797722
11.61	0.6819690412198176
11.62	0.5933084703967773
11.63	0.5715504005685585
11.64	0.3228757721655636
11.65	1.0546324551509232
11.66	0.4014268922011889
11.67	0.16658105785614785
11.68	0.2378435694577748
11.69	0.5711004486311251
11.7	0.16545238524126757
11.71	0.9080803230723598
11.72	0.8359110611144589
11.73	0.1666389120666461
11.74	0.5417313861425594
11.75	0.22820307031018272
11.76	0.4498000955187453
11.77	0.47807794048745833
11.78	-0.13877706741286333
11.79	-0.027240747027637707
11.8	0.14554867116107031
11.81	0.2290415023855981
11.82	0.3785337976103218
11.83	0.4207125781472414
11.84	0.5772838758237573
11.85	0.36376084387232455
11.86	0.2128691075619095
11.87	0.23928109823428398
11.88	-0.048847152048389325
11.89	0.19898528339210636
11.9	0.10625134332215404
11.91	0.36624816760882106
11.92	0.3300745908203859
11.93	0.5016027807070871
11.94	0.22586164942157427
11.95	0.6910594084153856
11.96	0.7299223889102325
11.97	0.49559028206449574
11.98	0.20564113807863824
11.99	0.4489440667255526
12.0	0.502709491865049
12.01	0.7978369134594394
12.02	0.024345286542464525
12.03	0.38537286588516273
12.04	0.6008254048816132
12.05	0.2760457365404876
12.06	0.24866822910050973
12.07	0.1124767490225742
12.08	-0.11612200440229734
12.09	0.09568020129034838
12.1	0.6141261743148749
12.11	0.005575024440460041
12.12	0.20754446409162786
12.13	-0.2717152489124661
12.14	0.21693050035565759
12.15	-0.00411524940209998
12.16	0.42086152536639354
12.17	0.3035354494934947
12.18	0.3569481045899938
12.19	0.1472698780019166
12.2	0.1261437444155618
12.21	0.7168479949940718
12.22	-0.01733798580091836
12.23	0.4027329145956515
12.24	0.08704072588337203
12.25	-0.05201133058231833
12.26	0.020423784596750427
12.27	0.19571385437884764
12.28	0.18429882528253136
12.29	0.34388511577461567
12.3	-0.08662553731868672
12.31	0.09681040470197663
12.32	0.34747663165015186
12.33	0.2669195557350288
12.34	0.3318058215271513
12.35	0.0881431932810143
12.36	0.10089036649614408
12.37	0.2922744919766051
12.38	0.3385351116475714
12.39	-0.15179755367388115
12.4	-0.005309578203130466
12.41	0.08490075419729132
12.42	0.005827349241820379
12.43	0.7519888107490693
12.44	0.09707969869836153
12.45	-0.3483311037982155
12.46	0.09289850846497338
12.47	0.5610954440966567
12.48	0.3118999569003209
12.49	-0.07319237555043825
12.5	0.3936692707532581
12.51	0.03475817386070561
12.52	-0.028348723437749718
12.53	-0.034839572834167165
12.54	0.29557961974564007
12.55	0.24613334924555258
12.56	-0.0008224144546896961
12.57	0.33252044468573133
12.58	-0.10838186338393019
12.59	0.43956339003126776
12.6	0.32823582590744665
12.61	-0.034748430192565294
12.62	0.02024947679230546
12.63	0.8076175934269604
12.64	0.18319072184091476
12.65	-0.06743861518562322
12.66	0.47875230467420565
12.67	0.42095506123306997
12.68	0.29067184227576187
12.69	0.005086368832061802
12.7	0.15260854741064767
12.71	-0.015302444778038243
12.72	0.27863377830819824
12.73	0.6149188716596836
12.74	-0.1684684813668363
12.75	0.10567166577036469
12.76	0.07376195094863945
12.77	0.01729764477132166
12.78	0.37438094196794225
12.79	0.32896996985318233
12.8	0.42674762635421304
12.81	0.5895607335209041
12.82	-0.07973076797949194
12.83	0.2270529852119787
12.84	0.3263438302403967
12.85	0.33806777857485765
12.86	-0.14240037727192395
12.87	-0.032499565583878565
12.88	0.07075784884565806
12.89	0.12876999027639463
12.9	0.21830673300957698
12.91	-0.09748619813549261
12.92	0.19625345998807422
12.93	-0.07723826022002123
12.94	0.32630106011208293
12.95	0.1251745896711682
12.96	-0.028471003330127892
12.97	0.14710403543676187
12.98	-0.24074823314390292
12.99	-0.2324314138518574
13.0	0.33890548507012114
13.01	0.5205399363943861
13.02	-0.00833779960196962
13.03	0.09788027752444176
13.04	0.346353862315535
13.05	0.3028375415929293
13.06	0.13905056616364772
13.07	0.21875075076518843
13.08	0.41630172376402563
13.09	0.09121696492347806
13.1	0.19905305934572348
13.11	0.14691647345252729
13.12	0.09300182894426726
13.13	0.23428143724525735
13.14	-0.06778553126677422
13.15	0.3312701203128974
13.16	0.3175238850726445
13.17	0.121825565950748
13.18	-0.14236674348865608
13.19	0.4881617759263176
13.2	0.14496742985713756
13.21	0.30724494148102033
13.22	0.20008150452773674
13.23	0.10636727641770666
13.24	0.5869247484942502
13.25	-0.2174992812681984
13.26	0.23803290378956055
13.27	0.11038362477986807
13.28	-0.12422582793008521
13.29	0.15349927650025966
13.3	-0.14770217728504353
13.31	0.10618522209031188
13.32	0.21740214548938255
13.33	-0.09665500879182373
13.34	0.22308819227628202
13.35	-0.06023462246355571
13.36	-0.10193743420514742
13.37	0.14246471834530758
13.38	0.11418078840331702
13.39	0.37994809483943914
13.4	0.2015007274025225
13.41	0.07405711015265062
13.42	0.007880856406628056
13.43	0.1663064948431549
13.44	0.26218322402861755
13.45	-0.06254368694091042
13.46	-0.13158573257326228
13.47	0.04918220386354552
13.48	-0.29329650171740407
13.49	-0.2828854444565011
13.5	0.23730023056776295
13.51	0.13056704700460078
13.52	-0.09965772969737183
13.53	0.09008613831188234
13.54	0.6158747664845021
13.55	0.7010117097744879
13.56	0.16633778911275093
13.57	0.36079315054930405
13.58	0.2047582448114515
13.59	-0.10446563235950632
13.6	0.16519649439516446
13.61	0.051270838686917855
13.62	0.24503204541514023
13.63	0.14424559345576654
13.64	0.08775022539692348
13.65	0.10744842223938764
13.66	0.12397743111480608
13.67	0.2614490142520033
13.68	0.08613004541269369
13.69	-0.11588771502870084
13.7	0.12408289810376205
13.71	-0.11069975350767189
13.72	0.12709271587537577
13.73	0.4297562908880307
13.74	0.04387517259004031
13.75	0.2911451221737986
13.76	-0.008756267846671967
13.77	0.4061085717679161
13.78	0.1751201787826724
13.79	0.5751685676746587
13.8	-0.13005757243139981
13.81	0.45134911561926766
13.82	0.17515733996574592
13.83	5.767561958541778e-05
13.84	0.3536073561958739
13.85	0.3517446591544451
13.86	-0.002848064484601065
13.87	0.05649171355351508
13.88	0.2536334266569569
13.89	0.3374372565859518
13.9	0.5231155995165684
13.91	0.3805355459543367
13.92	-0.11025262791185417
13.93	-0.05581065961520226
13.94	0.3106203920071849
13.95	0.42750864327049987
13.96	-0.03814566646243861
13.97	0.22160618417551714
13.98	0.10331560591365806
13.99	0.21117776251352974
14.0	0.5283476509779024
14.01	0.07082255597349456
14.02	0.22738420483467875
14.03	0.13200459001677042
14.04	-0.10476785422302712
14.05	0.26121658174272633
14.06	0.10335848526934494
14.07	0.2318848142048538
14.08	0.4612263187377357
14.09	-0.14981064034364683
14.1	0.33703046538678416
14.11	0.4224276324363924
14.12	0.13250856086158075
14.13	0.2626755274107024
14.14	0.3998570217946197
14.15	0.30425378634546496
14.16	0.17127688399032084
14.17	0.2346284490558199
14.18	0.5290420238550936
14.19	0.07707459037083424
14.2	0.1686600251636749
14.21	-0.09422975177374512
14.22	-0.20931792324904563
14.23	-0.23502899689765616
14.24	0.4223737489796837
14.25	0.12464559104331759
14.26	0.015961492076819198
14.27	0.24468194614912975
14.28	0.45920611224157254
14.29	0.5864628085315219
14.3	0.6800523659875224
14.31	0.048639798678207655
14.32	0.3331753321986458
14.33	0.08905817250803527
14.34	-0.0019392298337317926
14.35	0.4162611125973233
14.36	0.6416848764818888
14.37	0.5978484105400993
14.38	0.23510508506497704
14.39	0.22363726760089322
14.4	0.021670545654093848
14.41	0.05331440283065918
14.42	0.1437257686389722
14.43	0.03452586514662366
14.44	-0.13961553234884688
14.45	0.4514265954947467
14.46	0.25795544938731263
14.47	0.17130775760658493
14.48	0.13599196388359205
14.49	0.22961268582112174
14.5	0.08412436802996226
14.51	-0.04374508981886413
14.52	0.018494922346793966
14.53	-0.15474740546435584
14.54	-0.022746486487370626
14.55	-0.00554075109096383
14.56	0.41689309366864086
14.57	-0.05606133517825618
14.58	0.020258044482986057
14.59	0.2944218543099335
14.6	0.22138831863165584
14.61	0.100356772305352
14.62	-0.128706502000427
14.63	0.5192143659281943
14.64	0.22695639175032545
14.65	0.01974156661834979
14.66	-0.2810701932856027
14.67	-0.12791529637404575
14.68	-0.13724704090032303
14.69	0.08615686134923575
14.7	0.10167580997556028
14.71	0.3213862633297109
14.72	-0.0070345607636372876
14.73	0.007681704522035579
14.74	0.3744892065778348
14.75	0.4584895625103539
14.76	0.08744977141156154
14.77	-0.014035147112864133
14.78	-0.030361864072690314
14.79	-0.08384627070954506
14.8	0.17857684653522818
14.81	0.08753188588210473
14.82	0.16619277379741054
14.83	0.35086606901456835
14.84	0.022908751583630732
14.85	-0.10647119175958558
14.86	0.21927213041416702
14.87	0.525569701676005
14.88	0.034225245443587446
14.89	0.213310313355981
14.9	0.40117580531880037
14.91	0.1328982544734914
14.92	0.11219237412531896
14.93	0.2891095391708508
14.94	0.3593733021304699
14.95	0.19921448061335123
14.96	0.4110894847115254
14.97	0.028193084074851812
14.98	0.215034088659587
14.99	0.4306849866434329
15.0	-0.09597739742384886
15.01	0.15903914097931413
15.02	0.04661935050909333
15.03	-0.0065740888272463605
15.04	0.4718777797222597
15.05	0.3411436394975179
15.06	-0.0213751297311906
15.07	0.02514401416120135
15.08	0.03411785686912634
15.09	0.18959796644643653
15.1	0.12354075588343769
15.11	0.17401571212191252
15.12	0.05945928471056344
15.13	-0.041822441890322415
15.14	-0.041833915574915836
15.15	0.42424866467392197
15.16	0.14371804238006092
15.17	0.08766189786246043
15.18	0.23536884821954357
15.19	0.1857449976923271
15.2	0.18025786582059067
15.21	0.15567080703334799
15.22	0.42438112969236025
15.23	0.3307590761750455
15.24	0.35320755805555326
15.25	0.2520582963029706
15.26	0.4893169087979725
15.27	0.16541956929714122
15.28	0.3505684395975063
15.29	0.4402744353989774
15.3	-0.06873979293624488
15.31	0.26344426644914753
15.32	-0.013504796700923749
15.33	0.01733081106704029
15.34	-0.10696522880932322
15.35	0.14432468357689804
15.36	0.06984609923889248
15.37	0.22266910465153356
15.38	0.22839020216012773
15.39	0.22881720975563147
15.4	0.48917389136849065
15.41	0.06590472281035956
15.42	0.24994100045327455
15.43	0.33283805207681494
15.44	0.2113960245733825
15.45	0.18192355080620726
15.46	0.54021025670328
15.47	-0.38078603483210477
15.48	0.3911033101706258
15.49	0.2565880003623862
15.5	-0.05257594071024402
15.51	-0.15887824857030547
15.52	0.35825013601425376
15.53	-0.05522638190121984
15.54	-0.08412613906583008
15.55	0.2621886836240061
15.56	0.23273584671836656
15.57	0.34399295086315573
15.58	-0.043700764574018836
15.59	-0.04211383632998039
15.6	-0.10753776569984314
15.61	0.3992222105351607
15.62	0.3148295095575224
15.63	0.10540916986932211
15.64	0.20095677949037855
15.65	0.15945399490952747
15.66	0.38786562885444353
15.67	0.020541743418742514
15.68	-0.1211393145242402
15.69	0.11983934918692625
15.7	0.5487033195507081
15.71	0.5270139786325907
15.72	0.31451191677847634
15.73	0.10072599227363181
15.74	-0.05177576156678704
15.75	0.29557326031676856
15.76	0.1445480572557873
15.77	-0.3211984427522836
15.78	0.18774538975746463
15.79	0.02445259846755997
15.8	-0.10449934149435672
15.81	-0.14883285150302145
15.82	0.43024799395969565
15.83	0.3333966007837761
15.84	0.4765457626981433
15.85	0.22351006200866064
15.86	0.07704540224710374
15.87	-0.05918721302889121
15.88	0.38934320114083876
15.89	-0.0031732827125277863
15.9	0.48984328474000594
15.91	0.15504836267769717
15.92	0.04632068865987719
15.93	0.004008271630998761
15.94	0.4244426867148861
15.95	-0.05604601721846039
15.96	0.3067590267849649
15.97	0.5180678002198243
15.98	0.16840379285782212
15.99	-0.07346290120336485
16.0	0.0466695037680627
16.01	0.36124675553460883
16.02	0.0046684019849469955
16.03	0.06417058448850785
16.04	0.15947614492307904
16.05	-0.09092820039326437
16.06	0.008263898734094902
16.07	-0.07541933345745325
16.08	-0.11232902189499976
16.09	0.13418674652508353
16.1	0.288533467799435
16.11	0.20124819731509855
16.12	-0.017063308111627873
16.13	-0.08281911489336136
16.14	0.21601579257292547
16.15	0.10321194418062193
16.16	0.32666071465630064
16.17	0.10199458035112541
16.18	-0.3894427555786725
16.19	0.10166307341240174
16.2	0.30249274046232355
16.21	-0.1711679198951162
16.22	-0.08867817129640959
16.23	-0.3283780557028677
16.24	0.05091612403936313
16.25	-0.04168132057449612
16.26	-0.0791014031214497
16.27	0.2568197625028307
16.28	-0.06102500948225992
16.29	-0.08446187644324628
16.3	-0.09236675056664602
16.31	-0.12039854405607861
16.32	0.01134405241077649
16.33	0.1540806982509386
16.34	0.4317715957913555
16.35	-0.16133468041178703
16.36	0.3384917922678836
16.37	-0.05266650228860675
16.38	-0.16917204218252346
16.39	0.237760507343615
16.4	0.20776121059075842
16.41	0.12271987208668106
16.42	0.3225039685674102
16.43	-0.0046190863569908844
16.44	0.09068525927471237
16.45	0.6829325342058609
16.46	-0.08650298030624547
16.47	0.19525648435836643
16.48	0.2002274108481986
16.49	0.006102071395710257
16.5	-0.030292500997645255
16.51	0.017508392862611275
16.52	-0.25045659819867416
16.53	-0.36243557318337766
16.54	0.45819039440027837
16.55	-0.03298616521971243
16.56	0.5236107545199389
16.57	-0.39898434146455636
16.58	0.19079937298650151
16.59	-0.12174110744969273
16.6	-0.05622189154416717
16.61	0.027190376782118747
16.62	0.029509511541063547
16.63	-0.11887056553263325
16.64	0.01842330703229482
16.65	-0.20953147001334188
16.66	0.30162219299816256
16.67	-0.1656380199363381
16.68	0.21476382607132777
16.69	-0.38132008168587983
16.7	0.17285504646150582
16.71	0.3975453339919214
16.72	-0.25051574454632886
16.73	-0.05386623693446073
16.74	-0.12696300674351893
16.75	-0.07752331300361955
16.76	-0.2494726666707419
16.77	-0.10725073355125844
16.78	0.5965390906624305
16.79	0.47758400031329007
16.8	0.08604993591334688
16.81	0.06277114654012075
16.82	0.13634638320536746
16.83	0.22235031613177014
16.84	0.07432407199865426
16.85	0.30572219552872093
16.86	0.5150119092700546
16.87	-0.004652548392563771
16.88	-0.04531158273478081
16.89	-0.16316141989301527
16.9	0.023307577843177708
16.91	-0.14141130873340835
16.92	0.05625071334024645
16.93	-0.20618259821151325
16.94	0.20334158121226145
16.95	-0.021583404909205437
16.96	0.05047617200123383
16.97	0.028023079223843696
16.98	-0.2167143549102136
16.99	-0.05628189100406041
17.0	-0.01967951119354089
17.01	-0.25501465434205145
17.02	0.42110889369196863
17.03	-0.007260899095919586
17.04	0.10056416774396604
17.05	0.33148620707485826
17.06	-0.01089992373006604
17.07	0.1443211150085647
17.08	0.38420929775271584
17.09	0.5782459460110134
17.1	0.02249967735924535
17.11	-0.2611132090428898
17.12	0.4839976847488596
17.13	0.13129430400937017
17.14	0.19684471836168435
17.15	0.1173401404574945
17.16	-0.04362601925728593
17.17	0.16149310967069175
17.18	0.025797200388762404
17.19	-0.11575783766778466
17.2	0.018595121556010952
17.21	0.2792149391084937
17.22	0.085902991014477
17.23	0.10364363426746058
17.24	0.08409215327675608
17.25	-0.056573017809572856
17.26	-0.114927294617899
17.27	-0.3715876300176929
17.28	0.48022762941864844
17.29	0.4573962476208177
17.3	-0.11869762893831466
17.31	-0.05461483406480147
17.32	-0.044900751058742
17.33	0.2227908876546233
17.34	-0.17883919487677818
17.35	-0.19681669159027665
17.36	0.2802648825676822
17.37	-0.050233400048720483
17.38	0.28233769531973635
17.39	0.2078860123549691
17.4	0.004507002936104745
17.41	0.0529711471576349
17.42	0.1651178250671116
17.43	0.051185761796455065
17.44	0.12207785173065543
17.45	0.14915623213798518
17.46	0.21877449252095638
17.47	-0.22024029124589833
17.48	-0.14066088433455148
17.49	0.04952780853491544
17.5	0.14968015314769817
17.51	0.038465305512560714
17.52	0.24181113729093467
17.53	0.33773841358274187
17.54	-0.05600157794420975
17.55	0.026863183267876175
17.56	0.20884167338737736
17.57	0.07216779832471212
17.58	0.07783543327092951
17.59	0.10649062920323363
17.6	-0.07344463416703811
17.61	0.20162706578515158
17.62	0.08114065451499795
17.63	-0.054383230068260235
17.64	0.1578156199801468
17.65	0.19428972917451548
17.66	-0.19224987764262189
17.67	0.2794118188262771
17.68	-0.0869015988703565
17.69	-0.29780076519456194
17.7	-0.0329991102355768
17.71	0.13125552184521241
17.72	0.2483027688622338
17.73	0.08564911065688169
17.74	0.32896661611020406
17.75	0.28729238850254535
17.76	0.11094907955362673
17.77	0.16313709792037936
17.78	0.33795822014836535
17.79	0.4808372384186067
17.8	-0.14238235518426506
17.81	-0.22110544003748123
17.82	0.1723395258333423
17.83	0.2372337570269291
17.84	0.2845847485413376
17.85	0.5628140787527991
17.86	0.47761590436443413
17.87	0.37591265840226573
17.88	0.27309847966419953
17.89	0.24592589109988094
17.9	-0.06006150211674635
17.91	0.005095959418146723
17.92	0.5182372378378681
17.93	0.49411217595343604
17.94	-0.0034043515372434163
17.95	0.496980362898815
17.96	0.028847096747028483
17.97	0.18436188182165422
17.98	0.5720432339334038
17.99	0.10327573488539742
18.0	0.14743248223238153
18.01	-0.022884727627042356
18.02	0.438583807152248
18.03	0.29005049912384817
18.04	-0.0009076875376200499
18.05	0.587898162549021
18.06	0.38900500996037857
18.07	0.3027037419629369
18.08	0.9026880684951513
18.09	0.3937467262152749
18.1	0.6889290650621827
18.11	0.3464674305009742
18.12	0.8962029931614429
18.13	0.42961892457297673
18.14	0.5704757462128455
18.15	1.140372916601729
18.16	0.7173440521257002
18.17	0.38719626202329227
18.18	0.046554494834232504
18.19	0.7671569037563777
18.2	0.37454957986103676
18.21	0.24045660692924553
18.22	0.6982886054085296
18.23	0.8834878580891217
18.24	0.7030039693801454
18.25	0.5906040928224796
18.26	0.3483596629393295
18.27	0.43487790672697174
18.28	0.6041569814030177
18.29	0.3307275925741895
18.3	0.8360292787332118
18.31	0.6655054603571984
18.32	0.5061340634685318
18.33	0.5340105145945311
18.34	1.1116150623797898
18.35	0.044448147380997186
18.36	0.5063547026056402
18.37	0.36711091307693106
18.38	0.3998949607102562
18.39	0.743895265323648
18.4	0.4819087153208759
18.41	0.6013218882586289
18.42	0.3863899709374311
18.43	0.05663251043449069
18.44	0.5956226672397539
18.45	0.6131799776688435
18.46	0.5691572424586053
18.47	0.9393263896217546
18.48	0.43052982240589105
18.49	0.37131296754181903
18.5	0.5079124651458825
18.51	0.5063401105913305
18.52	0.5904723160987277
18.53	0.4170945383604778
18.54	0.6854563613274458
18.55	0.9468000082856365
18.56	0.677325523293855
18.57	0.613845650645887
18.58	0.7008463587032256
18.59	0.42078393970028877
18.6	0.27982787113735685
18.61	0.15634553428729753
18.62	0.653811336468283
18.63	0.22950694448796843
18.64	0.5318971361386681
18.65	0.5114824194119608
18.66	0.22608536339974034
18.67	0.53180767845311
18.68	0.5606575900535095
18.69	0.7366610455100239
18.7	1.0336448880009088
18.71	0.33732540671352995
18.72	0.8256260436376905
18.73	0.45782913909265216
18.74	0.7503966253252166
18.75	0.6589402567160528
18.76	0.44805981523943683
18.77	0.28137424833571373
18.78	0.5554297918520197
18.79	0.47203772720827514
18.8	0.6603223657809829
18.81	0.7182037192314155
18.82	0.553941665301276
18.83	0.6774859224025247
18.84	0.6671427541188649
18.85	0.557597334523483
18.86	0.5380935563146032
18.87	0.5169158907082151
18.88	0.5183472484532489
18.89	0.527505719447481
18.9	0.5032372589245905
18.91	0.2744444573648689
18.92	0.5729655004983248
18.93	0.4599096590015965
18.94	0.7952558546244795
18.95	0.7236453350185413
18.96	0.6849516969250291
18.97	0.7924355885408099
18.98	0.6208783310992669
18.99	0.8219786558091338
19.0	0.5076869558476377
19.01	0.36192630683093063
19.02	0.4855861833535501
19.03	0.7453217263596407
19.04	0.5133447386616778
19.05	0.5219863519066067
19.06	0.5073268258973892
19.07	0.5403651354928818
19.08	0.29225563192067916
19.09	0.762268109023172
19.1	0.7012306742669379
19.11	0.20995560418348502
19.12	0.5213642511255718
19.13	0.4435911516143739
19.14	0.24108816164493946
19.15	0.5470345523770878
19.16	0.49766174984962325
19.17	0.3016302970639281
19.18	0.4798453311700697
19.19	0.7643632874803539
19.2	0.6791561015442035
19.21	0.45571125376761334
19.22	0.6310109307292224
19.23	0.5066850334086537
19.24	0.1417284784017318
19.25	0.23959172460782718
19.26	0.6453359718638886
19.27	0.6540248835485923
19.28	0.33359727603312667
19.29	0.7765166933189038
19.3	0.5988516662594294
19.31	0.55588579520556
19.32	0.2346946152435072
19.33	0.44083089123727653
19.34	0.5446109607362352
19.35	0.5399423910096411
19.36	0.6324273376689686
19.37	0.4761383955056454
19.38	0.7623065030018825
19.39	0.5464238065530397
19.4	0.6639600996007949
19.41	0.979139805975938
19.42	0.6163135899952695
19.43	0.3453918883544799
19.44	0.7966803096793627
19.45	0.2111431052119911
19.46	0.22305383972948234
19.47	0.42607152427341544
19.48	0.3443213890300243
19.49	0.46975569728829775
19.5	0.45566072513277245
19.51	0.5063769587276574
19.52	0.28291903522241313
19.53	0.4151215162010048
19.54	0.4157719272385899
19.55	0.494145366587083
19.56	0.4582687078737541
19.57	0.44505758320231875
19.58	0.364851023003173
19.59	0.3823294543896372
19.6	0.5274761021591023
19.61	0.46500465589013296
19.62	0.08965146187688822
19.63	0.25672864408354745
19.64	0.6527636246060404
19.65	0.6373856954908905
19.66	0.7269686376363973
19.67	0.44884082132731
19.68	0.6974649373758934
19.69	0.3975281594458986
19.7	0.7463295946418296
19.71	0.3926209698080376
19.72	0.636665630978917
19.73	0.5527442302706074
19.74	0.5427904630109165
19.75	0.3655600466591441
19.76	0.5577037315625782
19.77	0.9526545401554095
19.78	0.41548118889891483
19.79	0.32873339471890556
19.8	0.8252905116132113
19.81	0.35139417957166796
19.82	0.036461977302922
19.83	0.31081801784998414
19.84	0.753229780624058
19.85	0.5775787234297528
19.86	0.48665372518543126
19.87	0.47509663809062164
19.88	0.9085020656315024
19.89	0.5583756119611241
19.9	0.3496455738753957
19.91	0.7491343595764891
19.92	0.7740003019016204
19.93	0.37500156674920343
19.94	0.048594545752112736
19.95	0.2206070585570365
19.96	0.4049555043348855
19.97	0.5689070900035155
19.98	0.246349089632608
19.99	0.6603990672898319
20.0	0.6570060509027553
