1.968503937	-96.58423572383234
1.970472441	-81.80454511367029
1.972440945	-72.70250270087263
1.974409449	-85.15023374099032
1.976377953	-108.24320185846814
1.978346457	-109.79606602946438
1.980314961	-91.73034774926637
1.982283465	-72.20206132411967
1.984251969	-74.45746306980043
1.986220472	-86.94786314071278
1.988188976	-89.34202836468245
1.99015748	-74.02054023273011
1.992125984	-54.83498454947221
1.994094488	-51.46484167656677
1.996062992	-65.55466753886375
1.998031496	-79.00791357712336
2.0	-77.87697548424453
2.001968504	-64.91569792752986
2.003937008	-61.64664539451422
2.005905512	-73.33522988774331
2.007874016	-88.33560872894368
2.00984252	-92.31975249379644
2.011811024	-77.76854558182464
2.013779528	-65.41530228159917
2.015748031	-63.75068501358509
2.017716535	-71.03481192799846
2.019685039	-73.88104498850872
2.021653543	-74.51271449754658
2.023622047	-82.94779390392891
2.025590551	-98.940207679365
2.027559055	-110.03180075589049
2.029527559	-100.28814033935834
2.031496063	-80.73755407727826
2.033464567	-75.56221431130326
2.035433071	-94.01854895846036
2.037401575	-116.62047397969697
2.039370079	-117.74080269639701
2.041338583	-94.53877907137806
2.043307087	-72.25389303744245
2.045275591	-75.59090784688519
2.047244094	-98.8368153043893
2.049212598	-113.58532464225136
2.051181102	-104.85299079668339
2.053149606	-86.13876367074397
2.05511811	-78.71373738919472
2.057086614	-89.81869468404375
2.059055118	-104.37711260034546
2.061023622	-106.55722574288436
2.062992126	-100.35470687049131
2.06496063	-95.14489260401704
2.066929134	-95.60448799619917
2.068897638	-96.81230785676492
2.070866142	-96.72464963761897
2.072834646	-100.2615150510418
2.07480315	-109.32712656200177
2.076771654	-113.15128070399268
2.078740157	-100.11978412403559
2.080708661	-76.65250896734995
2.082677165	-64.64857957113361
2.084645669	-78.63072087561832
2.086614173	-105.71058611335688
2.088582677	-112.05780306893382
2.090551181	-91.80524802002148
2.092519685	-73.34664355094995
2.094488189	-85.00547022630327
2.096456693	-120.49004484100678
2.098425197	-146.76907912170282
2.100393701	-144.2674664648294
2.102362205	-121.79765434307863
2.104330709	-111.3338973121431
2.106299213	-115.97475000643385
2.108267717	-119.33366594044183
2.11023622	-109.01937553289463
2.112204724	-90.32109262272519
2.114173228	-84.95705003838145
2.116141732	-94.89624735039978
2.118110236	-110.67896657837328
2.12007874	-117.25381218208743
2.122047244	-115.98211013741847
2.124015748	-110.34282374213561
2.125984252	-104.10590495838449
2.127952756	-104.08268982639478
2.12992126	-114.34823178561805
2.131889764	-130.06818646454684
2.133858268	-137.824832940084
2.135826772	-125.51738185809452
2.137795276	-103.2924772181397
2.13976378	-93.37708271092728
2.141732283	-108.0628609504722
2.143700787	-135.00322892059947
2.145669291	-143.6528524857146
2.147637795	-125.25848923805215
2.149606299	-98.82345458000381
2.151574803	-90.49698510269712
2.153543307	-103.64663436454221
2.155511811	-116.6252180109129
2.157480315	-106.07176807796527
2.159448819	-76.33514097272047
2.161417323	-55.25098757391045
2.163385827	-64.97296923724495
2.165354331	-99.96813833395613
2.167322835	-125.28933450566709
2.169291339	-122.12193192981798
2.171259843	-101.02947992722129
2.173228346	-88.3427715805103
2.17519685	-104.11289907355835
2.177165354	-135.47404870612436
2.179133858	-155.5158842431642
2.181102362	-148.68603167122822
2.183070866	-128.1292546537366
2.18503937	-120.49920167199723
2.187007874	-130.8379083291293
2.188976378	-142.78014151820312
2.190944882	-132.7265735832113
2.192913386	-103.67412205158435
2.19488189	-79.49393583612509
2.196850394	-79.21851730485348
2.198818898	-99.42079489855941
2.200787402	-113.27608276366676
2.202755906	-111.39441858093406
2.204724409	-103.35388256743157
2.206692913	-109.73672234189178
2.208661417	-132.58113139559057
2.210629921	-154.3217756107172
2.212598425	-155.2866201622469
2.214566929	-138.64095203387126
2.216535433	-122.54469210155604
2.218503937	-126.39749318426173
2.220472441	-142.16814914755884
2.222440945	-152.43526076465213
2.224409449	-144.96703391410134
2.226377953	-129.59606186829893
2.228346457	-124.64992525207015
2.230314961	-131.87384796601026
2.232283465	-140.02308097494668
2.234251969	-133.86659049932535
2.236220472	-119.08427124097965
2.238188976	-108.72607336745693
2.24015748	-109.9423149979865
2.242125984	-117.60898848705067
2.244094488	-122.48403273186726
2.246062992	-124.41414572523813
2.248031496	-128.93004144498488
2.25	-135.70801187062324
2.251968504	-137.28301140836376
2.253937008	-133.89230913390017
2.255905512	-127.9544486588463
2.257874016	-126.97022607761082
2.25984252	-132.47485865999062
2.261811024	-135.85138195201003
2.263779528	-137.42698024970977
2.265748031	-135.05355446051516
2.267716535	-132.38975037814532
2.269685039	-131.52121217489437
2.271653543	-136.80408259372527
2.273622047	-148.49116567521773
2.275590551	-159.38998656989236
2.277559055	-153.60987725467336
2.279527559	-131.43532492634404
2.281496063	-112.34910245330381
2.283464567	-117.18766638383457
2.285433071	-136.96888369001468
2.287401575	-146.7320738700879
2.289370079	-132.41197008526473
2.291338583	-110.41365911955751
2.293307087	-105.07472979356388
2.295275591	-124.91640399411672
2.297244094	-152.96941763602177
2.299212598	-169.05104199448945
2.301181102	-163.90266923860904
2.303149606	-150.58925441870787
2.30511811	-142.40414075189003
2.307086614	-145.1706911840817
2.309055118	-152.43513161068265
2.311023622	-153.6008330224084
2.312992126	-137.78771985575264
2.31496063	-114.11414783419605
2.316929134	-103.16450686397906
2.318897638	-115.57059102498248
2.320866142	-138.78025594958783
2.322834646	-148.78711952600415
2.32480315	-144.5738633492072
2.326771654	-149.98576086894127
2.328740157	-163.39239215011796
2.330708661	-178.25663604833667
2.332677165	-171.23254063034761
2.334645669	-146.65064252884895
2.336614173	-138.11736889473244
2.338582677	-157.47120923686262
2.340551181	-181.582927094441
2.342519685	-172.489306264496
2.344488189	-134.38872475204556
2.346456693	-113.09665118916989
2.348425197	-135.35746623193097
2.350393701	-186.51650109620502
2.352362205	-208.83730529681793
2.354330709	-182.35166829764043
2.356299213	-142.33639015470646
2.358267717	-137.4007616219195
2.36023622	-175.6417625653565
2.362204724	-213.593881919561
2.364173228	-215.0532170107534
2.366141732	-185.06425768059475
2.368110236	-163.0340366368481
2.37007874	-167.7549624154242
2.372047244	-190.24002454075588
2.374015748	-205.47543439684236
2.375984252	-213.76028647009872
2.377952756	-216.51728184133086
2.37992126	-219.0107992072256
2.381889764	-208.95115408218288
2.383858268	-189.93225160244432
2.385826772	-176.20160069349922
2.387795276	-183.59353285953569
2.38976378	-200.18265926090245
2.391732283	-205.71034912383004
2.393700787	-192.76191792116578
2.395669291	-179.69789049936597
2.397637795	-181.0959801928255
2.399606299	-188.78846245162464
2.401574803	-184.26101742327822
2.403543307	-165.09296072959643
2.405511811	-142.94390846825257
2.407480315	-136.39029934923067
2.409448819	-139.8496559556495
2.411417323	-138.57368974920163
2.413385827	-124.76362716488545
2.415354331	-101.94986378203903
2.417322835	-89.76062943160903
2.419291339	-98.76964408759488
2.421259843	-127.68192618756802
2.423228346	-154.15743501112985
2.42519685	-151.3068249591603
2.427165354	-117.09195180346681
2.429133858	-78.93170535513067
2.431102362	-74.77007001182804
2.433070866	-106.45537783841611
2.43503937	-134.84700078248355
2.437007874	-124.79096007422879
2.438976378	-88.77273329602941
2.440944882	-67.94372805751118
2.442913386	-91.84450957893152
2.44488189	-140.7377803932874
2.446850394	-174.0613161500213
2.448818898	-168.7073257958894
2.450787402	-142.78923894893063
2.452755906	-123.83524273621894
2.454724409	-125.84871938231468
2.456692913	-136.98634462250422
2.458661417	-141.35238051202748
2.460629921	-131.60134499974464
2.462598425	-111.15555446009861
2.464566929	-102.23342189990092
2.466535433	-119.99167192856773
2.468503937	-157.8470739784824
2.470472441	-192.25443931121916
2.472440945	-217.81128646006732
2.474409449	-249.20996511587984
2.476377953	-315.3798386382839
2.478346457	-404.57879757921563
2.480314961	-483.02591584141163
2.482283465	-524.9016205196671
2.484251969	-543.7958325897357
2.486220472	-578.8432999743874
2.488188976	-634.393742500809
2.49015748	-674.5709191517554
2.492125984	-663.3193339817332
2.494094488	-607.3961195968413
2.496062992	-547.6720958039327
2.498031496	-508.00062052587623
2.5	-469.4078609077407
2.501968504	-402.34327229963924
2.503937008	-304.31498520394325
2.505905512	-202.89067432460647
2.507874016	-127.01822183622161
2.50984252	-78.79499177881634
2.511811024	-47.04765933513687
2.513779528	-24.437044062314182
2.515748031	-12.07587201926364
2.517716535	-10.427599798684001
2.519685039	-21.505136154510108
2.521653543	-39.66304071754555
2.523622047	-61.719976097387644
2.525590551	-75.00517568068615
2.527559055	-75.06258465997641
2.529527559	-65.42809542184179
2.531496063	-58.826130113266146
2.533464567	-64.91541421392483
2.535433071	-70.72491104851528
2.537401575	-62.82544595826408
2.539370079	-38.08058428858677
2.541338583	-20.523381799706765
2.543307087	-32.41876025231624
2.545275591	-57.602998999241464
2.547244094	-67.83182970978781
2.549212598	-47.30923752577215
2.551181102	-20.57263802082253
2.553149606	-15.538711978891905
2.55511811	-38.38019651701541
2.557086614	-60.64795624291839
2.559055118	-55.02557878269313
2.561023622	-27.53732279136132
2.562992126	-8.009541288975756
2.56496063	-21.428857868978216
2.566929134	-54.00101934767188
2.568897638	-76.7772681936607
2.570866142	-74.6321353798672
2.572834646	-58.69131979803016
2.57480315	-57.74588627890625
2.576771654	-72.36721185175031
2.578740157	-84.11766547465362
2.580708661	-73.37689123738267
2.582677165	-47.43648560287903
2.584645669	-31.010279869691047
2.586614173	-37.8566380605447
2.588582677	-56.325134092852096
2.590551181	-65.92055335684749
2.592519685	-61.74557208356906
2.594488189	-54.96668664423051
2.596456693	-57.93374250676972
2.598425197	-67.23370649930132
2.600393701	-80.23095617051789
2.602362205	-91.86041836551853
2.604330709	-101.77991026649099
2.606299213	-103.95167506524989
2.608267717	-100.36292370771818
2.61023622	-98.12151035063404
2.612204724	-103.52577475218003
2.614173228	-109.832348811237
2.616141732	-100.95856891075955
2.618110236	-80.46749502120517
2.62007874	-70.3811443295148
2.622047244	-92.29596726000811
2.624015748	-128.76536665360976
2.625984252	-143.69479286466432
2.627952756	-119.25175784939954
2.62992126	-80.39282679340224
2.631889764	-71.62372643901006
2.633858268	-107.92221084304285
2.635826772	-155.48773154132007
2.637795276	-173.25732989725861
2.63976378	-151.98301493255434
2.641732283	-115.75493263695029
2.643700787	-97.96922950833302
2.645669291	-113.16031916503522
2.647637795	-144.4779003909277
2.649606299	-170.20268716286608
2.651574803	-172.99049989912996
2.653543307	-155.9261813221767
2.655511811	-129.77120771216136
2.657480315	-120.01244302702746
2.659448819	-131.65455434053408
2.661417323	-155.5813481001167
2.663385827	-170.403765290635
2.665354331	-167.8969508161301
2.667322835	-154.20546243618386
2.669291339	-145.3492313177239
2.671259843	-149.43647614662888
2.673228346	-160.70812648119016
2.67519685	-172.19808796965717
2.677165354	-176.22108654772882
2.679133858	-178.77481649217222
2.681102362	-187.4672863536537
2.683070866	-199.88518183512215
2.68503937	-220.33887555192956
2.687007874	-228.29820513064408
2.688976378	-218.37086349103276
2.690944882	-195.4245364660943
2.692913386	-178.97202237616813
2.69488189	-184.60258120420872
2.696850394	-205.06439086013407
2.698818898	-214.78019180553744
2.700787402	-199.76250469455465
2.702755906	-175.97102370899032
2.704724409	-171.23153738941545
2.706692913	-197.86608536927787
2.708661417	-237.08370587257218
2.710629921	-259.59753231240916
2.712598425	-264.5859065714748
2.714566929	-265.56233485303164
2.716535433	-268.24343874267964
2.718503937	-268.1642126602507
2.720472441	-253.1313187756182
2.722440945	-230.1372611464411
2.724409449	-221.07179283187315
2.726377953	-231.902817043246
2.728346457	-245.49252092690108
2.730314961	-245.92295116914087
2.732283465	-232.22067265816116
2.734251969	-223.70172834936383
2.736220472	-234.62855828689504
2.738188976	-253.432955386364
2.74015748	-270.6715775866734
2.742125984	-275.16992294133206
2.744094488	-269.65149477131365
2.746062992	-260.7532142670871
2.748031496	-251.20821581876748
2.75	-243.424545164274
2.751968504	-240.6082212280419
2.753937008	-241.18734235699353
2.755905512	-242.06957975185355
2.757874016	-240.0316561577696
2.75984252	-234.3701435440446
2.761811024	-229.85521882008862
2.763779528	-229.78836581955215
2.765748031	-230.3359455819782
2.767716535	-227.3954032481258
2.769685039	-215.21432836203263
2.771653543	-202.54871889443893
2.773622047	-195.45893860461817
2.775590551	-196.55412023001807
2.777559055	-195.7350061296703
2.779527559	-182.19498849620857
2.781496063	-156.94323308494543
2.783464567	-135.51433237460796
2.785433071	-135.17448360716355
2.787401575	-152.00494905268351
2.789370079	-163.3285429274654
2.791338583	-146.40935580021608
2.793307087	-110.55825724735328
2.795275591	-80.37948193559178
2.797244094	-79.93766384342726
2.799212598	-96.51331240605057
2.801181102	-104.20713792014068
2.803149606	-88.03421358592685
2.80511811	-58.66309928423646
2.807086614	-50.9891578087695
2.809055118	-65.3043475240149
2.811023622	-82.8991342970453
2.812992126	-78.72366790177992
2.81496063	-55.27097881719482
2.816929134	-41.23161696230099
2.818897638	-55.336065592400395
2.820866142	-88.32221557842338
2.822834646	-109.65472313915312
2.82480315	-99.71017728792526
2.826771654	-74.65843804289048
2.828740157	-60.485127383070086
2.830708661	-71.51848196324167
2.832677165	-95.39920029475574
2.834645669	-108.35059757795608
2.836614173	-94.89644519994245
2.838582677	-70.61384814915392
2.840551181	-55.93967119730579
2.842519685	-59.34030738802808
2.844488189	-75.06592325039811
2.846456693	-87.12352839001292
2.848425197	-88.49170725331838
2.850393701	-86.05732177996346
2.852362205	-82.53628805437694
2.854330709	-84.07630459129128
2.856299213	-79.95013471692471
2.858267717	-75.33774560359942
2.86023622	-69.65582886269844
2.862204724	-71.67552957491985
2.864173228	-76.4143716415429
2.866141732	-83.43226251221986
2.868110236	-90.27931616401095
2.87007874	-96.16069979708674
2.872047244	-97.85604460132159
2.874015748	-96.34655737079328
2.875984252	-99.68020190872463
2.877952756	-111.94723062613255
2.87992126	-127.4969009302506
2.881889764	-137.45454454710293
2.883858268	-128.21783024288115
2.885826772	-105.50579030680717
2.887795276	-88.71522207839588
2.88976378	-87.01224887325652
2.891732283	-96.95241559921449
2.893700787	-104.43760420148895
2.895669291	-100.63636020196762
2.897637795	-96.62871091168354
2.899606299	-100.26436329567439
2.901574803	-112.43316279149504
2.903543307	-127.65278315557052
2.905511811	-136.4977285123645
2.907480315	-136.7799269727171
2.909448819	-129.03760743080753
2.911417323	-117.35695416754689
2.913385827	-112.23485113663052
2.915354331	-121.26778170837457
2.917322835	-136.9066900619535
2.919291339	-143.11115964659214
2.921259843	-126.30030664297324
2.923228346	-104.86204512566046
2.92519685	-100.38266254685607
2.927165354	-119.21018039996139
2.929133858	-138.01019229873623
2.931102362	-132.43886209587228
2.933070866	-108.37125709808565
2.93503937	-89.44401484737186
2.937007874	-91.3229552739682
2.938976378	-100.89410019104189
2.940944882	-107.38299027733814
2.942913386	-108.13202986130636
2.94488189	-117.35584339200878
2.946850394	-133.7603241346769
2.948818898	-135.9408056069985
2.950787402	-113.48662512998361
2.952755906	-96.07557547338861
2.954724409	-105.49342764712983
2.956692913	-137.04404057672394
2.958661417	-153.61071176592534
2.960629921	-135.73138300562007
2.962598425	-105.07958639384184
2.964566929	-93.78484457409928
2.966535433	-109.03126656014682
2.968503937	-125.01850187110513
2.970472441	-123.94443651227857
2.972440945	-113.8261893113969
2.974409449	-111.67156635543039
2.976377953	-112.36581111099048
2.978346457	-102.58343685492267
2.980314961	-85.04138824627799
2.982283465	-85.9213037677998
2.984251969	-117.65018576641766
2.986220472	-155.58659453248788
2.988188976	-162.78555973473368
2.99015748	-138.25360345247697
2.992125984	-114.19300460946704
2.994094488	-120.22686591273904
2.996062992	-147.5888399179458
2.998031496	-159.1600710931914
3.0	-138.2307779262024
3.001968504	-103.61697487829571
3.003937008	-85.10620205163673
3.005905512	-93.44709712907654
3.007874016	-110.34721521797915
3.00984252	-119.724971904362
3.011811024	-118.45033313729475
3.013779528	-117.64045638586991
3.015748031	-119.50907094211412
3.017716535	-119.60767092708174
3.019685039	-117.81532256766295
3.021653543	-114.67723443679891
3.023622047	-116.32205190766688
3.025590551	-121.1609897949594
3.027559055	-122.80856964801133
3.029527559	-124.9653912529933
3.031496063	-121.60907099472172
3.033464567	-118.61919070288077
3.035433071	-117.31258385373674
3.037401575	-120.12047456305544
3.039370079	-124.1851084878141
3.041338583	-122.76509541939669
3.043307087	-116.30513855407177
3.045275591	-108.4825608075429
3.047244094	-106.43832660898897
3.049212598	-106.54669197970584
3.051181102	-105.3788354042042
3.053149606	-103.07387281691854
3.05511811	-107.09421262780306
3.057086614	-119.17748057638364
3.059055118	-135.6957830709003
3.061023622	-137.92935453201292
3.062992126	-124.60919723396418
3.06496063	-112.47119400070736
3.066929134	-117.74664550105452
3.068897638	-134.60392014705099
3.070866142	-141.22365307868668
3.072834646	-126.102000926203
3.07480315	-107.02203271611434
3.076771654	-106.1441437143724
3.078740157	-129.04146557957156
3.080708661	-151.8963183143962
3.082677165	-155.72494980935332
3.084645669	-143.51897066112602
3.086614173	-131.49458396192932
3.088582677	-123.87979592365342
3.090551181	-115.23433045366795
3.092519685	-107.82037644860317
3.094488189	-112.57804728580106
3.096456693	-127.17798188620382
3.098425197	-136.32173662646244
3.100393701	-126.60981758573799
3.102362205	-107.41917817054359
3.104330709	-107.02759316345858
3.106299213	-137.67794191992013
3.108267717	-175.80284144263945
3.11023622	-185.44275417815012
3.112204724	-157.2859490663193
3.114173228	-120.36842105295369
3.116141732	-107.0896017996586
3.118110236	-121.0815207541153
3.12007874	-134.31338897967936
3.122047244	-134.75221892360062
3.124015748	-125.96807464983952
3.125984252	-131.03731158910725
3.127952756	-150.16940383778416
3.12992126	-172.40369591765327
3.131889764	-181.16234132556198
3.133858268	-185.23468505984135
3.135826772	-186.15442572976582
3.137795276	-194.8911535818227
3.13976378	-204.6636027256148
3.141732283	-200.34106848936273
3.143700787	-180.54605603126518
3.145669291	-158.15538279500365
3.147637795	-151.41275007331143
3.149606299	-168.54582601942525
3.151574803	-190.9265805783917
3.153543307	-194.92156009655685
3.155511811	-177.5323835742828
3.157480315	-158.1939096287047
3.159448819	-160.11830484148956
3.161417323	-180.26845915155357
3.163385827	-187.0552541528504
3.165354331	-166.62304185711614
3.167322835	-132.47293968392873
3.169291339	-119.25160694332965
3.171259843	-131.30969632264262
3.173228346	-145.57468993672038
3.17519685	-135.68795888402337
3.177165354	-105.20508126446082
3.179133858	-83.911364821719
3.181102362	-84.91837874578876
3.183070866	-99.54876767041928
3.18503937	-102.5590922784271
3.187007874	-90.99731602980042
3.188976378	-75.56304666277381
3.190944882	-74.79511750754028
3.192913386	-85.34288916362733
3.19488189	-95.00208783645552
3.196850394	-93.63694180773139
3.198818898	-91.80894964566545
3.200787402	-101.85047412359421
3.202755906	-120.63152263465066
3.204724409	-131.38962355005538
3.206692913	-121.12104883781839
3.208661417	-93.55614956090035
3.210629921	-84.23035266933375
3.212598425	-101.34521978834803
3.214566929	-126.95992485278474
3.216535433	-131.42852889497243
3.218503937	-108.1069224100696
3.220472441	-89.35712916225403
3.222440945	-100.44691899234786
3.224409449	-132.8546853569544
3.226377953	-152.49101529688613
3.228346457	-142.1076776325902
3.230314961	-125.83623766668772
3.232283465	-132.06554304734448
3.234251969	-167.76968146870087
3.236220472	-214.3715050202018
3.238188976	-255.94399000086815
3.24015748	-294.46845241333165
3.242125984	-343.0794571056851
3.244094488	-407.4226500414756
3.246062992	-477.97792676913554
3.248031496	-536.4423299420034
3.25	-575.6605071176057
3.251968504	-593.5745412974285
3.253937008	-600.4334449832191
3.255905512	-592.4614589792222
3.257874016	-570.2833265371971
3.25984252	-527.2260307633103
3.261811024	-463.7115296665296
3.263779528	-387.32097766635513
3.265748031	-306.71152413364706
3.267716535	-228.74762382292235
3.269685039	-158.13601924227143
3.271653543	-94.71456323212072
3.273622047	-42.64879053777999
3.275590551	-11.279606433478692
3.277559055	-0.43548409029208046
3.279527559	-3.3492038947326153
3.281496063	-10.737389131014766
3.283464567	-20.32055377747356
3.285433071	-38.248650856069375
3.287401575	-67.98861242217531
3.289370079	-93.81626626228237
3.291338583	-94.22854662127513
3.293307087	-73.99806597581367
3.295275591	-58.75985753504683
3.297244094	-69.55074557683159
3.299212598	-89.56618055322583
3.301181102	-85.29466451227562
3.303149606	-51.36696363983425
3.30511811	-19.941402115388737
3.307086614	-22.40364785290498
3.309055118	-51.98317659064254
3.311023622	-72.59742185292691
3.312992126	-71.42351323927052
3.31496063	-57.71752300109644
3.316929134	-56.58403050669127
3.318897638	-61.46575879486023
3.320866142	-59.88972312956071
3.322834646	-52.4191499756831
3.32480315	-57.387230200720246
3.326771654	-78.20465814042872
3.328740157	-97.02745794130308
3.330708661	-93.62895958679887
3.332677165	-76.46318405916612
3.334645669	-71.23667056266576
3.336614173	-89.39067037062402
3.338582677	-112.02817789640973
3.340551181	-117.08162336769783
3.342519685	-97.74334928142314
3.344488189	-73.14041210849572
3.346456693	-62.8470025044385
3.348425197	-70.88807767664882
3.350393701	-89.07956724025034
3.352362205	-103.46968245674097
3.354330709	-104.16814985744848
3.356299213	-91.599221681097
3.358267717	-76.62361570774077
3.36023622	-79.86973956111616
3.362204724	-105.5287883512838
3.364173228	-130.83866209637117
3.366141732	-134.15938927584622
3.368110236	-112.11790745600644
3.37007874	-90.54026662400413
3.372047244	-97.85981052220035
3.374015748	-125.02023294152767
3.375984252	-140.70757384809212
3.377952756	-129.00476738269697
3.37992126	-104.51260041740925
3.381889764	-96.73776305742948
3.383858268	-115.42168349977823
3.385826772	-138.51641105055393
3.387795276	-144.4176453963281
3.38976378	-134.7124866683367
3.391732283	-124.42014051405398
3.393700787	-126.59703451171438
3.395669291	-130.13265590688903
3.397637795	-131.8279820108104
3.399606299	-135.50905091759898
3.401574803	-143.855334572847
3.403543307	-156.62222674930703
3.405511811	-158.02596577814262
3.407480315	-155.95926926877988
3.409448819	-157.2984954778863
3.411417323	-166.69846240755996
3.413385827	-169.0572574992234
3.415354331	-160.94895004437416
3.417322835	-155.81907740317416
3.419291339	-166.4852808820769
3.421259843	-187.8324547363658
3.423228346	-191.00096813246162
3.42519685	-172.41665406910158
3.427165354	-154.87785658254822
3.429133858	-170.7409370327189
3.431102362	-205.88288687460508
3.433070866	-228.75256726541375
3.43503937	-212.30758823064812
3.437007874	-177.31663705310362
3.438976378	-163.4177213883532
3.440944882	-181.51512884171592
3.442913386	-208.87809695377143
3.44488189	-219.29812238900416
3.446850394	-212.12117930535695
3.448818898	-205.11933416180617
3.450787402	-206.78333928820797
3.452755906	-210.0675777298671
3.454724409	-209.7915063560109
3.456692913	-210.89695657044388
3.458661417	-222.37265507251195
3.460629921	-239.39517088236403
3.462598425	-242.95957878331302
3.464566929	-232.08905328786085
3.466535433	-221.48623648335143
3.468503937	-227.61860301861785
3.470472441	-247.32169821611484
3.472440945	-260.6593602054617
3.474409449	-254.70566632147734
3.476377953	-240.37185454982125
3.478346457	-234.0001940918625
3.480314961	-241.992058958907
3.482283465	-252.71252836243798
3.484251969	-254.72510542720818
3.486220472	-247.47313156724206
3.488188976	-241.05590027213077
3.49015748	-244.80087750136727
3.492125984	-254.8444710042652
3.494094488	-261.30496355750745
3.496062992	-261.0007336492771
3.498031496	-255.48671124448222
3.5	-252.4017930279453
3.501968504	-255.08217850573865
3.503937008	-262.37071668625913
3.505905512	-268.936598137436
3.507874016	-271.00750282724385
3.50984252	-263.9426999848123
3.511811024	-250.85654927467908
3.513779528	-240.7103570370335
3.515748031	-239.56915655663576
3.517716535	-245.98430816394816
3.519685039	-249.9310132262824
3.521653543	-243.99080290670113
3.523622047	-233.37577834574282
3.525590551	-223.36548916911482
3.527559055	-223.29239512557035
3.529527559	-228.76347027303913
3.531496063	-230.214563469132
3.533464567	-219.0081557603352
3.535433071	-199.53752861028534
3.537401575	-177.67991429294528
3.539370079	-165.78975100270245
3.541338583	-161.59698485738386
3.543307087	-156.41786792695504
3.545275591	-142.38585600198337
3.547244094	-123.29998616120899
3.549212598	-110.46885873945261
3.551181102	-110.12579452743019
3.553149606	-114.0391470871307
3.55511811	-112.47849028659815
3.557086614	-104.40034842339509
3.559055118	-99.25887914352661
3.561023622	-101.51561826338482
3.562992126	-103.94180949498248
3.56496063	-94.93847341167537
3.566929134	-78.40935858206618
3.568897638	-63.09996237381022
3.570866142	-58.15275922335647
3.572834646	-60.08219462281362
3.57480315	-59.84910236739677
3.576771654	-53.159541300114036
3.578740157	-43.6071322018775
3.580708661	-36.83815850700558
3.582677165	-39.40016669437575
3.584645669	-49.96241486238806
3.586614173	-59.442135471024805
3.588582677	-60.88601360543504
3.590551181	-48.719919691397294
3.592519685	-29.528129457896263
3.594488189	-27.446420346023086
3.596456693	-43.887772151506184
3.598425197	-67.0797353470002
3.600393701	-74.88721436736694
3.602362205	-63.94667593602708
3.604330709	-50.52825680230911
3.606299213	-57.08275231981972
3.608267717	-83.93187275389262
3.61023622	-108.3699305166345
3.612204724	-108.86411006610211
3.614173228	-86.41708705277662
3.616141732	-65.41986888824984
3.618110236	-63.126039020653224
3.62007874	-73.96202715221779
3.622047244	-76.54635751364937
3.624015748	-62.73446664815085
3.625984252	-46.02112479531471
3.627952756	-44.534482474217306
3.62992126	-61.638873042980656
3.631889764	-80.43313625325275
3.633858268	-83.15850536149719
3.635826772	-78.86893043825414
3.637795276	-82.15921475189259
3.63976378	-102.4876714393077
3.641732283	-122.09200027433181
3.643700787	-122.4911253483711
3.645669291	-101.89736045747306
3.647637795	-81.4802483065665
3.649606299	-80.60665502730312
3.651574803	-92.52600332679661
3.653543307	-100.9722048366393
3.655511811	-92.90934021238822
3.657480315	-83.95889423396699
3.659448819	-89.73085297256334
3.661417323	-111.2163476654021
3.663385827	-125.81110513513138
3.665354331	-118.32115602067465
3.667322835	-98.94443690177651
3.669291339	-94.48293715087563
3.671259843	-114.21019108996366
3.673228346	-137.63479963505029
3.67519685	-133.86208637623605
3.677165354	-105.18208014562276
3.679133858	-79.29053187543414
3.681102362	-84.80082939734068
3.683070866	-116.3431194009776
3.68503937	-144.0215597514041
3.687007874	-146.18158710487708
3.688976378	-129.09408269178422
3.690944882	-114.8557304349072
3.692913386	-113.48088603161874
3.69488189	-118.16300062555655
3.696850394	-121.39377166185015
3.698818898	-124.58965064978162
3.700787402	-124.88911576610603
3.702755906	-115.81363211459424
3.704724409	-97.982140981263
3.706692913	-89.5007401408691
3.708661417	-101.90671608325101
3.710629921	-129.15664084106305
3.712598425	-146.9682857667993
3.714566929	-138.36721253069575
3.716535433	-114.10568222917775
3.718503937	-98.98097216120122
3.720472441	-105.88202900103461
3.722440945	-122.43830993303513
3.724409449	-131.4234764181749
3.726377953	-126.46007225363911
3.728346457	-120.64034132756161
3.730314961	-123.37932447793908
3.732283465	-128.93307525972705
3.734251969	-130.1208414601126
3.736220472	-127.78257564501563
3.738188976	-131.25119851066404
3.74015748	-140.08489228514404
3.742125984	-137.55542673428565
3.744094488	-120.37909630071866
3.746062992	-100.57087453317708
3.748031496	-101.71969947037068
3.75	-116.05739316836089
3.751968504	-130.84279721650623
3.753937008	-124.42396912212386
3.755905512	-110.8552985155235
3.757874016	-112.7845307322029
3.75984252	-127.17083651971764
3.761811024	-137.5996544140742
3.763779528	-129.79025649598776
3.765748031	-116.98845728994695
3.767716535	-115.7469524338152
3.769685039	-123.75681030179058
3.771653543	-123.61870868415411
3.773622047	-110.52422727341386
3.775590551	-97.05514769233584
3.777559055	-97.85545523158032
3.779527559	-106.6284503130362
3.781496063	-105.07196432961145
3.783464567	-95.64699553618125
3.785433071	-94.36962138544664
3.787401575	-110.89384482785275
3.789370079	-129.70740736841148
3.791338583	-130.05958569570532
3.793307087	-113.31870210306427
3.795275591	-98.74201463701004
3.797244094	-103.74090359838513
3.799212598	-118.93924315869033
3.801181102	-127.02059984325457
3.803149606	-115.90910936604895
3.80511811	-100.31417981968538
3.807086614	-94.31885603841994
3.809055118	-99.06059212124426
3.811023622	-105.88622875453763
3.812992126	-110.2148253723731
3.81496063	-113.98531197939215
3.816929134	-118.96831972996182
3.818897638	-124.65240383598874
3.820866142	-127.58170213575592
3.822834646	-127.22165892402589
3.82480315	-121.35615021538213
3.826771654	-119.8299179449107
3.828740157	-119.85220257461125
3.830708661	-119.64680685166978
3.832677165	-119.9871141671924
3.834645669	-124.48260665678762
3.836614173	-129.3434300577614
3.838582677	-132.75287965836029
3.840551181	-134.61819051242531
3.842519685	-140.73389884705284
3.844488189	-157.52504538435215
3.846456693	-179.71256672997856
3.848425197	-191.39726801557316
3.850393701	-185.6247771065792
3.852362205	-163.42025296520353
3.854330709	-140.72965754054113
3.856299213	-126.63063526071576
3.858267717	-127.84638498866184
3.86023622	-133.5819347022021
3.862204724	-139.08431387611486
3.864173228	-139.7733045629714
3.866141732	-137.47165499116045
3.868110236	-135.58474553280524
3.87007874	-142.32148755071657
3.872047244	-158.5021785200421
3.874015748	-174.24405048798903
3.875984252	-183.8901040257478
3.877952756	-187.0635035661334
3.87992126	-192.21658586547198
3.881889764	-202.26669141306758
3.883858268	-204.43144242354563
3.885826772	-196.04504147115335
3.887795276	-186.30353333392537
3.88976378	-189.1852253429052
3.891732283	-204.79578309541486
3.893700787	-208.35284786883176
3.895669291	-189.95471558689079
3.897637795	-166.57209091031535
3.899606299	-153.46386481264625
3.901574803	-162.59298213571665
3.903543307	-173.42215621457893
3.905511811	-166.5627602617841
3.907480315	-144.47358137130124
3.909448819	-122.9734262466298
3.911417323	-114.8191387220058
3.913385827	-114.42947000730706
3.915354331	-115.91678047902722
3.917322835	-110.52633661934746
3.919291339	-100.10566501664677
3.921259843	-88.74804790628073
3.923228346	-88.37605182387959
3.92519685	-102.85194453584448
3.927165354	-119.53544577440968
3.929133858	-119.94775523416277
3.931102362	-102.69164615410365
3.933070866	-87.6279954882946
3.93503937	-94.03703674441009
