10.01	29.501895700458018
10.02	28.930374640026944
10.03	28.757451329500547
10.04	27.78400804101576
10.05	27.579376069614167
10.06	27.19627051874173
10.07	26.75521643426491
10.08	26.316473944920464
10.09	25.75198287252203
10.1	24.985297255132405
10.11	24.002446968839912
10.12	23.64372385253709
10.13	22.69585740006082
10.14	21.96757091106827
10.15	21.208275881690945
10.16	21.066723272480615
10.17	19.010444283079497
10.18	18.379732224593226
10.19	18.578152507091936
10.2	17.589008754331946
10.21	16.682223041647617
10.22	15.718266724722657
10.23	15.158109703326476
10.24	14.411459193606019
10.25	13.412287151357166
10.26	13.03940079208922
10.27	11.980502899269089
10.28	12.182783304776713
10.29	10.825674202012706
10.3	10.420126239089614
10.31	10.166920780545697
10.32	9.391454021618097
10.33	8.342937364107895
10.34	7.885564194735855
10.35	7.476851218774669
10.36	7.051499890053546
10.37	6.926519969144496
10.38	6.329227311889521
10.39	5.931261402511032
10.4	5.481169635153197
10.41	5.323018385887578
10.42	5.177544101522525
10.43	4.653828067969741
10.44	4.342830010501844
10.45	4.136197423523351
10.46	4.003263167328106
10.47	3.951064972860512
10.48	4.222010873523463
10.49	3.796666375876701
10.5	3.830225967591605
10.51	3.5968197865908005
10.52	3.9928553676189034
10.53	3.3227016537585206
10.54	3.347036991308725
10.55	3.478998773513284
10.56	3.748265175071356
10.57	3.8473757820614556
10.58	4.198477035580583
10.59	4.321351504000988
10.6	4.112840060890101
10.61	4.226347176732564
10.62	4.797522112119471
10.63	5.219803614035549
10.64	5.499093741631945
10.65	5.476190344363077
10.66	6.537616985061882
10.67	6.525686412706232
10.68	6.944574225788884
10.69	7.584917593565294
10.7	8.43291177304559
10.71	8.857046768344588
10.72	9.687142127800513
10.73	10.372717468831222
10.74	10.658063248060943
10.75	12.038174832747092
10.76	12.853549882665787
10.77	13.95213806941339
10.78	13.966434195300922
10.79	15.092324052669916
10.8	16.13004597111728
10.81	16.46389105563722
10.82	17.67481329847889
10.83	18.542151699014067
10.84	19.07834392373045
10.85	20.117732036080955
10.86	20.764754247807527
10.87	21.310614970635363
10.88	22.235376937838456
10.89	22.576814096244284
10.9	22.9141034740709
10.91	24.086329486207482
10.92	24.828809329899812
10.93	25.451829858797225
10.94	26.237297459638448
10.95	26.30991630334369
10.96	27.051559394734007
10.97	27.457632116536598
10.98	27.405153093356738
10.99	28.69156690307969
11.0	28.528839851034537
11.01	29.424539604959744
11.02	29.581911551274782
11.03	29.447622187216222
11.04	29.992638066454028
11.05	30.236638444776975
11.06	30.6178117397943
11.07	30.63052296050559
11.08	30.94566719861397
11.09	30.318491111387978
11.1	30.584517925802796
11.11	30.177389762320114
11.12	30.783587280239352
11.13	30.58219205789752
11.14	30.409225587919273
11.15	30.070029754530267
11.16	30.48600867075894
11.17	29.882314102960784
11.18	29.467840939217798
11.19	29.657887156182127
11.2	29.034261100099332
11.21	29.161050974473174
11.22	28.41556345520856
11.23	27.943891212676597
11.24	27.663870325979314
11.25	26.83491625501894
11.26	26.43838912745488
11.27	26.173403452446358
11.28	25.534732221659812
11.29	25.089279543159407
11.3	24.02053152419657
11.31	23.698093661010947
11.32	22.60529710140165
11.33	21.71095483238731
11.34	21.640815203816082
11.35	20.893344200417026
11.36	19.146599753897213
11.37	19.357611010542765
11.38	18.33037402346016
11.39	17.49425494142449
11.4	16.565343197415043
11.41	16.011894655869927
11.42	14.952461611418272
11.43	14.295220197030005
11.44	13.429289106633037
11.45	12.92585838338204
11.46	11.324862076555616
11.47	10.9499439107704
11.48	10.429501815814453
11.49	9.981462847749052
11.5	8.88932459927122
11.51	7.9593531241790405
11.52	7.844391589942307
11.53	7.477811468857534
11.54	7.116961803990795
11.55	6.2118396490070555
11.56	5.284589372109154
11.57	5.5810808645659735
11.58	5.191878203746653
11.59	4.476622311212717
11.6	4.2727178213200006
11.61	3.695374377281843
11.62	3.4426160618845247
11.63	2.925660405443374
11.64	3.0862219039566754
11.65	2.8155095119955957
11.66	2.694970929411263
11.67	2.510518051432216
11.68	2.3640355741569077
11.69	1.700369996442473
11.7	1.4477713754270947
11.71	1.3809299415842464
11.72	1.232009527855982
11.73	1.2232302714422456
11.74	1.3811468705426981
11.75	1.1684651620027797
11.76	0.8142409900913092
11.77	0.9073717228122133
11.78	0.9009923474664887
11.79	0.8369615342654956
11.8	0.786960860672177
11.81	0.8060660743749151
11.82	1.1356125604478828
11.83	1.0071910959984736
11.84	1.8313365583667318
11.85	1.1123013835328075
11.86	0.8538354954061992
11.87	0.7672061699373198
11.88	0.9495322426474992
11.89	1.9100248946772427
11.9	1.6122410053790808
11.91	2.1794361513075846
11.92	2.445550124163062
11.93	1.8872878516512823
11.94	2.436933915967247
11.95	3.065092317774927
11.96	3.3914395998501194
11.97	3.7411711723253585
11.98	3.9965056468657885
11.99	4.505331925702997
12.0	4.743279174779608
12.01	5.32135752592546
12.02	5.204829592992861
12.03	6.274073366451079
12.04	6.555170115507947
12.05	7.897281484158564
12.06	8.16158259119446
12.07	8.833609038446395
12.08	9.140675192227839
12.09	10.389056357419394
12.1	11.271980061403013
12.11	10.74273553302114
12.12	12.020724490538674
12.13	12.844168041355516
12.14	13.775783979584364
12.15	14.576701846812751
12.16	15.334952191924767
12.17	16.23578907468034
12.18	16.81968711929355
12.19	17.384469882557873
12.2	18.1301924214778
12.21	18.837219186004962
12.22	19.39438057129535
12.23	20.547924301432847
12.24	21.328958494846052
12.25	21.874207298148274
12.26	22.229127965990795
12.27	22.962434590122058
12.28	23.553128605934084
12.29	24.232726465978406
12.3	24.677305413201
12.31	24.577541441452304
12.32	25.406155049220164
12.33	25.604982773830436
12.34	26.283426982568805
12.35	27.030131036164388
12.36	26.918684982328447
12.37	27.440268223207614
12.38	27.88138136261988
12.39	27.262177762629964
12.4	28.048005474667637
12.41	27.8739090511584
12.42	28.634490066209192
12.43	28.991799911389393
12.44	28.715972542288874
12.45	29.514370398612723
12.46	29.22468205951034
12.47	29.09796485338646
12.48	29.218548729913
12.49	29.43151956977304
12.5	29.036875082211576
12.51	29.722585303526557
12.52	29.429833687246177
12.53	29.20241456236082
12.54	29.516838814752703
12.55	29.44176341884634
12.56	29.377526864870724
12.57	29.705936631934645
12.58	29.761220003904107
12.59	29.481526933630235
12.6	29.721575094106765
12.61	29.38808196812631
12.62	29.341135769109183
12.63	29.51623018796997
12.64	28.9337892329917
12.65	29.463855419030203
12.66	28.78106620891453
12.67	28.281868605138687
12.68	27.31988904882223
12.69	27.599775689184415
12.7	27.584573052155882
12.71	27.668268499883993
12.72	27.34893803148992
12.73	27.271318323000582
12.74	26.765881586682145
12.75	26.01143025929374
12.76	26.06300571857833
12.77	24.761309128868373
12.78	24.651601195661893
12.79	24.633535330415857
12.8	23.792400674542154
12.81	23.195213186460688
12.82	23.47850360024685
12.83	22.50703426899622
12.84	21.559194293492368
12.85	20.638383652171637
12.86	20.41292798441761
12.87	19.498416871655618
12.88	19.266604418654264
12.89	18.90105880827608
12.9	18.408171818089478
12.91	17.081918312242536
12.92	16.59024381552863
12.93	15.758115517757876
12.94	15.588921323867034
12.95	15.177310008731766
12.96	13.788510276232158
12.97	13.154402154602444
12.98	12.46171059471108
12.99	12.014417023846601
13.0	11.112077503643713
13.01	11.06473449597573
13.02	10.594586340494004
13.03	10.490304821162463
13.04	9.753390517921115
13.05	9.499866924493805
13.06	8.839241382305575
13.07	8.1405935376022
13.08	8.013398667856451
13.09	7.245185219730388
13.1	7.1428698131514565
13.11	7.051673049073097
13.12	6.4695185067479155
13.13	6.5479724962673975
13.14	5.990748024062525
13.15	5.661009953517555
13.16	5.211023877311298
13.17	5.312747898560607
13.18	4.802660649200887
13.19	5.466499214799063
13.2	4.684950331808306
13.21	4.80959408900616
13.22	4.154487300401752
13.23	4.238368423351489
13.24	4.084244287368111
13.25	4.413375160796027
13.26	4.491667696874015
13.27	4.109653504282797
13.28	3.9171381075694276
13.29	3.864416898730936
13.3	4.097962376166726
13.31	3.918031816849069
13.32	4.223519619240889
13.33	4.326794559555647
13.34	4.329390504346809
13.35	3.8571729579925993
13.36	4.0879443248504845
13.37	4.692480314747573
13.38	4.488401808100697
13.39	5.021987235081536
13.4	5.063561114544075
13.41	5.525649121034683
13.42	5.690595328121168
13.43	5.447565029369341
13.44	5.852906360927424
13.45	6.265241233287492
13.46	6.576094958829499
13.47	7.31139126782738
13.48	7.534991025559666
13.49	8.014887349048202
13.5	8.091459634327549
13.51	9.247427190231996
13.52	9.430893095233897
13.53	10.09405971363905
13.54	10.331289220769888
13.55	11.260229374622504
13.56	10.97084603857695
13.57	12.018067212594325
13.58	12.682414517098982
13.59	13.928708737076937
13.6	13.670693682942805
13.61	14.598555459755056
13.62	15.568248668292703
13.63	15.924708885793567
13.64	16.126622273434904
13.65	16.762009727112673
13.66	17.445856033229926
13.67	18.282937066492998
13.68	19.05227919346297
13.69	19.864863142133874
13.7	20.0466024108161
13.71	20.395068492970594
13.72	21.044115658971688
13.73	21.541627577256136
13.74	21.669432833744235
13.75	22.108398858998513
13.76	22.747936672059314
13.77	22.942185761880026
13.78	23.872733177393624
13.79	23.489044038687677
13.8	24.478914309669104
13.81	24.723694028008218
13.82	24.906205583394236
13.83	25.08496127679255
13.84	25.794749487188785
13.85	25.940971383026525
13.86	26.04737156282446
13.87	26.18199526360876
13.88	26.456043532043935
13.89	26.324329794181956
13.9	26.47590019194835
13.91	26.498609868491467
13.92	26.62482072491541
13.93	27.014432966838964
13.94	26.574155262067887
13.95	26.752307710553673
13.96	26.71130533982177
13.97	27.114364103573852
13.98	26.67271326553434
13.99	27.029493043270314
14.0	26.976103856519806
14.01	26.68964178931058
14.02	26.56197449695065
14.03	26.415053145190946
14.04	26.131636175227317
14.05	26.28111842527473
14.06	26.141530303800863
14.07	25.71162824196009
14.08	25.75411297424517
14.09	26.014183282296464
14.1	25.427012411870766
14.11	25.809931157271716
14.12	25.15362686125017
14.13	25.248160762445544
14.14	25.078103824386265
14.15	24.42863647471402
14.16	23.83324316766522
14.17	23.93940551616265
14.18	23.50193878563768
14.19	23.3145771249498
14.2	22.43512009976803
14.21	22.280744972248606
14.22	21.97719214763605
14.23	20.96366216635658
14.24	21.021850363004535
14.25	20.635566152705767
14.26	19.574509879313602
14.27	19.109423882385638
14.28	18.434153557141393
14.29	17.76789287455857
14.3	16.982234155219036
14.31	16.125348241057406
14.32	15.452994592458488
14.33	14.82595108133085
14.34	14.466449660341572
14.35	13.638267123658162
14.36	13.07321534440202
14.37	12.662150641422262
14.38	11.220581652387407
14.39	10.835814809116078
14.4	9.63083814541609
14.41	9.005163736680961
14.42	9.1188239208515
14.43	7.941022928647195
14.44	7.841858722346349
14.45	7.3067495962162345
14.46	6.485430984062909
14.47	6.2502115895676145
14.48	5.46781378127647
14.49	4.65782481004118
14.5	4.898431040240024
14.51	4.408867077498584
14.52	4.054320364639205
14.53	3.469247285727324
14.54	2.782695693956466
14.55	2.76103328172242
14.56	2.5897178036953177
14.57	2.5208095164148974
14.58	2.177329776068117
14.59	1.8633756453001138
14.6	1.8004191556258304
14.61	1.2953321489296208
14.62	2.3123738696167226
14.63	1.3994509813887017
14.64	0.6134403388819349
14.65	0.8803299179356434
14.66	1.0809029418977294
14.67	0.6576273996499526
14.68	1.0763288714523607
14.69	0.9645848061196111
14.7	0.9079972837404566
14.71	1.0496547113596886
14.72	1.0340050084473758
14.73	1.2889425945655582
14.74	1.8730513042387131
14.75	1.8462398746815938
14.76	1.928436811447675
14.77	2.046904071674641
14.78	2.5307608019958012
14.79	2.7301831583293503
14.8	2.9459139240288423
14.81	3.713636391142437
14.82	3.479234613529495
14.83	4.438940256668366
14.84	5.1135702405494206
14.85	5.247898635829673
14.86	5.337900059480052
14.87	6.285111784928449
14.88	7.426213205707999
14.89	7.52228556601097
14.9	8.634683163583118
14.91	9.181769423035664
14.92	10.029180245490116
14.93	10.65518587649495
14.94	11.116127160950217
14.95	11.91330369302406
14.96	12.473635984117655
14.97	14.126218555431883
14.98	14.163052259681349
14.99	14.753475379528727
15.0	15.830144295040519
15.01	16.686795822548238
15.02	17.513912688431944
15.03	18.227766183769813
15.04	18.647447810201495
15.05	19.469154068026434
15.06	20.64127207484388
15.07	20.873593446076242
15.08	21.932695364832828
15.09	22.021311781301943
15.1	22.4232920723405
15.11	23.145275305345688
15.12	23.960556068549472
15.13	24.031834318413537
15.14	24.37896814734485
15.15	25.1471814645996
15.16	25.54394697633676
15.17	25.96266366751297
15.18	25.800348479227832
15.19	26.36488694772701
15.2	27.328720081350056
15.21	27.16230454983331
15.22	27.14754210674703
15.23	27.310785929557273
15.24	27.135887190981563
15.25	27.391290050476673
15.26	27.873912544854498
15.27	27.89293722587881
15.28	27.706250544529095
15.29	27.465470427480405
15.3	27.983941357170718
15.31	27.950113592467762
15.32	28.236087267600567
15.33	27.826393180444107
15.34	28.058104334007208
15.35	27.334470586585454
15.36	27.922331422278493
15.37	27.782859187436838
15.38	27.290486400427977
15.39	27.01560028011938
15.4	26.77868750655879
15.41	27.109571681687566
15.42	26.130772817979906
15.43	25.743201814490252
15.44	25.608587343448114
15.45	25.00789332024357
15.46	24.521363860352334
15.47	23.958384634468054
15.48	24.151978424238465
15.49	22.947303448023657
15.5	22.665617630979263
15.51	21.652802437421858
15.52	20.93586535396426
15.53	20.805085347574764
15.54	19.6538835332358
15.55	19.321093387171892
15.56	18.344804670422068
15.57	17.656910012369156
15.58	17.029185877840337
15.59	16.244443204194106
15.6	15.293271813240361
15.61	14.828557414340624
15.62	14.240638945759436
15.63	12.696902685220742
15.64	12.830186734141286
15.65	11.308047810921913
15.66	10.647362148843857
15.67	10.194355051763095
15.68	9.397928550504695
15.69	9.105937502738048
15.7	8.122283391683563
15.71	7.2884381828420155
15.72	6.544183747892443
15.73	6.374452517001473
15.74	5.75392341817191
15.75	5.446798808142652
15.76	4.018515466313584
15.77	4.065240834666917
15.78	3.7512528995174796
15.79	2.6437112447916
15.8	2.6724501194845587
15.81	2.5779983053044164
15.82	2.1518317211752076
15.83	1.4975016243642862
15.84	1.830050242767312
15.85	1.4690834165030418
15.86	1.2521915083064217
15.87	0.9306416276866581
15.88	0.6197418630982703
15.89	0.4574933078569934
15.9	0.5996336539772046
15.91	-0.060152083387721274
15.92	0.15077372037674916
15.93	0.019968006322840563
15.94	0.06642663148938685
15.95	0.2859550240703903
15.96	0.05130747849758941
15.97	0.6062963429204888
15.98	0.15965036468059296
15.99	0.7653735225081542
16.0	0.9047162014396433
16.01	1.2185184161923255
16.02	1.089073482549606
16.03	1.309457386997095
16.04	2.697830134597995
16.05	2.1032887265959035
16.06	3.0996927161727466
16.07	2.7812599991054565
16.08	3.842247611525498
16.09	4.017167014267853
16.1	4.440407763775039
16.11	5.165004393066531
16.12	5.155621910065072
16.13	6.437143419954468
16.14	7.508735337812376
16.15	8.065207260449727
16.16	8.52665821409766
16.17	9.439019069797624
16.18	10.357997851564733
16.19	10.589981020762213
16.2	11.517302708145504
16.21	12.77030920110231
16.22	13.091603922946435
16.23	13.826924097754258
16.24	15.233767934431352
16.25	15.381301009021767
16.26	16.48682114336143
16.27	17.33079657555884
16.28	17.7195129470001
16.29	18.33560619126336
16.3	19.29549572792589
16.31	19.621530263877563
16.32	20.41434518061811
16.33	21.063092522818085
16.34	21.697439862190244
16.35	21.99486895520198
16.36	22.579242955452585
16.37	22.5351378103989
16.38	23.846790319795435
16.39	23.54025800900988
16.4	24.318708511513695
16.41	25.197605043765808
16.42	25.706181374301043
16.43	25.44000161997661
16.44	26.126675751799638
16.45	26.102127501314268
16.46	26.744739952339433
16.47	26.645926774101227
16.48	27.269587229035
16.49	27.58689154810538
16.5	27.58045475121445
16.51	27.38019236321599
16.52	27.607623069889012
16.53	27.859215805365437
16.54	27.841145838087993
16.55	27.275098500196155
16.56	27.890395092872847
16.57	28.129018327651536
16.58	28.815198131486117
16.59	27.692157095444372
16.6	28.025651285507433
16.61	28.442145159355803
16.62	27.77323337657589
16.63	27.62907158806342
16.64	27.57567064210317
16.65	27.99990731835491
16.66	27.417088752618653
16.67	27.07026562858689
16.68	27.741878167635992
16.69	26.6095600113571
16.7	26.475769905657874
16.71	26.22194193877363
16.72	26.273980315386872
16.73	25.94623209692058
16.74	25.074147280312214
16.75	25.132318978313315
16.76	24.7121075698298
16.77	24.09161255169394
16.78	23.619939591146622
16.79	22.812107148130327
16.8	22.510527461657436
16.81	21.50800067149064
16.82	21.483258415040194
16.83	20.936837219332503
16.84	20.218907997907003
16.85	19.476623774009546
16.86	19.06720196486033
16.87	18.484048784206575
16.88	17.695360759536378
16.89	16.85931570943567
16.9	16.09017477114963
16.91	15.770117643290842
16.92	14.844235648523563
16.93	14.553129304643742
16.94	14.337086248886868
16.95	13.373019865453303
16.96	12.560356786770978
16.97	11.876841842638658
16.98	10.663924154531156
16.99	11.148970421221618
17.0	10.61316006458256
17.01	9.783238432380074
17.02	9.649351862661069
17.03	8.245546232813766
17.04	8.051868615913278
17.05	8.103911399388558
17.06	8.055882558837109
17.07	7.365540049117433
17.08	6.563267566307158
17.09	6.52578061018072
17.1	5.7818573374402655
17.11	5.626456614913984
17.12	5.195659170958389
17.13	5.173722743425944
17.14	4.962870126266909
17.15	5.213715269948278
17.16	4.1717407948043315
17.17	4.350098035800546
17.18	3.914445156424869
17.19	4.254273070237695
17.2	3.71097627236892
17.21	4.247898861497005
17.22	4.139248517815513
17.23	3.889525131048352
17.24	4.063334156916244
17.25	3.363565330562562
17.26	3.789042709049725
17.27	3.6368700991488643
17.28	3.803316774239106
17.29	3.895660176589496
17.3	3.7323999292064816
17.31	4.409243201019048
17.32	3.921594738611184
17.33	4.372073057022002
17.34	4.897191941931097
17.35	5.06286001045513
17.36	5.4937955945832995
17.37	5.271635670413946
17.38	5.975516267587931
17.39	6.660434784344469
17.4	7.025802117455015
17.41	6.783766288621964
17.42	7.720053030952662
17.43	8.298738226782385
17.44	8.681014658628625
17.45	9.554631872400988
17.46	9.880353299690421
17.47	10.471369700098638
17.48	11.062267546486757
17.49	11.759651143217251
17.5	12.281578834152187
17.51	13.261984950712787
17.52	13.52899192529164
17.53	14.529092492352374
17.54	15.13139462203434
17.55	16.382718592417195
17.56	16.624956048617676
17.57	17.15094811589068
17.58	18.045086442969446
17.59	18.50584224338757
17.6	18.974261800155194
17.61	19.909714433144963
17.62	20.586532406706073
17.63	21.02375094428198
17.64	22.191532529117723
17.65	22.351914455514382
17.66	22.705149936865368
17.67	23.311516379811703
17.68	23.499847920894297
17.69	24.38674595624305
17.7	24.70657187772986
17.71	24.99349549811226
17.72	24.99578878320154
17.73	25.63501421562146
17.74	25.930507110927994
17.75	26.506978855039968
17.76	27.0205537820476
17.77	27.065044273047086
17.78	26.802939586564705
17.79	26.81998633407072
17.8	27.421899142702177
17.81	27.063379746498573
17.82	27.2861897418801
17.83	27.797950359424167
17.84	27.61933278743654
17.85	27.677050245837066
17.86	27.545673933907004
17.87	27.162832320458016
17.88	27.273248106579786
17.89	27.22019034714574
17.9	26.722084503003895
17.91	26.594747524935528
17.92	26.18969555831078
17.93	26.26900548343072
17.94	25.818862309389115
17.95	25.420322767448965
17.96	25.03269303162479
17.97	24.507904753719803
17.98	24.489101015025614
17.99	23.579263843937696
18.0	22.68102940783987
18.01	22.307182849343192
18.02	21.67067152704687
18.03	21.540980930609756
18.04	20.265051276981243
18.05	19.33669181643626
18.06	19.242074797460123
18.07	18.392300226885755
18.08	17.579133164724198
18.09	16.879076111861647
18.1	16.17830708192433
18.11	15.390645157957104
18.12	14.966701529899968
18.13	14.109349072366312
18.14	13.801266276793337
18.15	12.826470929423715
18.16	11.600079651078113
18.17	11.915992974855598
18.18	11.142571749476573
18.19	10.490758009888065
18.2	10.064412770050486
18.21	9.57469327859554
18.22	9.014857326206114
18.23	8.5306029044837
18.24	8.246420310054198
18.25	7.834018267268773
18.26	7.4951604897204955
18.27	7.047624349200177
18.28	6.3920965269144885
18.29	6.84631293413385
18.3	5.694819544868178
18.31	5.480852551186792
18.32	5.005205274955859
18.33	5.328520781789517
18.34	5.0027120321583896
18.35	4.453834617986218
18.36	4.558531130858085
18.37	4.259532805574961
18.38	4.133635728837948
18.39	3.6991298448467758
18.4	3.838968555910413
18.41	3.704586048644389
18.42	3.971213006044815
18.43	3.8305338975518466
18.44	3.3913965932645804
18.45	4.0714582888564745
18.46	4.057070909752934
18.47	3.540460987842794
18.48	3.5865264454546737
18.49	3.893922251840632
18.5	4.086357117970284
18.51	4.115752600083559
18.52	4.43348397683199
18.53	4.326929767634088
18.54	5.712074153903923
18.55	5.048083423390539
18.56	5.671359566498366
18.57	5.794069303537193
18.58	6.453115464309769
18.59	7.028685177918382
18.6	8.000827041458978
18.61	8.123510176419956
18.62	8.732706333289745
18.63	9.280515435499948
18.64	9.940364857004216
18.65	10.745589156516296
18.66	11.095830810486534
18.67	12.00268007181956
18.68	13.813519026640058
18.69	13.230122623488779
18.7	13.87532751502869
18.71	15.419013245223926
18.72	16.13300950771953
18.73	16.902391218559686
18.74	17.427058577484004
18.75	18.297845906878866
18.76	19.187975144773773
18.77	19.42237152804603
18.78	20.426602775237463
18.79	20.83587725023784
18.8	21.857879494918212
18.81	22.545786992321357
18.82	22.682317414075136
18.83	23.749492140796555
18.84	23.79613570934953
18.85	24.60983973015956
18.86	25.06460552145523
18.87	24.831359597761555
18.88	25.11836299546895
18.89	26.463364245633624
18.9	26.585997415511347
18.91	26.73940373516284
18.92	26.412926755585968
18.93	27.3838854857753
18.94	27.024517301037054
18.95	27.147944871358895
18.96	27.282168057180012
18.97	27.640577937209006
18.98	27.482739936330404
18.99	27.72572110565122
19.0	27.857008896782524
19.01	27.549107053173742
19.02	27.54721721023691
19.03	27.543973951116083
19.04	27.728367706215646
19.05	27.735678012323596
19.06	27.35446191906966
19.07	27.367902382269325
19.08	27.420665164344065
19.09	27.024928413355855
19.1	26.106485598332203
19.11	27.075234498037368
19.12	25.79877724208122
19.13	26.22760838290917
19.14	25.719974543684874
19.15	24.908288630061183
19.16	24.705801117728175
19.17	23.77787077198156
19.18	23.30898319695895
19.19	23.296060764118213
19.2	23.22465524998553
19.21	22.14323100467914
19.22	21.526656802568017
19.23	21.003922021303
19.24	20.727481124003084
19.25	19.695138612927988
19.26	18.821286199851542
19.27	17.881022302306267
19.28	17.89416062090077
19.29	16.865888425080463
19.3	16.53601988985703
19.31	15.431338421894237
19.32	14.607247589924397
19.33	14.00133459222432
19.34	13.56974593915825
19.35	13.01592895801576
19.36	12.453873179549939
19.37	11.196018623828584
19.38	10.984134406214157
19.39	10.156331680383731
19.4	9.358097349612944
19.41	8.579500475253203
19.42	7.864436016915336
19.43	6.976584583140311
19.44	7.081459531654779
19.45	6.4763942045986225
19.46	5.449945668330998
19.47	4.965972938242713
19.48	5.30832662236321
19.49	3.9751971787061904
19.5	4.080725292504518
19.51	3.876303744530103
19.52	2.98939904295612
19.53	2.869735667166411
19.54	2.6108826548841524
19.55	2.0554807726355913
19.56	2.2442042207706896
19.57	1.9140204400242826
19.58	1.7831918612438902
19.59	1.1097449229153398
19.6	1.4477659732618142
19.61	0.9581929850577426
19.62	1.3737265230524311
19.63	0.9437430989893337
19.64	0.42438525857215265
19.65	-0.16570438974750903
19.66	0.9117802735168112
19.67	0.36336829052886876
19.68	0.11645841285836275
19.69	-0.32785775345035956
19.7	-0.3987547046755847
19.71	-0.17146020658708455
19.72	0.8464660981990498
19.73	0.61931211944256
19.74	0.881058744136606
19.75	0.6235306264445633
19.76	0.8031040775106307
19.77	1.3014517232664422
19.78	1.4378576049190879
19.79	1.4132684421544255
19.8	1.5210852278471254
19.81	1.8757980025464458
19.82	2.332399461278188
19.83	2.6822728271650385
19.84	3.0892692461368427
19.85	3.2971412451262925
19.86	3.807059848965657
19.87	4.1917722525842525
19.88	4.776872488307175
19.89	5.349363598408138
19.9	5.226349401932379
19.91	6.106924429940301
19.92	7.053010687469561
19.93	7.532944503544645
19.94	7.925788270066076
19.95	8.224500171949066
19.96	8.920021528787512
19.97	10.089499407581876
19.98	10.725956251371016
19.99	11.111865977459274
20.0	10.89655291625462
