10.01	29.5003989793783
10.02	28.386984027144916
10.03	28.468174157226954
10.04	27.88134128667791
10.05	27.98963929480432
10.06	26.988831194090153
10.07	25.96172133362562
10.08	25.80604839999749
10.09	25.354857256302274
10.1	24.353570927115214
10.11	23.81335525489672
10.12	24.62822188344622
10.13	23.546530751396066
10.14	22.290831960748044
10.15	21.40175555745488
10.16	21.395407053470443
10.17	19.205759434534595
10.18	18.70128592781772
10.19	17.38151358389076
10.2	17.45232177447189
10.21	16.572581950300858
10.22	15.69293511632037
10.23	16.08055895482491
10.24	14.156572398730756
10.25	13.905377744560338
10.26	12.47524781188535
10.27	12.10712215016282
10.28	12.16020631789844
10.29	10.372700487801726
10.3	10.699250768374766
10.31	10.230306838406147
10.32	9.396438011821413
10.33	8.921434402851363
10.34	8.096231511960209
10.35	8.345598998303764
10.36	7.18023715835912
10.37	7.041694622595228
10.38	6.070573427004779
10.39	6.694515026199259
10.4	5.5915156552631045
10.41	4.677411844662435
10.42	4.7398729345071535
10.43	5.858952181636342
10.44	4.804290164038065
10.45	4.511727868877317
10.46	3.5050196431479503
10.47	4.451240354899289
10.48	4.053402319308101
10.49	3.4723913441318492
10.5	3.304451935026304
10.51	3.353981523644576
10.52	4.748720385561583
10.53	3.3577607072011193
10.54	2.7838066223068685
10.55	3.1544451857639784
10.56	4.34038392279725
10.57	4.252679049599778
10.58	4.2552270944957895
10.59	4.299280767955603
10.6	3.4668707982496825
10.61	3.968315959965681
10.62	4.810839640860586
10.63	4.958339716689706
10.64	5.5678816926802215
10.65	5.607120764486014
10.66	6.193482861060912
10.67	6.627608033308615
10.68	7.547528864580506
10.69	6.653406861997318
10.7	7.837310971991021
10.71	7.819194658007793
10.72	10.73666450973705
10.73	10.788457315946339
10.74	10.372889209570458
10.75	12.05069931390113
10.76	13.12879377984135
10.77	13.055729157062753
10.78	13.476076672712077
10.79	15.373413371639455
10.8	17.06880601364959
10.81	16.94893683047489
10.82	17.152887925471685
10.83	18.359154911309325
10.84	18.288699597246055
10.85	19.095098531264526
10.86	20.707447773346253
10.87	22.173025988924877
10.88	22.908295515503653
10.89	23.360042435420382
10.9	24.26670369628922
10.91	24.660595370291524
10.92	24.29037265696827
10.93	25.75865189719029
10.94	26.559413475428617
10.95	26.448581380944756
10.96	27.30090459886127
10.97	28.8113479188069
10.98	28.153916979780757
10.99	28.508775828942646
11.0	28.761639946745213
11.01	29.364029087763832
11.02	29.678164367059978
11.03	29.663650891965492
11.04	29.474686284899384
11.05	30.34735730248295
11.06	30.0816841316378
11.07	29.926109750851772
11.08	29.513718685855196
11.09	30.646745906995267
11.1	30.164889924223303
11.11	30.478807206904722
11.12	31.14123713941735
11.13	31.442338692986805
11.14	30.205625550701303
11.15	29.63717171894777
11.16	31.581618619489582
11.17	28.760027965140075
11.18	30.621398852044752
11.19	29.86164884841318
11.2	29.31871791668861
11.21	29.14968329805437
11.22	28.82939796202662
11.23	27.702769947875975
11.24	28.18847214378926
11.25	27.56059854088231
11.26	27.366399990720232
11.27	24.984060810111075
11.28	26.07888001051956
11.29	25.24125479087615
11.3	23.728011607161438
11.31	23.367440652960266
11.32	22.766884820284638
11.33	22.1808464808561
11.34	21.92699342537704
11.35	20.48528993475479
11.36	18.484737072592743
11.37	18.325267714934082
11.38	18.0080316568464
11.39	17.076435144552974
11.4	17.417305689848167
11.41	16.093726179167504
11.42	16.14611009451239
11.43	14.492178730301642
11.44	13.22676520801862
11.45	12.345699307249392
11.46	11.793505145495566
11.47	11.022085166574287
11.48	9.950376479034235
11.49	9.862751962257025
11.5	8.907622619780561
11.51	9.232059322591716
11.52	7.915373196498079
11.53	7.412558522358558
11.54	6.744580382142945
11.55	5.769097761953908
11.56	5.589041907283389
11.57	5.386364842831091
11.58	4.874833948585529
11.59	5.138849001338125
11.6	3.2623992632748764
11.61	3.7795726370937714
11.62	2.820567668373908
11.63	2.4326605072996963
11.64	3.0727866310486505
11.65	2.5611901837787707
11.66	3.2121104367919098
11.67	2.191040006674508
11.68	1.8947862863276403
11.69	1.2740809921270797
11.7	1.347387963813704
11.71	0.662248497343471
11.72	1.8224767577360672
11.73	1.2546659476664799
11.74	1.2419320152284852
11.75	0.75192102264804
11.76	1.6301629487336076
11.77	0.7335244760593616
11.78	0.4855030754615695
11.79	2.0368515483029985
11.8	1.20894948205508
11.81	0.4109017292475509
11.82	1.095446897932498
11.83	0.37831512874899903
11.84	1.6658709774640577
11.85	0.3998772832700507
11.86	1.1910938413275776
11.87	0.7407216765865766
11.88	1.619021535501369
11.89	2.221435890683008
11.9	0.3247097845783602
11.91	2.427301123542747
11.92	2.2546704022229513
11.93	1.8180373789633615
11.94	2.288496753702297
11.95	3.5984735830053944
11.96	4.479891138786329
11.97	3.926963742542136
11.98	3.4133051547327313
11.99	3.195117653594079
12.0	4.02929861395087
12.01	4.8026364283725
12.02	6.060415893363594
12.03	5.316593025990407
12.04	6.76497029048622
12.05	7.165710531733161
12.06	8.085737368022134
12.07	9.165824310585815
12.08	8.38708420815239
12.09	11.085062685608628
12.1	11.020329179091727
12.11	11.023612570097495
12.12	12.168435181484007
12.13	13.481302575557576
12.14	12.459909478548715
12.15	14.164064686798138
12.16	15.749158340916848
12.17	15.860814948215644
12.18	17.160485799558614
12.19	16.271165830320005
12.2	18.161007032047657
12.21	18.359747793156796
12.22	20.200641349171057
12.23	19.646510294728714
12.24	20.43960039143332
12.25	21.590638320597165
12.26	21.172178610497237
12.27	22.800331502302452
12.28	24.461578645271324
12.29	23.52671328162268
12.3	24.7959231096565
12.31	24.847935500035213
12.32	24.40472705998304
12.33	26.178806994182725
12.34	26.460962324462542
12.35	27.249096704662655
12.36	26.3836145117244
12.37	27.57947121713401
12.38	28.08976993356635
12.39	28.30728431637787
12.4	27.61281079364913
12.41	28.06315182966351
12.42	27.90470461431627
12.43	28.42482248831288
12.44	28.827323969874346
12.45	29.46296150393266
12.46	29.447412339056882
12.47	28.92957003779664
12.48	29.59962858322288
12.49	29.368391037059098
12.5	29.262236421070572
12.51	29.7167836413607
12.52	28.812428015742068
12.53	29.326773272343164
12.54	28.770626415394315
12.55	29.575282601069937
12.56	29.478743895508654
12.57	29.702819020320664
12.58	29.911809599601675
12.59	30.095844163432254
12.6	30.001371152496816
12.61	28.247651857744852
12.62	29.298165007348917
12.63	28.586909444923915
12.64	28.45658416713486
12.65	28.77762548725705
12.66	29.26029875351824
12.67	29.021397190760943
12.68	27.56067177942807
12.69	27.802539043356546
12.7	26.988699913395685
12.71	27.852540882412686
12.72	26.93611070548171
12.73	26.82459513612362
12.74	26.665620075790077
12.75	25.050750223528855
12.76	26.226339624774347
12.77	24.57527201806376
12.78	24.47966542264458
12.79	25.370798468183043
12.8	23.709282794521968
12.81	24.003592573843477
12.82	22.793432298725975
12.83	21.521035944810592
12.84	21.701347549950036
12.85	21.486248527771753
12.86	19.775992665402278
12.87	19.326127051809618
12.88	18.84786574199426
12.89	18.46349525328191
12.9	18.505149437822105
12.91	17.01750406925409
12.92	16.0491515605193
12.93	16.38742955329863
12.94	15.22709739400334
12.95	15.22001065946775
12.96	14.272339657574747
12.97	13.49310859196447
12.98	12.514802763236906
12.99	12.107535622984472
13.0	10.437068446805542
13.01	10.395580817736716
13.02	10.57874053137684
13.03	10.771654283374012
13.04	10.007887872886144
13.05	9.97570658462158
13.06	8.315046412172753
13.07	8.09877096656642
13.08	7.619675130364744
13.09	7.20987757665165
13.1	7.298721198465569
13.11	6.161426675948955
13.12	6.063835710286064
13.13	6.288217217918891
13.14	5.8838342155260355
13.15	5.049407173328807
13.16	5.5585751444421145
13.17	4.570878358660436
13.18	4.921411489591671
13.19	5.358115652188677
13.2	4.855345289811625
13.21	4.489014012956377
13.22	4.5175850580962855
13.23	4.544530956344644
13.24	3.887033657641896
13.25	3.6637778967511037
13.26	4.721935034736024
13.27	3.2840987519391316
13.28	4.945177321574606
13.29	3.9517272457971657
13.3	4.629132256232349
13.31	3.4655043586405707
13.32	4.737667690541092
13.33	4.352288383928622
13.34	4.832295956675485
13.35	3.0662008150124818
13.36	3.610633257232017
13.37	4.103140697232434
13.38	4.438758228384671
13.39	4.541442333027809
13.4	4.66724448275881
13.41	5.375346908798014
13.42	5.853439462449235
13.43	5.485326459034818
13.44	6.470411446197018
13.45	6.810538416073201
13.46	5.859082286640251
13.47	7.521288190703117
13.48	8.60031780479911
13.49	7.163949946221506
13.5	8.469460345569779
13.51	10.31404442334367
13.52	10.208778847489974
13.53	10.111326721090165
13.54	11.110212368738756
13.55	11.003739400853972
13.56	10.97401548257066
13.57	12.480400562922707
13.58	13.097639948278378
13.59	13.352325949947813
13.6	13.974935453310495
13.61	13.689957774725471
13.62	15.828026676107537
13.63	15.732456310397229
13.64	15.334917528511049
13.65	16.666185533021256
13.66	17.80795568262787
13.67	17.68806348146196
13.68	18.750491501945945
13.69	20.243256340458696
13.7	20.602878861092698
13.71	20.111826055022952
13.72	21.6715209153428
13.73	21.419240394290394
13.74	22.16396665610742
13.75	22.047919951690318
13.76	23.095351500898815
13.77	22.891751904496363
13.78	23.75967892963743
13.79	23.762958874304076
13.8	24.72630980524786
13.81	24.957492980907
13.82	25.278908471396363
13.83	25.00744707970432
13.84	26.61440262205173
13.85	25.768351499803845
13.86	26.16635746306819
13.87	26.26789279078552
13.88	26.40540843899623
13.89	26.49450011797334
13.9	26.909572971120152
13.91	26.90742143216805
13.92	25.738555774559835
13.93	26.880173587937527
13.94	26.70256101009457
13.95	26.855453269436122
13.96	26.24392182939003
13.97	27.279915296234947
13.98	26.119322100071276
13.99	26.516470581393765
14.0	25.873894432028877
14.01	27.017660843672264
14.02	27.42086902346209
14.03	26.51289891775798
14.04	26.396623202154096
14.05	26.429634386435264
14.06	26.015026177587984
14.07	26.408266135505666
14.08	26.29571954822815
14.09	25.79075494194008
14.1	24.85878472702771
14.11	25.81353933263872
14.12	24.422005120300845
14.13	25.103681866487484
14.14	25.276493983855026
14.15	23.39375361281843
14.16	25.408172468114966
14.17	24.402000045723234
14.18	22.733661005575776
14.19	23.25359067533952
14.2	21.924862381544663
14.21	22.671003748385928
14.22	20.749079457930513
14.23	20.50169766191008
14.24	20.85065209234905
14.25	21.00193035158744
14.26	18.749246255686543
14.27	18.622504183785942
14.28	18.534991888720576
14.29	17.72351774726829
14.3	16.891952984117452
14.31	15.299133070289216
14.32	15.159646205357653
14.33	14.809404826820542
14.34	12.962966445983398
14.35	13.920750125637058
14.36	12.9238809163727
14.37	12.097972143309319
14.38	11.068532011000038
14.39	11.155716957362962
14.4	9.250144073462165
14.41	9.459338551631804
14.42	9.376510932236782
14.43	8.18188864088362
14.44	8.743089184747962
14.45	7.063796636238537
14.46	5.887670998289795
14.47	6.7378023056764755
14.48	5.4095925467383825
14.49	3.731425705168653
14.5	5.459223504576897
14.51	5.004956914605159
14.52	3.997937638495875
14.53	3.8350053794288614
14.54	2.8663335618137347
14.55	1.9652035204491987
14.56	1.8194611566579928
14.57	2.6446376629639854
14.58	1.792880719244667
14.59	2.2480848550135923
14.6	1.936432729705133
14.61	1.1217779529764937
14.62	1.5301768432112661
14.63	1.6279967898810412
14.64	0.2256284057593294
14.65	0.3577030736284702
14.66	0.39688697932521055
14.67	0.8900009245311116
14.68	0.05317264137248501
14.69	1.3130543209046652
14.7	2.0035908937804443
14.71	0.8098513885594046
14.72	2.3838984522793156
14.73	0.6098595885787464
14.74	2.2807851921857374
14.75	1.752788207944002
14.76	1.6028498268295543
14.77	2.3969109074462818
14.78	2.674726700417457
14.79	3.1517462735245108
14.8	2.9132578979442525
14.81	3.563941740777482
14.82	3.5839949359176932
14.83	4.161089178094598
14.84	4.8274843844878
14.85	4.9198860816842584
14.86	6.168018812181957
14.87	6.4052965289254455
14.88	7.9885362683488825
14.89	8.828983547858444
14.9	8.10088391715485
14.91	8.872989198527657
14.92	9.430013998978364
14.93	10.759094859287057
14.94	10.865611512265904
14.95	13.085516419805074
14.96	13.237641732378837
14.97	14.124210189892562
14.98	13.96682264586669
14.99	15.23694887737526
15.0	15.00644148404243
15.01	16.020048768521313
15.02	17.756826112201228
15.03	17.481798290274032
15.04	18.31922420462903
15.05	19.33776107852249
15.06	20.642615348254814
15.07	20.77529247510946
15.08	22.068999599784355
15.09	21.835939387960256
15.1	22.393518742157003
15.11	22.541139495563215
15.12	23.277902300043984
15.13	23.2280000465441
15.14	24.653088634005126
15.15	25.027943484660884
15.16	24.668203971397354
15.17	25.41299177551168
15.18	27.033156726298756
15.19	26.11926994001408
15.2	26.486214775572055
15.21	27.299582629029544
15.22	27.62329616031148
15.23	27.144976331553323
15.24	27.297177935126506
15.25	27.96674125582504
15.26	27.43712657623629
15.27	27.684979231834244
15.28	28.004262871189294
15.29	27.7141151367367
15.3	28.436164845783516
15.31	28.699323095825722
15.32	27.76578116632725
15.33	27.70711641172713
15.34	28.100800304579085
15.35	27.866876779049743
15.36	28.050154990748524
15.37	28.049155185468404
15.38	27.735794667136272
15.39	26.928263637598793
15.4	26.466714413831607
15.41	25.975219556733602
15.42	26.258442007646735
15.43	25.47944969632983
15.44	25.010865513560297
15.45	25.35627278990741
15.46	24.259154975633777
15.47	23.91725653192558
15.48	23.586590527566923
15.49	23.074111990585198
15.5	22.097126208117437
15.51	21.572873501398103
15.52	21.632956406571935
15.53	20.721403278602168
15.54	19.314081259162844
15.55	19.443526589530737
15.56	17.853556424197404
15.57	17.728429818527598
15.58	16.203216463939555
15.59	15.714515582943674
15.6	15.39963729974738
15.61	14.615621509378013
15.62	14.31714445541872
15.63	12.970497401530691
15.64	12.319058407913644
15.65	11.495208337961781
15.66	10.910172549348534
15.67	10.16294543129868
15.68	9.121569537807868
15.69	9.92706240750818
15.7	7.7481191061156505
15.71	7.12317176419021
15.72	5.764291733532525
15.73	6.359443587712843
15.74	6.551143666937432
15.75	4.968016131800096
15.76	4.061351269953308
15.77	4.276474098443186
15.78	3.6114993686437025
15.79	3.394640511580593
15.8	2.610496449778979
15.81	2.461522746205957
15.82	2.708548982311713
15.83	1.519612027733426
15.84	0.6160460082118706
15.85	1.0750834471079007
15.86	0.45341188107507036
15.87	0.3593473981233317
15.88	0.8114053902310647
15.89	0.9560587275566552
15.9	0.5896490616819247
15.91	0.9332007473711167
15.92	-0.23562421769746447
15.93	0.3486399597420577
15.94	0.05521754810238458
15.95	-0.5751737629376158
15.96	0.14919875078214373
15.97	1.0508200868473847
15.98	-1.0987011963325617
15.99	0.7288503300032374
16.0	0.9709428303573229
16.01	1.346928843133361
16.02	1.8914908315544048
16.03	1.7543853598986443
16.04	2.4793207760034153
16.05	2.4347922641989737
16.06	2.9881848418429233
16.07	2.477343832954065
16.08	4.118270264882525
16.09	3.6214786629677955
16.1	4.843103880242217
16.11	4.979413402133603
16.12	5.0755350561873875
16.13	6.304099842984824
16.14	8.330991312278677
16.15	8.774857046186415
16.16	8.269381834437196
16.17	9.02389604952671
16.18	11.096680792146667
16.19	10.332575931493643
16.2	11.294257706135745
16.21	12.160613627805983
16.22	13.52755558291822
16.23	14.745626965618483
16.24	15.224998571002555
16.25	15.253484364151637
16.26	16.862004044923676
16.27	18.006352667067148
16.28	18.150135673963135
16.29	18.70475696401302
16.3	18.6598360451145
16.31	20.28837682304496
16.32	20.54006461746093
16.33	20.76009916292561
16.34	21.345203337806094
16.35	21.851833010690154
16.36	21.401938955955895
16.37	23.01746273823
16.38	24.10864429204625
16.39	24.736231873450546
16.4	24.11136672619869
16.41	24.715711967015547
16.42	25.925217758798215
16.43	25.729518629672043
16.44	25.781429563497362
16.45	25.53774468979251
16.46	26.729735698771403
16.47	26.1732703933631
16.48	26.31212910763082
16.49	27.28025411100458
16.5	27.21971783307624
16.51	28.30141988600134
16.52	27.467646825862566
16.53	27.025247069446365
16.54	27.96315593486752
16.55	28.018951201577952
16.56	27.306970059466185
16.57	27.951255800540306
16.58	28.45439670367537
16.59	27.58583886958861
16.6	27.981862632664484
16.61	28.16088912996232
16.62	27.508304099696925
16.63	29.59157524549239
16.64	27.42332674849361
16.65	28.115851964444406
16.66	26.900114338136213
16.67	27.712789511583395
16.68	28.04785586960668
16.69	25.787410860987542
16.7	26.61369956097276
16.71	26.12744782496011
16.72	24.870677346063957
16.73	25.191654303885425
16.74	25.135407899424276
16.75	25.370257501595436
16.76	24.65467905692795
16.77	24.106018863386836
16.78	23.166587179030433
16.79	23.699858474214068
16.8	22.712490582032498
16.81	22.608727074770673
16.82	21.349203033454973
16.83	20.991560392394668
16.84	19.917053073944917
16.85	19.54856441390918
16.86	18.722626033647238
16.87	18.542449333845372
16.88	18.012816730850933
16.89	17.65909445223326
16.9	16.64632824996813
16.91	16.028312452864675
16.92	14.20175824690335
16.93	13.919372405447579
16.94	13.850584413801673
16.95	13.521566183899498
16.96	12.89555501808252
16.97	11.896237042353768
16.98	10.087306547335311
16.99	11.97055544611062
17.0	10.50821908630692
17.01	8.969402928045069
17.02	9.646043587871967
17.03	8.967129426987437
17.04	7.860601876084148
17.05	7.934451945232202
17.06	7.753602513248939
17.07	7.441617625204451
17.08	7.172050532317716
17.09	6.344224328100738
17.1	5.309106388968952
17.11	6.066875371005819
17.12	5.100220942578583
17.13	4.98830303093742
17.14	3.957464030651044
17.15	4.883666667228361
17.16	3.8351019553445704
17.17	3.9230039764024243
17.18	4.196568249755613
17.19	4.7369859493187745
17.2	4.2761924010823185
17.21	4.781973907358652
17.22	4.276170477582905
17.23	4.4089851901663035
17.24	3.943069248773745
17.25	3.2920221645564656
17.26	3.1139194012121942
17.27	3.3782200220765444
17.28	4.03459845160858
17.29	3.447265865552174
17.3	3.8780775357995854
17.31	4.340481104228909
17.32	4.582501437311446
17.33	4.115404835500066
17.34	5.201314605187922
17.35	5.525127555091963
17.36	6.721335331011125
17.37	6.006485136965778
17.38	6.459405171842683
17.39	6.3465419131265985
17.4	6.220142285859062
17.41	6.79907712084311
17.42	7.675504143690532
17.43	7.8426977247677865
17.44	8.056521424369333
17.45	9.259769248739339
17.46	9.72573194112894
17.47	10.311822089877307
17.48	11.848871613413825
17.49	11.481664230904908
17.5	11.373128683850625
17.51	13.301361827610034
17.52	13.48112679007737
17.53	15.358994378030792
17.54	15.22685304465267
17.55	15.89506048863791
17.56	16.416364711007795
17.57	16.93823199609685
17.58	17.5463488866596
17.59	18.863629182886218
17.6	18.156904891401435
17.61	19.392593654399864
17.62	20.737760588784727
17.63	21.367702498237186
17.64	22.10719053663079
17.65	22.295303798126746
17.66	22.57723530125279
17.67	23.615800110106534
17.68	23.617650824969818
17.69	24.357706967023493
17.7	24.16104636087679
17.71	25.00611508948729
17.72	24.851919449848907
17.73	25.675047834159393
17.74	26.580536159944362
17.75	26.399421683465714
17.76	26.399268529514664
17.77	27.397581382580107
17.78	27.588151256731443
17.79	27.609327989038782
17.8	26.218796416565525
17.81	27.72905117826352
17.82	27.24854540851711
17.83	27.831131004758365
17.84	27.11585278915739
17.85	27.34697252404858
17.86	27.891401257497304
17.87	27.346569725409747
17.88	28.09510897772613
17.89	27.5691804602822
17.9	27.923913790863473
17.91	25.890129717344394
17.92	27.146530083929363
17.93	25.823911074624764
17.94	25.945437836338574
17.95	25.725617420706666
17.96	25.163005041210596
17.97	24.63350412580725
17.98	23.795878279414044
17.99	23.37479402422059
18.0	22.40471358318977
18.01	22.283462299384773
18.02	22.133101858317886
18.03	21.337911499661818
18.04	20.28544826276489
18.05	20.383645087930674
18.06	18.6861721932297
18.07	19.123730430511525
18.08	17.99704303771245
18.09	15.209893088809235
18.1	17.68677532667543
18.11	15.734366899659074
18.12	14.752717722707676
18.13	15.201051616872185
18.14	13.932521687879854
18.15	12.639799222650957
18.16	11.60356736733637
18.17	10.873726125067078
18.18	11.321430044846043
18.19	11.470127725319742
18.2	9.981899110591634
18.21	8.988533957525263
18.22	8.205376409249949
18.23	8.667852081065131
18.24	8.235531727884842
18.25	7.501014349632349
18.26	6.799437502658773
18.27	6.027399927703399
18.28	6.730566641857107
18.29	6.549210276656397
18.3	5.65048880408131
18.31	4.843907088290639
18.32	5.490422079413238
18.33	4.616443566801154
18.34	4.877520874785018
18.35	4.491300507240833
18.36	4.824687221680665
18.37	4.929422561093451
18.38	3.5661317926612273
18.39	4.144633855765261
18.4	4.264439577326309
18.41	4.111548847813033
18.42	3.8397285410122075
18.43	3.621821424709338
18.44	3.1437377792783243
18.45	4.563667484947818
18.46	4.003476050448667
18.47	4.109336394186653
18.48	3.981938468441931
18.49	4.0877771342329705
18.5	3.6653640321715057
18.51	3.6238492385868515
18.52	4.887519010313569
18.53	5.296943647587522
18.54	6.058625642493979
18.55	4.259865946751117
18.56	5.7817679144890315
18.57	5.942725975317608
18.58	6.47424786610344
18.59	6.790624472615285
18.6	7.803423068364578
18.61	7.538011655501955
18.62	7.855543483676794
18.63	9.285792143094335
18.64	9.962614168656202
18.65	10.579741068955554
18.66	11.08936710323605
18.67	12.428898916863103
18.68	13.346827691373713
18.69	13.726781693525535
18.7	13.654105620618099
18.71	15.57026311902096
18.72	16.416588944352878
18.73	16.383723458944154
18.74	16.85955889856537
18.75	17.648522943786162
18.76	19.386013293603675
18.77	19.918977291440157
18.78	19.952384743412466
18.79	20.535314217797584
18.8	22.123950355104913
18.81	22.079188927141097
18.82	22.95902418608129
18.83	23.604651856615153
18.84	24.136121413741865
18.85	24.583669791787962
18.86	25.343400435515775
18.87	24.82447144956964
18.88	24.739349200830976
18.89	25.823191680100884
18.9	26.569039431186717
18.91	26.4236382101376
18.92	25.990274457472992
18.93	26.334270965532355
18.94	26.952096867013193
18.95	26.544236278052246
18.96	28.478565658664746
18.97	28.30737056482505
18.98	27.095241853766986
18.99	28.413697104557595
19.0	27.405320122929588
19.01	28.17129836398983
19.02	27.259581349324126
19.03	27.252062979582313
19.04	27.688602667133758
19.05	26.683606982999482
19.06	27.26725957912499
19.07	26.859842270290052
19.08	26.79935359936138
19.09	26.283621247935123
19.1	26.727741782722305
19.11	26.55958458706303
19.12	26.1078115237108
19.13	26.840960318774492
19.14	25.860747703881362
19.15	24.80172565688594
19.16	25.215422024694426
19.17	24.86460343357948
19.18	23.238936869655326
19.19	23.635207740524198
19.2	22.946883199110662
19.21	22.436979201719133
19.22	21.145258727881423
19.23	21.312315043495577
19.24	20.67065296041323
19.25	20.047820836433342
19.26	18.247203257429867
19.27	18.24745867869935
19.28	17.052762847870333
19.29	16.106976957036096
19.3	15.834550837625196
19.31	15.555651927431391
19.32	14.642629832797875
19.33	14.393936439536855
19.34	14.166797335085045
19.35	13.151941738369494
19.36	12.343758436746924
19.37	11.125337627917299
19.38	11.271117757781376
19.39	9.97485234736099
19.4	8.99151069535082
19.41	7.96383426446848
19.42	7.632720044425015
19.43	6.761226499854553
19.44	6.659519045374634
19.45	5.884591535659899
19.46	5.666729236815238
19.47	5.733509369818657
19.48	5.414640901829242
19.49	4.314332184991729
19.5	3.903242226626097
19.51	4.24841645294633
19.52	2.766152828334457
19.53	3.2802591511726034
19.54	2.728614193688281
19.55	2.407432674703373
19.56	2.2610668323706204
19.57	1.6994451666123904
19.58	1.1084003847092019
19.59	1.1413259219990022
19.6	1.335436085950894
19.61	1.1590236109396292
19.62	1.6207629187186896
19.63	0.8096989338835187
19.64	0.5440980384329289
19.65	0.42807782403139927
19.66	1.4416822374420128
19.67	0.7856998015822009
19.68	0.10968404419676683
19.69	-0.4069706893784671
19.7	0.5733477462212802
19.71	0.148339969685242
19.72	1.743588976076969
19.73	0.9203602656966814
19.74	0.720839390808589
19.75	0.7063503933940076
19.76	1.4567373855792622
19.77	1.652431120123655
19.78	1.3154851609554232
19.79	1.5989625887944838
19.8	1.1027784144050032
19.81	1.5323553055389785
19.82	2.067818825928041
19.83	2.1415066285349504
19.84	2.822825800193489
19.85	3.066790810800363
19.86	3.683352633850359
19.87	4.795504771253189
19.88	4.028996828524552
19.89	3.792414293551638
19.9	5.66395221759678
19.91	6.105366533708256
19.92	7.473744262879614
19.93	7.140461199312277
19.94	8.25719088687913
19.95	7.8692840821722845
19.96	8.580994482550937
19.97	9.999480292741028
19.98	10.201611860274848
19.99	11.634129105168327
20.0	10.58429113337864
