1.968503937	-99.40330521875401
1.970472441	-83.69153414361075
1.972440945	-71.88641580931454
1.974409449	-86.3044117621736
1.976377953	-108.36655515718276
1.978346457	-109.52740604757554
1.980314961	-90.6111361398662
1.982283465	-73.94887423668203
1.984251969	-73.0105604196749
1.986220472	-87.2326416949026
1.988188976	-90.5085083306531
1.99015748	-75.05851740930036
1.992125984	-53.116662414209024
1.994094488	-52.42805704714097
1.996062992	-64.57132156113246
1.998031496	-77.47806077094093
2.0	-76.89684658242373
2.001968504	-66.78627800952398
2.003937008	-59.361077117704006
2.005905512	-73.22370049116589
2.007874016	-88.98414970970745
2.00984252	-90.20173159081234
2.011811024	-78.11401913970745
2.013779528	-66.38344255767792
2.015748031	-62.9317740278234
2.017716535	-71.75598229693222
2.019685039	-76.9934959525699
2.021653543	-76.6081123437661
2.023622047	-81.02115726073957
2.025590551	-102.36755439757026
2.027559055	-110.3358387801349
2.029527559	-99.233768624377
2.031496063	-80.1392386385018
2.033464567	-75.56641244906224
2.035433071	-95.51689306379708
2.037401575	-116.25022002865029
2.039370079	-117.05051025793338
2.041338583	-93.39345133677897
2.043307087	-68.427350898774
2.045275591	-78.40391197665208
2.047244094	-99.87835781749487
2.049212598	-114.03989738684297
2.051181102	-103.61307372433623
2.053149606	-85.779381315607
2.05511811	-77.99326305491279
2.057086614	-91.26208692143022
2.059055118	-104.22682523241873
2.061023622	-106.61696774280267
2.062992126	-97.35765554359149
2.06496063	-95.06147939405605
2.066929134	-94.75411839921485
2.068897638	-95.65974060770218
2.070866142	-95.20578570487395
2.072834646	-101.92627412182925
2.07480315	-107.4935255283843
2.076771654	-114.86126153761357
2.078740157	-99.45335234726419
2.080708661	-72.55401256651969
2.082677165	-61.81087116267463
2.084645669	-82.28200597830649
2.086614173	-105.96162429680555
2.088582677	-112.5165621545041
2.090551181	-92.84486779080927
2.092519685	-74.02415485448314
2.094488189	-83.49469267675937
2.096456693	-121.75877165252827
2.098425197	-145.7946472471119
2.100393701	-145.30309855056126
2.102362205	-122.84537207494338
2.104330709	-111.29680644055861
2.106299213	-116.12683028956236
2.108267717	-119.20300221592129
2.11023622	-108.54625105011228
2.112204724	-91.48398659017245
2.114173228	-83.9482552790014
2.116141732	-96.87465501101438
2.118110236	-109.11317906968198
2.12007874	-116.96547310944545
2.122047244	-118.29676467823924
2.124015748	-110.96040459913485
2.125984252	-106.3940838682342
2.127952756	-100.88937440369345
2.12992126	-113.54603557614108
2.131889764	-128.71824539293925
2.133858268	-136.31505639689428
2.135826772	-122.95225037986539
2.137795276	-102.5428392689116
2.13976378	-96.3274535036775
2.141732283	-106.05711570097006
2.143700787	-134.61260197404496
2.145669291	-145.05201374228628
2.147637795	-124.91121551367196
2.149606299	-99.28671894075362
2.151574803	-93.03326762633209
2.153543307	-102.70173974192282
2.155511811	-114.61624532119203
2.157480315	-104.71907457935005
2.159448819	-74.7922305466263
2.161417323	-54.36277920473837
2.163385827	-64.7939612311324
2.165354331	-99.1058910948134
2.167322835	-123.2030912772111
2.169291339	-123.3173654718897
2.171259843	-101.59807616657892
2.173228346	-88.79225280561494
2.17519685	-103.18534180352405
2.177165354	-134.63167091060055
2.179133858	-157.5725570996133
2.181102362	-148.75114853205022
2.183070866	-128.4028313806988
2.18503937	-117.2270637047725
2.187007874	-130.19026795954625
2.188976378	-143.31624911014367
2.190944882	-134.67376083407748
2.192913386	-103.63715039543614
2.19488189	-79.09458016812526
2.196850394	-78.60080779918405
2.198818898	-95.88852906222989
2.200787402	-114.64692844850696
2.202755906	-110.69132479609488
2.204724409	-103.64615746130993
2.206692913	-107.72318456150268
2.208661417	-130.8323930053104
2.210629921	-152.65378830517372
2.212598425	-157.09878327325174
2.214566929	-139.03531881337952
2.216535433	-122.41277943106908
2.218503937	-127.59872486921627
2.220472441	-140.75279029302504
2.222440945	-152.1978346110304
2.224409449	-143.96683207529782
2.226377953	-128.25077687122229
2.228346457	-122.5701267579237
2.230314961	-131.40807441097257
2.232283465	-140.15613182097036
2.234251969	-134.99145467166773
2.236220472	-118.64567725693009
2.238188976	-109.41145845486675
2.24015748	-111.21882785781771
2.242125984	-117.25798350689887
2.244094488	-123.08624191306045
2.246062992	-124.09850271377185
2.248031496	-127.63422711347661
2.25	-136.88193252200347
2.251968504	-139.13465055825398
2.253937008	-129.69324048188605
2.255905512	-126.41667083671557
2.257874016	-125.28812736717803
2.25984252	-130.11599457068095
2.261811024	-135.60753548454153
2.263779528	-139.12221721777678
2.265748031	-137.21245902365445
2.267716535	-132.61269800160653
2.269685039	-130.54531585617852
2.271653543	-136.45296163671884
2.273622047	-149.41830632968927
2.275590551	-156.70574341142756
2.277559055	-155.59876832120597
2.279527559	-129.6739181851973
2.281496063	-111.16811105638877
2.283464567	-117.39788447519432
2.285433071	-137.45953183539214
2.287401575	-146.58665064506283
2.289370079	-133.76115082348792
2.291338583	-110.74238718166316
2.293307087	-104.9351259686655
2.295275591	-124.88371678668969
2.297244094	-150.72831081972038
2.299212598	-168.17184925542762
2.301181102	-163.81022371124038
2.303149606	-148.1299066481724
2.30511811	-143.33973519056903
2.307086614	-144.768054389279
2.309055118	-152.4282215826896
2.311023622	-152.46821010453368
2.312992126	-138.50613248312175
2.31496063	-113.93255642970676
2.316929134	-104.3927792444184
2.318897638	-119.12050334554291
2.320866142	-136.26161132779842
2.322834646	-148.261666692958
2.32480315	-146.56449949112834
2.326771654	-147.60067960682503
2.328740157	-163.58896453727849
2.330708661	-177.1774667501457
2.332677165	-172.16955864760263
2.334645669	-147.15121265445845
2.336614173	-139.29947705836992
2.338582677	-158.20129604141576
2.340551181	-179.07192218998043
2.342519685	-172.78356836373942
2.344488189	-131.88166733978525
2.346456693	-111.55611860413087
2.348425197	-136.77429769129063
2.350393701	-186.37462564465486
2.352362205	-208.65457705616305
2.354330709	-184.72492149411286
2.356299213	-141.42067374618642
2.358267717	-135.78040305252102
2.36023622	-174.71198227321324
2.362204724	-216.2680327008473
2.364173228	-216.7703255444981
2.366141732	-187.05355910310323
2.368110236	-164.17025763267557
2.37007874	-168.54777884440801
2.372047244	-188.76478011006517
2.374015748	-206.60620843084416
2.375984252	-209.6110986633532
2.377952756	-218.00618847041957
2.37992126	-218.32164812821426
2.381889764	-208.20727905831725
2.383858268	-190.31510813276736
2.385826772	-174.91082829628292
2.387795276	-184.62986844753885
2.38976378	-200.5122449731687
2.391732283	-205.5393962495035
2.393700787	-194.1115139241941
2.395669291	-179.5662425099902
2.397637795	-181.47170157113015
2.399606299	-187.03301443755814
2.401574803	-183.79898962814912
2.403543307	-164.10998764809676
2.405511811	-144.22447625444445
2.407480315	-136.59444728661836
2.409448819	-140.4980003885109
2.411417323	-141.1583918756308
2.413385827	-123.12060583062264
2.415354331	-99.8561821595455
2.417322835	-91.58520636864107
2.419291339	-99.8174951902523
2.421259843	-127.17526333551021
2.423228346	-153.57398226259403
2.42519685	-152.94344506397738
2.427165354	-119.02482976747143
2.429133858	-78.20884144099254
2.431102362	-74.02235302801049
2.433070866	-108.44021389991873
2.43503937	-133.2756619406971
2.437007874	-125.61455737832138
2.438976378	-86.91806413016411
2.440944882	-66.57381709492995
2.442913386	-89.44008515520841
2.44488189	-141.16448025350738
2.446850394	-173.61227982704057
2.448818898	-169.08482743372528
2.450787402	-145.93317842607027
2.452755906	-125.4303101114755
2.454724409	-124.40950078096809
2.456692913	-137.4570118684866
2.458661417	-142.33868033220452
2.460629921	-132.12380311127808
2.462598425	-111.63895236962918
2.464566929	-100.36032398693133
2.466535433	-119.66277115052995
2.468503937	-154.00666837720436
2.470472441	-193.03695816426432
2.472440945	-218.4970421051349
2.474409449	-249.9686728690533
2.476377953	-316.21923186639236
2.478346457	-402.90958826018317
2.480314961	-482.9263070615592
2.482283465	-525.7415392160967
2.484251969	-543.5735028012157
2.486220472	-577.4784328111879
2.488188976	-635.6302224933664
2.49015748	-674.8229157523373
2.492125984	-663.9274705192632
2.494094488	-606.0698702954954
2.496062992	-550.4716771393715
2.498031496	-507.3098537970485
2.5	-472.6832710668583
2.501968504	-404.61247101134785
2.503937008	-304.201794746714
2.505905512	-203.51935956817
2.507874016	-126.66588206020083
2.50984252	-79.68288664285043
2.511811024	-47.19454280538791
2.513779528	-24.45333157374379
2.515748031	-10.829377689364392
2.517716535	-12.405935544172701
2.519685039	-19.37033435543422
2.521653543	-37.46829517236682
2.523622047	-61.604828248013966
2.525590551	-72.78832625614812
2.527559055	-76.14472928994547
2.529527559	-65.01714428961182
2.531496063	-59.29930906811611
2.533464567	-64.21082848499447
2.535433071	-71.80193094324953
2.537401575	-61.252945307345286
2.539370079	-37.41945906966672
2.541338583	-21.62562440117355
2.543307087	-31.048985257892834
2.545275591	-56.79253083308022
2.547244094	-67.28093075066336
2.549212598	-48.243988730491175
2.551181102	-21.008727229715088
2.553149606	-16.6692640656508
2.55511811	-40.83003086687134
2.557086614	-62.716387245491134
2.559055118	-57.420913194095334
2.561023622	-26.897880384719226
2.562992126	-10.427039949562797
2.56496063	-20.564017955688755
2.566929134	-55.189946379415076
2.568897638	-76.55520743079765
2.570866142	-73.81909029669522
2.572834646	-59.7305245053816
2.57480315	-60.377763007125274
2.576771654	-74.60104028267574
2.578740157	-82.97491657736074
2.580708661	-70.48766892625066
2.582677165	-46.26725875289778
2.584645669	-28.840510843632263
2.586614173	-37.962867773567105
2.588582677	-55.59866583714713
2.590551181	-66.40150548297332
2.592519685	-60.23431766710787
2.594488189	-56.29970397935654
2.596456693	-58.09200212797754
2.598425197	-67.169055011404
2.600393701	-80.89386457527742
2.602362205	-92.29622025206818
2.604330709	-102.34463127882408
2.606299213	-102.98934068897566
2.608267717	-101.23073171774712
2.61023622	-98.46087578600032
2.612204724	-104.28307522092324
2.614173228	-110.1769657737936
2.616141732	-98.68849230360888
2.618110236	-80.06277427725529
2.62007874	-68.33226510309906
2.622047244	-91.34109141700807
2.624015748	-127.35142663751334
2.625984252	-144.59547834093678
2.627952756	-119.41363513048017
2.62992126	-79.63997773755672
2.631889764	-72.40578445055114
2.633858268	-106.65865270011821
2.635826772	-157.28087224548244
2.637795276	-174.93464335485695
2.63976378	-151.0248760249569
2.641732283	-117.0240188617363
2.643700787	-98.46686733318302
2.645669291	-115.61435846470701
2.647637795	-145.1018110695014
2.649606299	-169.0431732553063
2.651574803	-173.91674566468132
2.653543307	-154.55452058700993
2.655511811	-129.89471638676085
2.657480315	-118.57580735687094
2.659448819	-130.81485244727216
2.661417323	-155.81245936928775
2.663385827	-170.1530463302328
2.665354331	-163.80111265623196
2.667322835	-156.28486344014587
2.669291339	-145.52809040636
2.671259843	-149.3785089987547
2.673228346	-161.12400604917545
2.67519685	-169.96657614197358
2.677165354	-176.75629611796302
2.679133858	-180.56158786979148
2.681102362	-186.04437914207116
2.683070866	-200.9859013570241
2.68503937	-220.90309704538043
2.687007874	-228.18393933030043
2.688976378	-218.3102146789304
2.690944882	-192.90832954129007
2.692913386	-179.30822199412248
2.69488189	-185.13249589646193
2.696850394	-202.7698353028614
2.698818898	-216.53879749381636
2.700787402	-201.90237263465275
2.702755906	-175.71931638733548
2.704724409	-173.41892897684977
2.706692913	-196.32786641275436
2.708661417	-235.70660641385314
2.710629921	-258.541900624357
2.712598425	-266.80622915957275
2.714566929	-263.001874957897
2.716535433	-267.7440794934598
2.718503937	-267.1692542520122
2.720472441	-251.47195380022595
2.722440945	-229.2249867494922
2.724409449	-221.97602785278315
2.726377953	-233.09703821941733
2.728346457	-246.49500316993485
2.730314961	-244.55556233376365
2.732283465	-234.6655384971585
2.734251969	-224.71906300322638
2.736220472	-234.96625016077724
2.738188976	-251.77284122896668
2.74015748	-269.66504401787057
2.742125984	-276.5907419121155
2.744094488	-270.91061245313784
2.746062992	-260.8589482558949
2.748031496	-251.06953893634346
2.75	-242.1278960576448
2.751968504	-241.79628520509027
2.753937008	-240.61755916723308
2.755905512	-242.20486635834476
2.757874016	-240.4540098418907
2.75984252	-233.74923152615162
2.761811024	-230.58829745966304
2.763779528	-227.99972720591555
2.765748031	-229.74974056597875
2.767716535	-226.64789473504487
2.769685039	-215.2363927855348
2.771653543	-202.20890524197023
2.773622047	-194.97009808996498
2.775590551	-194.389700217613
2.777559055	-194.80036698800538
2.779527559	-180.81924084689223
2.781496063	-157.70621398854988
2.783464567	-134.2134452932784
2.785433071	-137.41943629025081
2.787401575	-151.66911230414203
2.789370079	-158.57400484826312
2.791338583	-146.8771918893592
2.793307087	-110.65988144369629
2.795275591	-77.98752616299588
2.797244094	-77.38184558290747
2.799212598	-94.94749831292367
2.801181102	-104.13609325782346
2.803149606	-88.39257236146209
2.80511811	-59.945502638935125
2.807086614	-49.9398951189875
2.809055118	-65.2622816229444
2.811023622	-82.37429359321511
2.812992126	-78.0816253439325
2.81496063	-53.89292825681958
2.816929134	-40.44982840348951
2.818897638	-53.55746832102372
2.820866142	-87.98945412760409
2.822834646	-111.03257508365827
2.82480315	-100.23400585601665
2.826771654	-75.02918507516873
2.828740157	-59.88304863208919
2.830708661	-70.82363453441701
2.832677165	-97.16361904420306
2.834645669	-109.33639108635512
2.836614173	-94.84021787931513
2.838582677	-70.07822826526525
2.840551181	-56.77931780566845
2.842519685	-60.18846344855154
2.844488189	-74.6695938936512
2.846456693	-90.10660142349707
2.848425197	-91.26794948596347
2.850393701	-85.92386002348651
2.852362205	-82.08448478012475
2.854330709	-81.17649672983237
2.856299213	-78.69447171765206
2.858267717	-75.50270957119261
2.86023622	-71.45841648073655
2.862204724	-73.06906184981035
2.864173228	-74.93306644391164
2.866141732	-82.90213596569163
2.868110236	-93.20710317834744
2.87007874	-95.44716183406884
2.872047244	-97.67404302026365
2.874015748	-97.51231136326984
2.875984252	-97.5859275511619
2.877952756	-112.41635527435443
2.87992126	-127.38975341302582
2.881889764	-137.45029695731264
2.883858268	-126.45986576599522
2.885826772	-102.67730450369173
2.887795276	-86.79678251121854
2.88976378	-88.3254629337499
2.891732283	-97.08713352742875
2.893700787	-106.0262973114937
2.895669291	-102.42818450283373
2.897637795	-96.56395440092429
2.899606299	-101.18379920352432
2.901574803	-115.22726723405992
2.903543307	-127.86290304515626
2.905511811	-136.15800717434504
2.907480315	-140.09156647153537
2.909448819	-127.76386535030507
2.911417323	-115.90143180166466
2.913385827	-114.83572785029516
2.915354331	-118.38264075817118
2.917322835	-135.93626343284754
2.919291339	-142.5009700666031
2.921259843	-124.10815423238586
2.923228346	-103.97378704068396
2.92519685	-98.49945135099964
2.927165354	-118.87396598044569
2.929133858	-137.58387448195566
2.931102362	-130.5073640816409
2.933070866	-108.51992286496532
2.93503937	-89.73548866749769
2.937007874	-93.00010551906425
2.938976378	-104.06266109506906
2.940944882	-105.64654256429453
2.942913386	-109.12931015694369
2.94488189	-118.40525124808407
2.946850394	-133.36762947920937
2.948818898	-136.31711080673665
2.950787402	-115.7461075519359
2.952755906	-94.68659271306147
2.954724409	-105.35653366860943
2.956692913	-138.78730136812126
2.958661417	-153.48545944270117
2.960629921	-134.20436436664147
2.962598425	-106.44774667087611
2.964566929	-93.2506011434399
2.966535433	-107.92116855701617
2.968503937	-126.8231421364205
2.970472441	-123.36132742070994
2.972440945	-110.33859042182452
2.974409449	-111.2304950229006
2.976377953	-112.86312818798815
2.978346457	-101.55299724404553
2.980314961	-85.84968197135736
2.982283465	-85.91050443423374
2.984251969	-119.57035998013711
2.986220472	-156.2789903376498
2.988188976	-163.79133998232066
2.99015748	-138.76901610013397
2.992125984	-113.06687510006766
2.994094488	-118.63095623647675
2.996062992	-147.57714349813907
2.998031496	-160.95972669827583
3.0	-137.71580201112656
3.001968504	-103.02651445218693
3.003937008	-86.75632104645588
3.005905512	-96.83440657075249
3.007874016	-114.72014749785384
3.00984252	-119.6146480139041
3.011811024	-120.10064557611926
3.013779528	-116.95171592782337
3.015748031	-116.17043807517366
3.017716535	-118.99939981617652
3.019685039	-116.86028430291219
3.021653543	-115.02356948481211
3.023622047	-115.11873119656423
3.025590551	-124.62808092345193
3.027559055	-126.04822004083871
3.029527559	-124.21024510712071
3.031496063	-122.91255195069029
3.033464567	-120.41381831949127
3.035433071	-117.37151212522119
3.037401575	-122.05815788488216
3.039370079	-124.41559245197655
3.041338583	-121.65749432621736
3.043307087	-116.83672866704684
3.045275591	-109.20726581063934
3.047244094	-105.65533758208643
3.049212598	-105.51727777120024
3.051181102	-103.95958686903352
3.053149606	-101.79272779413272
3.05511811	-105.06330688827381
3.057086614	-119.2828346423011
3.059055118	-134.75947072867382
3.061023622	-139.1912411322143
3.062992126	-124.38612969145295
3.06496063	-116.409309809339
3.066929134	-115.62460377601326
3.068897638	-133.24188508806753
3.070866142	-142.48037047579558
3.072834646	-125.20635698644882
3.07480315	-104.7466494448948
3.076771654	-104.71097715947796
3.078740157	-129.3332534091529
3.080708661	-153.24109878612632
3.082677165	-155.53947556921295
3.084645669	-144.04856232089074
3.086614173	-130.3479047580244
3.088582677	-124.02062889995399
3.090551181	-114.01060943996434
3.092519685	-109.54944102041881
3.094488189	-111.45692935257516
3.096456693	-126.17759561991413
3.098425197	-136.8776125167942
3.100393701	-125.258556069777
3.102362205	-108.2180726558837
3.104330709	-107.38153620906341
3.106299213	-137.32345068675627
3.108267717	-176.20803876719063
3.11023622	-186.73575150791552
3.112204724	-156.5006059653891
3.114173228	-119.04763703353841
3.116141732	-105.33329805504263
3.118110236	-121.95562265721242
3.12007874	-133.0661207201379
3.122047244	-132.63034299443362
3.124015748	-126.55086856573173
3.125984252	-129.66846479154438
3.127952756	-150.05256247403054
3.12992126	-170.76681998122706
3.131889764	-182.05023103992326
3.133858268	-186.0526713485469
3.135826772	-185.34113799129418
3.137795276	-194.89432269109165
3.13976378	-206.7568860737705
3.141732283	-201.25738026292407
3.143700787	-182.91872718908547
3.145669291	-159.98621603399
3.147637795	-151.80153519618545
3.149606299	-167.99268706483707
3.151574803	-191.30434051633273
3.153543307	-197.36976268274583
3.155511811	-177.90991506151394
3.157480315	-162.53621888369898
3.159448819	-163.22039597283637
3.161417323	-181.6150640795365
3.163385827	-187.73239086846294
3.165354331	-168.80739416833057
3.167322835	-134.35606825221458
3.169291339	-119.15101063757798
3.171259843	-130.13564518240253
3.173228346	-146.7388488369806
3.17519685	-136.57268572111582
3.177165354	-106.90943019634372
3.179133858	-83.7269426209252
3.181102362	-84.78959790718595
3.183070866	-99.61504808842598
3.18503937	-101.70424847808651
3.187007874	-91.0371079753926
3.188976378	-75.93748403204597
3.190944882	-76.7631126525462
3.192913386	-86.2023413290645
3.19488189	-93.76702396936756
3.196850394	-96.07297005194856
3.198818898	-90.26191228815243
3.200787402	-100.74904789405576
3.202755906	-119.20311064840148
3.204724409	-134.1565357360146
3.206692913	-120.67225632213152
3.208661417	-95.45692528604206
3.210629921	-79.477462477363
3.212598425	-101.36934645190577
3.214566929	-124.8524844173071
3.216535433	-133.58925524781807
3.218503937	-109.30111534960416
3.220472441	-90.74380896768736
3.222440945	-99.83784145004762
3.224409449	-131.5417557045135
3.226377953	-153.12961848857245
3.228346457	-140.86748888700518
3.230314961	-125.63259334672365
3.232283465	-131.40650808809139
3.234251969	-168.11556471263614
3.236220472	-212.06467177606086
3.238188976	-258.73182013201966
3.24015748	-295.437722237354
3.242125984	-340.2997681633195
3.244094488	-406.8401908932403
3.246062992	-479.1180345620505
3.248031496	-537.8913254068731
3.25	-572.988192975736
3.251968504	-596.8398308285368
3.253937008	-599.3808041246608
3.255905512	-592.843950444396
3.257874016	-571.240231723553
3.25984252	-527.2138828662825
3.261811024	-463.91687158077883
3.263779528	-389.6360134474449
3.265748031	-308.87659033456134
3.267716535	-229.37145686529786
3.269685039	-159.15865920124355
3.271653543	-97.58125627057485
3.273622047	-39.839209024281004
3.275590551	-10.821610381222369
3.277559055	-0.3062338984535684
3.279527559	-2.1994255840889334
3.281496063	-8.417372859853401
3.283464567	-19.724783747543217
3.285433071	-35.678512056872805
3.287401575	-70.56963047054924
3.289370079	-93.8808088461456
3.291338583	-94.14339315918713
3.293307087	-71.26814989715893
3.295275591	-60.02762757129286
3.297244094	-71.31880045102068
3.299212598	-90.04559236062762
3.301181102	-85.24708687217736
3.303149606	-49.27352078894198
3.30511811	-19.273475127673514
3.307086614	-20.74100080007457
3.309055118	-47.36811760272315
3.311023622	-69.90538431067084
3.312992126	-72.70430070534572
3.31496063	-58.643164423725025
3.316929134	-58.15024132481416
3.318897638	-61.20101695979078
3.320866142	-57.14107936221358
3.322834646	-53.94202749990849
3.32480315	-55.58306532581128
3.326771654	-77.79133310934255
3.328740157	-97.48371089514266
3.330708661	-94.3713415689482
3.332677165	-77.09632550635628
3.334645669	-72.61109833693375
3.336614173	-89.16608876549734
3.338582677	-111.79462024975125
3.340551181	-115.38354311899164
3.342519685	-97.83564741201849
3.344488189	-73.90049730006012
3.346456693	-63.56708285967606
3.348425197	-69.88396681492789
3.350393701	-91.18064684895533
3.352362205	-104.89134030690153
3.354330709	-106.14441475959917
3.356299213	-93.65707389283773
3.358267717	-76.11736541315805
3.36023622	-79.63587329406721
3.362204724	-104.72309316372473
3.364173228	-130.01917667991881
3.366141732	-131.6196568240265
3.368110236	-110.65834193006972
3.37007874	-90.44855490188812
3.372047244	-96.49570218133142
3.374015748	-126.29963009318874
3.375984252	-140.3926751002189
3.377952756	-129.10691831430324
3.37992126	-102.51988107616391
3.381889764	-97.23016350957701
3.383858268	-115.15201236294207
3.385826772	-137.80664503618718
3.387795276	-146.94280362734304
3.38976378	-133.62258801166453
3.391732283	-125.15949867655895
3.393700787	-126.4054212618041
3.395669291	-127.99259015170568
3.397637795	-133.83344170040667
3.399606299	-137.42666834271006
3.401574803	-145.38009718461814
3.403543307	-156.845279312446
3.405511811	-157.76794278985975
3.407480315	-155.57537671474697
3.409448819	-160.64961231535818
3.411417323	-167.04133270207768
3.413385827	-168.21398791922238
3.415354331	-161.63749494254682
3.417322835	-156.21468579277405
3.419291339	-167.95458010188233
3.421259843	-186.14035479307833
3.423228346	-188.78874187090867
3.42519685	-174.416034398455
3.427165354	-156.3426620797149
3.429133858	-170.3274827679033
3.431102362	-209.4884266122885
3.433070866	-226.90513088048107
3.43503937	-209.50421457651234
3.437007874	-178.94969655553234
3.438976378	-163.9353642339546
3.440944882	-183.83139993023016
3.442913386	-210.40067033258057
3.44488189	-219.09469447447378
3.446850394	-214.82419638442275
3.448818898	-205.20105373918113
3.450787402	-208.18983890435035
3.452755906	-211.9062795190741
3.454724409	-209.53330555770512
3.456692913	-212.12931803470818
3.458661417	-220.53078300978
3.460629921	-238.7895931578546
3.462598425	-243.34245457883338
3.464566929	-232.35129743118264
3.466535433	-221.3350993794208
3.468503937	-226.32968158377858
3.470472441	-246.67176664479115
3.472440945	-260.58314607515916
3.474409449	-254.67953437240553
3.476377953	-241.7096694492646
3.478346457	-234.71364311902965
3.480314961	-244.0433879870655
3.482283465	-252.53653002479524
3.484251969	-254.0301570948446
3.486220472	-245.75107995656865
3.488188976	-240.46432104869743
3.49015748	-246.57958908116584
3.492125984	-254.72771743272426
3.494094488	-262.49220017579336
3.496062992	-260.33062890910753
3.498031496	-255.4413832463078
3.5	-248.5166540134249
3.501968504	-256.79951254315733
3.503937008	-262.187554624485
3.505905512	-266.1020582565043
3.507874016	-272.59572229841643
3.50984252	-264.4424343503871
3.511811024	-249.70317674795075
3.513779528	-239.98528984905087
3.515748031	-241.9518591251846
3.517716535	-244.83521136420805
3.519685039	-248.87896328020608
3.521653543	-244.1827520896343
3.523622047	-232.01161278960237
3.525590551	-222.17616680784224
3.527559055	-221.59378756635357
3.529527559	-230.11680652132725
3.531496063	-229.44606192331787
3.533464567	-217.50250510524955
3.535433071	-199.28798678969116
3.537401575	-176.06692103348269
3.539370079	-164.97999201089505
3.541338583	-163.78754439282028
3.543307087	-156.82732319663847
3.545275591	-143.38454494706335
3.547244094	-123.44068727990485
3.549212598	-111.51579979025763
3.551181102	-111.33212952723277
3.553149606	-111.70852109074099
3.55511811	-111.60143086272411
3.557086614	-104.89424624368955
3.559055118	-95.03186169168832
3.561023622	-100.89332249976766
3.562992126	-101.1685951669976
3.56496063	-93.8695323477313
3.566929134	-80.64031402194685
3.568897638	-66.4055005761977
3.570866142	-56.88321017635903
3.572834646	-60.17468966813813
3.57480315	-60.06833635774054
3.576771654	-52.157029696202294
3.578740157	-44.46888020688722
3.580708661	-37.833813512549035
3.582677165	-38.302811754939256
3.584645669	-49.832959943734956
3.586614173	-59.150546468730056
3.588582677	-60.78884014347767
3.590551181	-47.29848474996586
3.592519685	-28.810280688810032
3.594488189	-27.070829436540237
3.596456693	-42.65540506617408
3.598425197	-69.72082408805291
3.600393701	-76.26244414591918
3.602362205	-62.14969915438669
3.604330709	-47.39311035735153
3.606299213	-57.13911131127242
3.608267717	-84.45477580145501
3.61023622	-109.363827856377
3.612204724	-110.8933819163737
3.614173228	-86.7997038189942
3.616141732	-65.57277528205253
3.618110236	-62.394396071574874
3.62007874	-76.19909865939876
3.622047244	-75.59568802205612
3.624015748	-66.30665845967494
3.625984252	-45.13656537604435
3.627952756	-45.92999559455597
3.62992126	-62.489896689542206
3.631889764	-81.70562977821142
3.633858268	-87.43099924546677
3.635826772	-77.99068158570141
3.637795276	-81.58857256325794
3.63976378	-99.04815920096158
3.641732283	-120.28698398604233
3.643700787	-122.84259635173485
3.645669291	-103.92934961166705
3.647637795	-80.45017296713799
3.649606299	-80.08138287385144
3.651574803	-93.02868070857859
3.653543307	-102.70686805868047
3.655511811	-93.58334045481773
3.657480315	-84.08542803970123
3.659448819	-90.79397319589536
3.661417323	-113.27965148550423
3.663385827	-127.47046085559057
3.665354331	-118.66601614043383
3.667322835	-98.28921648794632
3.669291339	-94.2900832347487
3.671259843	-115.83033783768924
3.673228346	-137.08133355826004
3.67519685	-132.8203859504644
3.677165354	-104.7062843041974
3.679133858	-77.99246071974895
3.681102362	-83.69568892995314
3.683070866	-117.78621652483154
3.68503937	-142.33898158743372
3.687007874	-144.98213006849858
3.688976378	-127.7042323774264
3.690944882	-114.94074128090405
3.692913386	-116.38190135860022
3.69488189	-117.67225791852394
3.696850394	-124.27387914948036
3.698818898	-124.54837689828408
3.700787402	-124.8260661933101
3.702755906	-113.16792433396022
3.704724409	-97.43845255355235
3.706692913	-93.3159727384703
3.708661417	-100.70793244679741
3.710629921	-127.33772313294486
3.712598425	-147.29421410964125
3.714566929	-140.5927931940832
3.716535433	-116.78980341664659
3.718503937	-99.22277669364136
3.720472441	-107.3652780256948
3.722440945	-124.13623122610564
3.724409449	-131.78279719390378
3.726377953	-125.31168300144508
3.728346457	-121.07707440626184
3.730314961	-124.8712986622855
3.732283465	-128.42344775818248
3.734251969	-129.3094735572586
3.736220472	-127.34657608505601
3.738188976	-132.9649559600791
3.74015748	-143.5839248581356
3.742125984	-139.80860677774174
3.744094488	-117.82916457280585
3.746062992	-102.98272530276444
3.748031496	-99.34178600055847
3.75	-115.94310560396136
3.751968504	-131.9385736594522
3.753937008	-123.61605323580298
3.755905512	-112.117668942485
3.757874016	-112.37810993083828
3.75984252	-127.225233520457
3.761811024	-138.03406750193156
3.763779528	-130.68310377923444
3.765748031	-118.99898470969478
3.767716535	-113.91282826617436
3.769685039	-123.31516523225353
3.771653543	-122.40552903743465
3.773622047	-108.45330290338273
3.775590551	-97.44302442735913
3.777559055	-94.31983719244981
3.779527559	-107.6272699420964
3.781496063	-105.13148448679573
3.783464567	-93.11487088216386
3.785433071	-94.24918424148385
3.787401575	-111.99056428876676
3.789370079	-129.05379903609386
3.791338583	-131.53461951981856
3.793307087	-114.52575537460082
3.795275591	-102.49103822003033
3.797244094	-104.79610623265431
3.799212598	-120.64896946431689
3.801181102	-125.31321367251911
3.803149606	-116.60075915886955
3.80511811	-101.41811086059666
3.807086614	-94.7590489930265
3.809055118	-100.95548418027832
3.811023622	-107.28096300124061
3.812992126	-110.45360150935268
3.81496063	-112.54987184199413
3.816929134	-117.20156865327995
3.818897638	-123.31271774990074
3.820866142	-127.43406404359122
3.822834646	-126.22461592813384
3.82480315	-122.11209230770915
3.826771654	-116.3583570746672
3.828740157	-120.76399735530457
3.830708661	-117.48567159412637
3.832677165	-120.54185739703837
3.834645669	-125.02505711233927
3.836614173	-128.36136246391058
3.838582677	-134.83264777006872
3.840551181	-134.67049214423335
3.842519685	-139.26366580517976
3.844488189	-157.71599700816589
3.846456693	-181.49185356072306
3.848425197	-191.64761236627328
3.850393701	-181.03955775757848
3.852362205	-163.909890875451
3.854330709	-138.28948304140002
3.856299213	-126.71958290160477
3.858267717	-127.29418018507737
3.86023622	-133.33150689339382
3.862204724	-137.8153376516293
3.864173228	-139.42009800634682
3.866141732	-139.2723579199192
3.868110236	-135.7306174310703
3.87007874	-144.79146005123002
3.872047244	-159.4753185368072
3.874015748	-173.4810626898632
3.875984252	-185.24011031520865
3.877952756	-188.55104887994887
3.87992126	-194.4019338109882
3.881889764	-199.83150961341642
3.883858268	-202.9518507829549
3.885826772	-194.65651189414706
3.887795276	-189.0396709389105
3.88976378	-190.2806357820365
3.891732283	-201.82704550857164
3.893700787	-207.74608087922965
3.895669291	-190.61060292531945
3.897637795	-165.56404943686962
3.899606299	-150.1591381004927
3.901574803	-164.7171599128569
3.903543307	-173.58094076208644
3.905511811	-163.69571091613224
3.907480315	-148.67393967166083
3.909448819	-125.4826913399878
3.911417323	-114.87728087314476
3.913385827	-116.7978464307439
3.915354331	-115.20210263005976
3.917322835	-113.06045728921906
3.919291339	-100.74972700615974
3.921259843	-88.33170035074755
3.923228346	-88.53170656365084
3.92519685	-101.8343783559699
3.927165354	-120.75617329376712
3.929133858	-123.07630054246351
3.931102362	-103.37576604354011
3.933070866	-86.61756194162452
3.93503937	-94.14410404704692
