10.01	14.149801879780748
10.02	9.283223333265871
10.03	7.380247746842624
10.04	9.445241504997128
10.05	9.376035732798558
10.06	7.542071537465953
10.07	7.262807220004269
10.08	5.604326729959571
10.09	5.070038901194763
10.1	6.405629095708184
10.11	6.5695642676731785
10.12	5.635736625051901
10.13	4.979423328933826
10.14	3.468275780207432
10.15	4.057669758166446
10.16	5.446258843279607
10.17	3.6279869622412155
10.18	3.0325923140235362
10.19	5.770218282203568
10.2	1.236654554289521
10.21	5.137654435699076
10.22	1.5531308402359298
10.23	2.9583962128206083
10.24	1.467966432530121
10.25	1.215161612246781
10.26	1.6882180305060919
10.27	4.743041484674125
10.28	4.487480381000978
10.29	3.2611106526581555
10.3	1.7139670567591547
10.31	3.6836631376298743
10.32	2.4525881100505242
10.33	-0.9097589673700543
10.34	3.3007391711461276
10.35	3.6604911931934048
10.36	1.0639979803989006
10.37	0.783641233486192
10.38	4.882424193643053
10.39	5.848627131499196
10.4	4.604705615142152
10.41	3.3895619719137278
10.42	1.2927328255341317
10.43	5.6634646743802675
10.44	3.72846716749373
10.45	5.679214857840004
10.46	5.749531259632991
10.47	4.622722477545005
10.48	6.639579545036074
10.49	6.019114357453379
10.5	7.781453440658095
10.51	7.931556418591164
10.52	8.811914084847864
10.53	8.295481498959429
10.54	9.142019097508538
10.55	9.189752911481614
10.56	10.283927462361666
10.57	9.246989459399408
10.58	8.962321054141926
10.59	10.723638161235137
10.6	13.692168627636471
10.61	12.192660165111185
10.62	13.15831132769151
10.63	11.182761940260775
10.64	11.821072367853855
10.65	11.71596457155183
10.66	10.353013221508409
10.67	10.461712838476531
10.68	13.788266354020603
10.69	14.53473854279979
10.7	7.787153284004968
10.71	12.132561838397443
10.72	11.102138336198836
10.73	12.973466933996738
10.74	11.90872059973167
10.75	11.832640169672564
10.76	10.05306682670938
10.77	13.19688497675386
10.78	12.767547646928904
10.79	11.095658792173584
10.8	8.953062404887163
10.81	9.304642485455766
10.82	13.175731971704696
10.83	8.686673257488437
10.84	8.084152692429335
10.85	8.351123660519212
10.86	8.401595889275084
10.87	9.021539755103094
10.88	10.427782181868514
10.89	6.120472344570602
10.9	8.5247867732897
10.91	5.185001776884597
10.92	7.267061606727164
10.93	3.87380333627838
10.94	7.2006231944768135
10.95	4.392954665977927
10.96	3.576721938858645
10.97	4.871187756563614
10.98	3.82646364822082
10.99	4.156304151058046
11.0	4.746945022178716
11.01	3.962415576199342
11.02	4.7231364807779315
11.03	2.397877767087408
11.04	2.348396091343054
11.05	3.675250437515235
11.06	5.301814648553956
11.07	2.4929629545683447
11.08	2.5132182237320473
11.09	1.9151360515798044
11.1	1.019468147181016
11.11	2.7688842683733617
11.12	2.7999024981649594
11.13	4.067068576729345
11.14	3.9918593400496687
11.15	3.7383064435198103
11.16	3.9032470476647276
11.17	3.2203860834408693
11.18	5.848276160987435
11.19	4.570640695574423
11.2	4.882147216861332
11.21	6.539284775137015
11.22	4.682321560017021
11.23	5.806587149373762
11.24	7.5439663361502145
11.25	7.190891247930497
11.26	7.041342686527582
11.27	8.161856098054377
11.28	4.615308315814572
11.29	8.84136613839756
11.3	8.08645560129336
11.31	6.786141906966042
11.32	8.326771864754242
11.33	11.684007553236546
11.34	10.192323943884274
11.35	9.839976824819129
11.36	11.690607849087074
11.37	9.172847016950264
11.38	12.544064567571418
11.39	11.400211557346577
11.4	9.126314734174688
11.41	10.6080184305284
11.42	13.280631645490919
11.43	10.479409904459411
11.44	12.53815245594916
11.45	10.713337638531526
11.46	12.908436772413186
11.47	11.356651242785532
11.48	9.713240497201495
11.49	12.580151334138627
11.5	12.49435887351976
11.51	12.04888048699626
11.52	11.765989821237701
11.53	11.98141776443609
11.54	11.757713895970953
11.55	12.857111788509325
11.56	11.405649235957501
11.57	9.522018450597098
11.58	7.663793451780129
11.59	11.175393382423552
11.6	8.768322234485067
11.61	8.044296588893578
11.62	9.410541146633221
11.63	9.690562198953618
11.64	6.25182566131983
11.65	5.718619246115266
11.66	6.491187885775564
11.67	4.865057440377877
11.68	5.610119390601768
11.69	5.835809482938453
11.7	5.832327527882705
11.71	1.5919994888693751
11.72	3.1758404991756404
11.73	5.415726297673013
11.74	0.528840358944259
11.75	2.486093505427603
11.76	5.051731875714745
11.77	1.0703935251825198
11.78	4.624710877698683
11.79	2.616968308562368
11.8	0.5089772700179517
11.81	1.8295597577170277
11.82	-0.1884541953164398
11.83	-0.8419735892650446
11.84	1.1352327424929562
11.85	-1.3452467533571413
11.86	-0.7716571535924176
11.87	1.3507786918900953
11.88	-0.4709208649933967
11.89	1.0710523088279331
11.9	0.27630352734018115
11.91	1.5621485269601012
11.92	-0.9083421911147018
11.93	2.9054284999173103
11.94	1.0419654057451233
11.95	4.283790380570984
11.96	0.9349629907922279
11.97	2.772485034233755
11.98	3.9926465854448296
11.99	1.9547653360654687
12.0	0.3851696168166021
12.01	2.9855792768661518
12.02	6.032206751685619
12.03	3.543174803429949
12.04	3.1003459981437946
12.05	5.175870597413835
12.06	4.967361430632388
12.07	6.2634445980347095
12.08	7.9179607506339815
12.09	10.446529785017713
12.1	8.902024648703641
12.11	8.30889100599113
12.12	8.973336324921888
12.13	7.143075065769854
12.14	11.420667202010009
12.15	8.46241185525817
12.16	7.4185366876633
12.17	8.812827205228938
12.18	13.929443119708651
12.19	9.303546209390325
12.2	9.38735312342879
12.21	10.795807841944313
12.22	9.560187659580317
12.23	11.72083542126754
12.24	9.896620112086172
12.25	9.227313383654218
12.26	10.249917969881508
12.27	9.257777236911993
12.28	10.393445769004494
12.29	10.729719750280012
12.3	11.609820194224756
12.31	8.360871437713474
12.32	6.3400664368835535
12.33	9.563991335385792
12.34	9.255377163768147
12.35	5.456257243576486
12.36	8.537159765365233
12.37	8.36989815626075
12.38	4.626626764522731
12.39	6.77240240533651
12.4	7.505706035930761
12.41	5.161096826454432
12.42	5.902940318674322
12.43	3.8670301904020215
12.44	2.349132309766639
12.45	2.785089753733851
12.46	3.4133186447793284
12.47	1.3433397511965988
12.48	2.9447568300431226
12.49	2.0404818994002536
12.5	2.3070976440246183
12.51	2.692040990462314
12.52	2.5342055461683666
12.53	3.363296158511746
12.54	1.8965558229871466
12.55	1.886817885508648
12.56	-2.3125602646337446
12.57	-0.8372205656520504
12.58	2.1334677435727913
12.59	0.3691671299086311
12.6	-4.754322273094307
12.61	-2.0463533441563158
12.62	-3.244830820618609
12.63	-1.363620091784229
12.64	-1.560085008178693
12.65	0.6127325477481421
12.66	1.8185282493414612
12.67	3.2693991281521644
12.68	0.5234440372296287
12.69	2.2519630069529635
12.7	0.6732322713407086
12.71	-0.4502339085437731
12.72	-1.2197371576710185
12.73	2.5661965052955042
12.74	2.1888984767921964
12.75	3.8017043606411316
12.76	3.12906872171189
12.77	5.823725334140201
12.78	5.795385030257757
12.79	4.254468123048052
12.8	1.5006676956189482
12.81	3.9465817956496267
12.82	2.5629671528779467
12.83	5.795663184394601
12.84	5.850277918373381
12.85	6.385891435729038
12.86	5.02933222200019
12.87	5.58878962900021
12.88	8.515078445527287
12.89	9.315250884284907
12.9	9.04793699693211
12.91	10.385045939161737
12.92	10.10954543036819
12.93	5.001120524871863
12.94	8.257112331431589
12.95	9.294207940753505
12.96	9.130471874804229
12.97	8.309818559591925
12.98	11.85586612514839
12.99	12.147161918679235
13.0	11.319734282885998
13.01	8.669835149412023
13.02	12.45577699536434
13.03	10.666248026098419
13.04	9.686271949703125
13.05	12.301207876864765
13.06	9.397184189868845
13.07	9.593496914680356
13.08	11.3558223792732
13.09	11.208617377341591
13.1	6.693621559448648
13.11	8.929430829308558
13.12	12.285785756640976
13.13	7.410047761048219
13.14	12.14852900314634
13.15	7.360092525877899
13.16	6.937454838324362
13.17	6.90460586077531
13.18	6.13627642722199
13.19	8.026168298101208
13.2	7.451355861758649
13.21	7.730914773348232
13.22	2.5815186231807394
13.23	2.990944477295783
13.24	3.093206565269905
13.25	2.9200227659537665
13.26	5.772252741960032
13.27	0.3176978824467942
13.28	4.23834120389558
13.29	1.3188805294878418
13.3	3.4318940538961233
13.31	-1.815462207633789
13.32	2.5863684015267974
13.33	3.096605473674927
13.34	0.9839747631200474
13.35	2.471343625784777
13.36	-2.292319009929324
13.37	-1.255078693408047
13.38	0.8187090422402994
13.39	1.621638563998093
13.4	0.3850482813853059
13.41	2.1487542185523933
13.42	0.5623468635803912
13.43	-0.05572264960576567
13.44	1.0135308329266637
13.45	0.5790980005431565
13.46	3.857077970911665
13.47	1.472799167407665
13.48	4.081916800607914
13.49	2.9129955314182614
13.5	3.952122555069703
13.51	5.552319960252232
13.52	5.089688983288513
13.53	3.1266986682272577
13.54	2.2612012780759283
13.55	4.70287112776206
13.56	4.793513728974198
13.57	7.291207678735293
13.58	5.599515907744774
13.59	4.436791983215292
13.6	7.778576959915251
13.61	6.298381865091338
13.62	7.029391564217414
13.63	9.66249026149329
13.64	8.222277279864661
13.65	7.453452558272194
13.66	7.871384617426292
13.67	8.396703039008726
13.68	9.530499694633216
13.69	8.790144076227907
13.7	8.798588597000473
13.71	9.616282753842821
13.72	7.759212536394991
13.73	8.145152191592585
13.74	6.8653420417746505
13.75	7.941128395134914
13.76	9.868222617508085
13.77	10.14969690744792
13.78	6.514763260441128
13.79	11.588445382581785
13.8	4.695977014888691
13.81	6.266760627545792
13.82	9.784757373926343
13.83	7.14174471234538
13.84	6.837665688145081
13.85	7.209988177000173
13.86	7.501016820771302
13.87	5.697888596786315
13.88	4.238599377356891
13.89	5.518918664159899
13.9	5.307052609587358
13.91	6.612538330142071
13.92	3.847373018122088
13.93	4.864792047882617
13.94	2.0494769561700035
13.95	5.110240946324228
13.96	6.317229770589419
13.97	2.788439248382568
13.98	1.4290045458060305
13.99	1.8372770407263983
14.0	2.7626102710382057
14.01	2.084127501337923
14.02	3.5877195707669656
14.03	4.242644344494271
14.04	1.6476527801267535
14.05	2.1477442077181634
14.06	3.1044021438459466
14.07	3.3158331449381233
14.08	0.3844256964186983
14.09	0.5905420856757816
14.1	-0.21623112092442676
14.11	2.4176260189916747
14.12	2.7130503311063476
14.13	4.727093653035744
14.14	2.790232478454991
14.15	1.5869345856140913
14.16	-0.5478634503833286
14.17	1.008485078394322
14.18	0.9927980328625737
14.19	2.2466836501793677
14.2	2.7798713254990473
14.21	4.808585385771873
14.22	5.482669849413504
14.23	6.680701044015478
14.24	2.2923707638693767
14.25	3.4064813443723607
14.26	3.746672088882469
14.27	8.341267046687667
14.28	4.672951366711162
14.29	2.7793244109588335
14.3	5.197732303311666
14.31	3.45146823768802
14.32	7.397464577202089
14.33	4.584081917645799
14.34	6.37770470888696
14.35	6.6390368105564255
14.36	7.120463128634431
14.37	8.603151717083747
14.38	8.484397997786875
14.39	7.973807505043899
14.4	7.736522011306604
14.41	8.789549356993433
14.42	7.379047691212223
14.43	5.6961373671222315
14.44	9.027828196877131
14.45	11.853492565147501
14.46	6.4127950475274
14.47	7.711169381076676
14.48	8.281064247241684
14.49	11.107370318010972
14.5	8.519260087300843
14.51	8.9000160810089
14.52	10.086215007804517
14.53	7.135097752929556
14.54	9.998575225912225
14.55	12.321626245191446
14.56	6.8697743962540105
14.57	6.517806997754487
14.58	10.690561508223903
14.59	8.951351906493807
14.6	7.595143061011068
14.61	7.917931738411289
14.62	5.967347867456464
14.63	6.209860876287664
14.64	6.791941459486262
14.65	6.205842725766448
14.66	7.955230035414148
14.67	1.8474426954505225
14.68	2.9532846718054633
14.69	2.2837513072116185
14.7	2.8209619599830456
14.71	5.309264690234862
14.72	5.277200009741527
14.73	2.4647833025877843
14.74	1.3602684058235626
14.75	1.4973605856258179
14.76	1.549670011379856
14.77	1.2520074523215061
14.78	1.5248371709628916
14.79	1.5060705370231044
14.8	3.693955260371239
14.81	1.4372831112700302
14.82	4.799087074156707
14.83	4.14668060433504
14.84	-0.03895204089533455
14.85	1.1529031590225385
14.86	2.725521881034902
14.87	2.212465204666993
14.88	-1.3982314138456347
14.89	1.040588553962246
14.9	2.3916096776223768
14.91	3.7758833003099364
14.92	3.944513246039079
14.93	2.657708256686754
14.94	5.330875570797817
14.95	2.838483266917067
14.96	4.3450285505303645
14.97	6.295158183955897
14.98	5.686366109188873
14.99	5.9728131601819765
15.0	5.016157301509142
15.01	8.354935166732012
15.02	6.03232847304629
15.03	9.961781456277288
15.04	8.849345448116223
15.05	4.970446409838681
15.06	9.843150729403451
15.07	7.2128773109583175
15.08	8.222800835889384
15.09	8.940105480777119
15.1	10.853127537530606
15.11	9.318737881445221
15.12	11.427581248498699
15.13	8.902114635052342
15.14	9.797763344747269
15.15	9.783491307816476
15.16	11.370069117784057
15.17	11.175500374780713
15.18	9.474394372912474
15.19	8.816167346497245
15.2	12.671168860360584
15.21	10.289902360095528
15.22	10.323758378446275
15.23	11.886363035864816
15.24	11.715882691370194
15.25	8.718147059975763
15.26	13.139387486470385
15.27	10.597805387909226
15.28	12.146063794159451
15.29	10.710534655365699
15.3	8.375158363030932
15.31	11.814410117414067
15.32	10.383613831000018
15.33	12.03810125538297
15.34	9.613764681843499
15.35	11.028177790465639
15.36	3.8909884690778878
15.37	10.356249711808061
15.38	8.910391717272653
15.39	7.676201761325794
15.4	6.480231459888284
15.41	7.388280603413266
15.42	7.804244342821268
15.43	7.854752847147931
15.44	8.546660572050445
15.45	9.743639354645522
15.46	4.82909720857977
15.47	8.552419843224195
15.48	6.021070644502661
15.49	4.588634362416797
15.5	4.325945667134052
15.51	4.7877843452783795
15.52	5.569396083804018
15.53	3.6426603086994183
15.54	2.1713857007721153
15.55	3.851387793894202
15.56	5.1423862311812325
15.57	4.261084096487825
15.58	4.611426393429122
15.59	2.8617262894369313
15.6	0.6496202739468636
15.61	3.101060155423058
15.62	3.192015709246262
15.63	0.099533470870793
15.64	1.0259506186631788
15.65	0.0024391735506310575
15.66	1.7245231493036193
15.67	-1.7213964978744152
15.68	-2.317369688120895
15.69	-0.2278446121872596
15.7	1.589523226900082
15.71	-0.8704258313354164
15.72	-0.17970879168152182
15.73	4.5475177865187595
15.74	1.9385812814304242
15.75	-0.1225119808130111
15.76	-1.6732823283019642
15.77	2.3435913278456
15.78	-1.1288041618376883
15.79	-2.503812787443823
15.8	1.4252677062302033
15.81	1.942646998314477
15.82	2.0234882585260476
15.83	1.011719871567307
15.84	4.221543641837437
15.85	3.4545870653026043
15.86	2.3670108888802206
15.87	1.6449021292064714
15.88	3.0462096674197268
15.89	1.6060358170476148
15.9	4.54539852553171
15.91	7.4856945995280935
15.92	6.515038137996501
15.93	5.616014157734134
15.94	6.527260016954522
15.95	8.032959219936268
15.96	7.899899907120826
15.97	7.227143818726517
15.98	10.249040850528681
15.99	8.7644717176295
16.0	7.373639909771212
16.01	12.601641820066316
16.02	7.89235876645051
16.03	8.518581465955556
16.04	11.184368484490577
16.05	7.533597402751232
16.06	10.009059336198607
16.07	6.9822822157067
16.08	9.779370724254154
16.09	9.846848578469572
16.1	12.71710683608117
16.11	11.582421913283543
16.12	7.738116939664895
16.13	9.355987036529074
16.14	8.763465068834128
16.15	7.025928299212198
16.16	8.373081343859129
16.17	8.213159599938065
16.18	8.13381762307689
16.19	6.437050422667544
16.2	6.4985323176196585
16.21	5.138984134749556
16.22	6.053246208388428
16.23	6.639238578874371
16.24	4.828486143973474
16.25	6.236275752896725
16.26	3.773334019826918
16.27	6.117340049826596
16.28	4.45566564757699
16.29	8.421919616371643
16.3	4.4860418596517695
16.31	1.0139601317892097
16.32	5.298572471211378
16.33	4.045559370147524
16.34	2.3171785382874557
16.35	1.4488718858551253
16.36	2.9220771554291005
16.37	3.514611343976052
16.38	2.578092486055342
16.39	4.401542053770342
16.4	2.385792611117548
16.41	-0.14322698968275094
16.42	0.2626165873157844
16.43	1.5326240619255438
16.44	3.0364806143978895
16.45	0.9918585409442
16.46	3.6350090187407487
16.47	-1.168072245192147
16.48	-0.5276023750722133
16.49	1.2050949790160688
16.5	2.41963340178343
16.51	-0.2543747684762483
16.52	3.3772162468018543
16.53	1.3918511756452234
16.54	2.05581973943894
16.55	2.273784539736119
16.56	0.34913723633219096
16.57	2.8475466951210997
16.58	0.05799016581386862
16.59	5.476721413681046
16.6	2.7781150945088395
16.61	7.802595747948745
16.62	3.7549409098178588
16.63	7.743372221249261
16.64	5.729165554079481
16.65	5.252585415696007
16.66	4.960661633847296
16.67	4.6930217206958655
16.68	8.056668278034834
16.69	7.4950537208963
16.7	5.461389608406179
16.71	7.656420520237861
16.72	5.817364295271668
16.73	8.2591948094004
16.74	10.551875307477067
16.75	6.76987267378272
16.76	8.34478095925951
16.77	8.660385570380491
16.78	10.711548708481768
16.79	12.390901170026808
16.8	7.81803706816264
16.81	11.673777893974254
16.82	10.034512623667377
16.83	12.004697519499029
16.84	10.495051548243993
16.85	10.525613550750563
16.86	9.717345156387456
16.87	9.279870876190213
16.88	10.9118975905082
16.89	6.281715207483716
16.9	9.9279069350545
16.91	8.611544959363343
16.92	10.793759606948013
16.93	9.464738087300923
16.94	9.020493978315214
16.95	7.9010098664358255
16.96	7.804973416932842
16.97	6.869693136543933
16.98	7.674729475710724
16.99	6.066339991998202
17.0	5.958552192981672
17.01	6.85379229519714
17.02	4.865774522397825
17.03	5.724566748407265
17.04	4.581197909829118
17.05	6.596252617776584
17.06	2.4002028058249723
17.07	4.648684386676639
17.08	1.0626588215203774
17.09	4.660265098508683
17.1	1.9934955322723646
17.11	4.495114581304593
17.12	3.03801784711784
17.13	3.961340352443842
17.14	1.8153740040000392
17.15	-0.7258457324390961
17.16	3.515924517449407
17.17	3.052088691721012
17.18	2.6994019511709406
17.19	-0.5124468969122311
17.2	1.9437140762987477
17.21	2.9236293923560472
17.22	5.344433776061872
17.23	2.304097473062024
17.24	2.510805212407209
17.25	2.076496960863659
17.26	-0.6030055002228112
17.27	5.315186802273534
17.28	2.4395789277764726
17.29	2.0582331900084267
17.3	4.844817917270497
17.31	4.3768674259640346
17.32	4.634317551306842
17.33	3.8831975944556802
17.34	1.6098305453659805
17.35	4.3414603966658945
17.36	3.6917893176547247
17.37	6.92998935373493
17.38	7.668553402735695
17.39	6.631682419718284
17.4	8.435490123672722
17.41	6.688049312849197
17.42	9.702641726324071
17.43	5.942068407409233
17.44	10.75282906226117
17.45	7.23784381665649
17.46	8.651952539216694
17.47	8.682698115955416
17.48	9.655989461848009
17.49	9.954795683783587
17.5	8.896157017598682
17.51	12.253368455205248
17.52	8.338115326423775
17.53	9.616731415775005
17.54	8.338902524084386
17.55	11.058035946939127
17.56	12.547360523824647
17.57	11.252605880693531
17.58	9.16396886283615
17.59	9.455650909624106
17.6	12.79625433540455
17.61	10.087068247015502
17.62	9.810184755802867
17.63	9.102536479664991
17.64	11.540416205634504
17.65	10.913360186907386
17.66	11.827845066970461
17.67	6.729374692559913
17.68	9.009581471887053
17.69	6.1743355315088015
17.7	6.068426406601867
17.71	4.1212879888111225
17.72	7.643046334099035
17.73	5.099364996249907
17.74	6.946496792346809
17.75	4.79497992307018
17.76	7.676341975510505
17.77	4.329491786790257
17.78	1.3871572023733862
17.79	4.11831286114284
17.8	5.465635341521154
17.81	1.2695603542496696
17.82	4.070513913545857
17.83	2.8758942865308375
17.84	1.1319252890487324
17.85	0.4064024997602822
17.86	-0.04739677299456013
17.87	2.8115237946880987
17.88	0.29053177851398226
17.89	0.787033959852974
17.9	1.062488881274394
17.91	-1.7224421975120667
17.92	-1.1215027572345635
17.93	0.9011742013168185
17.94	0.5816008610946637
17.95	-1.5095202021579965
17.96	2.058096634585696
17.97	1.4824719022858772
17.98	0.3553064263333298
17.99	2.3448563993000247
18.0	-0.927401633965043
18.01	1.5455197294894598
18.02	-0.684470127132647
18.03	2.0935576373686215
18.04	1.7655559780191705
18.05	-0.8272656773199523
18.06	1.6085707039365964
18.07	4.038575194993376
18.08	3.145912981833123
18.09	4.633919507050725
18.1	4.967735383700361
18.11	5.669404290447123
18.12	2.934958787951689
18.13	5.625351238748639
18.14	5.724184279935046
18.15	7.473535229187405
18.16	8.068441183913265
18.17	7.013238641060322
18.18	9.908357913218511
18.19	7.9835859921371854
18.2	7.16451335491525
18.21	9.911978919397008
18.22	9.164227897223595
18.23	8.774398578735607
18.24	7.21705145064687
18.25	7.672746471687702
18.26	9.011043804639199
18.27	10.194486300490027
18.28	11.292790605404575
18.29	9.87451993160389
18.3	10.99426098100752
18.31	10.983757751610408
18.32	7.391514823444551
18.33	7.3057940387548115
18.34	7.353767262470306
18.35	9.43162265270351
18.36	5.9128464682712725
18.37	9.52160356729973
18.38	8.176228746055665
18.39	6.816419746567683
18.4	6.373025070051336
18.41	10.061092867894605
18.42	4.569568564534345
18.43	5.8450240593358895
18.44	6.026269296364888
18.45	5.904295166012768
18.46	4.424227718964508
18.47	5.244945422346514
18.48	8.019304320289057
18.49	6.7641754956243485
18.5	2.8497362795218075
18.51	2.7387023282874265
18.52	2.741697855087226
18.53	2.104483658387165
18.54	1.9610861337053769
18.55	3.1156117430314647
18.56	0.5678035576360145
18.57	0.4686339300816871
18.58	3.237945187744022
18.59	1.1472504246732131
18.6	1.0016015563691156
18.61	3.6987649657256547
18.62	-0.026649464854838212
18.63	-1.167978172013746
18.64	2.8229755696302035
18.65	0.18929771498704728
18.66	2.9328585800774856
18.67	0.4174563176820092
18.68	-0.6988399758249684
18.69	2.776637045192044
18.7	1.058457142317273
18.71	0.9558316687472009
18.72	-0.009707001543428628
18.73	3.345939709303708
18.74	-2.4216779929000505
18.75	0.5030620219481502
18.76	0.6139159380582406
18.77	3.0698448458303584
18.78	2.3880151873441204
18.79	4.041736295176642
18.8	5.121569339921372
18.81	1.9396257294796249
18.82	3.759750252731831
18.83	3.3952643285136417
18.84	4.032376931293994
18.85	5.020711678794642
18.86	6.230553891111805
18.87	4.316195588524934
18.88	6.959954035052717
18.89	5.326597200813335
18.9	5.279758638462698
18.91	9.869225897471775
18.92	6.127877160879846
18.93	6.940818920086375
18.94	8.015005847321596
18.95	5.194989026411831
18.96	8.629569294727363
18.97	7.060601585593045
18.98	10.791717279333659
18.99	10.04402435984394
19.0	8.232642914139458
19.01	8.84442349512093
19.02	7.6458409892217505
19.03	10.994421545821101
19.04	10.693742193731303
19.05	8.038263786682958
19.06	9.831846729423543
19.07	12.761939148974019
19.08	10.060917481651671
19.09	5.869855152018445
19.1	11.822664938215452
19.11	10.972957573113476
19.12	11.016046620401905
19.13	11.478081826917428
19.14	9.199508746176674
19.15	9.469232066357401
19.16	8.132752884973186
19.17	7.471002860083847
19.18	7.638908694040754
19.19	7.289424251274619
19.2	8.671086890939511
19.21	5.900688177435497
19.22	8.584791563554383
19.23	8.751522049063896
19.24	6.779410910303691
19.25	6.271626920387817
19.26	8.296812056388214
19.27	4.827950083941734
19.28	2.7079264920149413
19.29	5.086175518170181
19.3	5.891196458708956
19.31	5.215034992854782
19.32	6.6335524644140715
19.33	3.866996307483337
19.34	1.313369633819423
19.35	3.9741759743773595
19.36	4.135855890076745
19.37	-0.946953726082465
19.38	0.6916706780862065
19.39	3.6688314212597484
19.4	0.3898879337263472
19.41	1.8093809975260893
19.42	1.6830565823652832
19.43	1.9803900454118557
19.44	4.21189589664218
19.45	0.752388440778073
19.46	4.438977642279591
19.47	5.228174254487801
19.48	3.204321951531931
19.49	2.164872968350436
19.5	1.728909183266051
19.51	3.8591024084427796
19.52	3.256973977444841
19.53	4.367877492945258
19.54	2.737013075930355
19.55	6.003101898869987
19.56	5.7917307461272305
19.57	5.257519391414233
19.58	4.966052061185695
19.59	4.083641317205034
19.6	3.838373109768643
19.61	10.521655509621421
19.62	9.472761293820001
19.63	7.641081869617794
19.64	7.486833532362174
19.65	9.136272912933219
19.66	10.741093564559776
19.67	5.617417457361006
19.68	8.739317964946595
19.69	10.762859596799672
19.7	11.489690267527703
19.71	10.087933738088813
19.72	9.812333271614925
19.73	11.031667262172617
19.74	11.670990724374754
19.75	11.344764414543242
19.76	9.084410242318889
19.77	10.354920844584614
19.78	10.296140789927357
19.79	12.298490393459852
19.8	14.942791176557773
19.81	12.309449833740574
19.82	11.70476338529464
19.83	12.15305786203148
19.84	10.903119598458256
19.85	12.044784082004625
19.86	9.267011996400262
19.87	13.478886654994547
19.88	10.78775837861822
19.89	11.767871841790427
19.9	12.167197366586286
19.91	12.07541517015159
19.92	9.671586559687388
19.93	11.836705085575122
19.94	13.531490380612137
19.95	10.976662939078373
19.96	9.141232971574972
19.97	7.2485800507037155
19.98	8.61136678724476
19.99	6.981035887639797
20.0	6.032496476299892
