10.01	3.7643003423518255
10.02	4.449171760020595
10.03	7.025686481355796
10.04	4.002074641922395
10.05	3.4545494599365014
10.06	1.146925094544033
10.07	5.548739706055681
10.08	3.5167946626098665
10.09	3.0311824102254095
10.1	5.305465224428048
10.11	-0.01537008535297879
10.12	1.4233908917296403
10.13	0.7388060909193657
10.14	4.2379650913386016
10.15	-0.3559625427084816
10.16	2.719337332029303
10.17	1.6486100510837858
10.18	3.6054445443186802
10.19	2.8609654335974266
10.2	-0.30708510557234336
10.21	0.5825546684801656
10.22	0.5889759195529368
10.23	-0.1959857882572723
10.24	-2.485757268052491
10.25	0.010456365028952419
10.26	0.47659259941838605
10.27	0.5698664436016178
10.28	0.4751410031992929
10.29	1.7146321141311633
10.3	1.950558351113858
10.31	0.637449549783851
10.32	-0.05295780039363407
10.33	1.80251380184258
10.34	0.9801875906254294
10.35	0.03242328414885143
10.36	3.6241171509405317
10.37	2.625224270798355
10.38	3.3184264534825827
10.39	3.2281621340605415
10.4	3.745544089935752
10.41	4.926088138377854
10.42	2.2487127145516776
10.43	4.738493539737069
10.44	2.402713480848272
10.45	5.3204553485090385
10.46	4.719058601551928
10.47	4.104738167520739
10.48	9.087967167488815
10.49	5.620488070681452
10.5	6.304365725174842
10.51	4.3937541020796935
10.52	7.178183043850774
10.53	8.853830082945858
10.54	9.523217913772168
10.55	7.506870122517666
10.56	7.668718532624524
10.57	6.803911150299723
10.58	12.083608810234285
10.59	10.063328583181653
10.6	9.571960594871513
10.61	12.032035144317987
10.62	11.677516781799843
10.63	10.62105943320462
10.64	11.469482238512475
10.65	14.373922699785156
10.66	10.262806872428147
10.67	11.227474545913658
10.68	13.025210622266147
10.69	15.085936054027513
10.7	14.767716949206179
10.71	15.180776175460814
10.72	16.373753158779092
10.73	15.514766235084704
10.74	17.073487695155983
10.75	18.04943788777428
10.76	18.736612842741536
10.77	18.16906273882588
10.78	17.29477072933659
10.79	15.55928516807677
10.8	18.005446279455786
10.81	18.010842459719637
10.82	18.618080948753306
10.83	19.719548470457212
10.84	15.476797267507571
10.85	21.441076294263173
10.86	20.867938490146827
10.87	19.69438253900976
10.88	19.545118885216784
10.89	19.381448376237632
10.9	18.89248792686272
10.91	19.596569400830862
10.92	21.179848456415122
10.93	20.257577905501318
10.94	21.838518811460442
10.95	20.992131260202502
10.96	21.354034417784668
10.97	21.202462276665198
10.98	21.165598347082636
10.99	22.916719796821752
11.0	20.816776536181536
11.01	20.844427901567403
11.02	23.22356425418149
11.03	18.212940059830483
11.04	20.29637404113125
11.05	22.285680675784906
11.06	22.176678627426867
11.07	21.183135786173317
11.08	21.59702357177837
11.09	19.705003555978536
11.1	19.302000878973217
11.11	18.268659269807134
11.12	20.35665969911372
11.13	17.07966969134396
11.14	18.393434699629914
11.15	21.974545957952095
11.16	17.86013295862291
11.17	16.875426903215665
11.18	18.966818850056193
11.19	15.203419528408062
11.2	17.0172103255962
11.21	14.212197614251693
11.22	15.646589010442776
11.23	17.234243899801555
11.24	18.48192451402684
11.25	14.552694817168543
11.26	13.39315175539602
11.27	16.354981136284398
11.28	11.238388234953247
11.29	12.202361658720058
11.3	10.008794907732124
11.31	11.723922634703154
11.32	13.499042153543863
11.33	10.397237458124412
11.34	11.248559849904954
11.35	10.003640862578157
11.36	10.04436405107259
11.37	11.524135641436034
11.38	9.369316018517932
11.39	8.91205255624633
11.4	8.032830148768852
11.41	9.411935199042489
11.42	8.82825536873008
11.43	7.1068501690745105
11.44	8.407077461606079
11.45	6.47732795064046
11.46	5.8675939974692355
11.47	5.625348554147433
11.48	3.976723720899315
11.49	5.54438764267574
11.5	6.774032568577757
11.51	6.309757670640036
11.52	2.3187038405982614
11.53	1.3338992820822915
11.54	3.8835436838802027
11.55	6.483911859805054
11.56	2.736279940133062
11.57	2.7626410797458965
11.58	5.0011892557417275
11.59	0.8560435623000231
11.6	4.308985388185942
11.61	0.7497532761424377
11.62	3.743504026144851
11.63	3.833085443492274
11.64	1.7885757934409667
11.65	3.2951471900203284
11.66	3.427483466808983
11.67	1.2544835680367923
11.68	6.006588601034555
11.69	3.9765601256124827
11.7	1.5544258371854274
11.71	1.6649540473955486
11.72	-2.1483111794380685
11.73	1.8321050525668545
11.74	0.6548941380821971
11.75	-0.3830511262313816
11.76	1.461588985242208
11.77	0.5975105375351315
11.78	-0.21268301475574858
11.79	1.9510798445268427
11.8	2.4730784470404537
11.81	2.801933755241043
11.82	4.774059656408422
11.83	1.9015201954197902
11.84	2.3609659167936745
11.85	1.1483346755845094
11.86	2.8630192091855697
11.87	2.5707438057827643
11.88	0.7408171120362441
11.89	3.5190451968436696
11.9	3.0367845444070394
11.91	3.847540112770725
11.92	4.207837314925739
11.93	6.972959299823833
11.94	5.000506565944104
11.95	8.704274547947946
11.96	5.175181506890938
11.97	4.669149836228547
11.98	2.400074119135644
11.99	5.425054198295319
12.0	3.5681163009786587
12.01	4.450546851425749
12.02	7.3601169353891995
12.03	6.809181135780522
12.04	10.954656222699706
12.05	11.179410972350494
12.06	10.657879549850938
12.07	10.971813142291186
12.08	6.969998277122945
12.09	8.62899289531607
12.1	7.710736454042452
12.11	9.871633613176458
12.12	10.203000308101597
12.13	8.909426223423784
12.14	13.340495730817349
12.15	12.284481648117687
12.16	11.706769587256431
12.17	15.125061112244111
12.18	13.812793632909154
12.19	16.939479483196873
12.2	12.690977476077393
12.21	13.052559888598436
12.22	16.976782078405975
12.23	15.257209197085876
12.24	12.883097283774212
12.25	14.743152860758554
12.26	13.902355255936513
12.27	14.499075383878784
12.28	12.357516092268652
12.29	14.707967659781978
12.3	16.860552518347195
12.31	15.245020567489062
12.32	16.3834959547793
12.33	16.37413298061446
12.34	15.803998144955708
12.35	17.46167475326098
12.36	12.902136497198928
12.37	16.735645190798316
12.38	18.60317465489042
12.39	15.975351675168461
12.4	18.394712680150576
12.41	17.26400297386852
12.42	16.444923648724945
12.43	18.373184158322495
12.44	17.262262437645774
12.45	16.43476567620627
12.46	17.659139795558634
12.47	17.43774959839935
12.48	18.01715741868538
12.49	15.742091368548499
12.5	15.66452973846295
12.51	16.104623289264484
12.52	16.58625021076692
12.53	15.837247993220664
12.54	15.54177206956707
12.55	18.60033195539753
12.56	16.634720543686747
12.57	15.67805162044808
12.58	16.484948587395156
12.59	18.827132561557214
12.6	14.308103211684998
12.61	14.105762196667834
12.62	15.432912288142685
12.63	14.935783598386008
12.64	13.502389885250887
12.65	13.579610264959028
12.66	13.234305027073217
12.67	14.233137559153825
12.68	13.605008014407106
12.69	9.952722880205588
12.7	12.506407371937579
12.71	11.04256122784984
12.72	10.479386342284297
12.73	14.08370127226085
12.74	8.961452000513049
12.75	10.307702515272029
12.76	7.669370281042871
12.77	10.236885631866562
12.78	5.809547404407827
12.79	5.867943586000475
12.8	6.907774976208461
12.81	8.495583566210353
12.82	5.85708205697847
12.83	5.967588247935429
12.84	4.731525230525062
12.85	4.763971720072452
12.86	6.773613794717736
12.87	4.849610436968878
12.88	3.518363875476795
12.89	5.551498339896675
12.9	3.1073569096289724
12.91	4.647116699195386
12.92	1.061126751371666
12.93	5.361093411887405
12.94	1.545480450989924
12.95	1.4180991931955103
12.96	1.4646439056962421
12.97	2.881593971670802
12.98	3.002314158532662
12.99	3.8333851223509035
13.0	0.2774987051511588
13.01	-0.6583149183857921
13.02	3.456848145046308
13.03	2.9517513381737643
13.04	1.690631520590797
13.05	-0.7699312245487611
13.06	-3.2279125654151914
13.07	0.967081702412193
13.08	0.8551117497511529
13.09	1.4657504904754446
13.1	2.2422931402049278
13.11	1.240271468741891
13.12	0.20654476464300808
13.13	0.547394390794706
13.14	2.483723888642729
13.15	2.0273712196086557
13.16	4.691519696933807
13.17	-0.30512178476128393
13.18	1.1640716202019896
13.19	0.7326971819109521
13.2	3.307711050284857
13.21	2.0527212246164903
13.22	1.5022096314354738
13.23	2.9692167855466236
13.24	4.46873881049886
13.25	4.333970101185163
13.26	2.8403813821087627
13.27	1.522031715668243
13.28	2.1098829400701717
13.29	4.281310097034909
13.3	4.552224937128589
13.31	3.9729718535716216
13.32	3.78317731233269
13.33	4.337987767138808
13.34	5.254214491501196
13.35	5.0765628995105985
13.36	4.732378635054051
13.37	5.8357769930652115
13.38	6.0493430650404605
13.39	7.425001716098333
13.4	10.252991657081898
13.41	7.67051350727105
13.42	8.356906765291365
13.43	6.830927191391913
13.44	8.954181126009741
13.45	8.588433740101493
13.46	14.064183296155747
13.47	10.052641286635943
13.48	10.79552008958013
13.49	9.98481430024706
13.5	12.763424089514693
13.51	10.50377965127338
13.52	13.511101683664359
13.53	14.055051034167168
13.54	12.043527386827687
13.55	12.856296213122427
13.56	13.882354870072035
13.57	12.238828212909608
13.58	13.241978252286165
13.59	17.554221886819807
13.6	18.518929090089763
13.61	15.989416591757186
13.62	16.536538769407347
13.63	22.98263113482188
13.64	19.848212333722223
13.65	19.26895653705778
13.66	18.754358967751713
13.67	21.07601249947438
13.68	21.361976363286747
13.69	20.409916509880425
13.7	20.32777501766893
13.71	19.203188373761055
13.72	20.756270297013273
13.73	23.295128715276128
13.74	16.787813533649917
13.75	20.927800576302932
13.76	21.176950859264156
13.77	21.54373576466311
13.78	19.632593157824076
13.79	23.997671268467336
13.8	22.170567269590137
13.81	22.18524486310598
13.82	23.23141983039872
13.83	23.013976360239344
13.84	21.643352421938193
13.85	19.054243331341567
13.86	21.793677330201678
13.87	19.635561169610895
13.88	18.961151329116266
13.89	19.87883974428157
13.9	19.589465385619505
13.91	17.558181777777605
13.92	17.64413070365844
13.93	18.55367696812424
13.94	17.641326499173854
13.95	14.756585987969176
13.96	15.629359461788296
13.97	15.306266378369347
13.98	17.84110504237305
13.99	16.111499529793956
14.0	13.739070600639865
14.01	16.327027382854997
14.02	16.325282220097613
14.03	15.585968070392557
14.04	14.489285841864943
14.05	14.016448397673178
14.06	12.356602620842239
14.07	12.197323574412623
14.08	8.335846608567186
14.09	12.230648794016279
14.1	11.88833385748024
14.11	11.448353148505529
14.12	7.9597475571793845
14.13	8.88780884114578
14.14	8.451010852495832
14.15	9.441008839203072
14.16	4.733049973336433
14.17	3.1297233684762653
14.18	7.2288631182080305
14.19	3.3415521453985546
14.2	5.3473686500393
14.21	4.088070888116723
14.22	3.817638671488031
14.23	4.258246381888475
14.24	5.79452305323789
14.25	5.669080014612732
14.26	2.412234669639042
14.27	2.386791076460761
14.28	2.0395491277064814
14.29	2.8982217801064674
14.3	1.2423731189410891
14.31	4.979767847563845
14.32	1.4086808029381328
14.33	1.5271083910565626
14.34	3.308865528971574
14.35	0.4802840408057749
14.36	2.6112100921201944
14.37	1.6000569311615676
14.38	3.6717633963195437
14.39	1.1022486735985861
14.4	-1.6811579829863197
14.41	-2.1171217896060033
14.42	1.4259536672705764
14.43	-0.9665920399515306
14.44	1.5607143373330654
14.45	1.5312602092710383
14.46	-1.0289047264866966
14.47	0.8623754838647606
14.48	1.4672829927962603
14.49	2.6396696507463027
14.5	1.5846822994591954
14.51	2.7724568654787722
14.52	2.9470381373167993
14.53	1.2374822524476083
14.54	5.97710189218035
14.55	0.36252548362096615
14.56	1.5162390645294002
14.57	2.5010344872230843
14.58	1.4480693135632845
14.59	2.2182361181073325
14.6	2.4666128228172077
14.61	3.0778069468919176
14.62	1.7982435433735828
14.63	4.3605609524148665
14.64	6.1306645858583755
14.65	2.833161288445511
14.66	5.998608784471251
14.67	4.116543364648737
14.68	5.30608992868399
14.69	6.782818549671571
14.7	4.942525198458198
14.71	5.312503079428091
14.72	6.121916581851094
14.73	7.313028666503735
14.74	9.195217532633862
14.75	6.090768099633495
14.76	8.698078173914844
14.77	9.598545034093025
14.78	7.762461972143722
14.79	8.471759536352536
14.8	8.633153746875815
14.81	10.910926846308282
14.82	12.321041513829183
14.83	13.61977360212082
14.84	9.339901018174428
14.85	12.636505792417022
14.86	13.20559972626512
14.87	10.995390234081778
14.88	11.126622574601093
14.89	12.257998162599753
14.9	12.257667123843698
14.91	14.120021946097275
14.92	14.254920944099135
14.93	11.139703449436103
14.94	16.74107900430616
14.95	16.961648302453007
14.96	15.714193844163962
14.97	16.115558812794248
14.98	16.064382082413715
14.99	16.855190019427155
15.0	16.940106487704327
15.01	19.263692394584123
15.02	20.652223467967758
15.03	18.501313348767486
15.04	18.30380187934649
15.05	17.033584413965738
15.06	17.659856110347288
15.07	21.071199221425083
15.08	16.955625954646788
15.09	20.031397592077983
15.1	18.069577441911704
15.11	18.697901900942767
15.12	18.763136386482472
15.13	20.747318844829813
15.14	19.865081913638054
15.15	19.667589329266622
15.16	23.74250290485889
15.17	19.858192792386323
15.18	18.064134283310228
15.19	19.58113735570447
15.2	18.451979606935787
15.21	18.900226051712686
15.22	16.776689303442218
15.23	16.35413126092689
15.24	15.53758553177565
15.25	20.707286741406147
15.26	19.793282333550692
15.27	18.44973888882657
15.28	18.21713232835531
15.29	15.652687561173266
15.3	15.452784762646255
15.31	16.724752448393353
15.32	15.23732446750337
15.33	17.110586084005295
15.34	11.89172734084464
15.35	13.825137437301064
15.36	11.779734716000211
15.37	12.322470756224552
15.38	14.23137790811276
15.39	9.716984945612724
15.4	12.188372144891257
15.41	11.80612429285121
15.42	10.920470871004301
15.43	10.923546758900684
15.44	7.961385543743701
15.45	6.405270454620879
15.46	8.81912071247648
15.47	7.87412689209748
15.48	8.345760938077573
15.49	7.581879971310302
15.5	6.839002344905439
15.51	6.432016037385438
15.52	3.6014979232362236
15.53	6.587651076340333
15.54	4.016556207220033
15.55	2.1182445901039215
15.56	4.182466156861219
15.57	1.4345091491278255
15.58	4.625724646873475
15.59	2.6793021896659965
15.6	1.8326935240112916
15.61	3.739802674832485
15.62	2.8736321306593133
15.63	1.4498695494901934
15.64	-0.21619119995880176
15.65	1.932387500706049
15.66	2.99849641927159
15.67	2.81933781450294
15.68	0.6783291555645763
15.69	-0.8274524693891729
15.7	-2.68735108931391
15.71	3.5538034227126314
15.72	-1.769794701822575
15.73	1.4415370511381111
15.74	1.733762558977525
15.75	-0.03568213039591417
15.76	-0.6578334415533214
15.77	-0.34310155144278065
15.78	-1.579354879060463
15.79	1.8699035652972864
15.8	-1.6698249833656964
15.81	-0.22349829188786008
15.82	0.42287516279049486
15.83	0.08320901417406551
15.84	-0.13493530727256342
15.85	-0.3396637073995974
15.86	-1.352344359386814
15.87	0.045929643294275846
15.88	0.1462062602581311
15.89	2.5024875470902113
15.9	0.4275067661122808
15.91	2.0150041869777566
15.92	5.804894531393944
15.93	0.6735384221780751
15.94	2.084788323362989
15.95	2.398832577530832
15.96	4.07031020152862
15.97	3.7492335461245787
15.98	0.7065335965322834
15.99	3.6484994889946556
16.0	1.599053492321174
16.01	2.072342615443108
16.02	5.681162186840901
16.03	4.1154593339336465
16.04	3.984666052285551
16.05	3.8503152096095214
16.06	2.9418212056490587
16.07	9.56396665580127
16.08	5.40586110516014
16.09	7.686520460514063
16.1	7.8388517431829605
16.11	6.3894397570011074
16.12	8.122602104760343
16.13	8.171176508745422
16.14	12.183043514900099
16.15	9.800623800235654
16.16	10.075370260257529
16.17	11.746473053444976
16.18	9.792901605218493
16.19	11.541687201543123
16.2	14.240705418307364
16.21	11.542027611572955
16.22	13.652427293065555
16.23	10.91002286511538
16.24	12.943698019740362
16.25	14.106745154119178
16.26	13.66437999144952
16.27	14.824818420613113
16.28	17.357928575970863
16.29	14.304914874315237
16.3	19.12927371924536
16.31	14.792379637062908
16.32	15.051364903000056
16.33	14.269989604762264
16.34	15.408584939534322
16.35	15.627268487781816
16.36	13.183817249437196
16.37	16.030474352797793
16.38	15.973125289560015
16.39	15.841146878985837
16.4	14.688443542254777
16.41	17.516105140179786
16.42	17.215539698095792
16.43	18.35666612027379
16.44	17.81440993101832
16.45	19.629674028284384
16.46	16.59316679674877
16.47	17.94165630116458
16.48	17.278307706716266
16.49	15.678221087430469
16.5	18.726184582846248
16.51	17.48450170205102
16.52	16.398134563609677
16.53	18.01629808129112
16.54	17.72290406612229
16.55	20.27519356114369
16.56	14.761751461876974
16.57	19.063473191387178
16.58	17.791112161835038
16.59	18.508122399184444
16.6	18.026883420086314
16.61	17.0354771063956
16.62	16.72442022296051
16.63	16.615202960313532
16.64	17.863018556693714
16.65	15.6000055545798
16.66	14.958648453799924
16.67	15.993806757205405
16.68	15.284218198695886
16.69	15.540773895466174
16.7	15.9811430823569
16.71	16.497544953921185
16.72	11.910488209695439
16.73	11.940805645422223
16.74	12.20127296098411
16.75	13.0049677107406
16.76	12.54434543645149
16.77	9.142004487237136
16.78	12.06199439825422
16.79	9.532415296590052
16.8	10.666221936798996
16.81	8.88488747214741
16.82	9.956783914960372
16.83	8.954228159966727
16.84	10.389827252375891
16.85	7.422797957210998
16.86	7.00483615875914
16.87	9.854153741113214
16.88	6.262313669032285
16.89	6.403821369456572
16.9	4.371424438774356
16.91	7.576060989230996
16.92	6.374964291696114
16.93	3.0662527527096017
16.94	2.050940347652288
16.95	4.541217988241634
16.96	3.2732279781804694
16.97	2.3936735783228844
16.98	3.7555958784519445
16.99	2.2711396245412745
17.0	3.2983367431789574
17.01	0.4286137371161294
17.02	5.292387366391425
17.03	3.9979545573400865
17.04	1.4129243303278238
17.05	2.395154580341818
17.06	1.9823890782657334
17.07	2.4787533175582346
17.08	1.4640198036532033
17.09	-0.7378961907653472
17.1	0.8450434758305589
17.11	2.5706915790329257
17.12	2.0923612704783627
17.13	1.797209020839344
17.14	2.5939540405029353
17.15	0.023841889491068358
17.16	1.639432130784601
17.17	-2.492232631445418
17.18	2.5821093275699125
17.19	-0.9678109269422818
17.2	0.05257582950650985
17.21	0.5752880605866703
17.22	5.202394005598263
17.23	2.3535541976252867
17.24	2.1503107243268254
17.25	-0.6665066599078
17.26	-1.0334263773485344
17.27	2.7616418576446113
17.28	0.5221641616823685
17.29	0.9569787002476295
17.3	2.1517897300156097
17.31	2.3152816301708787
17.32	3.3182809281096515
17.33	3.23393426334361
17.34	2.674582889063908
17.35	6.073131208190654
17.36	2.5568228099299297
17.37	3.1926263542429276
17.38	4.056470577571885
17.39	5.7434693028994515
17.4	5.742197721795504
17.41	4.6383801901149075
17.42	6.245472229819215
17.43	2.139791784215015
17.44	8.402322152830465
17.45	5.411458056778509
17.46	9.679546966140116
17.47	6.966670637778677
17.48	7.118107850551423
17.49	9.773755557763685
17.5	8.388863406654052
17.51	7.288956295828074
17.52	10.027228656875947
17.53	11.908118825241083
17.54	9.570340402944645
17.55	12.135911752189253
17.56	9.984984631311404
17.57	13.882291717177957
17.58	9.631214198159908
17.59	12.226256733815612
17.6	14.19132847497478
17.61	11.413031661779138
17.62	11.286919673857069
17.63	12.113875775674416
17.64	12.756022448384838
17.65	14.212912375524803
17.66	12.928160907422688
17.67	14.696561257718848
17.68	15.451348922411835
17.69	16.434009798389923
17.7	17.740765692665597
17.71	17.425905847771237
17.72	13.660731084693424
17.73	16.247778294966015
17.74	18.501935657152757
17.75	18.116441480317704
17.76	17.70976060959777
17.77	17.87641302318912
17.78	11.835678973906827
17.79	16.192136644919085
17.8	17.708064119757417
17.81	15.706556181097291
17.82	17.79031958541824
17.83	15.479969780332805
17.84	15.211267695668912
17.85	17.130734086194746
17.86	18.039767937833442
17.87	17.127117019807446
17.88	15.957027133366648
17.89	15.845612191378768
17.9	13.628607588599085
17.91	14.556273190487172
17.92	13.63700720647234
17.93	15.6221275621982
17.94	11.44493262873106
17.95	12.18014362893303
17.96	13.865680428899232
17.97	9.857105011667574
17.98	14.169249884509831
17.99	13.691928023081838
18.0	15.880308324423629
18.01	13.086871327557194
18.02	12.045570653612447
18.03	13.180983051438185
18.04	10.369544682316299
18.05	9.088404765010951
18.06	10.209290665870137
18.07	7.3833014321391905
18.08	8.17732962879988
18.09	9.42499409597082
18.1	6.630262506685298
18.11	8.400402962761966
18.12	6.287102364364519
18.13	5.447625440873977
18.14	6.794629327372728
18.15	6.778439196076939
18.16	5.367689257790558
18.17	4.563881321947967
18.18	5.087870511057436
18.19	4.020854617400301
18.2	1.4121547407765522
18.21	4.787107169153721
18.22	3.4712840926583253
18.23	1.2458993023352019
18.24	5.204965466596429
18.25	4.169809895670365
18.26	4.120468419869433
18.27	3.418095469483745
18.28	4.221577701216649
18.29	1.8692771545780942
18.3	3.6717366140166723
18.31	2.4250562596304395
18.32	0.9799152420181764
18.33	3.89125132194865
18.34	-0.5692127613058702
18.35	2.4960990796486104
18.36	2.661389076441531
18.37	0.6076935812476804
18.38	2.1914367710573157
18.39	1.2099764917338702
18.4	4.399044507550961
18.41	-0.28836310105760354
18.42	1.9936293459808232
18.43	5.072983553577527
18.44	4.9632471440958605
18.45	2.423033285783567
18.46	3.0824845628805044
18.47	-0.6325636903444987
18.48	2.3736228218397026
18.49	1.3947709278563558
18.5	2.888516456651685
18.51	2.5672855215211463
18.52	1.884658317985167
18.53	5.104703976049441
18.54	5.246537660901639
18.55	5.510468246622738
18.56	2.4935372353066882
18.57	5.304660034106815
18.58	3.4735564304068354
18.59	4.083781071587615
18.6	5.056922270012385
18.61	5.702246491180425
18.62	9.479760555409811
18.63	6.682918992838389
18.64	3.946343309222314
18.65	5.390101963167774
18.66	7.367247176382415
18.67	7.63709709110015
18.68	8.682703164098562
18.69	7.834210852843774
18.7	10.653253481805423
18.71	9.203900246933065
18.72	11.154710516358323
18.73	12.006339300135876
18.74	11.633556081682455
18.75	10.035328725858248
18.76	11.125143307205814
18.77	13.721253415561797
18.78	13.207988418533251
18.79	12.554874163298871
18.8	11.63515756088767
18.81	13.401710836967057
18.82	13.804479716474637
18.83	11.949203728912007
18.84	14.256845411924226
18.85	16.517838996611975
18.86	11.29185992671945
18.87	15.193713538509485
18.88	15.780343594713056
18.89	16.922019868090818
18.9	13.766542525025153
18.91	16.89963344428603
18.92	16.238211105154228
18.93	14.386280715647247
18.94	15.998700879166657
18.95	18.308945645815655
18.96	16.138536304889673
18.97	17.750339654109176
18.98	15.058693507804003
18.99	15.095174889428336
19.0	14.363065042464763
19.01	11.788938078021026
19.02	12.18325726425782
19.03	15.902856777194346
19.04	15.657865930531358
19.05	15.285991477195482
19.06	10.3366542287745
19.07	16.10750115492857
19.08	14.659565105276352
19.09	14.167534952676878
19.1	10.263304056964348
19.11	8.730947806370438
19.12	15.297368455479694
19.13	8.570027630977492
19.14	11.334707645518327
19.15	11.757714714969373
19.16	10.107698148354975
19.17	9.86862380736746
19.18	12.207016810462074
19.19	6.763629121497322
19.2	7.3303164938746725
19.21	9.168775399887164
19.22	7.7836203605092384
19.23	9.05401121344212
19.24	7.60153023472161
19.25	7.005124866207037
19.26	7.052583024796499
19.27	4.8465340447410945
19.28	8.085510647315274
19.29	7.428705146148076
19.3	4.207163106906796
19.31	5.195922239052963
19.32	3.1910186297476537
19.33	1.8485521928793545
19.34	4.465914069435803
19.35	1.6563243189207506
19.36	4.371006654420958
19.37	-0.03137031555300673
19.38	0.9176276041587541
19.39	2.4235949429345642
19.4	2.535822980344676
19.41	2.742617326724888
19.42	1.8885258525597148
19.43	-0.2912639605330998
19.44	0.9429881477302078
19.45	-0.6278582625438313
19.46	-0.8642204164101719
19.47	-0.6460724620030971
19.48	0.6795678190417782
19.49	-0.6632040851513352
19.5	3.496655014580221
19.51	-3.034686552232201
19.52	4.36857443394107
19.53	-0.5594658423069152
19.54	0.1197064798684504
19.55	-0.7331422340366909
19.56	1.1092886457748818
19.57	-1.2115288696955697
19.58	2.396725499219595
19.59	-0.7035033857932711
19.6	2.320872105930726
19.61	2.7502431541363044
19.62	3.6749544826500298
19.63	2.0309800831847293
19.64	3.3504855019744895
19.65	1.0186731331670265
19.66	4.681967919935428
19.67	6.773225700737044
19.68	3.9866235060736965
19.69	4.565821679246946
19.7	7.765518144403353
19.71	6.275773038558174
19.72	6.872649198218621
19.73	9.014849098138454
19.74	4.955100501494641
19.75	5.036523138732586
19.76	5.596136155690093
19.77	4.5215674784459114
19.78	7.484874782131632
19.79	7.823443818038193
19.8	7.069739276134611
19.81	8.297654469319681
19.82	6.906979656171465
19.83	10.675031133724573
19.84	6.7870246820756
19.85	10.034247431872082
19.86	14.484122847040425
19.87	12.334181973443783
19.88	11.524731152043
19.89	14.038583584854354
19.9	13.317502022713347
19.91	14.598536848710092
19.92	15.692479369031604
19.93	13.326174747101762
19.94	11.317236224309081
19.95	12.747774789457491
19.96	11.79096576016428
19.97	17.408046857692714
19.98	14.126504076355479
19.99	17.812808622719132
20.0	13.022383709693935
