1.968503937	-95.97428178620954
1.970472441	-81.2974533602745
1.972440945	-73.28168065929417
1.974409449	-85.26451856642363
1.976377953	-107.51283221876577
1.978346457	-109.2553026704353
1.980314961	-91.66570184481
1.982283465	-73.91747331446187
1.984251969	-74.68845798557591
1.986220472	-88.22123634182324
1.988188976	-89.2253623490673
1.99015748	-74.843867407155
1.992125984	-55.78057444643284
1.994094488	-52.849151253748744
1.996062992	-65.3246076644813
1.998031496	-78.90375440317901
2.0	-76.72309558798794
2.001968504	-64.34765481506868
2.003937008	-61.201775082417626
2.005905512	-71.865391027797
2.007874016	-88.93537467139684
2.00984252	-90.87972041162632
2.011811024	-79.06308265365647
2.013779528	-65.06531401501505
2.015748031	-63.718743658942074
2.017716535	-70.22718836131163
2.019685039	-73.91542628274554
2.021653543	-75.36372411466054
2.023622047	-82.5961551759888
2.025590551	-99.39995928292478
2.027559055	-109.56274656270881
2.029527559	-100.46378945728148
2.031496063	-81.05492549466221
2.033464567	-75.91027336338362
2.035433071	-94.46868310137295
2.037401575	-116.33678076926854
2.039370079	-117.68665768877035
2.041338583	-93.65791547569822
2.043307087	-71.21796031901137
2.045275591	-75.95426093145066
2.047244094	-99.19126222533639
2.049212598	-112.29093517704999
2.051181102	-105.12265429754609
2.053149606	-86.46322131442685
2.05511811	-78.69859609557938
2.057086614	-89.25428695155355
2.059055118	-103.90785668188722
2.061023622	-106.83872114900153
2.062992126	-100.55115131735894
2.06496063	-94.40384570627585
2.066929134	-95.25809739091397
2.068897638	-96.92391854471825
2.070866142	-96.64784835590079
2.072834646	-99.78124849422566
2.07480315	-108.59530150527257
2.076771654	-113.76840324654253
2.078740157	-99.73162423480593
2.080708661	-76.36066282651869
2.082677165	-63.457416962007756
2.084645669	-79.0895743559965
2.086614173	-105.89065848989263
2.088582677	-111.6601174355657
2.090551181	-91.74933638177417
2.092519685	-73.75144328134326
2.094488189	-84.87503144707526
2.096456693	-120.20757675392669
2.098425197	-147.2574295388644
2.100393701	-143.36398274919986
2.102362205	-122.92890851578831
2.104330709	-110.75014185894081
2.106299213	-117.09969476788653
2.108267717	-119.48641586846352
2.11023622	-107.862771002714
2.112204724	-90.48588147462154
2.114173228	-85.4842050308411
2.116141732	-95.36196860865172
2.118110236	-109.44253916030094
2.12007874	-117.53271211230091
2.122047244	-116.37122255386019
2.124015748	-109.84368480564504
2.125984252	-103.59860637895265
2.127952756	-103.31074875042093
2.12992126	-113.33068744950705
2.131889764	-129.60690263950937
2.133858268	-136.40403667089467
2.135826772	-125.45104111322529
2.137795276	-103.11217089590468
2.13976378	-93.36889400605664
2.141732283	-107.39045685162004
2.143700787	-133.51899806155535
2.145669291	-143.19778689736108
2.147637795	-126.34751573420314
2.149606299	-98.2825868318356
2.151574803	-90.62595813466757
2.153543307	-103.21077771907623
2.155511811	-116.02243551557818
2.157480315	-106.86922112787947
2.159448819	-75.71351139123234
2.161417323	-54.70173573842412
2.163385827	-65.15392390549867
2.165354331	-99.95597101628965
2.167322835	-125.06252603984485
2.169291339	-122.509655953398
2.171259843	-100.60722119218612
2.173228346	-88.98493190344362
2.17519685	-104.37072213813292
2.177165354	-135.31301993116602
2.179133858	-154.15770847320152
2.181102362	-148.67274866921016
2.183070866	-128.04447103522838
2.18503937	-119.60690810241803
2.187007874	-132.0582983923021
2.188976378	-143.12896911413287
2.190944882	-132.5248949294663
2.192913386	-104.04807700810775
2.19488189	-79.00571621428172
2.196850394	-78.95264184190262
2.198818898	-98.17638237984079
2.200787402	-113.8151306143827
2.202755906	-110.38554379065775
2.204724409	-103.3032533038009
2.206692913	-108.606760295146
2.208661417	-133.42361666295884
2.210629921	-154.10489298130983
2.212598425	-156.5647523870645
2.214566929	-138.43243332296947
2.216535433	-123.29473531829288
2.218503937	-126.5650401353837
2.220472441	-142.66600840505043
2.222440945	-153.06781202448832
2.224409449	-145.26193966324138
2.226377953	-130.64441009355096
2.228346457	-124.22588613107123
2.230314961	-131.97617187632278
2.232283465	-140.46465001495253
2.234251969	-135.2675087180497
2.236220472	-119.86666306350882
2.238188976	-108.0476690426426
2.24015748	-109.10764155735282
2.242125984	-117.53669996504296
2.244094488	-122.08484667375437
2.246062992	-125.64206570034116
2.248031496	-128.59356878063022
2.25	-134.4429662594222
2.251968504	-138.002343631094
2.253937008	-133.72827442786672
2.255905512	-127.3285728037437
2.257874016	-126.97159851868078
2.25984252	-131.33298423702286
2.261811024	-135.20180272939777
2.263779528	-137.36385816456416
2.265748031	-134.9363242081397
2.267716535	-132.73991034756563
2.269685039	-132.9920467782815
2.271653543	-137.59528505592
2.273622047	-150.06416544455544
2.275590551	-159.47105555436195
2.277559055	-153.029594596265
2.279527559	-131.41025411093722
2.281496063	-112.88440431052963
2.283464567	-117.15603748969069
2.285433071	-136.2142397890588
2.287401575	-146.4181713670556
2.289370079	-133.86902017218628
2.291338583	-109.53775978152534
2.293307087	-106.05909441002305
2.295275591	-125.8809108241995
2.297244094	-154.38114262734027
2.299212598	-168.04578688318173
2.301181102	-163.7654715458474
2.303149606	-149.69623038948032
2.30511811	-142.33745810164746
2.307086614	-145.47494781387948
2.309055118	-153.46424246252408
2.311023622	-152.94721319217925
2.312992126	-137.1205342905981
2.31496063	-113.91429440889264
2.316929134	-103.4769831670158
2.318897638	-114.4533566906684
2.320866142	-137.5132746600975
2.322834646	-148.2827354566558
2.32480315	-146.9873969240591
2.326771654	-148.95705733897833
2.328740157	-165.1332519646463
2.330708661	-178.3328345591395
2.332677165	-171.3041599147167
2.334645669	-147.68116643869794
2.336614173	-137.15758207854861
2.338582677	-157.48846701672082
2.340551181	-181.29025816137076
2.342519685	-172.00913960208933
2.344488189	-135.37490570951147
2.346456693	-112.71606238126239
2.348425197	-137.02593451069657
2.350393701	-185.5409711524311
2.352362205	-209.4612531014337
2.354330709	-183.21181080920928
2.356299213	-142.35656327312913
2.358267717	-137.67739545843952
2.36023622	-175.12422506897295
2.362204724	-214.05163457006736
2.364173228	-214.57290042005965
2.366141732	-185.5082642315862
2.368110236	-162.08767895196783
2.37007874	-167.19600659444632
2.372047244	-190.46095192233187
2.374015748	-205.12080924412817
2.375984252	-212.4714163913173
2.377952756	-216.623796950992
2.37992126	-218.69837000012586
2.381889764	-209.13297255958088
2.383858268	-189.278301898749
2.385826772	-176.04411012605135
2.387795276	-183.2202130170968
2.38976378	-200.27176921633074
2.391732283	-204.0847621642558
2.393700787	-192.48832392631098
2.395669291	-179.06959690362967
2.397637795	-180.5482604278906
2.399606299	-188.68924794627995
2.401574803	-186.12327091008416
2.403543307	-164.58966913879826
2.405511811	-143.4092094430087
2.407480315	-136.21632664208684
2.409448819	-140.86591575080098
2.411417323	-138.81250991158217
2.413385827	-124.39747021200964
2.415354331	-101.9795918249271
2.417322835	-89.74600758702756
2.419291339	-99.36568330381577
2.421259843	-127.23844156770717
2.423228346	-154.2761409775398
2.42519685	-149.55996615122075
2.427165354	-116.92855529291641
2.429133858	-79.08225532054074
2.431102362	-74.8213478206583
2.433070866	-106.28071496382178
2.43503937	-134.69182180026291
2.437007874	-125.69377093118543
2.438976378	-88.86564809192566
2.440944882	-67.86782803111404
2.442913386	-91.7445609874957
2.44488189	-140.68986445274206
2.446850394	-174.20134601840869
2.448818898	-170.26512970786104
2.450787402	-143.19770531799207
2.452755906	-125.47160341757291
2.454724409	-126.10349489473897
2.456692913	-136.73638167193872
2.458661417	-141.20034379431362
2.460629921	-131.8690393579497
2.462598425	-111.50127251061805
2.464566929	-102.32771740380741
2.466535433	-119.57855961152102
2.468503937	-156.95370407864058
2.470472441	-192.3077847751673
2.472440945	-217.89266699228267
2.474409449	-249.2562003695959
2.476377953	-314.22459072131534
2.478346457	-404.1645321388834
2.480314961	-482.4787199358358
2.482283465	-524.2135915400389
2.484251969	-544.0083957879102
2.486220472	-578.9815398383404
2.488188976	-634.1229530736196
2.49015748	-675.0116248574387
2.492125984	-663.8018778885352
2.494094488	-607.7464790973668
2.496062992	-547.748564086117
2.498031496	-507.7572365177904
2.5	-470.176042521687
2.501968504	-401.2245790543089
2.503937008	-304.17636758390336
2.505905512	-202.996751257115
2.507874016	-126.81301453257994
2.50984252	-77.46433439024011
2.511811024	-48.01391785315328
2.513779528	-24.139374813991726
2.515748031	-12.651300180247881
2.517716535	-11.255992112177406
2.519685039	-21.41696285203151
2.521653543	-38.99889920022735
2.523622047	-60.810236026904946
2.525590551	-74.22218380002366
2.527559055	-75.74253888429767
2.529527559	-65.20648404452545
2.531496063	-58.06848560098885
2.533464567	-64.96189678862018
2.535433071	-70.96827779390033
2.537401575	-62.1076627328614
2.539370079	-36.95457790004831
2.541338583	-20.990152911641907
2.543307087	-32.312585588041884
2.545275591	-57.63860524501955
2.547244094	-67.81234337888314
2.549212598	-48.20677759392328
2.551181102	-20.064198989193326
2.553149606	-15.865703971218913
2.55511811	-37.50226051345313
2.557086614	-59.96027708494155
2.559055118	-55.017816503236446
2.561023622	-28.06129171327091
2.562992126	-9.370763030413364
2.56496063	-21.089646129491452
2.566929134	-54.51162892486228
2.568897638	-77.82353724574185
2.570866142	-72.9065514564114
2.572834646	-59.18247135371858
2.57480315	-58.361389688500495
2.576771654	-73.01826875499683
2.578740157	-84.00251705236057
2.580708661	-72.72201137906927
2.582677165	-47.2841905413148
2.584645669	-30.50764611208841
2.586614173	-37.65347255834366
2.588582677	-57.592081189714165
2.590551181	-66.53610939236916
2.592519685	-62.28161092349785
2.594488189	-55.70346727763819
2.596456693	-57.52362883776144
2.598425197	-68.10583838540063
2.600393701	-81.62751498326209
2.602362205	-92.90712556963314
2.604330709	-101.56385737410304
2.606299213	-104.11498579176657
2.608267717	-100.22731780322512
2.61023622	-98.42783119287242
2.612204724	-104.16729569216565
2.614173228	-109.15080092669706
2.616141732	-100.42355701526975
2.618110236	-79.76539431943127
2.62007874	-69.6913712921836
2.622047244	-90.35016083328023
2.624015748	-127.87783585045727
2.625984252	-143.8163066050931
2.627952756	-118.18563710086829
2.62992126	-79.87576685323796
2.631889764	-71.79564034893698
2.633858268	-108.55110497276587
2.635826772	-155.43620461879206
2.637795276	-173.70051811079563
2.63976378	-151.60972427708256
2.641732283	-116.40442747857462
2.643700787	-98.69039806519324
2.645669291	-113.44240653677758
2.647637795	-145.2562593198847
2.649606299	-171.32731270492752
2.651574803	-174.17834914883838
2.653543307	-154.8819104760448
2.655511811	-129.67183334684475
2.657480315	-119.42296810483192
2.659448819	-130.91900723247082
2.661417323	-155.6143170803904
2.663385827	-170.78434802073411
2.665354331	-167.3047443500018
2.667322835	-154.02817503581792
2.669291339	-145.47972158617986
2.671259843	-148.88938728294755
2.673228346	-160.81427443625992
2.67519685	-170.9823689938494
2.677165354	-177.06973867679662
2.679133858	-179.81028104747395
2.681102362	-186.70248201707952
2.683070866	-201.93391696758928
2.68503937	-220.3470948785774
2.687007874	-229.25320828765248
2.688976378	-219.25633683240963
2.690944882	-194.86906614367462
2.692913386	-179.93764821878239
2.69488189	-185.652845217106
2.696850394	-205.73472162892097
2.698818898	-215.1895465109715
2.700787402	-200.309731987764
2.702755906	-176.36191728940256
2.704724409	-171.17557344434175
2.706692913	-198.00850310108532
2.708661417	-235.23675822293077
2.710629921	-259.15727210128466
2.712598425	-264.548471558743
2.714566929	-265.3005146890491
2.716535433	-268.3691855556387
2.718503937	-269.6143038256107
2.720472441	-252.88566365010206
2.722440945	-230.31999756479067
2.724409449	-221.9558033525108
2.726377953	-232.10238264267446
2.728346457	-245.19491985628247
2.730314961	-245.43044510047173
2.732283465	-232.53559023182515
2.734251969	-224.99390612366727
2.736220472	-233.34385786524757
2.738188976	-253.713424227793
2.74015748	-270.6735705595503
2.742125984	-276.38367156049463
2.744094488	-270.8848720555429
2.746062992	-260.16010614566994
2.748031496	-251.95158704180918
2.75	-243.3172287875989
2.751968504	-241.08363216440628
2.753937008	-241.4221125507839
2.755905512	-242.3684886020109
2.757874016	-240.2484066658076
2.75984252	-233.7844514115052
2.761811024	-229.91865765784956
2.763779528	-230.53530519805167
2.765748031	-231.1529982984559
2.767716535	-228.18178192934596
2.769685039	-216.589414576925
2.771653543	-202.96994669414065
2.773622047	-195.3851083635433
2.775590551	-196.5795141060343
2.777559055	-195.25389298010478
2.779527559	-180.8618797701496
2.781496063	-156.03917934307705
2.783464567	-135.20334651540512
2.785433071	-135.54417197000916
2.787401575	-152.4573091155532
2.789370079	-164.17266410328284
2.791338583	-147.66139042297556
2.793307087	-111.02541749321773
2.795275591	-80.02027451809171
2.797244094	-79.22388601707416
2.799212598	-96.58571735124094
2.801181102	-103.56025182038765
2.803149606	-87.2469262368459
2.80511811	-60.60328241926535
2.807086614	-51.350270468511425
2.809055118	-65.7142966735227
2.811023622	-83.53480911271636
2.812992126	-78.9732212346301
2.81496063	-54.978769748345904
2.816929134	-42.57665955633024
2.818897638	-55.64144978904997
2.820866142	-88.49732633325058
2.822834646	-109.82834721180272
2.82480315	-101.36704116401334
2.826771654	-74.66406889241085
2.828740157	-60.602705698988046
2.830708661	-71.44063873838664
2.832677165	-96.30247334884285
2.834645669	-108.1439464047661
2.836614173	-96.54468775355194
2.838582677	-70.71487214283911
2.840551181	-56.239002067824266
2.842519685	-59.63975746507891
2.844488189	-75.40634963210834
2.846456693	-87.68003413578798
2.848425197	-88.92437892116834
2.850393701	-85.60315037773857
2.852362205	-82.8684505674192
2.854330709	-83.6974716829304
2.856299213	-81.1003736329931
2.858267717	-74.74123611113211
2.86023622	-69.85905650395199
2.862204724	-71.14421080632644
2.864173228	-76.46698505811601
2.866141732	-82.41682728534485
2.868110236	-89.45409748892862
2.87007874	-96.5372561570052
2.872047244	-98.7275618046756
2.874015748	-96.93535929901063
2.875984252	-99.28073981949643
2.877952756	-109.81901877123505
2.87992126	-127.88197728423924
2.881889764	-137.01286206527993
2.883858268	-128.62177842966517
2.885826772	-105.93302685030007
2.887795276	-88.58716438140038
2.88976378	-86.37176097181872
2.891732283	-97.24157398268717
2.893700787	-103.97311503333418
2.895669291	-101.9507605208717
2.897637795	-97.20036105908778
2.899606299	-100.01267832376482
2.901574803	-113.85721704737936
2.903543307	-127.16573491028437
2.905511811	-136.38708403041454
2.907480315	-136.57493500471605
2.909448819	-127.67843898501455
2.911417323	-117.2669063809868
2.913385827	-112.20951777994037
2.915354331	-121.02971202939386
2.917322835	-137.7188956057151
2.919291339	-142.8014851987747
2.921259843	-126.35390977768454
2.923228346	-104.9005381083728
2.92519685	-100.6885283581299
2.927165354	-118.99146916814142
2.929133858	-138.53672575459214
2.931102362	-132.5636525395832
2.933070866	-108.65386817686051
2.93503937	-89.42629039694138
2.937007874	-91.26314963819804
2.938976378	-101.72493889373237
2.940944882	-106.64467030562334
2.942913386	-107.27469579902187
2.94488189	-118.7701955138408
2.946850394	-134.01261115013574
2.948818898	-135.14552743573617
2.950787402	-113.94372406192844
2.952755906	-95.12343166557315
2.954724409	-106.84306036931012
2.956692913	-136.26527792830538
2.958661417	-153.76136606895687
2.960629921	-136.55508026642022
2.962598425	-104.02733499385921
2.964566929	-93.00690850657026
2.966535433	-108.4938405052554
2.968503937	-124.79229774297579
2.970472441	-123.45209284961265
2.972440945	-113.59677902907072
2.974409449	-111.25813448576108
2.976377953	-113.40714392673945
2.978346457	-101.66488562774373
2.980314961	-85.76776010981408
2.982283465	-86.1225645469464
2.984251969	-116.9701447820787
2.986220472	-155.1643519070821
2.988188976	-163.641065677237
2.99015748	-138.2799584033545
2.992125984	-114.36895346388638
2.994094488	-119.23534344092828
2.996062992	-147.543903828506
2.998031496	-158.8517675460931
3.0	-138.7873980359765
3.001968504	-103.05209834562234
3.003937008	-84.79579897124519
3.005905512	-94.57176625079892
3.007874016	-110.94109081015011
3.00984252	-119.01443005410242
3.011811024	-118.03823165980161
3.013779528	-118.04583077447897
3.015748031	-118.11819071932945
3.017716535	-119.45857540608114
3.019685039	-117.2312816574841
3.021653543	-116.17784997473738
3.023622047	-116.65595549426656
3.025590551	-120.34061998853821
3.027559055	-124.15656869007562
3.029527559	-125.33769834600692
3.031496063	-121.59595516612013
3.033464567	-117.42181127423403
3.035433071	-117.60665674994311
3.037401575	-121.66152256763849
3.039370079	-124.16533598259475
3.041338583	-122.62435713704335
3.043307087	-116.57575089276502
3.045275591	-109.9734184678852
3.047244094	-106.28098981136577
3.049212598	-105.2672490047197
3.051181102	-104.67339379486548
3.053149606	-102.55618106786936
3.05511811	-105.51111712279965
3.057086614	-118.25909771035631
3.059055118	-134.97453025632822
3.061023622	-139.19178199314092
3.062992126	-124.49156099005955
3.06496063	-111.736749685613
3.066929134	-117.86451062071242
3.068897638	-135.41516559287192
3.070866142	-141.40289190794067
3.072834646	-125.92518164493403
3.07480315	-105.42503191933758
3.076771654	-105.44742460243576
3.078740157	-129.33226412246455
3.080708661	-152.3776562174648
3.082677165	-155.53661643318193
3.084645669	-144.3579783654276
3.086614173	-131.77092791294697
3.088582677	-123.14555354489
3.090551181	-114.73008807752124
3.092519685	-108.85584058657214
3.094488189	-112.62179803191287
3.096456693	-126.53869078431381
3.098425197	-137.1759089195516
3.100393701	-126.56824908366215
3.102362205	-108.13921983819388
3.104330709	-107.11360239255075
3.106299213	-137.85635861282964
3.108267717	-175.84267868815982
3.11023622	-185.6479521366599
3.112204724	-156.51962237248904
3.114173228	-120.4109998252464
3.116141732	-107.58810564773253
3.118110236	-121.27239545151228
3.12007874	-135.0859136858568
3.122047244	-133.64267392714854
3.124015748	-126.5668384303166
3.125984252	-130.93147451805802
3.127952756	-150.2957139655089
3.12992126	-171.70340684369998
3.131889764	-182.84959083726787
3.133858268	-183.02382793269908
3.135826772	-186.76925641071426
3.137795276	-196.03607858035195
3.13976378	-204.62824948793818
3.141732283	-200.46444535107594
3.143700787	-180.83599861294616
3.145669291	-159.28224286627903
3.147637795	-151.90992712846545
3.149606299	-167.631247998974
3.151574803	-190.6042386926812
3.153543307	-194.65545195148914
3.155511811	-177.43795672655185
3.157480315	-158.67990756202826
3.159448819	-161.1894974873934
3.161417323	-180.55297472869077
3.163385827	-188.77894806528914
3.165354331	-166.4573852605204
3.167322835	-131.95030255837767
3.169291339	-118.91437038908461
3.171259843	-129.97808883676004
3.173228346	-145.51538378719596
3.17519685	-136.52992329266223
3.177165354	-106.10883326351606
3.179133858	-83.79831950448865
3.181102362	-85.20702700659162
3.183070866	-99.32098034327642
3.18503937	-102.61612477389048
3.187007874	-90.27503966233822
3.188976378	-75.96144137622382
3.190944882	-74.46209498737029
3.192913386	-85.65252008827102
3.19488189	-94.41889624852087
3.196850394	-94.25018499193018
3.198818898	-91.28386421019012
3.200787402	-101.56689683356139
3.202755906	-121.36552169820038
3.204724409	-132.4037251394735
3.206692913	-119.69036721660005
3.208661417	-93.96075179990603
3.210629921	-82.79714066035037
3.212598425	-102.25820358111302
3.214566929	-128.68953149724604
3.216535433	-130.2805419318678
3.218503937	-108.349570182357
3.220472441	-90.22231005266153
3.222440945	-101.66899532580474
3.224409449	-132.36734352127112
3.226377953	-151.54366119996178
3.228346457	-142.38784694457314
3.230314961	-126.45788492481259
3.232283465	-132.77296824845922
3.234251969	-167.36420209959493
3.236220472	-213.50280549287567
3.238188976	-256.82378173963207
3.24015748	-295.4718808025794
3.242125984	-343.2646668307479
3.244094488	-408.42163776924514
3.246062992	-478.93921116747106
3.248031496	-537.2157534973855
3.25	-574.7264471760578
3.251968504	-593.9981038076795
3.253937008	-598.9628202473308
3.255905512	-592.5811708789153
3.257874016	-570.4159864710998
3.25984252	-526.4607038917968
3.261811024	-464.5965236723835
3.263779528	-387.553051456819
3.265748031	-306.3727650829372
3.267716535	-228.43031944224822
3.269685039	-157.97691667995733
3.271653543	-95.53965199453735
3.273622047	-42.29198368834115
3.275590551	-10.04240357799599
3.277559055	-0.2125530463189468
3.279527559	-3.8158191992661017
3.281496063	-10.56270706186401
3.283464567	-18.324523756883767
3.285433071	-37.077192702187254
3.287401575	-69.19713968712294
3.289370079	-95.01066074379679
3.291338583	-93.7968001522071
3.293307087	-73.23975109512106
3.295275591	-58.74342664217075
3.297244094	-68.61062302863971
3.299212598	-88.66591595192057
3.301181102	-85.20933319661292
3.303149606	-51.08716392422142
3.30511811	-19.999350810008664
3.307086614	-21.942898538856017
3.309055118	-51.33794229432114
3.311023622	-73.15299386290911
3.312992126	-70.7107593998473
3.31496063	-58.008586801165606
3.316929134	-55.30717209327271
3.318897638	-61.77418191687711
3.320866142	-60.346683014469775
3.322834646	-52.76483547228621
3.32480315	-57.618911857344436
3.326771654	-79.17618621958691
3.328740157	-96.33262657442684
3.330708661	-93.48935605340752
3.332677165	-76.1968236297344
3.334645669	-71.36519002726949
3.336614173	-90.0735139117797
3.338582677	-113.0521557001593
3.340551181	-116.5870721939713
3.342519685	-97.05838576501472
3.344488189	-73.45060815883988
3.346456693	-63.263395330791106
3.348425197	-70.8753192972998
3.350393701	-88.43064035122768
3.352362205	-104.30422179657296
3.354330709	-104.08165124849761
3.356299213	-90.99050570710493
3.358267717	-76.58474366148373
3.36023622	-80.61451000728846
3.362204724	-105.30137924396851
3.364173228	-132.09205959069433
3.366141732	-134.08934108063656
3.368110236	-111.48880982508645
3.37007874	-90.72703664051247
3.372047244	-96.83800126079075
3.374015748	-125.72772596950746
3.375984252	-141.17072342895358
3.377952756	-128.99674297797532
3.37992126	-104.50433948111588
3.381889764	-96.53876425198605
3.383858268	-116.36864843625278
3.385826772	-139.15183006078996
3.387795276	-143.93078023361699
3.38976378	-134.27926836739934
3.391732283	-125.55927858993522
3.393700787	-126.1436854621789
3.395669291	-128.67467063936806
3.397637795	-131.6763194199286
3.399606299	-134.25142785695377
3.401574803	-145.3932632707724
3.403543307	-155.9025143066629
3.405511811	-157.43416885864474
3.407480315	-155.5710292942657
3.409448819	-158.28515493620998
3.411417323	-166.0925550631801
3.413385827	-168.41000570224597
3.415354331	-161.57257925419432
3.417322835	-156.04545136897914
3.419291339	-165.81722396822067
3.421259843	-186.851313636482
3.423228346	-190.40575948140716
3.42519685	-171.7717384080377
3.427165354	-156.6183301345745
3.429133858	-170.5833670188441
3.431102362	-206.47956235763147
3.433070866	-227.39181506068627
3.43503937	-211.43933077605817
3.437007874	-178.0875192445171
3.438976378	-163.81942681893264
3.440944882	-181.4915605882696
3.442913386	-209.053677688516
3.44488189	-220.1159259343713
3.446850394	-213.13042096744888
3.448818898	-205.4729381264751
3.450787402	-207.2508344978981
3.452755906	-211.8895164885069
3.454724409	-209.22445579464895
3.456692913	-211.06854592920973
3.458661417	-222.88814251879492
3.460629921	-238.88084970825912
3.462598425	-242.71396828185397
3.464566929	-231.8653493090365
3.466535433	-220.83502466999047
3.468503937	-227.1086928483792
3.470472441	-247.43142067151572
3.472440945	-260.21437249026076
3.474409449	-253.91058279808848
3.476377953	-241.3274757951086
3.478346457	-234.2715332879167
3.480314961	-242.68856705927533
3.482283465	-252.75743603163264
3.484251969	-253.75759520948642
3.486220472	-247.1892922416966
3.488188976	-241.37308102665676
3.49015748	-244.5481372321872
3.492125984	-255.17087330081637
3.494094488	-261.62604426323713
3.496062992	-260.93234790084716
3.498031496	-255.48070158049347
3.5	-251.57832257414978
3.501968504	-253.75617250629995
3.503937008	-262.7948731575715
3.505905512	-269.8569095258123
3.507874016	-270.48019843846987
3.50984252	-264.0332430199474
3.511811024	-251.13428665382986
3.513779528	-240.45188069671894
3.515748031	-238.7012167512798
3.517716535	-244.57220164686328
3.519685039	-249.78390342231194
3.521653543	-244.4884947206111
3.523622047	-232.5961030539511
3.525590551	-223.8586889957982
3.527559055	-224.28405178544648
3.529527559	-229.0131150880631
3.531496063	-230.95085291893594
3.533464567	-218.55490248855645
3.535433071	-197.78807963933554
3.537401575	-177.13948700646955
3.539370079	-165.10302397573918
3.541338583	-161.14308689428532
3.543307087	-155.74942678631544
3.545275591	-142.07738526916694
3.547244094	-123.7372179615704
3.549212598	-110.8443043774394
3.551181102	-108.97618187783598
3.553149606	-114.56784019280661
3.55511811	-112.78555708051444
3.557086614	-104.60552431095925
3.559055118	-99.15257692254089
3.561023622	-100.96721406370744
3.562992126	-103.24775687013282
3.56496063	-96.39372530361835
3.566929134	-77.47175378714861
3.568897638	-61.830901838475576
3.570866142	-58.054314097947824
3.572834646	-59.80300223451027
3.57480315	-59.50078722978063
3.576771654	-52.60311288281306
3.578740157	-42.56472578006516
3.580708661	-37.151509505436636
3.582677165	-38.874416779025026
3.584645669	-48.42717408568968
3.586614173	-60.24392828390838
3.588582677	-61.97553721616063
3.590551181	-47.803228163890694
3.592519685	-30.315378841531846
3.594488189	-26.5815712387994
3.596456693	-44.05546287390181
3.598425197	-67.41142490434102
3.600393701	-75.41407027976538
3.602362205	-63.44590253649861
3.604330709	-49.84930666665884
3.606299213	-57.34765426746158
3.608267717	-84.42025517771482
3.61023622	-107.98894036375879
3.612204724	-107.95617022944981
3.614173228	-86.25485224652994
3.616141732	-64.86622877192396
3.618110236	-63.60622501766288
3.62007874	-72.67359533310281
3.622047244	-77.66683304949814
3.624015748	-62.58915080286404
3.625984252	-45.677573745060265
3.627952756	-44.91427441660173
3.62992126	-62.0043314329058
3.631889764	-79.69337455980262
3.633858268	-83.64564455697366
3.635826772	-78.54823204701745
3.637795276	-82.35518594378186
3.63976378	-101.89690163171446
3.641732283	-122.07248664136551
3.643700787	-122.56263640697388
3.645669291	-102.02763095957627
3.647637795	-81.5140121130628
3.649606299	-80.74645109361714
3.651574803	-93.78340149727933
3.653543307	-101.14035269168448
3.655511811	-92.90748801028082
3.657480315	-83.4004998264091
3.659448819	-90.38223278182323
3.661417323	-110.38604624193371
3.663385827	-125.63122931006001
3.665354331	-117.03467998571516
3.667322835	-99.2018890731889
3.669291339	-95.25347773848972
3.671259843	-114.58456393437463
3.673228346	-136.38083188669
3.67519685	-134.49594215450108
3.677165354	-105.1100787162506
3.679133858	-77.79133535215026
3.681102362	-84.95539736413365
3.683070866	-116.95896885665991
3.68503937	-144.729269572805
3.687007874	-145.4065771819131
3.688976378	-128.61218024231144
3.690944882	-114.72302924041625
3.692913386	-112.29568905379887
3.69488189	-116.51703368712181
3.696850394	-122.13750040732407
3.698818898	-124.77515458684687
3.700787402	-125.62424696721214
3.702755906	-115.85029403902908
3.704724409	-98.88406778423615
3.706692913	-88.67641257699808
3.708661417	-101.13257566977755
3.710629921	-129.1349693838291
3.712598425	-148.0830379152467
3.714566929	-138.645872698641
3.716535433	-114.95487472140115
3.718503937	-98.99396195710627
3.720472441	-105.98151187677936
3.722440945	-123.45593958396496
3.724409449	-130.95297755826687
3.726377953	-125.54539028075288
3.728346457	-119.60372211904185
3.730314961	-123.19641899789501
3.732283465	-129.98142217487717
3.734251969	-130.74064991602808
3.736220472	-128.10465739268028
3.738188976	-131.85298918119463
3.74015748	-139.95978626311668
3.742125984	-137.13723537642494
3.744094488	-118.82789312514974
3.746062992	-101.41281625974229
3.748031496	-100.5191214829133
3.75	-116.84949980667567
3.751968504	-128.65966484268358
3.753937008	-123.5032554078476
3.755905512	-110.98849636166379
3.757874016	-112.7472610998186
3.75984252	-127.85748460637913
3.761811024	-137.48421808898033
3.763779528	-130.90321677770422
3.765748031	-116.96231899593006
3.767716535	-114.4923657485778
3.769685039	-122.52991794620971
3.771653543	-122.40212179809605
3.773622047	-110.28374643092125
3.775590551	-97.02964360957026
3.777559055	-98.25113123282527
3.779527559	-105.34701047678301
3.781496063	-105.27561575573824
3.783464567	-96.58770753925593
3.785433071	-94.269087299569
3.787401575	-110.47947353352761
3.789370079	-129.64459817343206
3.791338583	-130.91102951238346
3.793307087	-112.45654379761257
3.795275591	-98.61831175098295
3.797244094	-103.93707514933838
3.799212598	-119.29961866557349
3.801181102	-126.7218453264143
3.803149606	-115.63652949462144
3.80511811	-101.08640290460232
3.807086614	-94.35257453926135
3.809055118	-99.50495698792871
3.811023622	-106.37359723213717
3.812992126	-111.2758949211476
3.81496063	-113.0809167704562
3.816929134	-118.38719660362806
3.818897638	-125.06723922957079
3.820866142	-127.58416181413854
3.822834646	-126.66076978733909
3.82480315	-121.8395228672724
3.826771654	-119.9348007936179
3.828740157	-119.01669086978065
3.830708661	-119.03385410230567
3.832677165	-120.90819976367972
3.834645669	-125.82490625993849
3.836614173	-130.3129390696959
3.838582677	-132.4563449003416
3.840551181	-134.62835517931472
3.842519685	-140.8077295467178
3.844488189	-158.55472158986484
3.846456693	-179.9001879242249
3.848425197	-192.2753729364206
3.850393701	-185.1540356247094
3.852362205	-162.9105877127976
3.854330709	-140.80559870280888
3.856299213	-127.76565499826339
3.858267717	-126.50374299796815
3.86023622	-133.00520107722045
3.862204724	-139.50002917700326
3.864173228	-140.96003656515876
3.866141732	-137.3392352297745
3.868110236	-136.298410434427
3.87007874	-142.34115833968394
3.872047244	-158.518500770887
3.874015748	-174.88925255825086
3.875984252	-184.06319150601735
3.877952756	-187.17046465593052
3.87992126	-193.19088639436862
3.881889764	-201.9092305155083
3.883858268	-205.48074746122492
3.885826772	-197.17702292815758
3.887795276	-187.10706200154058
3.88976378	-191.06563623641475
3.891732283	-203.71087624737058
3.893700787	-207.94771505071722
3.895669291	-190.74978118315406
3.897637795	-165.48606690126263
3.899606299	-154.09031280081666
3.901574803	-162.6651365104677
3.903543307	-173.93052062645805
3.905511811	-166.21901244779892
3.907480315	-144.01948006135677
3.909448819	-122.82967890676962
3.911417323	-114.15802078809394
3.913385827	-114.52345018361609
3.915354331	-116.5055031353692
3.917322835	-111.03842660855419
3.919291339	-98.9069497467392
3.921259843	-89.84132068419385
3.923228346	-88.88734521328301
3.92519685	-103.18392471367659
3.927165354	-120.90902012315148
3.929133858	-120.57832508988263
3.931102362	-103.31433969970911
3.933070866	-86.5162793844192
3.93503937	-93.91405561469709
