10.01	1.950544105007204
10.02	2.43349072469997
10.03	2.8964306568731173
10.04	3.379370990787394
10.05	2.553527709904955
10.06	2.9774574252408073
10.07	2.768847644972751
10.08	2.969399386201714
10.09	2.728894363731292
10.1	3.4502418564045
10.11	2.4511590679471684
10.12	2.4060813600854885
10.13	2.0661688781872645
10.14	2.9174011840329825
10.15	2.9392950543122396
10.16	2.839660569838568
10.17	2.8151898919227385
10.18	1.908602447158211
10.19	1.8047791936796589
10.2	2.3064075937392614
10.21	2.618861155289033
10.22	2.5327775770623444
10.23	2.1024788062543833
10.24	1.0743786260211567
10.25	2.044375576475545
10.26	3.086150858846074
10.27	1.5012334733716806
10.28	1.473784746581648
10.29	1.7687711590220216
10.3	0.9071434116067147
10.31	1.8418224632983873
10.32	1.6432221152922635
10.33	1.0001877259764629
10.34	1.6464387339841806
10.35	0.7324812870392203
10.36	1.6836415093034491
10.37	-0.06494095004533462
10.38	-0.0800502937892168
10.39	0.789957388107074
10.4	0.10739736586785231
10.41	0.07116413890526913
10.42	1.1145308134038636
10.43	-0.08400717542448871
10.44	0.6642500237101363
10.45	0.3842201370248634
10.46	-0.3932274588158488
10.47	-0.4783332640081736
10.48	-0.8258857549447569
10.49	-0.1797713079432807
10.5	-0.08267907433139453
10.51	0.2639123226469162
10.52	0.30399389057714654
10.53	-0.2550996431139618
10.54	-0.29834297628737383
10.55	0.0055450119935393375
10.56	0.3461084190821655
10.57	-0.5163899501576844
10.58	-0.3460567208830532
10.59	0.47680013762334506
10.6	0.06373767936251863
10.61	0.8520978624551293
10.62	0.29983867037005146
10.63	-0.43678960071287876
10.64	0.6053578844330333
10.65	0.43646127789038675
10.66	0.18877869513579532
10.67	0.6806731431182218
10.68	0.5289115468959614
10.69	-0.04973409231566256
10.7	-0.36927273052837256
10.71	0.11534216793180446
10.72	0.8256975764491264
10.73	0.5329663479388026
10.74	1.0496660094902206
10.75	0.43545657614493044
10.76	1.4688004265480077
10.77	0.9360090042525984
10.78	-0.02650012934548851
10.79	0.4528527822559363
10.8	1.4547971379560023
10.81	0.9012518458121188
10.82	0.5274065220647716
10.83	0.35635976005288006
10.84	0.6395454019702496
10.85	0.8141172868220855
10.86	1.3662626901112445
10.87	0.6470117341804487
10.88	1.2385359584931575
10.89	1.3444231164763
10.9	0.8796263894544968
10.91	0.445921212871224
10.92	0.8638695468921694
10.93	1.4846817747528605
10.94	0.9631473945667087
10.95	1.4801618613216339
10.96	1.310158084850886
10.97	1.7955673561097676
10.98	0.9972202583339624
10.99	1.483248086269883
11.0	0.24513112781086965
11.01	1.5659555671786614
11.02	1.5703684201634234
11.03	0.6869475412662618
11.04	1.0440744342490051
11.05	0.6298747933741217
11.06	0.7450970393398941
11.07	0.8575706589706966
11.08	1.825190085432129
11.09	1.0542952065354412
11.1	1.0813082016513023
11.11	0.9954744347544673
11.12	2.1258043539741514
11.13	1.6860983543388914
11.14	1.093093117997621
11.15	0.7162366129436667
11.16	1.5124198404700069
11.17	0.23472586785635674
11.18	1.3016209519540638
11.19	1.6705794889255872
11.2	1.1188051235148522
11.21	1.1077279276647307
11.22	1.441525491273475
11.23	0.5332294761737615
11.24	0.9913624429698038
11.25	0.3438941899866107
11.26	1.3675256357952226
11.27	1.3354249848562367
11.28	1.1702818935298198
11.29	1.3676919194685961
11.3	1.7453603963639623
11.31	1.2104207632145676
11.32	1.234601613402571
11.33	0.7203426898530447
11.34	2.308684493213923
11.35	1.6472015173675931
11.36	1.0125001868487449
11.37	1.7261415719015671
11.38	1.8146409883176617
11.39	1.2240902434416698
11.4	0.7253580703359083
11.41	1.4694708318285572
11.42	2.378563989334358
11.43	2.3866194867545087
11.44	1.5328089878367939
11.45	1.5303444112126272
11.46	1.9095286532244173
11.47	2.1672618056173785
11.48	2.1138029076513227
11.49	2.1443453124043494
11.5	2.2142685440944496
11.51	1.9076954920049074
11.52	2.426046510659451
11.53	2.0212448482050007
11.54	2.8470437947156966
11.55	2.3193477304823102
11.56	2.7468272918766674
11.57	3.2427793360102624
11.58	2.7879434561370156
11.59	2.302101286035935
11.6	2.307417519083582
11.61	3.0973349143134334
11.62	2.0396867872379483
11.63	2.2413332242238586
11.64	3.1228135079825257
11.65	2.76726306826302
11.66	3.178790968009585
11.67	2.6401537907076893
11.68	2.5757756934956277
11.69	2.572713901420081
11.7	2.7204997862379017
11.71	1.7442690326273342
11.72	3.0055173120367438
11.73	2.5482542964122583
11.74	2.987348521777196
11.75	2.757080078550562
11.76	2.801273601307987
11.77	2.5063929322006184
11.78	2.33378013191738
11.79	2.253799280925967
11.8	3.142671922593639
11.81	3.4362361952702747
11.82	1.5226342384839986
11.83	1.7263870480664232
11.84	2.92569464813109
11.85	1.9487469267804183
11.86	2.3857991318269973
11.87	2.6670236315483256
11.88	1.8920008446633567
11.89	2.3014690993954217
11.9	2.9985704546480343
11.91	1.7531061036852194
11.92	2.4435904415807035
11.93	1.228658502791935
11.94	2.2392320013735376
11.95	1.8946355955882372
11.96	1.7533636054442165
11.97	1.5178076466255748
11.98	2.2507142509717863
11.99	3.3327979867557653
12.0	2.2713684145844
12.01	2.0229700269639026
12.02	1.5169413575620307
12.03	1.839265821474326
12.04	2.064821561312593
12.05	1.427969309568359
12.06	1.7865058485702283
12.07	2.1245835642542357
12.08	2.2467635004990063
12.09	2.401104238326082
12.1	1.9581381727701814
12.11	2.48582311529132
12.12	2.103960931144298
12.13	2.6889610516853173
12.14	1.6764146252526153
12.15	2.0224684235591233
12.16	2.500051988314204
12.17	2.3660391998434593
12.18	2.044728749479632
12.19	2.791280994547405
12.2	2.0724921511372316
12.21	1.6441557855569944
12.22	0.5302373462633279
12.23	1.9810867306152304
12.24	2.179622370378831
12.25	1.9603711949012785
12.26	1.8063454783693353
12.27	1.6781454936690285
12.28	1.5517880291410195
12.29	1.5892152305572278
12.3	1.3300141224694257
12.31	1.4213426552320576
12.32	1.9299794169471765
12.33	2.0689034992319058
12.34	1.679576394493489
12.35	1.4322375554537172
12.36	2.5161782617473687
12.37	1.5825871721838054
12.38	2.3229321976316406
12.39	1.1394282464418422
12.4	1.7462969601888045
12.41	2.404021212190343
12.42	1.7199487001755593
12.43	1.6805066106870246
12.44	1.054196587970689
12.45	1.8243566395467425
12.46	1.7780521904614672
12.47	0.7226872397003405
12.48	1.6924450621496632
12.49	1.9601932544729417
12.5	1.8397037880867955
12.51	1.973539074278159
12.52	1.2536502326110692
12.53	1.7991902873622472
12.54	1.0320255408496595
12.55	2.207282074447869
12.56	2.1043217314754674
12.57	1.7913236130135248
12.58	3.0105261089854243
12.59	2.7057390068939586
12.6	3.7315191856132106
12.61	2.2650279392116754
12.62	2.7338642524849144
12.63	2.914682873880118
12.64	2.7124608130069197
12.65	2.8006776696617126
12.66	2.634491757593685
12.67	2.897892555589857
12.68	2.4231816087450913
12.69	2.7470156689236176
12.7	2.7615079693949354
12.71	3.9203644185487327
12.72	3.603685169128842
12.73	3.5570345003990833
12.74	2.9282476960786767
12.75	2.918360599902514
12.76	3.402540030386142
12.77	3.092316180813656
12.78	2.4966561513522376
12.79	2.7672153775078825
12.8	3.622416407638117
12.81	3.4453817200709023
12.82	2.7327389510571365
12.83	3.538610088899558
12.84	3.325309921235517
12.85	3.629882241694315
12.86	4.225059464018143
12.87	3.4596619102819592
12.88	3.563015830424724
12.89	2.9096975518341237
12.9	3.9892461389731464
12.91	2.7363213185511412
12.92	3.990469665309148
12.93	3.5653968423001103
12.94	3.684882370275106
12.95	3.8617552589070874
12.96	2.8750690309571585
12.97	3.0007830978591827
12.98	3.56941483884898
12.99	3.235592753626526
13.0	3.945633733515719
13.01	3.1669123809911177
13.02	3.020544451275583
13.03	2.989206531902679
13.04	3.858565664392853
13.05	3.348540035366972
13.06	3.6156548238480934
13.07	2.5685124872246576
13.08	3.429737332230138
13.09	2.390489248878553
13.1	2.5761393914999715
13.11	3.0948917055192346
13.12	2.870411764477339
13.13	1.9736806562323967
13.14	3.013374899732638
13.15	4.145770091340704
13.16	2.5479282848066998
13.17	2.9518696990509987
13.18	3.2176360010414053
13.19	2.92123333266721
13.2	3.813663061980248
13.21	1.3192895051901876
13.22	2.464387895089165
13.23	2.8688563085318597
13.24	2.6385037461226832
13.25	3.0239309284512106
13.26	2.3993916921778364
13.27	2.711888105316983
13.28	2.127773878651993
13.29	3.242160116563029
13.3	2.3775585429014034
13.31	1.5043760180035932
13.32	1.6618162800231624
13.33	1.7641597285186112
13.34	1.304311615563891
13.35	3.0569231041675415
13.36	2.524918456166982
13.37	2.7589150784011065
13.38	2.083201535897974
13.39	2.6273480716024546
13.4	2.0065849121976664
13.41	1.4815725790466496
13.42	1.597266054670507
13.43	2.9635419927969253
13.44	1.1710089012793445
13.45	1.848738916669085
13.46	2.4058060521982156
13.47	2.2042838262616953
13.48	1.368494965110933
13.49	2.9553636316451817
13.5	1.938648406437654
13.51	2.608620000676147
13.52	2.440761801981689
13.53	2.010367851463518
13.54	2.4052981998231537
13.55	2.483674822367866
13.56	2.2001586833184987
13.57	2.812136467214796
13.58	1.9962254130836212
13.59	2.6964689973117553
13.6	2.8775911419086606
13.61	2.5207628227912813
13.62	3.5606326530433003
13.63	2.243457323679851
13.64	3.23909834374612
13.65	2.292199312433432
13.66	3.1193395260886407
13.67	2.512409693147678
13.68	3.389158882555172
13.69	2.5258401274017976
13.7	3.17925907036303
13.71	2.0986800210525076
13.72	2.829096073055792
13.73	3.0612983662761595
13.74	1.835979825916208
13.75	2.171858515587825
13.76	2.746990523578895
13.77	3.482032670289348
13.78	2.686512985077925
13.79	3.497879451466915
13.8	2.498356112203305
13.81	3.3865270638057474
13.82	2.68541325596629
13.83	3.095462446218718
13.84	2.7317713324604296
13.85	2.3643736284457724
13.86	2.11778566256806
13.87	2.4255255375620033
13.88	2.995275302834859
13.89	3.0187002459303196
13.9	2.2769699313946146
13.91	1.2719334423374862
13.92	2.696128121884059
13.93	2.036173414051528
13.94	2.3276714022750484
13.95	2.211558068428717
13.96	3.2165326619072063
13.97	2.3875598304643564
13.98	1.5695657638668028
13.99	2.057688467373519
14.0	1.8206515048327516
14.01	1.2056321243096622
14.02	1.8824571247660298
14.03	2.0459697741696217
14.04	1.7041953999306112
14.05	0.6607534103261697
14.06	1.03128445331304
14.07	1.5173746561881203
14.08	2.041054518970355
14.09	1.851142323027087
14.1	1.8382724926875988
14.11	1.2450314128481095
14.12	0.6238446059778107
14.13	0.933617889964258
14.14	1.8809726590756404
14.15	1.32563278853331
14.16	1.1113607848356744
14.17	1.8365261756132774
14.18	0.6770143551453545
14.19	2.2087425093481565
14.2	0.8873409093458411
14.21	1.3328440824760106
14.22	1.2176486255266519
14.23	0.6120694090472726
14.24	0.6910519859910674
14.25	0.2455965310218664
14.26	0.9841790537257968
14.27	1.7357450524419633
14.28	1.1538118679902953
14.29	1.0646264024060432
14.3	1.1450779502223143
14.31	1.1607373125761817
14.32	1.320178298956931
14.33	1.419150736995305
14.34	0.917689382317082
14.35	2.156016375854475
14.36	1.3476164059141402
14.37	1.559566156948872
14.38	1.9120663759630663
14.39	1.7011437900442437
14.4	2.287278072637942
14.41	1.2846488318743998
14.42	1.4125792851632926
14.43	1.0432788725267823
14.44	1.4800719364417607
14.45	1.755470984383374
14.46	1.2128706983427713
14.47	0.903849398190117
14.48	0.7631953912602478
14.49	1.2453994471542196
14.5	1.825846889599208
14.51	1.8673865949136326
14.52	0.6134340358618703
14.53	1.1406165027758774
14.54	1.8038067157063582
14.55	2.132310931192467
14.56	1.4980004046954105
14.57	1.5776614269396012
14.58	1.8824038436942905
14.59	1.2490558486790229
14.6	1.724257610899193
14.61	2.909704764951146
14.62	1.3067371984409548
14.63	2.3814761172422196
14.64	2.478987313162315
14.65	1.5707318855758308
14.66	0.8593383405538259
14.67	1.4358375119755231
14.68	2.63509635381354
14.69	1.1593793723244863
14.7	2.122273598296597
14.71	1.6306372575483725
14.72	2.9974231054970346
14.73	2.1619715436739404
14.74	2.3632402893136932
14.75	3.0142672719182335
14.76	2.3748038005699073
14.77	2.0483119094259328
14.78	2.993851793674972
14.79	2.0463076065734382
14.8	2.4669068451831144
14.81	1.4699336332066189
14.82	2.5061839385568785
14.83	3.070504935379737
14.84	2.112375434672512
14.85	2.100143606661334
14.86	2.144270942352626
14.87	2.416741258248053
14.88	1.631498045458553
14.89	2.801394999990163
14.9	2.1849880394516084
14.91	2.216630924838174
14.92	3.1741446036060377
14.93	2.1432872872893025
14.94	2.2265183843087444
14.95	1.8555217571466176
14.96	1.345275817082595
14.97	2.7979233982481584
14.98	3.3943267825066976
14.99	2.044249650538298
15.0	1.6339682970913432
15.01	2.0556653867342285
15.02	1.9171167917613916
15.03	2.3879823260003628
15.04	2.0321466482962145
15.05	2.2700106779681777
15.06	1.9312246169187908
15.07	1.198520493803577
15.08	1.2010098760759491
15.09	1.7871496590573166
15.1	1.2668005308750616
15.11	1.2589416149342658
15.12	1.0359838979954579
15.13	1.6723332923952001
15.14	1.7970022832285184
15.15	1.8101870153585904
15.16	1.7400549199946802
15.17	1.9850722248348198
15.18	1.051931914933816
15.19	1.279445188663676
15.2	1.9660133855480844
15.21	1.9091492644182644
15.22	1.192844421948825
15.23	1.5459408070195226
15.24	0.48530091667055286
15.25	0.9897557527527583
15.26	0.9002405211506952
15.27	1.1176640834771823
15.28	0.9278591122688586
15.29	1.5422512791347711
15.3	1.023264581656263
15.31	0.29322273303177426
15.32	0.650446215805886
15.33	2.1719714249043927
15.34	1.0128626534649663
15.35	1.1543865142671457
15.36	1.0940852928507174
15.37	0.8407937954208631
15.38	1.4407356693558222
15.39	0.5607326160375243
15.4	1.11104606726253
15.41	2.0988004603838317
15.42	1.808697101987619
15.43	0.3246869508196426
15.44	0.3579956913736585
15.45	1.8083047043226275
15.46	0.5026451894625374
15.47	1.3836012227915746
15.48	0.8607077504060139
15.49	0.4429204551408672
15.5	0.2412906068744649
15.51	0.4675546953590278
15.52	1.537365020265981
15.53	0.19903397466678674
15.54	0.7007973085547696
15.55	1.286323258087741
15.56	0.6481601171138174
15.57	1.1641889315363434
15.58	0.48932787889626306
15.59	1.5488549787303496
15.6	0.20343412858841137
15.61	1.0425787405828104
15.62	0.3839045351140363
15.63	0.5411076397031751
15.64	0.2867057924322236
15.65	0.9648919541249801
15.66	0.521865788755009
15.67	1.0359724683715945
15.68	0.4394721570282052
15.69	2.38392603376525
15.7	0.8113919996970491
15.71	0.45475454621195244
15.72	1.5841941480489878
15.73	0.7669632525046155
15.74	1.056895199810098
15.75	1.7464480692010425
15.76	1.0850480498461144
15.77	1.4727418220470507
15.78	0.7779436051958332
15.79	1.9768478721019034
15.8	1.305964607705074
15.81	1.155673906718599
15.82	1.6788797186230582
15.83	1.3595021592664027
15.84	1.981719706167046
15.85	0.8450370924042349
15.86	1.8280924702824934
15.87	1.7435951712842068
15.88	1.4932875231455818
15.89	1.710652215120191
15.9	1.7327793104793134
15.91	1.8005147172806195
15.92	1.769233972335575
15.93	1.6509869496605813
15.94	1.5541682104945371
15.95	1.4276682272699794
15.96	1.0189951246366138
15.97	2.6735354347254576
15.98	1.8800887364039693
15.99	0.9868008158461301
16.0	2.621659535433356
16.01	2.289188241926852
16.02	2.1396614752075593
16.03	2.035633190108934
16.04	2.491487217080093
16.05	1.8988992490004406
16.06	3.276609833293798
16.07	2.2542413745961984
16.08	1.0750707207684753
16.09	2.1024275427870798
16.1	1.8030330622211013
16.11	1.6299494075240573
16.12	2.8394957316892455
16.13	2.006966597680108
16.14	2.7014408353245782
16.15	1.0248522647975786
16.16	1.6661411671361843
16.17	0.9798516105136841
16.18	1.001324550284214
16.19	1.5224502634465649
16.2	1.3560349972154697
16.21	1.724414414843782
16.22	0.9660892929773629
16.23	2.0219190911336686
16.24	2.4818719547661385
16.25	1.2435782499541568
16.26	0.3940122048167255
16.27	0.8326339924214378
16.28	1.9796086905392647
16.29	0.5865229284534763
16.3	2.32352330753595
16.31	1.9912827361702696
16.32	1.840900025129901
16.33	0.7335962418439559
16.34	1.7186593071707688
16.35	1.3475678100314346
16.36	1.5997795543830367
16.37	2.3347484133152325
16.38	1.558658916263543
16.39	1.3840646506172425
16.4	1.7922456599482957
16.41	1.4177507866247818
16.42	1.071635320032431
16.43	1.7888081749029585
16.44	1.292235186890861
16.45	0.7852225751684201
16.46	1.512944661411286
16.47	1.1423369870408409
16.48	1.2509675961835027
16.49	0.7121919443627998
16.5	0.9648961642587972
16.51	1.188300523898099
16.52	1.0619799665125198
16.53	1.7587644776424802
16.54	1.8610198514687286
16.55	1.1981980602016873
16.56	1.1584364823326003
16.57	1.8941049214761483
16.58	0.4409218189635137
16.59	0.7133261998063481
16.6	0.930606285790245
16.61	1.9988515226833423
16.62	1.2327455410035222
16.63	1.7590226207590578
16.64	0.6168337087237818
16.65	0.4730118301587871
16.66	1.0094613475387406
16.67	0.7322332868305848
16.68	1.8572475115488494
16.69	1.3646218150990452
16.7	1.8331785553446627
16.71	0.8838603495995931
16.72	1.8824034619334449
16.73	1.7931727653841194
16.74	1.2073465299720334
16.75	1.5724106689662376
16.76	0.5437274296160008
16.77	0.8702597060065866
16.78	1.4851262952696636
16.79	1.7934240866537723
16.8	0.36559666557316073
16.81	1.4441318534316105
16.82	1.4489413700544886
16.83	1.0111289636702536
16.84	0.7289295752583215
16.85	1.656379829214967
16.86	0.8082413013303704
16.87	0.8956717013971613
16.88	1.2654556855732058
16.89	0.65952112924821
16.9	0.21501809983256837
16.91	0.8765088541730278
16.92	1.7702883818148596
16.93	1.5828827603460962
16.94	1.7019714922561666
16.95	1.1089756622591613
16.96	0.636774934774772
16.97	1.9066756149840614
16.98	0.6661194879505568
16.99	0.7780259845633513
17.0	2.4689537693744104
17.01	1.6946633953366004
17.02	1.684339185009618
17.03	1.8851356294290351
17.04	2.5934683429980274
17.05	1.9727075043813314
17.06	1.8135097121501018
17.07	1.2876543878049316
17.08	1.7517665592136404
17.09	2.071938173205136
17.1	1.6230428278796492
17.11	1.0933524529855756
17.12	1.871202178475422
17.13	1.9029663207844787
17.14	1.7580597600187555
17.15	2.1030135049307916
17.16	1.7819853744863814
17.17	2.164703850349876
17.18	1.6949080606271612
17.19	2.211053898961356
17.2	1.9616078152050727
17.21	1.6604047201685261
17.22	1.7873872184672832
17.23	2.6881022845517406
17.24	2.672815593954599
17.25	2.0670493472089686
17.26	2.317453055871163
17.27	1.8465772894299897
17.28	2.094379817449627
17.29	2.346948781951634
17.3	2.26213160848944
17.31	2.490075376977085
17.32	1.9988605543662397
17.33	2.256685366259858
17.34	3.2876645670515967
17.35	1.7824122657391257
17.36	2.014670666171728
17.37	2.3309621204357063
17.38	2.555805569655461
17.39	2.2296199430194306
17.4	2.3178208700593634
17.41	3.6579793500637496
17.42	1.9740095614870206
17.43	3.194275452189503
17.44	3.4972861680917107
17.45	2.9513521925060777
17.46	2.5650967065836943
17.47	1.837924000638119
17.48	3.310059947398239
17.49	3.6909628924564974
17.5	3.7083464573871296
17.51	3.5590347011172154
17.52	3.0381850289301586
17.53	3.05056257245436
17.54	4.029096102604378
17.55	3.4919288058305686
17.56	3.414981225863334
17.57	2.8825244663695773
17.58	3.948035453304069
17.59	3.7083706670508985
17.6	3.1130082987859913
17.61	3.6182557062644927
17.62	2.831678817944871
17.63	3.8768920864068592
17.64	3.4504347382724276
17.65	4.191057516587395
17.66	3.6054082140073467
17.67	2.486261742396315
17.68	3.785944559812307
17.69	3.9759590919604557
17.7	3.5274756590593164
17.71	4.782413481876938
17.72	3.1988930963129976
17.73	4.028394752242514
17.74	3.538381962381577
17.75	4.429624370438782
17.76	4.2439732458380774
17.77	4.209196891664505
17.78	3.5260033063408045
17.79	4.1158444964757726
17.8	3.2573156181181755
17.81	3.5972812557973946
17.82	3.15075531620989
17.83	3.975256145433892
17.84	3.227699782193521
17.85	4.449452781208177
17.86	5.078049529471636
17.87	3.4027417593809846
17.88	4.356328167026989
17.89	4.088133500692871
17.9	3.5346612209223127
17.91	5.300146199065541
17.92	4.661081894262366
17.93	4.227670270344588
17.94	4.041066158471886
17.95	4.355527017293197
17.96	4.9423302524481505
17.97	3.8296338146382345
17.98	4.310854661186331
17.99	4.720902174550188
18.0	3.885331664867304
18.01	4.025241842863544
18.02	4.270386703630201
18.03	5.105789025640097
18.04	4.504636071364041
18.05	5.052046717129533
18.06	4.333183692670464
18.07	5.588486718756681
18.08	4.629145026295456
18.09	5.491809639842753
18.1	4.631134905747783
18.11	4.843559270981714
18.12	3.87801804951728
18.13	5.567165841409576
18.14	4.502717958246608
18.15	5.631272163174928
18.16	4.487376286766338
18.17	4.869307543931355
18.18	5.285303243992854
18.19	4.958096935118933
18.2	4.660439439481583
18.21	4.852638837495015
18.22	4.770822605022511
18.23	4.286155589422842
18.24	4.0427479366342745
18.25	4.312183441411248
18.26	4.393896629420324
18.27	4.376171751614003
18.28	4.050815987639442
18.29	4.157380286009824
18.3	4.908934651238501
18.31	4.1797744720616405
18.32	4.000663147968919
18.33	3.453471724601028
18.34	3.414832499554061
18.35	4.611498824648874
18.36	3.8132055912294986
18.37	4.053997932731596
18.38	3.946957017936469
18.39	4.570983397396531
18.4	4.443409658009253
18.41	1.7963070448608538
18.42	2.8571502533777826
18.43	3.060409627811896
18.44	3.3576120888748724
18.45	3.4946224416819414
18.46	3.286580755727138
18.47	4.0184143345510615
18.48	4.165429271481473
18.49	3.6959033878322067
18.5	3.2860529639171383
18.51	2.0620583196028814
18.52	3.0485352243913013
18.53	3.8068173711873157
18.54	4.172527548201938
18.55	3.807142298974961
18.56	2.6791927849933077
18.57	2.1650561708475147
18.58	2.667398861607613
18.59	2.305743625835814
18.6	3.06327294949415
18.61	2.6645229287849586
18.62	2.3132703830318864
18.63	2.931213412641271
18.64	2.699749621518446
18.65	3.5316051076474815
18.66	2.0291503640221578
18.67	2.6506205761800268
18.68	3.1046650169116834
18.69	3.38874004546239
18.7	2.314954875315395
18.71	2.8368116799930405
18.72	2.7749008851129293
18.73	1.7830593194100226
18.74	3.3611518635096234
18.75	2.5868137867083454
18.76	3.212538827739629
18.77	2.959154979820296
18.78	1.8522926798395556
18.79	2.2983901641325737
18.8	2.6471676135733664
18.81	2.561051238850555
18.82	2.1612499319094294
18.83	3.188644549156985
18.84	2.7097105337969616
18.85	2.0030575342192827
18.86	3.052418007832863
18.87	2.0137533209684007
18.88	3.062376408352064
18.89	2.4373565021963146
18.9	2.246006463066656
18.91	2.0937302051812035
18.92	2.1622732107735914
18.93	1.9128326380855456
18.94	2.279041103333025
18.95	2.064295870837056
18.96	3.257190768471571
18.97	2.874923411803133
18.98	2.2060333966727335
18.99	2.9350215683239944
19.0	2.988152422098214
19.01	2.2674055283187555
19.02	2.067800184557708
19.03	2.57733510951484
19.04	2.313948746980893
19.05	2.288545589923582
19.06	3.6122168408241127
19.07	2.537677235276493
19.08	2.8764484764610034
19.09	1.8495140064086042
19.1	2.729483007310227
19.11	2.2934693495737597
19.12	2.8861834106033033
19.13	2.55777521205595
19.14	2.4941896435528363
19.15	2.9522054169923093
19.16	2.3714647032808647
19.17	2.5953737034923083
19.18	2.8840913478476837
19.19	2.6250937080763013
19.2	2.403370572234809
19.21	2.9916654514650336
19.22	2.2255110746843503
19.23	2.9078362325902036
19.24	2.4778394150775247
19.25	2.2372532642276166
19.26	3.2236535896747727
19.27	2.004984567264204
19.28	2.7710734395689784
19.29	2.6707891619233703
19.3	2.5823663722439743
19.31	2.76061886324979
19.32	2.6325778975765664
19.33	2.0655476456617743
19.34	2.578716747466078
19.35	2.8249207092660744
19.36	1.6279401619331386
19.37	3.0979524353165933
19.38	2.585679554522886
19.39	1.7482561641889895
19.4	2.029206067365355
19.41	2.212580727615874
19.42	1.9455793433408206
19.43	2.7562261071022833
19.44	3.232562523667146
19.45	2.9792959439201683
19.46	3.7954073881201387
19.47	2.875821845755595
19.48	3.0587536709496903
19.49	4.609824632041378
19.5	2.85690547976262
19.51	3.0882873232180286
19.52	4.386903872666421
19.53	3.2527907867167594
19.54	3.2336969004376943
19.55	3.063424752019165
19.56	2.9732185938328684
19.57	3.0818582137582284
19.58	3.268822471367798
19.59	2.907835723190146
19.6	3.3867194915344334
19.61	3.6282104603590746
19.62	2.965737469046213
19.63	3.1912584425650503
19.64	2.1501943304044184
19.65	3.424902437685646
19.66	3.206605663866698
19.67	2.798001484987261
19.68	4.235213236296249
19.69	3.9225386481276527
19.7	2.857572051008672
19.71	3.8500682674863835
19.72	4.210958239805251
19.73	3.8248610176972604
19.74	3.431846747173957
19.75	3.6793351723904486
19.76	4.305230960837551
19.77	4.3480773233268515
19.78	3.1288435434462643
19.79	2.4539383848920844
19.8	3.517711499678249
19.81	3.142544979622982
19.82	3.269092433104306
19.83	3.4839369348996136
19.84	4.052694497017896
19.85	3.9018512765679803
19.86	3.516579675405798
19.87	3.9501120544101824
19.88	3.4401412597080085
19.89	4.7221768235744905
19.9	3.1048981523429977
19.91	2.879106782806791
19.92	4.374859665201161
19.93	3.7824600217955893
19.94	3.0573482811085935
19.95	3.310552047896727
19.96	4.322892087411376
19.97	4.110554806092009
19.98	3.308656445731124
19.99	3.9312370405273054
20.0	3.958868298656644
