1.968503937	-96.2032035272097
1.970472441	-81.0370201264938
1.972440945	-72.28490359421089
1.974409449	-85.55715113636577
1.976377953	-105.93169051075621
1.978346457	-109.9564308045892
1.980314961	-90.70913747565596
1.982283465	-72.84032002734516
1.984251969	-74.10255599204343
1.986220472	-86.71078697416463
1.988188976	-89.28986368282179
1.99015748	-74.1967234112123
1.992125984	-54.7250533632208
1.994094488	-51.79553960207558
1.996062992	-66.2617770625993
1.998031496	-78.51712879314101
2.0	-77.29527346893911
2.001968504	-65.07128981757877
2.003937008	-60.187854437211946
2.005905512	-72.70519991312189
2.007874016	-89.20728527638627
2.00984252	-91.73518699696733
2.011811024	-78.79767680046747
2.013779528	-64.59998456896341
2.015748031	-64.39853243192668
2.017716535	-69.77343556248276
2.019685039	-74.98976366412356
2.021653543	-75.07574942494647
2.023622047	-83.66898023794683
2.025590551	-99.23688182759561
2.027559055	-109.47261808191799
2.029527559	-100.69052959348198
2.031496063	-80.22973250874452
2.033464567	-75.94855595554918
2.035433071	-92.82698135481199
2.037401575	-116.57238423892116
2.039370079	-116.55046628470646
2.041338583	-94.08176813723446
2.043307087	-72.98745838330709
2.045275591	-75.70747799861032
2.047244094	-99.15867413418047
2.049212598	-113.30148567337935
2.051181102	-105.38998279144721
2.053149606	-86.4811259733185
2.05511811	-78.37671663376926
2.057086614	-89.88776319552525
2.059055118	-103.1122461553876
2.061023622	-106.66523920293821
2.062992126	-99.67291598498296
2.06496063	-95.43496052997631
2.066929134	-96.0365208634756
2.068897638	-98.19056176040621
2.070866142	-96.82334514883298
2.072834646	-100.45627178144134
2.07480315	-108.7591753941047
2.076771654	-112.63375638794295
2.078740157	-99.70532009755172
2.080708661	-75.78943869287787
2.082677165	-63.4373528390426
2.084645669	-79.63353515662197
2.086614173	-105.31512882370191
2.088582677	-112.51501325598218
2.090551181	-92.44052818371928
2.092519685	-73.45551624853633
2.094488189	-84.70764442327581
2.096456693	-119.97752458617879
2.098425197	-146.18227716456605
2.100393701	-143.53176162745532
2.102362205	-122.9128200612661
2.104330709	-111.08245012468836
2.106299213	-116.06027548951025
2.108267717	-119.62024869225986
2.11023622	-109.32667943322281
2.112204724	-91.04092865656654
2.114173228	-85.43921773293762
2.116141732	-95.2865535485857
2.118110236	-108.77773439330831
2.12007874	-116.90100766289551
2.122047244	-116.96786307498667
2.124015748	-111.36021387659443
2.125984252	-104.02207080170018
2.127952756	-102.69760751661458
2.12992126	-113.34351805250795
2.131889764	-129.37059869519717
2.133858268	-136.15845815661743
2.135826772	-125.33632114116752
2.137795276	-103.0292303942471
2.13976378	-94.30682509335111
2.141732283	-108.57311616905223
2.143700787	-134.16894757738467
2.145669291	-143.83247680572208
2.147637795	-125.96684721519274
2.149606299	-99.23701346463234
2.151574803	-90.99198596011257
2.153543307	-102.85878991625901
2.155511811	-116.79846908735391
2.157480315	-107.39119942739502
2.159448819	-77.16596466037616
2.161417323	-55.3238477727688
2.163385827	-65.22690217087938
2.165354331	-99.33138839491663
2.167322835	-125.85292943881849
2.169291339	-122.14243091165719
2.171259843	-100.71724500255408
2.173228346	-88.43106435735872
2.17519685	-105.03554324418404
2.177165354	-136.0728473200934
2.179133858	-155.40895570419192
2.181102362	-148.08359525993953
2.183070866	-129.28620645581407
2.18503937	-120.8218485726354
2.187007874	-131.69078841403802
2.188976378	-142.60466208601366
2.190944882	-131.8166462366126
2.192913386	-103.50827442979877
2.19488189	-79.27493010038404
2.196850394	-78.55332820014567
2.198818898	-98.0345998667637
2.200787402	-112.64754939615428
2.202755906	-110.29098521256329
2.204724409	-102.427798100505
2.206692913	-109.49963897945891
2.208661417	-132.51240342672378
2.210629921	-153.16071194142378
2.212598425	-156.6109097350252
2.214566929	-139.6452706924199
2.216535433	-123.52663049783926
2.218503937	-126.1942754867122
2.220472441	-142.64465615283237
2.222440945	-153.4504234052711
2.224409449	-144.98917983877573
2.226377953	-130.5775763880098
2.228346457	-123.54299303413866
2.230314961	-131.47796783746986
2.232283465	-139.2413387360649
2.234251969	-134.82708962899525
2.236220472	-119.04032195268886
2.238188976	-107.88661728803184
2.24015748	-109.13665068420649
2.242125984	-117.14623514803776
2.244094488	-122.60780523413959
2.246062992	-125.34936869660199
2.248031496	-129.08573975525871
2.25	-134.46896143296706
2.251968504	-137.7275834663169
2.253937008	-133.3008701514649
2.255905512	-126.52197864025291
2.257874016	-127.29516574598009
2.25984252	-132.85852487297745
2.261811024	-136.48799079188592
2.263779528	-137.48592191191082
2.265748031	-135.37148010529106
2.267716535	-132.68506282382333
2.269685039	-130.07012251523088
2.271653543	-137.15537898463896
2.273622047	-150.08014266820925
2.275590551	-159.3987731996773
2.277559055	-152.8777362026546
2.279527559	-130.71490222316115
2.281496063	-112.146656761432
2.283464567	-117.64645300648719
2.285433071	-137.4828123855248
2.287401575	-146.3557611252455
2.289370079	-134.04687938044677
2.291338583	-110.47298538361899
2.293307087	-105.09242654502879
2.295275591	-125.23792537027471
2.297244094	-153.29958957113504
2.299212598	-167.567724981566
2.301181102	-163.61540423187876
2.303149606	-150.9326708498049
2.30511811	-143.70274088110324
2.307086614	-144.63318978960106
2.309055118	-152.30300368811956
2.311023622	-152.6357272639409
2.312992126	-138.09355901128862
2.31496063	-113.08846660110095
2.316929134	-104.19783799807168
2.318897638	-115.34604510084871
2.320866142	-138.56590119052186
2.322834646	-148.86366949152347
2.32480315	-145.60312148727104
2.326771654	-148.53629641850196
2.328740157	-164.87067940101153
2.330708661	-178.30138860247686
2.332677165	-170.16828467150503
2.334645669	-146.5602715051012
2.336614173	-137.54745496988144
2.338582677	-156.37422533416185
2.340551181	-180.32979670591754
2.342519685	-172.32680179683004
2.344488189	-135.27610587809826
2.346456693	-112.4814895664528
2.348425197	-135.67933978757355
2.350393701	-186.29728850360877
2.352362205	-210.86077345920833
2.354330709	-181.90682108195932
2.356299213	-142.2619261175373
2.358267717	-139.02214757560122
2.36023622	-175.03105325559483
2.362204724	-213.8379248930982
2.364173228	-215.3731299502448
2.366141732	-185.22729523247702
2.368110236	-162.9544389894018
2.37007874	-168.44621069447598
2.372047244	-190.8884233395594
2.374015748	-205.7268970531525
2.375984252	-211.64197363912967
2.377952756	-217.1364497626307
2.37992126	-218.59682777204796
2.381889764	-209.38645223458923
2.383858268	-189.02951335790848
2.385826772	-175.72769957265766
2.387795276	-183.58046248293434
2.38976378	-199.33782590166908
2.391732283	-204.77890465006476
2.393700787	-192.7568032374581
2.395669291	-180.16370238120592
2.397637795	-180.67774570349903
2.399606299	-188.8753450998746
2.401574803	-185.22318994523636
2.403543307	-164.61202051233207
2.405511811	-143.0829486816882
2.407480315	-135.84877411718995
2.409448819	-139.7357804591562
2.411417323	-138.79089532466884
2.413385827	-125.12504214264746
2.415354331	-102.90874220190626
2.417322835	-89.6292393114953
2.419291339	-98.61198629478969
2.421259843	-127.68059933291343
2.423228346	-154.4479650282803
2.42519685	-151.44096618890345
2.427165354	-117.31447207812631
2.429133858	-79.05326684482311
2.431102362	-74.21581147882536
2.433070866	-106.69366912836996
2.43503937	-135.0305555086472
2.437007874	-124.24689498447522
2.438976378	-88.59841830632189
2.440944882	-67.75192253872784
2.442913386	-92.52886315406502
2.44488189	-141.1958517744855
2.446850394	-173.62676680401253
2.448818898	-168.50093921125693
2.450787402	-142.37929641145448
2.452755906	-124.30945312158563
2.454724409	-125.42377999837767
2.456692913	-137.12871673636715
2.458661417	-141.42830622238841
2.460629921	-131.02286026232704
2.462598425	-111.49121791902172
2.464566929	-102.07745153769258
2.466535433	-119.41476191926499
2.468503937	-157.14053193782829
2.470472441	-192.0910500409804
2.472440945	-217.32431100235314
2.474409449	-249.00679820433774
2.476377953	-314.6949304894838
2.478346457	-404.4750798475762
2.480314961	-483.39855146977806
2.482283465	-524.2759382627336
2.484251969	-544.4271998065195
2.486220472	-578.5112555011851
2.488188976	-634.0957025120264
2.49015748	-675.5001078854596
2.492125984	-664.7395169946365
2.494094488	-608.4175193628345
2.496062992	-547.328532668262
2.498031496	-508.7510778395774
2.5	-469.0826425575517
2.501968504	-401.5923219992757
2.503937008	-304.79751904603364
2.505905512	-203.41858577777072
2.507874016	-126.37412545000949
2.50984252	-78.25449143215637
2.511811024	-46.425053626717414
2.513779528	-24.87993714240878
2.515748031	-11.242006695619711
2.517716535	-12.040412659055924
2.519685039	-20.49690349985442
2.521653543	-39.51554142915346
2.523622047	-60.050097492050355
2.525590551	-75.19263560050328
2.527559055	-75.27141494515938
2.529527559	-65.09476069587579
2.531496063	-58.71358619143097
2.533464567	-64.8009684493178
2.535433071	-71.15611773091285
2.537401575	-61.41352018776578
2.539370079	-37.91774309873571
2.541338583	-20.344041921501624
2.543307087	-31.913474422682956
2.545275591	-57.716961426446446
2.547244094	-68.28880657758216
2.549212598	-47.827154524655704
2.551181102	-20.89780621643152
2.553149606	-15.397267541096358
2.55511811	-38.458287908293755
2.557086614	-60.98296118630966
2.559055118	-55.26844821125275
2.561023622	-26.972586860589942
2.562992126	-8.66559021085497
2.56496063	-22.232450764070215
2.566929134	-53.898098216658504
2.568897638	-76.09087120175832
2.570866142	-73.10052743811687
2.572834646	-58.81401073338141
2.57480315	-58.35187232398298
2.576771654	-72.85249182259497
2.578740157	-84.58942683655086
2.580708661	-72.8540804340506
2.582677165	-46.92285327796308
2.584645669	-30.20803982652261
2.586614173	-38.783813829922835
2.588582677	-56.85802684195651
2.590551181	-65.54385068296567
2.592519685	-61.59623992061553
2.594488189	-55.95251268076691
2.596456693	-58.06337388280939
2.598425197	-69.24645549068389
2.600393701	-81.09802321416903
2.602362205	-93.20217262767122
2.604330709	-101.57073248697695
2.606299213	-104.88020643978847
2.608267717	-101.5244683679939
2.61023622	-98.64564541055151
2.612204724	-103.3069952725314
2.614173228	-108.55396775479593
2.616141732	-100.46344740483987
2.618110236	-79.5980520852808
2.62007874	-70.5716187954391
2.622047244	-90.064878833552
2.624015748	-127.96890918475262
2.625984252	-142.50765622161842
2.627952756	-117.88546196317114
2.62992126	-80.53416563280882
2.631889764	-70.88029317747387
2.633858268	-107.73413483739778
2.635826772	-155.90158473331303
2.637795276	-172.78304631150905
2.63976378	-151.96822125915676
2.641732283	-115.61020328240815
2.643700787	-97.80432941738884
2.645669291	-112.96040664529484
2.647637795	-145.11691507817252
2.649606299	-170.53771433620128
2.651574803	-173.83122227576584
2.653543307	-155.16075860581876
2.655511811	-129.70292588474925
2.657480315	-119.33222505252184
2.659448819	-129.69600590054392
2.661417323	-156.29037867959696
2.663385827	-171.2291408774552
2.665354331	-167.41371691836673
2.667322835	-154.91593262738536
2.669291339	-146.11489591525051
2.671259843	-149.53900399675484
2.673228346	-159.16326912138493
2.67519685	-171.0254466282306
2.677165354	-177.03939487811525
2.679133858	-179.44496568067657
2.681102362	-187.79266163654916
2.683070866	-200.89099403731467
2.68503937	-219.92843982889516
2.687007874	-228.09750934882254
2.688976378	-219.3205078095985
2.690944882	-194.93756263358665
2.692913386	-179.89150437459543
2.69488189	-184.74099156940812
2.696850394	-205.38523331733188
2.698818898	-214.19884132113555
2.700787402	-199.41718019046098
2.702755906	-174.7854312440921
2.704724409	-171.74439347155243
2.706692913	-198.95734041131186
2.708661417	-236.58943418998425
2.710629921	-259.9160830894583
2.712598425	-264.4172546072405
2.714566929	-265.1884474404662
2.716535433	-269.2568607050257
2.718503937	-268.28486495231357
2.720472441	-251.97992828338147
2.722440945	-231.62078012621623
2.724409449	-221.9477961616534
2.726377953	-231.31826330052456
2.728346457	-246.0285881661136
2.730314961	-245.55735468403148
2.732283465	-232.66064832699965
2.734251969	-224.56312116144983
2.736220472	-234.73712953638636
2.738188976	-254.13932425146353
2.74015748	-270.3287617848524
2.742125984	-275.71331191297054
2.744094488	-270.22894321003054
2.746062992	-261.20729246269997
2.748031496	-251.10907307237125
2.75	-243.30010307882443
2.751968504	-239.8781314800565
2.753937008	-240.22078768002993
2.755905512	-242.25941166360226
2.757874016	-240.3241865733299
2.75984252	-233.89874300957499
2.761811024	-229.39859866140435
2.763779528	-229.44667055642063
2.765748031	-230.96919568866483
2.767716535	-227.5724568062966
2.769685039	-215.78222414791796
2.771653543	-202.78478961017126
2.773622047	-195.7106514798684
2.775590551	-196.44019957944195
2.777559055	-195.08802524984418
2.779527559	-181.54547080567133
2.781496063	-156.8696196747435
2.783464567	-135.33224375726468
2.785433071	-134.78006703040958
2.787401575	-152.65011322999004
2.789370079	-163.9092168043486
2.791338583	-147.75111000597323
2.793307087	-110.16778076511363
2.795275591	-81.07823086646653
2.797244094	-79.81069743013644
2.799212598	-97.3045413408701
2.801181102	-103.5222121061839
2.803149606	-86.35628113861574
2.80511811	-60.40348055887833
2.807086614	-50.658755411753326
2.809055118	-64.7491436883966
2.811023622	-82.5120228875771
2.812992126	-77.41842110184734
2.81496063	-55.21663840817113
2.816929134	-40.84274827806488
2.818897638	-55.906762569383424
2.820866142	-88.04677448023149
2.822834646	-110.36615568428934
2.82480315	-101.8499065682357
2.826771654	-74.00211022776884
2.828740157	-60.377708301961576
2.830708661	-70.92825544813327
2.832677165	-95.83885278783238
2.834645669	-107.75187101859905
2.836614173	-95.53222305174698
2.838582677	-71.39276453284805
2.840551181	-55.52154360834155
2.842519685	-60.88398754001822
2.844488189	-74.70022432994416
2.846456693	-87.60849270417515
2.848425197	-88.6421485565523
2.850393701	-85.74989022862368
2.852362205	-83.99358493568475
2.854330709	-83.52585477254418
2.856299213	-80.73391148431601
2.858267717	-76.268455600115
2.86023622	-70.15397878071066
2.862204724	-70.61145377248295
2.864173228	-76.44485956040734
2.866141732	-83.85546100475068
2.868110236	-89.6887997227912
2.87007874	-95.67976580476959
2.872047244	-99.06783023486736
2.874015748	-96.90476734571916
2.875984252	-98.74417347969737
2.877952756	-110.85178598808547
2.87992126	-127.79801771825502
2.881889764	-137.32869617772252
2.883858268	-127.89096633304851
2.885826772	-105.35557207145695
2.887795276	-88.3609621096644
2.88976378	-87.10325777713453
2.891732283	-98.27427885140277
2.893700787	-103.85153334094993
2.895669291	-100.85357002843594
2.897637795	-96.84178837926781
2.899606299	-99.99160529121383
2.901574803	-113.35930207068544
2.903543307	-127.9514018171865
2.905511811	-136.07918881887684
2.907480315	-136.60720108097075
2.909448819	-128.60557440140337
2.911417323	-116.0078875009144
2.913385827	-111.2943346110719
2.915354331	-120.83283787880023
2.917322835	-137.15810016211296
2.919291339	-142.86078755373993
2.921259843	-126.7062252764572
2.923228346	-104.9982412796048
2.92519685	-100.56788892110573
2.927165354	-119.18589996621941
2.929133858	-137.89976109891853
2.931102362	-133.429731969365
2.933070866	-108.31960946164455
2.93503937	-89.81270373978936
2.937007874	-91.46358359622242
2.938976378	-101.97624618453365
2.940944882	-106.39535357260546
2.942913386	-108.25871598728709
2.94488189	-118.31788352202786
2.946850394	-133.8793394709952
2.948818898	-134.1331499493884
2.950787402	-114.73187121175002
2.952755906	-95.63583639068229
2.954724409	-105.77431795115673
2.956692913	-137.32444761571767
2.958661417	-154.1195780186552
2.960629921	-136.30417536504433
2.962598425	-104.46602275057602
2.964566929	-94.51815488806798
2.966535433	-108.78412789726684
2.968503937	-126.05941044277863
2.970472441	-124.01255589581045
2.972440945	-113.59711566612081
2.974409449	-110.76893709170145
2.976377953	-112.80115527832896
2.978346457	-102.44897323154494
2.980314961	-84.67848869905237
2.982283465	-85.65974711905002
2.984251969	-116.76787554135964
2.986220472	-154.81183865556136
2.988188976	-162.62511243624735
2.99015748	-137.85264174904282
2.992125984	-114.3586184705323
2.994094488	-120.47372330697696
2.996062992	-147.49772548792046
2.998031496	-159.45073125915928
3.0	-138.84189438038345
3.001968504	-104.14989412469764
3.003937008	-85.87542604504668
3.005905512	-94.36429294364586
3.007874016	-110.87116910996373
3.00984252	-118.48602366922069
3.011811024	-117.85757333279038
3.013779528	-116.77902162144301
3.015748031	-119.09358587671329
3.017716535	-119.43770652346002
3.019685039	-118.99948292306358
3.021653543	-116.3056643539449
3.023622047	-115.8701781565566
3.025590551	-121.21763179403447
3.027559055	-124.02591383966633
3.029527559	-124.04457988458151
3.031496063	-121.19215572492692
3.033464567	-118.00938769829672
3.035433071	-118.2544779358064
3.037401575	-120.61265575008277
3.039370079	-124.84909559387343
3.041338583	-122.76104678743467
3.043307087	-115.61405197088921
3.045275591	-108.9354394402579
3.047244094	-105.87423647598008
3.049212598	-106.5989079527953
3.051181102	-105.56007561162028
3.053149606	-102.9547999299237
3.05511811	-107.22689504720023
3.057086614	-118.38950168084426
3.059055118	-134.8207379990492
3.061023622	-138.12758730285253
3.062992126	-124.607307289601
3.06496063	-112.25841852097179
3.066929134	-117.35112536300151
3.068897638	-133.94411555209825
3.070866142	-140.84243902355487
3.072834646	-126.34179176118988
3.07480315	-105.42099137686786
3.076771654	-106.21922982128594
3.078740157	-129.55326598804152
3.080708661	-150.9794601542686
3.082677165	-156.16899556370166
3.084645669	-144.35063026933662
3.086614173	-131.82284534109775
3.088582677	-123.40196679382348
3.090551181	-115.64405220088346
3.092519685	-108.11076368097096
3.094488189	-112.64977410101433
3.096456693	-127.59135875251671
3.098425197	-136.17387337882187
3.100393701	-126.32769645837004
3.102362205	-107.12139586704548
3.104330709	-108.1736230233465
3.106299213	-138.23115718954702
3.108267717	-176.82975125333584
3.11023622	-184.76943868618096
3.112204724	-156.36077474536026
3.114173228	-121.4967924393648
3.116141732	-107.83890457185
3.118110236	-120.56158665952205
3.12007874	-134.5092800064304
3.122047244	-133.58898018287977
3.124015748	-126.7496419045615
3.125984252	-130.9409284349232
3.127952756	-149.96559703925487
3.12992126	-171.88670683933572
3.131889764	-182.70892089802234
3.133858268	-183.51081278641485
3.135826772	-186.36793721475038
3.137795276	-196.98503673200779
3.13976378	-204.822784763567
3.141732283	-200.59060430394493
3.143700787	-181.14506510770087
3.145669291	-158.79163452032208
3.147637795	-151.0650881035978
3.149606299	-169.06382513442898
3.151574803	-190.1485385832939
3.153543307	-196.33723594512156
3.155511811	-176.80877594132224
3.157480315	-158.55139694905847
3.159448819	-161.22033506659622
3.161417323	-180.98506580820583
3.163385827	-188.07079475006952
3.165354331	-165.58695002562575
3.167322835	-132.33913352710582
3.169291339	-119.25296597906025
3.171259843	-131.11278350840917
3.173228346	-144.3643392016428
3.17519685	-135.7821396376779
3.177165354	-105.77868116816663
3.179133858	-83.895987910355
3.181102362	-85.13362302745877
3.183070866	-99.28512503040443
3.18503937	-102.44276087987485
3.187007874	-90.32761952663797
3.188976378	-76.14515487665922
3.190944882	-74.93945345577929
3.192913386	-85.79175601705936
3.19488189	-93.96776839984464
3.196850394	-94.15997786680657
3.198818898	-92.36401958259734
3.200787402	-100.78269318558786
3.202755906	-120.75462220961295
3.204724409	-131.5176812638325
3.206692913	-120.2810735229986
3.208661417	-94.30862399889381
3.210629921	-82.83651474810952
3.212598425	-101.31661570379536
3.214566929	-127.04236043231532
3.216535433	-130.93419734119934
3.218503937	-109.34633157075648
3.220472441	-89.40055795650508
3.222440945	-101.0196302050686
3.224409449	-132.9747029357018
3.226377953	-152.47619095001525
3.228346457	-143.6031162203783
3.230314961	-125.9165119815285
3.232283465	-131.9853213524153
3.234251969	-168.01099428517395
3.236220472	-214.79547160529881
3.238188976	-256.5714772495021
3.24015748	-295.1964452425302
3.242125984	-342.5538204923369
3.244094488	-407.9980515693061
3.246062992	-478.0337714271369
3.248031496	-536.9884725309573
3.25	-573.7452983696769
3.251968504	-594.2593147332052
3.253937008	-599.6091889656215
3.255905512	-592.1929979930069
3.257874016	-570.8357708602362
3.25984252	-527.0989674680937
3.261811024	-464.9423969685613
3.263779528	-387.0933513963907
3.265748031	-306.01865684327277
3.267716535	-229.1573723037713
3.269685039	-157.8589716566742
3.271653543	-94.79210201321311
3.273622047	-44.16216895120536
3.275590551	-10.464548116621392
3.277559055	-0.23106078748162395
3.279527559	-2.449741300473552
3.281496063	-11.022293427493556
3.283464567	-20.308021519110028
3.285433071	-39.190503753581766
3.287401575	-69.33353608523156
3.289370079	-93.52551743683972
3.291338583	-95.03677456345477
3.293307087	-73.08127793043792
3.295275591	-57.46980890814923
3.297244094	-68.99483670354215
3.299212598	-90.26656290877246
3.301181102	-84.19816450963339
3.303149606	-50.55266538599325
3.30511811	-19.411322511698355
3.307086614	-22.98368264721805
3.309055118	-51.81312527287334
3.311023622	-72.48691089243438
3.312992126	-69.91273629832082
3.31496063	-57.29972621314505
3.316929134	-55.501445577798975
3.318897638	-62.00614834031202
3.320866142	-60.08015512172527
3.322834646	-52.894613591339976
3.32480315	-57.72022339821655
3.326771654	-77.95710666824672
3.328740157	-96.76429120595273
3.330708661	-93.15904619646082
3.332677165	-76.3623679704849
3.334645669	-71.17351783012907
3.336614173	-89.50552844779924
3.338582677	-111.98524191718035
3.340551181	-116.41044560306362
3.342519685	-97.98980401750738
3.344488189	-73.49923090052617
3.346456693	-63.09647206916444
3.348425197	-72.33629618875854
3.350393701	-89.37629084753429
3.352362205	-103.78613613445766
3.354330709	-105.75000598670073
3.356299213	-90.85308157109316
3.358267717	-77.57874739011586
3.36023622	-79.52760547016776
3.362204724	-105.00583780075097
3.364173228	-132.07109562290952
3.366141732	-133.21019206249147
3.368110236	-111.78061005148926
3.37007874	-90.99572141856748
3.372047244	-96.77415924114588
3.374015748	-123.98581616170738
3.375984252	-141.57251078490884
3.377952756	-128.12615094643175
3.37992126	-104.80616990190242
3.381889764	-96.9656252297679
3.383858268	-115.87254809833718
3.385826772	-139.1912896062686
3.387795276	-143.90871680038794
3.38976378	-133.9688092144046
3.391732283	-126.64598542923761
3.393700787	-126.58101288807597
3.395669291	-129.68387221174333
3.397637795	-131.4652182463029
3.399606299	-134.1815931965149
3.401574803	-144.17537161557215
3.403543307	-155.61913314657082
3.405511811	-159.17155623387748
3.407480315	-155.52203051926278
3.409448819	-158.5372376422377
3.411417323	-165.927187659192
3.413385827	-169.28077426886094
3.415354331	-160.98985364036486
3.417322835	-155.97451468934426
3.419291339	-166.70737748202336
3.421259843	-188.5629084966027
3.423228346	-190.50364456771177
3.42519685	-171.9257993096749
3.427165354	-155.36397682720116
3.429133858	-169.7190972441468
3.431102362	-206.87140963965035
3.433070866	-227.81268943737464
3.43503937	-212.53940267204732
3.437007874	-178.26877353561588
3.438976378	-163.85962789959564
3.440944882	-181.16804787344947
3.442913386	-209.1377150647177
3.44488189	-220.8395389656182
3.446850394	-213.7066311937109
3.448818898	-205.7175501439817
3.450787402	-207.11685423726038
3.452755906	-210.83271404024117
3.454724409	-208.5972185571307
3.456692913	-211.47802111969423
3.458661417	-222.72463930235935
3.460629921	-238.66200198600646
3.462598425	-242.1325021575774
3.464566929	-231.0405985243406
3.466535433	-220.53576385308352
3.468503937	-227.6859988531025
3.470472441	-246.66487708287104
3.472440945	-260.1771484908095
3.474409449	-255.99274495444925
3.476377953	-240.49673197898173
3.478346457	-233.36236628399766
3.480314961	-241.81460253272846
3.482283465	-252.65446260049129
3.484251969	-253.24254301948596
3.486220472	-245.95296528733203
3.488188976	-241.7995977459354
3.49015748	-245.5012189700583
3.492125984	-255.49756590487902
3.494094488	-262.0479090345901
3.496062992	-259.47985765751537
3.498031496	-254.17005903948402
3.5	-251.06106464740387
3.501968504	-254.83041808052585
3.503937008	-261.4664213707694
3.505905512	-269.5202334351241
3.507874016	-270.9358463423066
3.50984252	-264.1553438124077
3.511811024	-250.7968092839484
3.513779528	-239.44867408198158
3.515748031	-238.96028578397664
3.517716535	-245.0970944748277
3.519685039	-248.86747844483313
3.521653543	-244.73506829513153
3.523622047	-233.46743354944655
3.525590551	-223.7685692103166
3.527559055	-224.44577367067916
3.529527559	-230.15756803464663
3.531496063	-230.44342500998516
3.533464567	-219.38286989263867
3.535433071	-198.5045211141517
3.537401575	-176.68355930261652
3.539370079	-164.89366898857233
3.541338583	-161.91647834905552
3.543307087	-155.41791465977295
3.545275591	-142.45276724583675
3.547244094	-122.67716426509222
3.549212598	-109.74445963263078
3.551181102	-109.73381418673948
3.553149606	-113.80217112469693
3.55511811	-112.18995776208543
3.557086614	-103.63185198161685
3.559055118	-100.06038249003262
3.561023622	-102.35470415683584
3.562992126	-104.15835720808326
3.56496063	-95.69614638669067
3.566929134	-77.99160134114548
3.568897638	-63.537753100660005
3.570866142	-58.319193524440706
3.572834646	-60.74158872270866
3.57480315	-60.22389481721494
3.576771654	-52.91616527830607
3.578740157	-42.684273436254735
3.580708661	-37.0587164735676
3.582677165	-39.37746666177412
3.584645669	-49.876172178173974
3.586614173	-60.28319758519652
3.588582677	-62.34694262952316
3.590551181	-48.23857575646069
3.592519685	-31.08101186189577
3.594488189	-26.913788248734818
3.596456693	-42.9243309865676
3.598425197	-67.14412241084592
3.600393701	-75.36618940267846
3.602362205	-63.294547166611515
3.604330709	-50.17293159296802
3.606299213	-57.17140095777254
3.608267717	-83.76450291641441
3.61023622	-109.05598670865739
3.612204724	-108.61112325568594
3.614173228	-85.90771105034784
3.616141732	-65.08282820403048
3.618110236	-62.89162737661629
3.62007874	-73.43334189175359
3.622047244	-77.26775643991336
3.624015748	-64.10432699792442
3.625984252	-44.917110671968295
3.627952756	-44.97867532937077
3.62992126	-62.11322966214557
3.631889764	-80.60592431458679
3.633858268	-84.49159463873166
3.635826772	-78.7995295537409
3.637795276	-82.67732374109593
3.63976378	-102.0764172223529
3.641732283	-122.05624150300541
3.643700787	-122.02777853364583
3.645669291	-102.49129146617004
3.647637795	-82.34672530746711
3.649606299	-80.62687359669596
3.651574803	-93.7417792514732
3.653543307	-99.91514278664451
3.655511811	-92.67575970716123
3.657480315	-84.1245494986367
3.659448819	-90.59394193056276
3.661417323	-111.1551257359368
3.663385827	-125.88263821625151
3.665354331	-117.62049782974489
3.667322835	-98.85333131038384
3.669291339	-95.25273293489957
3.671259843	-114.6638334811142
3.673228346	-136.9950575440098
3.67519685	-134.6253933542303
3.677165354	-103.59842195117223
3.679133858	-78.01624186389361
3.681102362	-84.42560378321816
3.683070866	-117.52469482474716
3.68503937	-143.2235357269587
3.687007874	-144.66617694383754
3.688976378	-128.39546804596873
3.690944882	-114.27197190099461
3.692913386	-112.33491816426069
3.69488189	-116.87962991405095
3.696850394	-122.38000533904867
3.698818898	-125.38465854937988
3.700787402	-124.80775668475842
3.702755906	-115.39237966583504
3.704724409	-99.24370875502203
3.706692913	-88.59537072628379
3.708661417	-102.32280354153721
3.710629921	-128.14489931513702
3.712598425	-145.9831968536541
3.714566929	-138.27169098617026
3.716535433	-113.82420924374652
3.718503937	-99.74064093010166
3.720472441	-106.38805801920245
3.722440945	-122.83416924552547
3.724409449	-131.02205090888683
3.726377953	-126.52119524723635
3.728346457	-120.50475464041769
3.730314961	-124.37870031990259
3.732283465	-130.20217590180837
3.734251969	-129.45156731120463
3.736220472	-127.6047637970399
3.738188976	-131.55878705736689
3.74015748	-140.04512383763043
3.742125984	-136.83077067646138
3.744094488	-120.12604593830316
3.746062992	-102.02223447358367
3.748031496	-100.18760239800336
3.75	-116.72071424608635
3.751968504	-128.99403815293797
3.753937008	-123.87594491233496
3.755905512	-111.34359922656493
3.757874016	-111.89354818582979
3.75984252	-126.952165617283
3.761811024	-137.6513526502006
3.763779528	-130.3384336087478
3.765748031	-115.88025775145405
3.767716535	-115.89498303896728
3.769685039	-123.89899831681846
3.771653543	-122.4698891499955
3.773622047	-110.01618414226373
3.775590551	-96.40090040274198
3.777559055	-97.82148901933631
3.779527559	-105.84880114666069
3.781496063	-105.28912183213275
3.783464567	-96.9008744916195
3.785433071	-95.22212831412476
3.787401575	-111.11729577279368
3.789370079	-130.46625747567808
3.791338583	-130.01088205041322
3.793307087	-113.48088714022282
3.795275591	-98.47157549988809
3.797244094	-103.30056066390624
3.799212598	-119.67690653664006
3.801181102	-126.13258029494897
3.803149606	-116.06727131690238
3.80511811	-100.67050166386083
3.807086614	-94.77170593975052
3.809055118	-99.21625695380554
3.811023622	-106.93377635426035
3.812992126	-110.45481493391792
3.81496063	-113.40723327759899
3.816929134	-118.64353738682847
3.818897638	-124.66090173471467
3.820866142	-127.6754193748842
3.822834646	-126.85470441792371
3.82480315	-121.86309545831605
3.826771654	-119.15854658311302
3.828740157	-119.36635112712368
3.830708661	-120.35154748993706
3.832677165	-121.03765678998776
3.834645669	-125.08764340273754
3.836614173	-129.47957775667223
3.838582677	-133.06396656976187
3.840551181	-134.25438117966416
3.842519685	-141.0966834815394
3.844488189	-157.1416086003101
3.846456693	-178.9772656484138
3.848425197	-192.3552943211736
3.850393701	-186.11243904529562
3.852362205	-163.6281294856761
3.854330709	-140.9683628916444
3.856299213	-127.74315225973585
3.858267717	-127.24771154028693
3.86023622	-133.792995453038
3.862204724	-139.79397087025956
3.864173228	-140.19095212682046
3.866141732	-137.22841216161092
3.868110236	-136.29273389285814
3.87007874	-144.11454879010415
3.872047244	-158.59189538073164
3.874015748	-175.1508335494577
3.875984252	-184.19222477645795
3.877952756	-187.87389492896364
3.87992126	-193.7289099392928
3.881889764	-201.77567263763515
3.883858268	-204.84370424175785
3.885826772	-196.82878281569714
3.887795276	-186.4469786572339
3.88976378	-190.38903801814504
3.891732283	-204.58208603084032
3.893700787	-208.55007654941917
3.895669291	-190.97224385465637
3.897637795	-164.73481407292488
3.899606299	-154.2827037141829
3.901574803	-162.65687007881138
3.903543307	-174.1015873900055
3.905511811	-165.9825107008868
3.907480315	-145.05090191693282
3.909448819	-122.58962503899889
3.911417323	-114.70000966391132
3.913385827	-115.27242559002607
3.915354331	-115.04778133309568
3.917322835	-110.9667587858521
3.919291339	-99.72978116583948
3.921259843	-88.44138191480985
3.923228346	-88.32039217722769
3.92519685	-103.14337086361867
3.927165354	-120.01356938896923
3.929133858	-121.02743418714853
3.931102362	-103.91585666569233
3.933070866	-87.19746241473227
3.93503937	-93.791215269606
