10.01	6.578985750380236
10.02	5.769745347173779
10.03	5.913249672041539
10.04	7.3444269248288885
10.05	6.824929876302593
10.06	7.912471004249118
10.07	8.566678377346292
10.08	9.529251161101858
10.09	8.925952468342482
10.1	10.31285591118601
10.11	10.838879167791806
10.12	11.276470216683371
10.13	11.740630596231494
10.14	13.160449276978653
10.15	12.962722528578425
10.16	13.698588169920228
10.17	14.789984166761393
10.18	13.74498789923973
10.19	14.984675846508365
10.2	15.297318059339782
10.21	16.185283955692977
10.22	16.333307928787935
10.23	17.05295849727
10.24	17.5690700547206
10.25	17.598486180612923
10.26	17.836697880216636
10.27	17.620705012467862
10.28	17.68666767598369
10.29	18.192261407162576
10.3	19.701994499798253
10.31	18.15941807198322
10.32	18.45217930068194
10.33	18.515784861166154
10.34	19.07115911569274
10.35	19.774797629963018
10.36	19.32672578385211
10.37	19.48502691603575
10.38	19.519286635066265
10.39	19.18275364656937
10.4	20.532771061386125
10.41	20.915066721608383
10.42	20.698362471417397
10.43	20.184917267056477
10.44	19.716695326345054
10.45	19.459029314718936
10.46	19.22429060769921
10.47	20.117990228966065
10.48	20.282483165750886
10.49	21.05751946328316
10.5	19.188643858929122
10.51	19.554353769574494
10.52	18.656117959560394
10.53	19.499585125828204
10.54	18.428846717971258
10.55	18.87893396711529
10.56	18.232738796682657
10.57	17.657110644411993
10.58	17.69301138533036
10.59	18.095416703720606
10.6	17.985507919371184
10.61	18.472037603813586
10.62	16.416983018095518
10.63	16.586053892472457
10.64	16.21778629486506
10.65	16.56491534243162
10.66	16.06196281402109
10.67	15.61337786141075
10.68	15.07251981588677
10.69	14.8189577895989
10.7	14.729211007636527
10.71	14.164111978273965
10.72	13.51885899819405
10.73	13.139961238852756
10.74	11.757217895636872
10.75	12.236439113159989
10.76	10.760897021384661
10.77	11.570615737521768
10.78	9.929451945030673
10.79	9.948967311671339
10.8	9.624665808260412
10.81	9.09218006988174
10.82	8.808738454986159
10.83	8.877986097295812
10.84	7.445326381375966
10.85	7.339708788161394
10.86	7.410706420515048
10.87	6.790762348566872
10.88	5.018769466672102
10.89	6.175245883806654
10.9	5.992394027436851
10.91	5.563472000855173
10.92	3.6294552936536584
10.93	4.380291013038521
10.94	3.310436542498277
10.95	3.872745784345368
10.96	3.2110177818494705
10.97	3.4634402685189736
10.98	3.2632751386744427
10.99	2.3338684737687463
11.0	2.981482654616161
11.01	2.2639531379586892
11.02	2.621832538586515
11.03	2.3603432601335257
11.04	2.744424206619466
11.05	2.4858492899101137
11.06	2.7738876274982016
11.07	1.597260092165036
11.08	1.4908751745063142
11.09	2.022589878545759
11.1	1.4120464150310503
11.11	1.8929999584099184
11.12	1.6715943974105565
11.13	2.525760739506126
11.14	1.9574816995901163
11.15	2.517978162281966
11.16	3.4342616384334845
11.17	3.3312813877314573
11.18	3.779438256849519
11.19	3.5624784382792143
11.2	3.814913164341954
11.21	5.664781653845176
11.22	5.236900981403883
11.23	5.511739310021304
11.24	6.494191072176599
11.25	6.267300636027302
11.26	7.58708699785415
11.27	8.74175367720916
11.28	8.379480770353624
11.29	8.837356604517753
11.3	9.54620112141945
11.31	11.414448594894344
11.32	10.000463624130255
11.33	11.993387131460768
11.34	12.053969541300702
11.35	13.38045585010619
11.36	13.170614473546138
11.37	14.168873916227671
11.38	15.524102938120402
11.39	14.411326116597788
11.4	15.41638389571138
11.41	15.876715927727085
11.42	16.47947909992944
11.43	17.048054697847366
11.44	17.863559888204573
11.45	17.280362451788648
11.46	17.986216195492027
11.47	18.181539963415464
11.48	19.78574972892412
11.49	19.719446451251397
11.5	19.611499555443224
11.51	21.028607993392292
11.52	20.061311344580872
11.53	21.1693050052036
11.54	20.370809956179443
11.55	21.512338462536935
11.56	20.793383809061943
11.57	21.37680379406708
11.58	21.714385526513777
11.59	22.027960763580737
11.6	21.035855956066015
11.61	22.183433698816735
11.62	21.172407793571214
11.63	20.31719684272357
11.64	21.175095892816937
11.65	19.833653933829527
11.66	19.92652630754999
11.67	20.97406149763267
11.68	18.80587792454095
11.69	19.492737011637676
11.7	19.374580114204516
11.71	17.875242687943594
11.72	18.169566478529756
11.73	17.52992955142659
11.74	18.52650892710688
11.75	16.737742636747722
11.76	15.747480802879785
11.77	16.075087952945076
11.78	15.188821605569855
11.79	15.302478555619007
11.8	14.775028849439378
11.81	14.063979043429242
11.82	13.260766435151313
11.83	12.09307178663965
11.84	12.984007227149961
11.85	11.344102597245694
11.86	10.830518301466736
11.87	10.486059571455286
11.88	9.995276533117414
11.89	9.269989718299609
11.9	7.7968533844855585
11.91	7.64421943730652
11.92	7.475889357441313
11.93	6.623074191648648
11.94	6.347872821954439
11.95	5.463966440027534
11.96	6.472981976778473
11.97	5.120744903667776
11.98	5.589213529532144
11.99	3.834777685367734
12.0	3.633262044541125
12.01	3.099026988133371
12.02	3.389765705292361
12.03	2.9240118601818677
12.04	2.558615159602117
12.05	3.0125888602920923
12.06	2.0802980510155873
12.07	1.9577719200474197
12.08	2.788214160094398
12.09	2.215266236209489
12.1	2.4859057176495134
12.11	1.853130804562502
12.12	2.70028616833208
12.13	1.823638787487993
12.14	2.3416822876361487
12.15	1.1991261118192844
12.16	1.7697370526123968
12.17	1.330575023643565
12.18	2.357616566299344
12.19	2.226327963265348
12.2	2.053577225272407
12.21	2.2920697299963773
12.22	2.564749513286808
12.23	3.550942539091069
12.24	3.1436130523764905
12.25	3.6462629752192806
12.26	3.329050660487471
12.27	4.005232686324501
12.28	4.647503022435856
12.29	4.903101514186831
12.3	5.457304067183172
12.31	5.072595920212924
12.32	6.118591949505404
12.33	6.226552340070423
12.34	7.522828753605379
12.35	8.254837378531755
12.36	8.174379734076128
12.37	8.125728387434357
12.38	8.551286459190152
12.39	9.88414986931286
12.4	9.734584118424774
12.41	10.533443161028321
12.42	11.164170342679643
12.43	11.459295852772446
12.44	12.65055172787113
12.45	12.635322418115852
12.46	13.93359988735398
12.47	13.872787185641126
12.48	14.329469347223595
12.49	15.82479880420991
12.5	15.102620987456575
12.51	16.653410523518072
12.52	17.543707342260006
12.53	18.773236776244246
12.54	18.298778736829426
12.55	19.576974731292918
12.56	19.605692589598657
12.57	19.748370764954387
12.58	19.989849409158225
12.59	20.45032016247442
12.6	21.83308007491633
12.61	21.665058707758103
12.62	22.532004092715948
12.63	22.85330379505165
12.64	22.667771360358895
12.65	22.485873534779408
12.66	22.320171318021234
12.67	22.625492322529194
12.68	24.014107476368437
12.69	23.689703395378142
12.7	22.874953091937208
12.71	23.734243750705986
12.72	23.092437384299174
12.73	24.146819426184607
12.74	24.384619115334772
12.75	24.095153392460865
12.76	24.16311042054483
12.77	23.88973725049072
12.78	22.96292149320445
12.79	22.142654604120462
12.8	22.708614822463495
12.81	23.337838531249762
12.82	22.446201211850955
12.83	22.139860642112286
12.84	20.95656918683983
12.85	21.467762736737505
12.86	20.361916986098173
12.87	20.069353279000406
12.88	20.22769158317177
12.89	19.311136582984496
12.9	19.069459796390397
12.91	18.324697911420802
12.92	17.157357087194068
12.93	17.79106572937412
12.94	17.061864309646975
12.95	15.294544982129738
12.96	15.66727079727366
12.97	14.631601309676812
12.98	14.343944069413316
12.99	13.95651192842105
13.0	13.373923252259791
13.01	12.23675233271055
13.02	12.709115334254292
13.03	11.945930273781654
13.04	11.48784056480045
13.05	10.977742393330363
13.06	10.289975293956372
13.07	9.898214876646582
13.08	10.287350469108757
13.09	8.355055085212625
13.1	7.7678911144097516
13.11	8.22020526270714
13.12	8.350572766572265
13.13	7.338181890709962
13.14	6.411246870789848
13.15	5.258790903977003
13.16	5.328751609207994
13.17	5.758532617065485
13.18	4.996207924059689
13.19	5.613392987086639
13.2	6.120868680010841
13.21	4.3846227602017604
13.22	4.894017109503852
13.23	4.326640936861471
13.24	4.1615024016992
13.25	3.5384338458787816
13.26	3.250120752904274
13.27	3.3290091030917903
13.28	3.281251307683405
13.29	3.5508401608314886
13.3	3.3107643545936716
13.31	3.2030418758658454
13.32	2.632458881861176
13.33	2.4866137924338867
13.34	3.97616824338639
13.35	2.5793208557640317
13.36	2.681675491359387
13.37	1.9813546918424156
13.38	3.4536460556872
13.39	3.5359563693395057
13.4	4.105725582046024
13.41	3.2482282273442293
13.42	4.047525995284855
13.43	3.9774517552010447
13.44	5.668086205569455
13.45	4.4249143369058626
13.46	5.019205402655991
13.47	5.8183679870555745
13.48	6.001235324741694
13.49	6.943878053885876
13.5	5.825444650397865
13.51	8.313023723401354
13.52	8.551555437830077
13.53	8.194322255839024
13.54	9.42719003140354
13.55	10.015279354448744
13.56	10.215445312452472
13.57	10.590511487496745
13.58	11.875715869540759
13.59	11.773443676459898
13.6	13.05314465913598
13.61	12.885548015201941
13.62	13.579333916358262
13.63	14.123228211032645
13.64	13.908630724687702
13.65	14.436658663921627
13.66	15.660590545636532
13.67	14.687354352673157
13.68	14.780123908109479
13.69	16.1996209228836
13.7	16.34932382683656
13.71	16.982509712177723
13.72	18.217794854935327
13.73	17.7393222453197
13.74	18.44937060200807
13.75	18.113662029720974
13.76	19.66712369177376
13.77	19.485371579878777
13.78	18.96841243310158
13.79	19.3292318774623
13.8	19.533240270657934
13.81	19.31237595598314
13.82	19.845909521324977
13.83	19.59648713325891
13.84	19.23168726479129
13.85	19.598591258665753
13.86	19.081646080119285
13.87	18.914342147706154
13.88	19.035614991931723
13.89	19.23638041320935
13.9	19.151930744151525
13.91	20.092370722955867
13.92	18.376895715378648
13.93	19.019912500028425
13.94	18.50251311696829
13.95	18.851535692512666
13.96	18.891328939782316
13.97	18.21184178470251
13.98	18.16970293857183
13.99	17.746166818864733
14.0	17.62349575365223
14.01	17.840817691144125
14.02	16.232415311869495
14.03	15.699005250164307
14.04	16.07414037533161
14.05	15.341143382853712
14.06	15.45552997117245
14.07	15.169104895143215
14.08	14.6163221388626
14.09	14.046277231599495
14.1	13.630387472069454
14.11	12.914329822853485
14.12	11.484861467519305
14.13	12.41241953755996
14.14	11.22986408165878
14.15	10.898298113523502
14.16	10.096737349976465
14.17	10.051938088324185
14.18	9.604091881229166
14.19	9.736539220585515
14.2	8.288476588551998
14.21	6.488223561121964
14.22	7.126753646434849
14.23	7.035876986692558
14.24	7.218852283179537
14.25	4.8626519271209805
14.26	4.8958125252195535
14.27	5.719648374485638
14.28	5.332560532823502
14.29	4.769278455842341
14.3	3.6081341710737043
14.31	4.0425075498278495
14.32	3.23345047926451
14.33	2.322009197296759
14.34	3.3816583538147174
14.35	1.555398855592962
14.36	2.6290543197860607
14.37	1.6967716377885007
14.38	2.307203620304514
14.39	1.8079239371173543
14.4	1.0849719101258442
14.41	0.6738043514854928
14.42	1.3809884117084805
14.43	1.3079362342947938
14.44	0.8705420570883493
14.45	0.9022678753474584
14.46	0.7135572788878344
14.47	1.3282378944368498
14.48	-0.1290263463793866
14.49	0.34474247522250023
14.5	0.00412460691273131
14.51	0.9861665312685298
14.52	0.8390401372655542
14.53	0.28211415138632384
14.54	0.1707400498505548
14.55	1.2795064552774023
14.56	0.9488999874556254
14.57	1.5079403603209494
14.58	2.428693650572361
14.59	2.0557108069749384
14.6	1.3889008092734638
14.61	2.053699336415369
14.62	2.9016478384464675
14.63	2.585919037026903
14.64	2.9660116989412657
14.65	2.984811768418908
14.66	3.844274732667373
14.67	5.140760267984341
14.68	4.0849145289685795
14.69	4.8550041671665305
14.7	5.186362200959693
14.71	5.581861263821789
14.72	6.905308405853129
14.73	6.985162045451751
14.74	7.450922771146163
14.75	6.7689027882131265
14.76	7.793477558577161
14.77	8.251375003964336
14.78	9.034570967595574
14.79	9.777542099336461
14.8	10.870281079990372
14.81	10.110270338999378
14.82	10.347578188483007
14.83	10.911100323719358
14.84	11.547654851972244
14.85	12.294321887427419
14.86	10.96690438440353
14.87	11.133744605312991
14.88	12.833101582196212
14.89	12.778424324696484
14.9	12.996520719413159
14.91	14.00099906081658
14.92	13.856265310801396
14.93	14.390117445249162
14.94	15.036821616259804
14.95	14.572805922924703
14.96	14.884623813685986
14.97	15.173997900633154
14.98	14.593511756683203
14.99	13.86671417839161
15.0	14.220182943626263
15.01	15.218406519636826
15.02	14.969918699914505
15.03	15.08425784168954
15.04	15.807434119050562
15.05	15.358184613862987
15.06	16.17047544293081
15.07	16.981642186620785
15.08	16.200687341053293
15.09	14.912758180390881
15.1	15.894676705161976
15.11	15.537527626643401
15.12	16.069347042843294
15.13	16.870676303605375
15.14	15.709762393383231
15.15	17.155331761871643
15.16	16.5397730182856
15.17	16.102208928870493
15.18	15.949958101607372
15.19	15.733642569614792
15.2	15.54072666592747
15.21	15.232447264109359
15.22	16.829937314423304
15.23	16.81755764500678
15.24	16.31769938456974
15.25	16.79852530691688
15.26	15.873137378973961
15.27	15.5093095738293
15.28	16.973841928814124
15.29	16.81089071165943
15.3	15.494039523012049
15.31	14.883308500683631
15.32	16.054493320012085
15.33	16.51319345675657
15.34	15.08105930764338
15.35	15.579277421986793
15.36	15.274284040979687
15.37	15.43138289311416
15.38	15.535601312599315
15.39	14.930182207910644
15.4	15.019487221326589
15.41	14.260327149413412
15.42	15.078589758760666
15.43	15.093661691213056
15.44	13.368491507783373
15.45	13.095035661959791
15.46	12.98969791919601
15.47	11.669507268369854
15.48	12.748174764924991
15.49	11.894027706188943
15.5	10.8760340197367
15.51	10.402622548705114
15.52	10.163522536587259
15.53	9.65076438053069
15.54	8.913442547904788
15.55	9.171201742009272
15.56	8.902802467749304
15.57	8.336591245226622
15.58	7.397111237340549
15.59	6.87815839838771
15.6	7.131145655373755
15.61	5.823615352469943
15.62	6.44330244980671
15.63	4.706647145816192
15.64	4.848490999952233
15.65	4.601735536365024
15.66	2.961664588496659
15.67	3.4679656783176487
15.68	2.410705176772585
15.69	2.759367865725517
15.7	2.2703167312005785
15.71	2.0661011056656142
15.72	1.4392909395476463
15.73	0.7389097760070402
15.74	0.8068267963464196
15.75	1.462618871392218
15.76	1.4937373299962742
15.77	1.2354259742658449
15.78	1.2560345302128852
15.79	0.25328014992489656
15.8	1.2268106814028266
15.81	-0.43432718786728697
15.82	0.5831571435290499
15.83	0.06737593650546517
15.84	0.12043229280581624
15.85	0.6953267527386212
15.86	0.8946634771993266
15.87	0.6033578755939201
15.88	1.4264966110173511
15.89	0.7327616878184615
15.9	0.15657691497505477
15.91	0.9947945917739648
15.92	1.4017186241936574
15.93	2.2864085375570746
15.94	2.142077509705964
15.95	2.248083464362214
15.96	2.7535955359080795
15.97	2.8683099942129626
15.98	3.2578907511970905
15.99	4.691160546025609
16.0	5.3702943306964634
16.01	5.149416258595441
16.02	4.779301082319381
16.03	5.324000753410322
16.04	7.675995243712526
16.05	6.66162138767061
16.06	7.862915652270785
16.07	8.230474359545124
16.08	7.634979722404764
16.09	9.345611279452482
16.1	9.282750167450384
16.11	10.357870135366772
16.12	10.192248848015636
16.13	11.152905723931712
16.14	11.087548513465093
16.15	12.891878138456695
16.16	12.012366853681424
16.17	12.465736954026564
16.18	12.953563739279545
16.19	12.692836923095365
16.2	13.298662532127173
16.21	14.532704102468353
16.22	14.239739462118466
16.23	15.682839912184887
16.24	13.790189979174794
16.25	15.053254863250357
16.26	14.073268224782764
16.27	14.548098088522547
16.28	15.421153228613925
16.29	15.57195054207138
16.3	14.934312144418097
16.31	15.901721319661426
16.32	15.063182244909772
16.33	15.396154326701115
16.34	15.862813243286592
16.35	16.572403953477338
16.36	15.262247108935343
16.37	14.96553169246154
16.38	15.77378459726523
16.39	15.52679928688467
16.4	14.98581299387285
16.41	15.768308021230238
16.42	15.075164062190545
16.43	15.136162375169564
16.44	14.49982422432573
16.45	14.491114695461851
16.46	14.532755261275934
16.47	13.724646986860805
16.48	14.549074683199049
16.49	13.558687571213731
16.5	12.846050150299304
16.51	12.356955008197604
16.52	12.716577200132955
16.53	12.671927969835428
16.54	12.153048872581921
16.55	11.040234925918144
16.56	11.346389554572923
16.57	11.55799281870254
16.58	10.179523996172495
16.59	10.66078980957376
16.6	9.306321841837116
16.61	10.251226965264252
16.62	9.372743168362023
16.63	8.495586968852178
16.64	8.684777238197455
16.65	7.4523905560917045
16.66	7.274935005189771
16.67	7.776362105246967
16.68	6.3116390745106505
16.69	6.7398172132647325
16.7	5.517913087133427
16.71	5.375481914721753
16.72	4.900876244642904
16.73	4.5794251852953956
16.74	3.7212176109394806
16.75	5.289920141469338
16.76	3.8537999888050356
16.77	4.313788026326715
16.78	2.3954742497577346
16.79	2.512827037522371
16.8	3.0178329430296964
16.81	2.173046504873755
16.82	2.4137335325181444
16.83	1.5571469014002322
16.84	2.0849127765656545
16.85	1.01613648061804
16.86	1.9339004586484407
16.87	2.377211854837153
16.88	1.9225925953448488
16.89	0.5087655553134399
16.9	1.4958960201277351
16.91	1.6602699566077304
16.92	1.4707600017031115
16.93	0.9109640507012275
16.94	1.3256473090764413
16.95	2.0274943462367787
16.96	1.23031419536479
16.97	1.6191847654377003
16.98	1.2214082696819033
16.99	0.8395213399142339
17.0	2.667119854725843
17.01	2.8869036955023337
17.02	1.7835335552967582
17.03	3.134776437609284
17.04	2.9187182836551364
17.05	2.480179057901995
17.06	3.1533468200420804
17.07	3.8567119200086566
17.08	4.866972348777939
17.09	5.30175188169211
17.1	5.760612481987298
17.11	5.855539397905045
17.12	6.0728030979447745
17.13	6.889000905705145
17.14	7.2995468855661905
17.15	7.03300084759009
17.16	8.326028784536001
17.17	8.112389752422558
17.18	9.19572319434617
17.19	9.590775545498683
17.2	11.815576951189254
17.21	10.625534972660772
17.22	10.44870432540797
17.23	11.356829738982062
17.24	11.732506587957904
17.25	12.836395627558327
17.26	11.299321777905359
17.27	12.76459071655524
17.28	13.578989996550412
17.29	13.45357050079391
17.3	14.381284229431312
17.31	14.446307323279047
17.32	14.675111523237238
17.33	15.699803999221706
17.34	14.803094124966945
17.35	16.03131764475456
17.36	15.789436765401698
17.37	16.193752031502374
17.38	17.264144455771344
17.39	16.50101381920304
17.4	16.628926465908833
17.41	16.295954919019906
17.42	16.517179542876672
17.43	17.937763812462194
17.44	17.479550846453094
17.45	16.242360850865854
17.46	17.956000777028763
17.47	17.149104935323308
17.48	16.356163602286387
17.49	16.639560152833642
17.5	16.777676320140145
17.51	16.433219795043225
17.52	16.51357075473175
17.53	17.385457934893434
17.54	15.977081698893265
17.55	15.280221685125767
17.56	15.279955120949051
17.57	16.21402803402191
17.58	15.029988164977613
17.59	15.259500475998252
17.6	14.779586433446134
17.61	14.486218040899145
17.62	13.494286346327897
17.63	13.68499448052341
17.64	12.330274395361277
17.65	12.786391070242518
17.66	11.945170536496967
17.67	11.953038273026989
17.68	11.336706217691585
17.69	11.431400440914349
17.7	10.763591707438376
17.71	10.244967909481808
17.72	11.157312550892076
17.73	9.44785066295455
17.74	9.945043482453778
17.75	7.623186620270104
17.76	8.340719545066971
17.77	7.875108384848946
17.78	7.50439796375635
17.79	6.624220151848579
17.8	6.704427014012073
17.81	5.658922144538594
17.82	5.40579075684978
17.83	5.341583807269613
17.84	4.581277209742201
17.85	3.26457248135232
17.86	4.683135769650193
17.87	4.329503324319032
17.88	3.6089840050832214
17.89	3.723561930759578
17.9	3.9212516556048223
17.91	2.939065296420621
17.92	2.218859538467764
17.93	3.0522352847901497
17.94	1.7991520163634303
17.95	1.9443185078723193
17.96	1.7386729513095107
17.97	1.7612028200171492
17.98	1.994703645128501
17.99	-0.06912747553664556
18.0	1.214686422161954
18.01	1.1206030526267874
18.02	1.6310439019675096
18.03	0.32723340903425246
18.04	1.5416873016996808
18.05	1.4064116558276734
18.06	0.774988207719865
18.07	0.5159541656872116
18.08	0.7496104832196824
18.09	1.0185982584082551
18.1	1.4819056766034495
18.11	1.3182066054792099
18.12	1.1518194588147905
18.13	1.381508343249092
18.14	1.7030912986288245
18.15	1.69651782743744
18.16	1.6496705731762806
18.17	1.409746386414796
18.18	1.659716110366554
18.19	2.0838498370154643
18.2	2.6412312487967875
18.21	3.4560684587791677
18.22	3.4195237196417483
18.23	3.166067871819748
18.24	3.8747959377593637
18.25	4.895226490049055
18.26	5.551857106620471
18.27	5.021697557507418
18.28	5.924339224915825
18.29	5.6047337091191185
18.3	7.3691342089736604
18.31	7.431465441237295
18.32	7.8896024097593225
18.33	8.477312966994132
18.34	9.55212122027967
18.35	9.481328072302727
18.36	9.616619679604211
18.37	11.207777127389273
18.38	10.77426186726636
18.39	11.197221360204386
18.4	12.625415272314921
18.41	12.098472168341157
18.42	13.122776961996559
18.43	13.02046780387363
18.44	12.405878113378753
18.45	13.060281966537506
18.46	13.538261107838073
18.47	13.60081649258602
18.48	13.956023770368978
18.49	14.730628237267995
18.5	14.902035549802928
18.51	15.009317774462309
18.52	16.117333447072795
18.53	15.409246920858543
18.54	15.204093122657524
18.55	15.97702587362628
18.56	16.601190375289328
18.57	16.545592564519577
18.58	16.299715933927725
18.59	17.089998554446314
18.6	15.789568888480488
18.61	17.202482173514117
18.62	16.81592916696352
18.63	16.235904849384827
18.64	16.576464533824662
18.65	16.154606520546107
18.66	15.911107218123146
18.67	16.036220510534534
18.68	15.937746299901946
18.69	15.584821387868804
18.7	15.10502932215151
18.71	14.384029535291726
18.72	14.89277878203125
18.73	15.08392713541932
18.74	14.904939996722398
18.75	13.034342658083625
18.76	13.716877199476384
18.77	13.21861454559182
18.78	13.553949532816956
18.79	12.782387683310592
18.8	12.017862558004394
18.81	11.134684455286045
18.82	11.429151543512459
18.83	11.521336603629525
18.84	10.037010387452586
18.85	9.05032726631738
18.86	9.317424421135016
18.87	8.472208004418361
18.88	8.51511766722321
18.89	7.682089504904847
18.9	8.483318312768828
18.91	6.891982299444121
18.92	6.3691686353683235
18.93	5.885136779746163
18.94	6.927314195726651
18.95	5.191634610680342
18.96	4.886681717147236
18.97	4.467430867000841
18.98	3.5651115076966846
18.99	4.631764441383332
19.0	3.4499354782128906
19.01	3.6354370957451083
19.02	2.531288534812683
19.03	2.662227181909732
19.04	2.585663706558914
19.05	2.8911804386620217
19.06	1.2129334977821489
19.07	2.050167194621429
19.08	1.3426883372174165
19.09	0.9829333534367336
19.1	0.9854511068770235
19.11	1.3313954548547136
19.12	0.8586695482199187
19.13	1.0486774311735836
19.14	0.18622757970101272
19.15	1.0400980993249371
19.16	1.1120958894813193
19.17	0.08983219963526698
19.18	-0.3267489118080049
19.19	0.38426124289893127
19.2	-0.4953189527860705
19.21	0.4116287323453322
19.22	0.6248242508133539
19.23	-0.0439204229321542
19.24	0.7345568835016161
19.25	0.9140475843165443
19.26	0.49327757607137473
19.27	0.7530863392180417
19.28	0.7434270286121578
19.29	1.085640966002724
19.3	1.6816285874595254
19.31	0.4111242034977991
19.32	3.1219174581566183
19.33	1.660136856689983
19.34	1.7907396704143088
19.35	2.861129678329416
19.36	3.1079963355269533
19.37	3.7820524076065887
19.38	3.863337632920487
19.39	5.141645344560226
19.4	4.890128628312477
19.41	5.382067432364248
19.42	5.6232643376902915
19.43	6.917900025077062
19.44	6.7814495024127925
19.45	6.4226679888660705
19.46	7.613506833692945
19.47	8.207897258804206
19.48	8.957669220481458
19.49	9.629107415317613
19.5	9.705422737799662
19.51	10.718565254718097
19.52	10.265248633788064
19.53	11.491872654155577
19.54	12.065724001048743
19.55	12.808414560204676
19.56	12.454833027703136
19.57	13.293501182959629
19.58	14.104121079936661
19.59	13.356599064563712
19.6	13.725672752932505
19.61	14.312052028908967
19.62	15.508005091109613
19.63	15.53336441499487
19.64	16.134017585867536
19.65	16.36586638368054
19.66	17.104016160949463
19.67	16.392895287962556
19.68	17.077829496004814
19.69	18.279514836293647
19.7	17.496739750396163
19.71	17.538685117115726
19.72	17.91447611703945
19.73	17.894014974984692
19.74	18.002698522127947
19.75	17.91995328990374
19.76	17.460488392850596
19.77	17.421027232732566
19.78	19.019628628313136
19.79	18.287171346690297
19.8	17.97310782066005
19.81	17.90250229456361
19.82	17.623306312729223
19.83	17.772182274007996
19.84	18.691872373059415
19.85	16.820722198072147
19.86	17.09805704097303
19.87	18.144071366617098
19.88	17.461933722936426
19.89	16.977112701664797
19.9	16.375916640051887
19.91	16.423026477880033
19.92	16.217998720052716
19.93	14.346088373769096
19.94	15.701649882336016
19.95	13.827180466872877
19.96	13.822925007287155
19.97	14.135047058489093
19.98	12.385788784803111
19.99	12.744292859108297
20.0	12.899085253731954
