10.01	1.0066203587016391
10.02	0.4862996255457991
10.03	0.5171342520681704
10.04	0.5135656099403296
10.05	0.6739164055648812
10.06	0.42709537760195604
10.07	0.647870553010625
10.08	0.5712674414928133
10.09	0.01790968588668318
10.1	0.5019672219290887
10.11	0.4927519012023384
10.12	0.6638399516435994
10.13	0.3145868000044351
10.14	0.0829768785383978
10.15	0.45251922497491803
10.16	0.8826561731549906
10.17	0.18184201659411547
10.18	0.24066373754446577
10.19	1.0781049241734921
10.2	0.113484547677907
10.21	0.39145397761019673
10.22	1.0244321158971315
10.23	0.3459812533756832
10.24	0.6457962106816622
10.25	0.8111695945898045
10.26	0.9707763271265132
10.27	0.7407500439729603
10.28	0.8039817921971213
10.29	0.43164971746747466
10.3	0.5497449417061385
10.31	0.5892729710728494
10.32	0.45716595546625827
10.33	0.8973179581553866
10.34	0.46895105882666743
10.35	0.18493138354585847
10.36	0.7498480471150872
10.37	0.7282599728939785
10.38	0.41817781190000924
10.39	0.5365079438141431
10.4	0.1097687807695921
10.41	0.6130226124248674
10.42	0.4900466372787513
10.43	0.7141225078223149
10.44	1.0598570494797697
10.45	0.7045934770277801
10.46	0.605888500313284
10.47	0.6970494100194456
10.48	0.34915080363214024
10.49	0.7673443564685156
10.5	0.1257647224818293
10.51	0.5939579169172106
10.52	0.5509534783643998
10.53	0.3453986657399991
10.54	0.4535678764464575
10.55	0.3993831878773003
10.56	0.4324546023288395
10.57	0.8039922584298825
10.58	0.429819911634175
10.59	0.2084431776594155
10.6	0.7953262710178366
10.61	0.7170645466638192
10.62	0.2527657669881173
10.63	0.790137381385573
10.64	0.2982584086926723
10.65	0.594124589405273
10.66	0.573168263823519
10.67	0.9159976793485753
10.68	0.334266757412466
10.69	0.45978712107221836
10.7	0.05613545691300731
10.71	0.49066898394780734
10.72	0.31861535027046106
10.73	0.6871789723510999
10.74	0.5499295813773359
10.75	0.6103841502881528
10.76	0.025636569085419225
10.77	0.5226822822717825
10.78	0.5721153836699805
10.79	0.7936882994876872
10.8	0.4690436348677675
10.81	0.7190908256959327
10.82	0.9221511136375181
10.83	0.4455343082319172
10.84	0.5404742325702837
10.85	0.44253001457674573
10.86	0.6207130789494496
10.87	0.46799098800150507
10.88	0.7834360058992078
10.89	0.8343826419002308
10.9	0.7822823864332674
10.91	0.4809117056346582
10.92	0.7061377472306541
10.93	0.6013041612645189
10.94	0.4345690675284275
10.95	0.27704689522893444
10.96	-0.363621153085257
10.97	0.6109932182846052
10.98	0.5516618184535026
10.99	0.5822002570279191
11.0	0.6703700971777087
11.01	1.0106711705603453
11.02	0.5975758162931345
11.03	0.4581785741806804
11.04	0.5646007149513346
11.05	0.11065442381187557
11.06	0.43235387454247454
11.07	-0.10441310188854855
11.08	0.7276402816037489
11.09	0.5921605862585706
11.1	-0.22418110688958898
11.11	0.07878927513521483
11.12	1.0277766955226317
11.13	0.7729694146891354
11.14	0.8264760432190975
11.15	0.37413880634601954
11.16	0.852491939167449
11.17	0.281294774492198
11.18	0.27282069925293223
11.19	0.5702018376182324
11.2	0.11213808164470973
11.21	1.0608604402314281
11.22	0.20467302204865478
11.23	0.6833647879083725
11.24	0.930221831196097
11.25	-0.08701432225108291
11.26	1.227732960728469
11.27	0.48651913551892045
11.28	0.8672224426116292
11.29	0.5098064194648291
11.3	0.5607550114468373
11.31	0.2927032466409115
11.32	0.4351969848550122
11.33	0.8108711713108183
11.34	0.9419032651052205
11.35	0.24206842641167536
11.36	0.3006852630717075
11.37	0.4186159118181985
11.38	0.3876356840436446
11.39	0.39466616411494715
11.4	0.4598764761481836
11.41	0.18508325284570828
11.42	0.03209645863216251
11.43	0.7479862191176496
11.44	0.6588834901690787
11.45	0.5655577477839164
11.46	0.43217611866610495
11.47	0.2435336420109792
11.48	0.8399716812593153
11.49	0.5884523913278726
11.5	0.544375003731405
11.51	0.04901357863629499
11.52	0.19982708641884028
11.53	0.19530770733912411
11.54	0.09306740213945688
11.55	0.4433030814529352
11.56	0.3965575782678239
11.57	0.4256381874003959
11.58	0.4460611176552144
11.59	0.5024526293179868
11.6	0.15962754779251814
11.61	0.519663415604248
11.62	0.4183939398371698
11.63	0.5371076875435694
11.64	-0.058929635782741074
11.65	0.6180862307724813
11.66	0.1772305419895918
11.67	0.04494434567200628
11.68	0.3820415318185976
11.69	0.4769526616266273
11.7	0.2899655516066938
11.71	0.8366117358438384
11.72	0.42904615815473285
11.73	0.7846940536043563
11.74	-0.01745565198024457
11.75	0.3494976147880683
11.76	0.06847586660396984
11.77	0.2619104601920319
11.78	0.22740998105532037
11.79	0.12326934517544835
11.8	0.4297801373141584
11.81	0.2975452618588956
11.82	0.5812114289855248
11.83	-0.12675882881198808
11.84	0.16932027921567025
11.85	0.29066994081156405
11.86	0.3370583941930652
11.87	-0.17365549181600926
11.88	-0.0062715065653275726
11.89	0.5469018054256487
11.9	-0.01571923020889257
11.91	-0.39470020141067924
11.92	0.41519877711810793
11.93	0.49969993957911674
11.94	0.5052702160466124
11.95	0.1735988166963596
11.96	0.5860828357041091
11.97	0.398077103178241
11.98	0.3772342700890814
11.99	0.5107803059256419
12.0	0.3988444200336507
12.01	0.23667958794792557
12.02	-0.02700757492350342
12.03	0.5600674011767189
12.04	0.5315369341002305
12.05	0.2394925858531625
12.06	-0.007139725549919512
12.07	0.053705987274899364
12.08	0.644317450688187
12.09	0.16441054000772498
12.1	-0.3494650704034132
12.11	0.8009445124417849
12.12	0.3190298143088951
12.13	0.11465169957657813
12.14	-0.054459673932901576
12.15	0.05962843466028463
12.16	0.5944337596778299
12.17	-0.17744703728085198
12.18	0.5313725068131451
12.19	0.08921735527155075
12.2	0.04542829890201738
12.21	0.3843351867290773
12.22	0.278898201442912
12.23	0.3802111961998062
12.24	0.09055942947397581
12.25	0.13753173909228247
12.26	0.059729430616987836
12.27	-0.24241559953173636
12.28	-0.12105948401542468
12.29	-0.06075866652872078
12.3	0.06271457217799509
12.31	0.03566522799001662
12.32	0.3857663154691991
12.33	0.12466195230782863
12.34	0.21751720844010006
12.35	0.18455624228471568
12.36	0.1768693148758347
12.37	0.4208729551248438
12.38	0.48549792664491753
12.39	-0.17182300709439302
12.4	0.3799928252936076
12.41	0.3940131886599904
12.42	-0.09152089260111643
12.43	0.0939310542707507
12.44	0.811132620142172
12.45	0.19865868849188353
12.46	-0.09705158386389512
12.47	-0.03572784466555315
12.48	0.15538488943484483
12.49	-0.044468934273993455
12.5	0.1426052338298064
12.51	0.15277613539483925
12.52	-0.03181326073459592
12.53	-0.0009887731965007585
12.54	0.06860088695214116
12.55	0.5744293291828753
12.56	0.5084180842358617
12.57	0.0702344216119867
12.58	0.003165234457557911
12.59	0.6267143498665826
12.6	0.7762985422031721
12.61	0.2356189544895005
12.62	-0.04368315492367986
12.63	0.3477442814726828
12.64	-0.033243318434574315
12.65	0.2376700054270498
12.66	0.4064555216134514
12.67	0.24610502373080817
12.68	-0.04626935533683568
12.69	-0.10242532097311544
12.7	-0.10439756534980413
12.71	0.23000879395076573
12.72	0.14197365142659796
12.73	0.43869103100400464
12.74	-0.33200902005634486
12.75	0.07196816593944395
12.76	0.5897453745081884
12.77	0.005745863148322386
12.78	0.4343955405811753
12.79	-0.11718329347977419
12.8	0.37280137460659873
12.81	-0.1948388817439689
12.82	-0.1898412107971419
12.83	0.45497011465984927
12.84	0.18586492163666307
12.85	0.20943388895493315
12.86	0.011328552098178596
12.87	-0.13544061807379665
12.88	0.2089873021940945
12.89	0.10337423770712695
12.9	0.07424245582697846
12.91	0.25918183010680407
12.92	0.22294131918231658
12.93	-0.02762865122008859
12.94	0.27812073410464655
12.95	0.45428599252838164
12.96	-0.2208835827242268
12.97	0.11644836398875638
12.98	-0.17641520660521853
12.99	-0.14080709404942898
13.0	-0.2329645186547606
13.01	0.10380018021815873
13.02	0.43974046955556456
13.03	0.14955880475850136
13.04	-0.1379947598200898
13.05	-0.01120429166518963
13.06	0.05161366322868867
13.07	0.3248192783883571
13.08	0.15044784469157285
13.09	-0.344943565034372
13.1	0.004736013056903049
13.11	0.16670819437481738
13.12	0.12729023007009482
13.13	0.1315836463614546
13.14	-0.05257364833964287
13.15	0.09528793182722389
13.16	0.2888954892329201
13.17	-0.22295832572524316
13.18	-0.3203332478229197
13.19	0.24614502132121274
13.2	0.4127816520170561
13.21	-0.10527559619630888
13.22	0.4094107616442934
13.23	0.16029312834887982
13.24	0.6279808377771443
13.25	0.26539227673433663
13.26	0.3309256164531123
13.27	0.11303678134338983
13.28	-0.15491485471267707
13.29	0.48284229006156687
13.3	0.05563868836723275
13.31	0.3254150435634684
13.32	0.24167257099257228
13.33	-0.024159369012806603
13.34	0.4062324556390644
13.35	0.07892135663492854
13.36	0.12165401294574425
13.37	-0.16122594910891946
13.38	0.1065107515716553
13.39	0.20486740918648452
13.4	0.04023199629829276
13.41	0.1646634158584777
13.42	0.2063151414353049
13.43	-0.1297183874672575
13.44	-0.0063847963717524325
13.45	0.18926288276698416
13.46	0.29036544447066426
13.47	-0.2146504162497313
13.48	-0.13286186962731594
13.49	-0.38229017492723844
13.5	-0.25349252616295487
13.51	0.20740762086056408
13.52	0.21364888792684839
13.53	0.056125463431451084
13.54	0.4472928182601438
13.55	0.39684269305902053
13.56	0.36028199204900485
13.57	-0.1875158506077616
13.58	0.3066997036428831
13.59	0.03222959722807894
13.6	0.17728579420331952
13.61	0.1205880680348885
13.62	0.01817061572672117
13.63	0.16191639189051849
13.64	-0.01312607071571864
13.65	0.18530312673792315
13.66	-0.18322927872075917
13.67	-0.08518157720638611
13.68	0.17551678220885691
13.69	0.17544094588231243
13.7	0.35612574487334414
13.71	0.25348315814410444
13.72	0.2799668806931024
13.73	0.09804578541190209
13.74	-0.009341779023396113
13.75	-0.3513906929588816
13.76	0.20211785693562365
13.77	0.37476406258369305
13.78	-0.01857174670666492
13.79	0.12684916785914407
13.8	0.1643977685546213
13.81	0.11265174407405665
13.82	0.1602646306706028
13.83	0.10079141996485785
13.84	0.6479210347038225
13.85	-0.36542913158427726
13.86	-0.004795227112636413
13.87	0.28891768284514285
13.88	0.38490998269746524
13.89	0.2974921869694514
13.9	-0.08795124110037689
13.91	-0.12479564245741834
13.92	0.04113164087314676
13.93	0.3005650408194136
13.94	0.2269417458045297
13.95	0.039635048647755994
13.96	0.17276236832612765
13.97	-0.2907238314345556
13.98	-0.02101756606043348
13.99	0.00899864017415096
14.0	-0.12587673476345046
14.01	0.3483496422774176
14.02	-0.05038803446569587
14.03	0.2968544202271516
14.04	-0.016017464907396056
14.05	0.1660624478605821
14.06	0.31478611867678163
14.07	-0.0605209652728555
14.08	0.20766257403388952
14.09	0.17077294873079937
14.1	-0.07650461671072079
14.11	0.10188071848973161
14.12	-0.15261538056894502
14.13	-0.06154474857934081
14.14	-0.013466772057572352
14.15	-0.0554122504129681
14.16	-0.18004832402559412
14.17	0.14156227762093182
14.18	0.14235038939739775
14.19	0.22341393005418447
14.2	0.24201470895878396
14.21	0.1546297041835043
14.22	0.3561227249339205
14.23	0.2521908573608298
14.24	0.16467911788404832
14.25	0.24086810419698862
14.26	0.1283484243646494
14.27	0.04185712316279196
14.28	0.27237794707850727
14.29	0.664297504131099
14.3	0.17043236753674554
14.31	-0.06978422050508823
14.32	0.2671644075543297
14.33	0.1582817590602812
14.34	-0.13736556956971818
14.35	0.17075001773023865
14.36	0.4828862574749978
14.37	0.3777421021339634
14.38	0.33218057749965824
14.39	0.05958821525607428
14.4	0.5152331216160613
14.41	0.37552485849431566
14.42	0.29077378732328807
14.43	-0.14054301803849462
14.44	0.17095538523846032
14.45	0.17417165439557714
14.46	0.12290775959851813
14.47	0.28497433353468576
14.48	-0.1068447105515078
14.49	-0.06764699171075447
14.5	-0.25376674363946483
14.51	0.4240238732150656
14.52	0.15327238415036146
14.53	0.1416042973651699
14.54	0.2390560580725808
14.55	-0.24472098796660785
14.56	0.20214670962211137
14.57	0.09944816947692459
14.58	0.3507038854025557
14.59	0.12744809771579435
14.6	0.283822460377967
14.61	0.09423894627651996
14.62	-0.18414962743923113
14.63	-0.001255548898036224
14.64	0.43520772603336333
14.65	-0.18486745412848593
14.66	0.21964252305618243
14.67	0.12022502376636447
14.68	0.12341056266123199
14.69	0.07607140521060379
14.7	0.02205676608214882
14.71	0.2267056904061951
14.72	0.22601588317176596
14.73	0.23614736248135615
14.74	0.4658927388206667
14.75	0.37357158488642084
14.76	-0.06651913934163575
14.77	0.09662738086749495
14.78	0.09014416813194134
14.79	0.0058697936460354455
14.8	0.41311379483445637
14.81	0.10679145907702868
14.82	-0.21324960036760715
14.83	0.09405241686237731
14.84	-0.2819620376011254
14.85	0.045814747187046076
14.86	0.13994259376401402
14.87	0.03872639612110479
14.88	-0.3457402057897795
14.89	0.1806959295330657
14.9	-0.04050915395396673
14.91	0.17869880391410353
14.92	0.11357012981620662
14.93	0.26747276932730607
14.94	-0.17331496920079276
14.95	0.09955605005598549
14.96	0.27268965493089775
14.97	0.07498761707368806
14.98	0.12178177152678313
14.99	-0.23736446046548532
15.0	0.03223875726447943
15.01	0.5914545384735409
15.02	0.4689846550451631
15.03	0.12236800936558494
15.04	0.37297992348512976
15.05	0.2271164033522089
15.06	0.23506062098089925
15.07	0.05176372046435131
15.08	-0.07518712770054117
15.09	0.03881233037151206
15.1	-0.1704782200036084
15.11	0.38593261358808617
15.12	-0.3632875231356806
15.13	-0.3326189415100458
15.14	0.2659664741976009
15.15	-0.3293856518731928
15.16	0.025643868929959165
15.17	0.14067524163107195
15.18	-0.10852250350855527
15.19	0.22428946074562406
15.2	0.12573492474208822
15.21	0.10944825546603999
15.22	0.20034797402150986
15.23	0.22047643831331704
15.24	-0.20335677994898532
15.25	0.560991120673949
15.26	0.38058651408995364
15.27	0.17711299087121102
15.28	0.17800724579661756
15.29	-0.07449684997991002
15.3	0.2800977095694622
15.31	0.13566106383897183
15.32	0.0183841090234068
15.33	0.36591497798902906
15.34	0.14839853647560747
15.35	0.47607017220576997
15.36	0.18445287124629484
15.37	0.05668338384878975
15.38	0.23692146898133115
15.39	0.1418359724780813
15.4	0.11862988655112133
15.41	0.3022857412117906
15.42	-0.3089243201364811
15.43	0.11958676736574278
15.44	0.14191874791737993
15.45	0.03275657483067759
15.46	0.7307858935358593
15.47	-0.053168373897668986
15.48	0.4759442712647531
15.49	0.1757817414591589
15.5	0.16791656531439253
15.51	0.021643165524190128
15.52	0.5315158451540039
15.53	0.30318161596588605
15.54	-0.3352882996014595
15.55	0.00961518166558148
15.56	0.30390550390084947
15.57	0.061642467152663014
15.58	0.5165646942625521
15.59	-0.06274805094548858
15.6	0.4325956116843962
15.61	0.29920863856321606
15.62	0.1455336395233237
15.63	0.10342053107071975
15.64	-0.3875741614816168
15.65	0.23084165895243583
15.66	-0.013369422925212399
15.67	0.06800711473662417
15.68	0.5018081064408407
15.69	0.3534777503844523
15.7	0.13999165999257948
15.71	0.5413476320049926
15.72	0.3298152936110762
15.73	0.007419816410353983
15.74	0.12342258073782658
15.75	0.011808603959590908
15.76	0.1055019479802484
15.77	0.016600995317596803
15.78	0.7874547359901694
15.79	0.056024736461461375
15.8	-0.15938070186532982
15.81	0.13399930052310527
15.82	0.1642353707721454
15.83	-0.052584718441956335
15.84	0.07499161359472761
15.85	-0.12364880592023281
15.86	0.2082952571106641
15.87	0.060113615039115345
15.88	-0.27280029143414514
15.89	0.5154702152289155
15.9	-0.18464472788706238
15.91	0.2326467143878409
15.92	0.22306268450755545
15.93	0.10978629994804219
15.94	0.394348700935182
15.95	0.368704938006019
15.96	0.39041935834251845
15.97	0.4110377493622015
15.98	0.007556866762305561
15.99	-0.2553002622246523
16.0	-0.13373920022218064
16.01	0.15085104646210967
16.02	0.3060695709386337
16.03	0.36726545807037825
16.04	0.44154995891547977
16.05	-0.011224239030324048
16.06	-0.2402047853894569
16.07	0.2270097125837208
16.08	-0.18066216954812725
16.09	0.057915946207837576
16.1	0.24917168305139203
16.11	0.07539908276431533
16.12	0.1584262809873439
16.13	-0.042051466524016784
16.14	0.30846705134367863
16.15	-0.19404789479396767
16.16	-0.4375434252668953
16.17	0.1009930416633821
16.18	-0.08342585633048112
16.19	0.006453127597746869
16.2	0.2817322573757024
16.21	0.0458706835278966
16.22	0.13315686529595985
16.23	-0.09423658359895583
16.24	0.22044715037025442
16.25	0.020679338595395617
16.26	0.25641745169968916
16.27	0.07718086812450517
16.28	0.2537698671251446
16.29	0.26835865717148877
16.3	0.08345809229173141
16.31	0.3201990009629545
16.32	0.007068179694421431
16.33	0.49220034647925814
16.34	0.12774106176976258
16.35	-0.04154468401957206
16.36	0.05760427304596648
16.37	-0.05242924823377386
16.38	-0.2664759713250172
16.39	0.574340818910968
16.4	-0.10939836063066714
16.41	0.06187328842647684
16.42	-0.4490717301684204
16.43	0.10244450432552099
16.44	-0.016767524563735113
16.45	0.13196429103619906
16.46	0.07125074156865967
16.47	0.005355883643113873
16.48	0.1210891257717538
16.49	0.0703731607443693
16.5	0.212991117512587
16.51	0.06428039873101261
16.52	0.17320973644996326
16.53	0.2411701596264986
16.54	0.008559182710457733
16.55	0.17639304407617096
16.56	0.10026624204856892
16.57	0.273660719990679
16.58	0.33085533103196063
16.59	0.1899808961860173
16.6	0.25929866310210975
16.61	0.15492065286442186
16.62	-0.024982464075653195
16.63	0.34269775546305714
16.64	0.14004864589130642
16.65	0.12063347161758421
16.66	0.15263607213667676
16.67	0.17616414741975567
16.68	0.29780753612915734
16.69	-0.18332686161627137
16.7	0.044339411191107916
16.71	0.3595982990077351
16.72	0.33304917746999024
16.73	0.1674335646776459
16.74	-0.021131730590055665
16.75	0.21973036123128914
16.76	-0.316788353199772
16.77	0.2863473498563318
16.78	0.27908738560628815
16.79	-0.205466077273222
16.8	0.01963642655436115
16.81	-0.06628480833264411
16.82	-0.028460947134660713
16.83	0.21576947814668948
16.84	0.2393162741394561
16.85	0.18491059498628495
16.86	0.12517453719674393
16.87	-0.1911926910051357
16.88	0.0714123211883464
16.89	-0.11296128796506166
16.9	0.017304759743272148
16.91	0.1416783454349597
16.92	-0.331786918181111
16.93	0.10343979916550476
16.94	0.26194315436172055
16.95	0.10459947350382597
16.96	0.3070775303998188
16.97	-0.0611751368548425
16.98	-0.31368305864443435
16.99	0.30692698131454715
17.0	-0.4070802499705748
17.01	0.2131682002728384
17.02	0.25336867171631405
17.03	0.16460645562355805
17.04	0.30043654742164916
17.05	0.07543586550144367
17.06	0.1587270933991561
17.07	-0.09849801791799893
17.08	0.26755230433632193
17.09	0.09001372356234821
17.1	0.18003158284438486
17.11	-0.009947348335202128
17.12	-0.23323388697349207
17.13	-0.10339364040528048
17.14	-0.3112755399887804
17.15	-0.11693169000472031
17.16	0.043984282340341074
17.17	-0.02235417130657218
17.18	-0.33593525390572265
17.19	-0.009559430470202634
17.2	0.02828202594737135
17.21	0.294701456673925
17.22	-0.0769696277149079
17.23	0.5229490007644568
17.24	-0.028827797985080034
17.25	-0.01927503483540374
17.26	-0.3401199487755818
17.27	0.19082813681321067
17.28	-0.2061538200698434
17.29	0.26608707958329136
17.3	0.2698906189297042
17.31	-0.026508222073293175
17.32	0.384134598501631
17.33	-0.06542673794497395
17.34	0.08594854725131007
17.35	-0.055601439355232624
17.36	0.15545196552127538
17.37	0.031032311251428607
17.38	0.2209888002321349
17.39	-0.22875300884800917
17.4	0.092013327753624
17.41	-0.025685766295162366
17.42	-0.20693739031185635
17.43	-0.28958013197806654
17.44	-0.13994271592088062
17.45	0.05398597958561285
17.46	0.169205549993782
17.47	0.3738967327194641
17.48	0.36658529033158127
17.49	-0.1625016578545689
17.5	-0.36965447797223583
17.51	-0.08249073769248028
17.52	0.06287147706729315
17.53	0.02947601079851933
17.54	-0.058709172597811235
17.55	-0.04143893101821392
17.56	0.04874488652228148
17.57	-0.2214966705385357
17.58	-0.09142155603362925
17.59	-0.23072236079528252
17.6	0.6386451507199606
17.61	0.024049432643944754
17.62	-0.01180779186414717
17.63	0.21517686398279348
17.64	0.2579556566584754
17.65	-0.023665725765655527
17.66	-0.06670100638497455
17.67	0.037348360506241574
17.68	0.31580735187466313
17.69	-0.2780461769784889
17.7	0.14779447153521774
17.71	0.258380120727318
17.72	-0.03531561582699172
17.73	0.22026045620782678
17.74	0.03465278645266329
17.75	0.16714605368755897
17.76	0.5285268664344387
17.77	0.8019988678629753
17.78	0.10339246283370546
17.79	0.5923870213918424
17.8	0.21220292425642012
17.81	-0.298406828646215
17.82	0.27041617584986355
17.83	0.17323494008314566
17.84	0.20408367220775103
17.85	0.5101097516576334
17.86	0.1577111723330678
17.87	0.9319310457235196
17.88	0.16335744422395926
17.89	0.44755231595099143
17.9	0.0026761742548992717
17.91	0.33702951248424
17.92	0.675790228233887
17.93	0.7966845987603104
17.94	0.1870366715841941
17.95	0.5882186236434077
17.96	0.3232999849124856
17.97	0.06799964639863415
17.98	0.5581938420127665
17.99	0.10075289878175266
18.0	0.3887383962346892
18.01	0.044324589849893625
18.02	0.22340003995099164
18.03	0.2509692149842574
18.04	0.6072967040692049
18.05	0.6264424622807866
18.06	0.680633354382779
18.07	1.0344167856774802
18.08	0.5943805730365941
18.09	0.13269310488845898
18.1	0.3329319245860432
18.11	0.3912725394865487
18.12	0.5960498152278034
18.13	0.2623438893392481
18.14	0.0562387957723412
18.15	0.8505310382948841
18.16	0.15679089246097933
18.17	0.5007792179458795
18.18	-0.004909719288906406
18.19	0.08668625701803129
18.2	0.6887122527972793
18.21	0.7785109571497778
18.22	0.43489266762158246
18.23	0.5504219513495552
18.24	0.5467591594086499
18.25	0.794366993670961
18.26	0.608529174731093
18.27	0.6604936589207596
18.28	0.8946125128858418
18.29	0.4859836374198854
18.3	0.5032522578577171
18.31	0.21839147906391382
18.32	0.7068843095837047
18.33	0.6040796525374804
18.34	0.6333016309138053
18.35	0.4728944563145744
18.36	0.6317432837832602
18.37	0.5866263007810035
18.38	0.6882883331000214
18.39	0.5731948411833128
18.4	0.6894156222322297
18.41	0.36672949647885483
18.42	1.017557792167295
18.43	0.19108240354439998
18.44	0.4715749822997546
18.45	-0.007590947843871543
18.46	0.546113428906216
18.47	0.6359651306551868
18.48	0.2894728340920336
18.49	0.21625539511330477
18.5	0.227995061325731
18.51	-0.010149129142993374
18.52	0.5486322458044983
18.53	0.6234642598651331
18.54	0.3887471232115679
18.55	0.872422168268558
18.56	0.21856151239843702
18.57	0.6260513025864313
18.58	0.5029695807934509
18.59	0.5986904582141778
18.6	0.6606478624181704
18.61	0.5679847885317797
18.62	0.5614441336029578
18.63	0.7593780321746418
18.64	0.3903766028401331
18.65	0.44378460223539307
18.66	0.1698280801199471
18.67	0.5121483246529422
18.68	0.529225003889564
18.69	0.5064180309751937
18.7	0.6801089634359246
18.71	0.5292538580421421
18.72	0.6070571891769031
18.73	0.3470189143160559
18.74	0.3870839514631796
18.75	0.23356547878015504
18.76	0.39441931611440717
18.77	0.2642654135607585
18.78	0.8256101802782834
18.79	0.7519572428089192
18.8	0.551624759360233
18.81	0.5745142950576245
18.82	0.4643817917605144
18.83	0.38402404602529394
18.84	0.37038548174689007
18.85	0.6453819809037777
18.86	0.35794904538899863
18.87	0.7271710623101835
18.88	0.4727252553577637
18.89	1.1105204475191408
18.9	0.14922093555909904
18.91	0.535101251252609
18.92	0.6249636042529805
18.93	0.5000118500544694
18.94	0.6957414092151207
18.95	0.6373724210214786
18.96	0.27801176432233454
18.97	0.540552237484271
18.98	0.565935482320267
18.99	1.1623059141626464
19.0	0.6111727021767931
19.01	0.5616524887233008
19.02	0.45140598872336957
19.03	0.6540796660540005
19.04	0.625611983057699
19.05	0.5886195883025804
19.06	0.6343431949911187
19.07	0.5904514810569994
19.08	0.6134419055510005
19.09	0.5643488678757596
19.1	1.0376645469637007
19.11	0.7000882539372484
19.12	0.660441427630385
19.13	0.831710454117258
19.14	0.4426094074869211
19.15	0.8241744026722083
19.16	0.19394085833555175
19.17	0.39723866253988716
19.18	0.8324721017343324
19.19	1.0482862392120782
19.2	0.2326542758716732
19.21	0.47410548938717595
19.22	0.838502389315988
19.23	0.630455351453822
19.24	0.0989739372622293
19.25	0.9143940230932524
19.26	0.31436312603780003
19.27	0.7764608480665437
19.28	0.2564576188882616
19.29	0.8854485286137981
19.3	0.6852873840805054
19.31	0.2668193071727687
19.32	0.6249610942477898
19.33	0.3276937859378026
19.34	0.70568354259214
19.35	0.5566351506400722
19.36	0.4869233609930065
19.37	0.6029539371380461
19.38	0.8712629500128761
19.39	0.7705713629303012
19.4	0.8261078586096937
19.41	0.4853091406102229
19.42	0.5952910988606401
19.43	0.3901342036641704
19.44	0.6083055732833095
19.45	0.5172470939686182
19.46	0.2899264604445186
19.47	0.5780571773742181
19.48	0.4071785313966713
19.49	0.7814241170725178
19.5	0.49024082675454544
19.51	0.25974366362391066
19.52	0.3544409097816767
19.53	0.28800333311652304
19.54	0.3333478268223355
19.55	0.3524389173572646
19.56	0.44685615988749033
19.57	0.680707853180155
19.58	0.36009975366448355
19.59	0.8101179513359115
19.6	0.5924701429644978
19.61	0.4589290774781437
19.62	0.44573433250876004
19.63	0.6768221018655111
19.64	0.36478143121302364
19.65	0.7185171590602062
19.66	0.5027224049714079
19.67	0.748311869802565
19.68	0.511205386200662
19.69	0.8152366823233597
19.7	0.6753316153400815
19.71	0.5221993669752727
19.72	0.5887883175505928
19.73	0.32116130852650376
19.74	0.6056101352446421
19.75	0.5948964922996629
19.76	0.44207335888525756
19.77	0.736479655397147
19.78	0.7162735061521609
19.79	0.4974450286523171
19.8	0.4185898487711171
19.81	0.09515108351482188
19.82	0.5595256733581363
19.83	1.2524585500023298
19.84	0.9236836079351278
19.85	0.79195284716112
19.86	0.6540627506297203
19.87	0.47834671418899977
19.88	0.8092677246417812
19.89	0.255158464225427
19.9	0.7945223640668013
19.91	0.5745619308966837
19.92	0.7058092234669122
19.93	0.842191221195588
19.94	0.09169405729852947
19.95	0.4996149895870949
19.96	0.5336800171755197
19.97	0.15626843920904848
19.98	0.6077805876405458
19.99	0.3088242454472646
20.0	0.6487472934225154
