10.01	0.5135844915496286
10.02	0.8215251079474315
10.03	1.9812648444170486
10.04	1.1137326635813565
10.05	0.1953269155210854
10.06	0.8221797532415369
10.07	0.38704575425789334
10.08	1.07410061192015
10.09	0.209140645264224
10.1	-0.07836990566664692
10.11	1.1082241346444128
10.12	-0.221690965851575
10.13	0.06952858642124288
10.14	0.9479806920686887
10.15	0.8923978371105783
10.16	0.05624946310102863
10.17	-0.07002726867391285
10.18	-0.20002155284504508
10.19	0.22872803405455489
10.2	0.8337068598387698
10.21	1.1201659568310773
10.22	1.786401840154158
10.23	-0.04015178445040063
10.24	0.05235103591120527
10.25	0.170240248352017
10.26	0.9608331784768701
10.27	1.1883065162558273
10.28	0.04391944168624651
10.29	1.3753567204910218
10.3	0.5895667268976905
10.31	0.2613635072515328
10.32	0.40612129348319703
10.33	1.4842764519678104
10.34	-0.2010560216815842
10.35	0.53293344942275
10.36	0.862745988541781
10.37	-0.5459816802307079
10.38	0.8158833225882752
10.39	1.0716336591211215
10.4	-0.3849788721128132
10.41	0.4714028336634955
10.42	0.6064010815828532
10.43	0.25821833278920275
10.44	0.8714812431231744
10.45	0.6852958474672648
10.46	0.24104430325517223
10.47	0.3457705933785961
10.48	0.7274250706788308
10.49	0.9453631734699908
10.5	-0.4273867519265237
10.51	0.6836209572912402
10.52	-0.7338887109562763
10.53	0.20804651703044275
10.54	1.0724132666945299
10.55	0.833168052455058
10.56	1.1708627010831414
10.57	0.7645671355746102
10.58	0.6601005843309213
10.59	0.9717642359990399
10.6	1.5883082001292945
10.61	0.6004610554911567
10.62	0.7762060015789941
10.63	0.5477233361726668
10.64	0.9392958802897085
10.65	0.6265248699697273
10.66	0.45480823127642583
10.67	0.34811482777528063
10.68	0.6597087068232852
10.69	0.6229231988443723
10.7	-0.5410918993579049
10.71	0.7033888752191501
10.72	0.5769866772545699
10.73	1.3698378964683866
10.74	-0.46994707262154733
10.75	1.1479389507686368
10.76	0.3974216761709714
10.77	-0.1150358868440996
10.78	0.4135491509214254
10.79	0.9045454572348137
10.8	0.9717248799952367
10.81	0.5528193367234732
10.82	0.5799964377370805
10.83	-0.3838103228221392
10.84	0.9157712775184326
10.85	1.4782786669186305
10.86	0.7119481907756167
10.87	0.026991179133669996
10.88	-0.07494324618332948
10.89	1.551166676394628
10.9	0.3948402238825725
10.91	-0.46683952803878614
10.92	-0.34446229697825737
10.93	0.7657080342691984
10.94	0.6535709920639651
10.95	0.7668741714016007
10.96	0.18259422019968663
10.97	0.6099075910398771
10.98	1.206327141997273
10.99	0.4045579274309998
11.0	0.35662204488410737
11.01	1.3202666041023454
11.02	0.5138333497845661
11.03	0.7361418488212329
11.04	0.44580670314936705
11.05	-0.05048945457613577
11.06	-0.002834737151911071
11.07	-0.4570548123499157
11.08	0.5899466642033391
11.09	0.48348459382582665
11.1	0.18317263857273428
11.11	0.30450804296482303
11.12	-0.021967925588323944
11.13	0.5487886275074676
11.14	0.1427613127411851
11.15	0.5622469139505123
11.16	0.8457438722795845
11.17	0.49408072418072724
11.18	0.41344758798884684
11.19	0.8983132961076965
11.2	-0.37882369633355606
11.21	1.7598827507670673
11.22	0.08562612142732623
11.23	0.7787966652766858
11.24	1.3002688549295238
11.25	0.4613004371573006
11.26	1.2954534777824174
11.27	-0.30277205872709867
11.28	0.9291238905487593
11.29	0.53539827558152
11.3	0.16100456402218624
11.31	0.1202876499090802
11.32	0.8731745648928727
11.33	1.1822910161953715
11.34	0.4989826348467218
11.35	0.48330691411102
11.36	0.4354094864776846
11.37	0.5386714070516078
11.38	0.1955816035438303
11.39	0.12804421082749493
11.4	0.3090490504697021
11.41	0.453157733293521
11.42	-0.4116628509759818
11.43	1.2443090269773043
11.44	0.762700322766257
11.45	0.4045299899134711
11.46	0.1675714842776539
11.47	-0.36480087202507216
11.48	0.671419382283065
11.49	0.3404416960738743
11.5	0.2016401396183911
11.51	-0.15194896958912885
11.52	-0.5995656278214359
11.53	0.6748184140629465
11.54	0.5299455293392121
11.55	0.3317369384895976
11.56	0.4185286436623062
11.57	1.169237107891757
11.58	-0.5860792772981744
11.59	0.6895855377808178
11.6	0.35233746921092546
11.61	0.3538029529185502
11.62	0.43549697204104787
11.63	0.5928512922379857
11.64	-1.072561249141754
11.65	0.45170994714141954
11.66	0.10920052837694477
11.67	0.5914564643683387
11.68	0.5913141622987568
11.69	0.6883163789838225
11.7	0.16773581593799264
11.71	0.687854259683971
11.72	0.15740478687285586
11.73	0.7706536653959047
11.74	0.5994631994909172
11.75	0.9048497413218224
11.76	-0.0638347215401783
11.77	0.6282151191749894
11.78	0.685338880478358
11.79	-0.23056306535425192
11.8	0.1789771899769213
11.81	0.7953839067994323
11.82	0.331609062388572
11.83	0.7802082349102535
11.84	-0.050235775635967095
11.85	1.1558731431133038
11.86	-0.691634465107773
11.87	0.3893336130535383
11.88	0.7010660444567407
11.89	0.8498294809244131
11.9	0.21407392557370758
11.91	0.40060749928796635
11.92	-0.3159817812267047
11.93	-0.48593049018764184
11.94	0.6782026085462538
11.95	0.8667152769639808
11.96	0.852714541641974
11.97	0.6270170466618512
11.98	0.8471274001313585
11.99	0.24015788940412525
12.0	-0.2892851421502248
12.01	0.24456585782193901
12.02	0.843858460003851
12.03	0.8357445326729076
12.04	-0.011567999561917341
12.05	-0.5015716974762574
12.06	-0.5799263346672474
12.07	0.14568498974387412
12.08	1.076765522899773
12.09	-0.42324606493159106
12.1	-0.3841304455191415
12.11	0.5531731822921871
12.12	-0.46538661723938907
12.13	-0.38760230079957075
12.14	0.31922955397319314
12.15	-0.3036250541932895
12.16	1.632709041018249
12.17	0.1703498265471011
12.18	-0.3396406197793923
12.19	0.45524112083596024
12.2	-0.028954411612090836
12.21	0.5628883886652258
12.22	0.20046018296444273
12.23	0.8105041722497137
12.24	-0.5748296973494538
12.25	0.07143995881356315
12.26	-0.5412922931653561
12.27	0.36690071858970996
12.28	0.14226040017553004
12.29	-0.1020230325782911
12.3	0.6469803244561747
12.31	0.8315178838129778
12.32	0.1931831762591937
12.33	-0.28585199863234606
12.34	0.33955777145448024
12.35	0.22533329249165526
12.36	0.38240020959315224
12.37	-0.002946366597267769
12.38	-0.04602608919023676
12.39	0.7317087709804515
12.4	-0.819395064605329
12.41	-0.009570461257600471
12.42	-0.12163765135837251
12.43	0.0977685132813372
12.44	0.34593030848305284
12.45	0.09421974919183163
12.46	-0.3965427001059097
12.47	0.4590082664557262
12.48	0.5020774101283334
12.49	0.045527168034959306
12.5	0.7940210241195116
12.51	0.3147044399632438
12.52	0.2986600171947542
12.53	-0.5520763536233229
12.54	0.3110148132392009
12.55	0.6320123265648168
12.56	0.39858050212647095
12.57	-0.002570163385869878
12.58	0.07852248355144682
12.59	-0.4901211194964564
12.6	0.06725844274707371
12.61	-0.10995402481187799
12.62	-0.07272671884775195
12.63	-0.825344773166919
12.64	-0.27261171498491116
12.65	-0.08252847803698019
12.66	0.8542912572038519
12.67	-0.19846375309454167
12.68	0.567572345696451
12.69	-0.07424738635989611
12.7	0.7470490703036328
12.71	-0.5200070375114134
12.72	0.6133358099099349
12.73	0.6337693091926684
12.74	0.08000854102907959
12.75	0.5596888115280909
12.76	-0.19073256567332808
12.77	-0.6260342726870101
12.78	-0.2306731910931885
12.79	0.5653226021374907
12.8	0.05543643627197513
12.81	0.1634795021804976
12.82	0.3597887585576142
12.83	1.1803411333886835
12.84	0.867239985778886
12.85	0.18126760656844565
12.86	-0.23172132582827287
12.87	0.46730788155060304
12.88	-0.33203681933135853
12.89	0.3305990752171949
12.9	0.2270928796823799
12.91	0.4611426628486683
12.92	0.7249796001920648
12.93	-0.19366266551460054
12.94	-0.0734407072612748
12.95	-0.17415040838707146
12.96	-0.29547891562128015
12.97	0.5063834468438524
12.98	-0.1416065709219445
12.99	1.1031277886763369
13.0	0.2528175625681358
13.01	0.5057389039746962
13.02	0.7246448492917044
13.03	0.2353102275125803
13.04	0.059891509432103154
13.05	1.2701223699547246
13.06	-0.2817401601688252
13.07	1.428814535822136
13.08	0.055015263457390634
13.09	-0.07580143268507225
13.1	-0.4600420906086909
13.11	-0.009314101760638432
13.12	-0.42930000057843726
13.13	0.011186998454154051
13.14	0.4285469119282397
13.15	1.1106971372661993
13.16	1.7526223644819807
13.17	0.23762671761433862
13.18	0.22044316797209257
13.19	-0.1928202308111966
13.2	-0.5126222135517349
13.21	0.10056971723705604
13.22	-0.0896323865580636
13.23	-0.2707014526376791
13.24	1.023516495981128
13.25	0.5236310635390338
13.26	-0.290141220662732
13.27	0.009194385014681283
13.28	-0.2715236271381477
13.29	0.13266373109005636
13.3	0.3848806007795058
13.31	1.0318422551577866
13.32	0.34497722918048496
13.33	0.24554408559849614
13.34	0.9624790594027857
13.35	0.10214827928666668
13.36	0.7504637153773257
13.37	0.27853966566594834
13.38	0.8414604991828214
13.39	0.01670854322383003
13.4	-0.08505000419851688
13.41	0.4759419049140656
13.42	0.24024948386908712
13.43	-0.015965443873300428
13.44	0.290035327768638
13.45	-0.43080703618558086
13.46	0.611553164707499
13.47	0.5784103976385571
13.48	0.11802707591419999
13.49	-0.08403761945347274
13.5	1.013067910106937
13.51	0.20737243303226288
13.52	-0.24739584874620096
13.53	-0.5458535494901007
13.54	-0.5141256174486791
13.55	1.2422650751204982
13.56	0.5285410173479307
13.57	0.7597710288325794
13.58	0.5364898927131883
13.59	0.1806881692449052
13.6	-0.9775673476918869
13.61	-0.421039671907735
13.62	0.003992081972561332
13.63	-0.37797874777651946
13.64	-0.1543805597366607
13.65	1.2686671958670939
13.66	0.6485856269670596
13.67	-0.13741255662914414
13.68	0.6667635587424383
13.69	-0.41960459640850994
13.7	0.11946362411349994
13.71	0.7520929660733466
13.72	-0.2474179552089245
13.73	0.6089779721091538
13.74	0.5612515956024449
13.75	0.36268461486749776
13.76	0.22029778095808777
13.77	-0.016129031927072768
13.78	0.4871282958141443
13.79	-1.0482631724472755
13.8	-0.292196582008545
13.81	0.09858662517814254
13.82	0.8104522741392459
13.83	-0.5530738295733197
13.84	0.4616746321530787
13.85	-0.03150452299892678
13.86	0.5681198016951441
13.87	0.04624117017287464
13.88	0.0898428946374702
13.89	0.082696238661499
13.9	1.1133460815462286
13.91	0.029810289455009784
13.92	0.5165488611759071
13.93	-0.1684008614722487
13.94	0.35334420664738103
13.95	-0.6371120257412193
13.96	-0.16781110290859858
13.97	0.46130095602468635
13.98	0.39135472134100674
13.99	0.457030943522714
14.0	-0.07889413941439441
14.01	-0.2522833362055009
14.02	0.17421173529069356
14.03	-0.5263607454712198
14.04	-0.8892476263331297
14.05	0.1987940881994385
14.06	-0.47583571645537853
14.07	-0.6839658186302708
14.08	0.1613800926148286
14.09	0.9704030317559325
14.1	0.39679567596706156
14.11	-0.12807222444645705
14.12	0.964317004057216
14.13	-0.4073641892166892
14.14	0.1305883364586312
14.15	-0.5248039649292788
14.16	-0.2648106882376511
14.17	0.17681265280038766
14.18	0.0006125875664962505
14.19	0.1891541155575488
14.2	-0.5002168434043481
14.21	-0.1655968265477395
14.22	0.9116880738066588
14.23	-0.3451976785716977
14.24	0.038330806737369966
14.25	0.16862131640971098
14.26	0.041238372110893845
14.27	-0.19507103483957183
14.28	-0.2418314558639278
14.29	0.8460392865088691
14.3	-0.07209551096845718
14.31	-0.39001135014550425
14.32	0.06677078268430117
14.33	-0.6537206950592345
14.34	-0.25793442384997656
14.35	-0.5362068331944647
14.36	0.13729870425839974
14.37	-0.10241808172870956
14.38	0.3584979644134355
14.39	0.4606483613802431
14.4	0.659973534139956
14.41	0.47991654038790327
14.42	0.04546760771559895
14.43	-0.37337188154010564
14.44	1.1050528752264772
14.45	-0.42914455334508855
14.46	0.04234831092839425
14.47	-0.00410218641883503
14.48	0.382707921967185
14.49	1.3761449271762476
14.5	-0.032965464071945505
14.51	0.7127391678636741
14.52	0.19619859221504668
14.53	0.49714843670896913
14.54	-0.2525831965415517
14.55	0.0016588634256154006
14.56	0.039273663741726736
14.57	-0.20515329996096154
14.58	1.1305734572033013
14.59	0.426153317653356
14.6	0.2864311650937565
14.61	-0.017008405766718887
14.62	-0.47580539281167616
14.63	0.2828558211972798
14.64	0.6173572130309362
14.65	0.3905122667776163
14.66	0.5121290431372103
14.67	0.16559457084006823
14.68	0.4945805141459958
14.69	0.6046664229736389
14.7	0.09949391615810113
14.71	1.5662910373608245
14.72	0.4686361641619683
14.73	0.07980965134670873
14.74	0.05736875164493635
14.75	0.4222106616329202
14.76	-0.35377405788057026
14.77	0.31199568313903053
14.78	0.707607890905301
14.79	-0.6886849875057357
14.8	0.9483686553600268
14.81	0.7239933326554386
14.82	-0.3038806671838561
14.83	-0.25776622816059364
14.84	-0.3254234615687488
14.85	-0.6533188294069929
14.86	-0.22054441335780134
14.87	0.345622051289762
14.88	-0.3158599707816871
14.89	0.34133163167759073
14.9	0.234268027635629
14.91	0.3345918156570141
14.92	0.7414908723737215
14.93	-0.7388046596197471
14.94	0.49709427241724613
14.95	-0.2775727350807413
14.96	-0.7690229476149015
14.97	0.47563949595226473
14.98	-0.34934540736241115
14.99	0.7818427352322292
15.0	0.1541094222190122
15.01	0.007094769451288438
15.02	0.5742638289094414
15.03	-0.2283174041988375
15.04	-0.16337630977262846
15.05	-0.0686916419887394
15.06	0.38358174703573134
15.07	-0.6064119569479729
15.08	0.3357646037400248
15.09	1.0089089118369132
15.1	0.49148454999999996
15.11	-0.026820661025905163
15.12	0.6289688889728624
15.13	0.6763472345421337
15.14	-0.07613417078164134
15.15	0.15339153940815034
15.16	1.0796355774735418
15.17	-1.3164086617881297
15.18	-0.03379971705364801
15.19	-0.07633343765572176
15.2	-0.46989868107423954
15.21	-0.2688432113219616
15.22	0.2817277610016826
15.23	-0.16999728786099527
15.24	-0.29600136918028835
15.25	-0.30575027712423136
15.26	-0.3129350035736275
15.27	-0.6682813747344694
15.28	0.7491119277066591
15.29	0.7566530172465733
15.3	-0.8420722453576261
15.31	0.05026474594370803
15.32	0.4195499385328026
15.33	0.3920988553570761
15.34	-0.544715809187758
15.35	0.21631023895803153
15.36	0.055330517053751416
15.37	-0.2637283851798731
15.38	1.0548429904065686
15.39	1.0469791837107865
15.4	-0.5410857742861994
15.41	0.4635776666608827
15.42	-0.17801997843031309
15.43	0.803341295371272
15.44	-0.3942225931144279
15.45	0.17550500768658556
15.46	0.32985842187622766
15.47	0.33930578845873427
15.48	-0.32488321987739593
15.49	0.07368891754799288
15.5	0.21134998247611167
15.51	-0.6810625854710783
15.52	0.527423709527418
15.53	-0.25846553933516603
15.54	-0.5993723692005914
15.55	-0.19657303803315418
15.56	-0.378190610769988
15.57	0.49910992752014705
15.58	-0.22386591127004235
15.59	1.6519179829974548
15.6	1.2136764002145888
15.61	-0.11192561406814128
15.62	-0.6696569380140065
15.63	0.021416822403873187
15.64	0.13698862570885503
15.65	-0.5853268534280265
15.66	0.7636265513016571
15.67	-0.5983201466537931
15.68	0.49377942001163183
15.69	0.6709781048277377
15.7	0.056300116077457565
15.71	0.04402078166442519
15.72	0.14576577819244474
15.73	-0.27037136768812214
15.74	-0.4194586403796446
15.75	-0.2385323867466892
15.76	-0.5085249755393844
15.77	0.3591692538385144
15.78	0.5475067445478061
15.79	0.034830320336083576
15.8	1.3638724155527717
15.81	0.8878635072511596
15.82	0.9685902660882046
15.83	0.37879550658786076
15.84	-0.06683381669773372
15.85	0.23095748948128927
15.86	-0.22790370873065707
15.87	0.18781917197397655
15.88	-0.14933541675642814
15.89	0.21314506220168783
15.9	0.7267119822916066
15.91	-0.2584731569066209
15.92	0.2661526752993433
15.93	0.1899486494939259
15.94	0.38316466714441066
15.95	-0.05790872508997644
15.96	-0.08650909596493819
15.97	0.435764531333695
15.98	0.47958589824564724
15.99	-0.6632046213758802
16.0	0.7531144914946306
16.01	0.11999547506089776
16.02	0.36028555422096653
16.03	0.36346180555238317
16.04	-0.1560777865845303
16.05	0.5267497264840179
16.06	-0.37364724134237937
16.07	-0.14310397519221218
16.08	0.847800545893825
16.09	-0.4868287784750328
16.1	0.22911279996437173
16.11	0.11469169005632479
16.12	0.3579768499467856
16.13	0.7103199790360872
16.14	0.3018658653885832
16.15	-0.21144764366228966
16.16	-0.6322214263448227
16.17	0.6918246721001067
16.18	-0.36478221205374994
16.19	0.9171250413682539
16.2	0.8964941513322832
16.21	-0.21470031051832705
16.22	0.07821553831755584
16.23	0.035927529061070496
16.24	0.3888146529419628
16.25	-0.833589783298996
16.26	0.2988428910498985
16.27	0.013209857623500645
16.28	0.3360441605245285
16.29	-0.14801466255070203
16.3	-0.9443690547604705
16.31	-0.037877202497861834
16.32	-0.5580694873092353
16.33	0.19212970126722545
16.34	0.0986584888839785
16.35	0.03631799385483594
16.36	0.44791594500685533
16.37	-0.0878736322142642
16.38	0.23725507405631596
16.39	0.15630325158873534
16.4	0.364116975059422
16.41	1.1562296625808064
16.42	0.3735748803245724
16.43	-1.102160359002949
16.44	-0.42243126861072705
16.45	0.08438006675769538
16.46	0.45548375367110505
16.47	-0.5738036518363081
16.48	-0.22550735315032358
16.49	-0.6827306668267281
16.5	0.04370501394869949
16.51	0.15028494247701643
16.52	0.27486396334715707
16.53	-0.5900563541995288
16.54	0.10180809827347605
16.55	-0.2722075466472882
16.56	-0.1886689501680714
16.57	-0.8194083374596922
16.58	-0.026507612352505316
16.59	0.8056549643755869
16.6	0.1377491646546679
16.61	-0.8230430260581176
16.62	-0.29773677725855113
16.63	0.7920261057128152
16.64	0.3107897862236737
16.65	0.08058606814406458
16.66	0.10743382194136056
16.67	-0.08253987308488506
16.68	-0.7072753819410792
16.69	-0.2941980225369969
16.7	-0.12100946868359794
16.71	0.13967123032524098
16.72	0.12475656691489016
16.73	-0.5004910216318896
16.74	0.3340992655041449
16.75	-0.5373332278680242
16.76	0.10884476703429254
16.77	-0.4861370919514329
16.78	0.3942094855832719
16.79	-1.1679404057411131
16.8	-0.37760741131232706
16.81	0.16698852198709305
16.82	0.2781519596834554
16.83	0.6370358324820204
16.84	0.4789407058235125
16.85	-0.5584337383372192
16.86	0.5469866937773881
16.87	-0.05902225497515075
16.88	0.14573634485515607
16.89	0.19683307195199776
16.9	0.4000040223362239
16.91	0.15703754481469234
16.92	0.3013041466411513
16.93	-0.4265325462718497
16.94	-0.3355691787782824
16.95	0.22665679358539625
16.96	0.07739944233853967
16.97	0.3202180108845683
16.98	0.6244088619909813
16.99	-0.08602809486955786
17.0	0.2926692419796489
17.01	0.01288160957131948
17.02	0.5215621414176341
17.03	0.19342324563432597
17.04	0.3529759572482709
17.05	-0.8208108435839866
17.06	-0.448206535701107
17.07	-0.03727625861645514
17.08	0.34614140412600986
17.09	-0.20571928557390173
17.1	-0.4775738603860244
17.11	0.18551014951754713
17.12	-0.11509721663042966
17.13	-0.03171932101823757
17.14	0.45407569694502947
17.15	0.4568260412189546
17.16	0.4323083985911289
17.17	0.4174840503464836
17.18	0.17969858851435067
17.19	0.057903482991167696
17.2	-0.3096132224286494
17.21	-0.6758437952259986
17.22	-0.24158488471320916
17.23	-0.4397810897326726
17.24	0.07237636560693003
17.25	-0.497041301334482
17.26	-0.15928527057292646
17.27	0.19655368826939384
17.28	-0.5912383145919202
17.29	-0.7370698237489235
17.3	0.0933163957942492
17.31	-0.0023019481080044923
17.32	0.15595969671699042
17.33	0.23182814750797504
17.34	-0.09637719457938504
17.35	0.3068208852038244
17.36	0.20978133947291572
17.37	1.5420650665130988
17.38	0.004575250550224056
17.39	0.38868952111878685
17.4	-0.042677905279703776
17.41	0.803705007372818
17.42	0.12813120543740386
17.43	0.38112501475220456
17.44	-0.5415484663110495
17.45	-0.11436659032744384
17.46	-0.13642498586812268
17.47	0.45415621086653446
17.48	-0.09562425479101244
17.49	-0.19640057248116485
17.5	-0.6330080948813599
17.51	0.00284946112084308
17.52	0.11114209373038833
17.53	-0.4019809468402134
17.54	-0.4105284056272322
17.55	0.42113594405486326
17.56	-0.3579859905506204
17.57	0.04185897951172971
17.58	-0.5720473048661756
17.59	-0.44673690904368407
17.6	0.11217357428771178
17.61	-0.8024477689328147
17.62	-0.08050881857508142
17.63	-0.2074973458329124
17.64	-0.16799501746203582
17.65	-0.6931162534098011
17.66	-0.20984138458331475
17.67	0.3246570600300348
17.68	-0.09454783412320997
17.69	-0.08149949497095965
17.7	-0.4337508399895421
17.71	-0.24077359741470739
17.72	0.23397159099924042
17.73	-0.5917097285321598
17.74	0.12110182158601508
17.75	0.027779786345700275
17.76	0.10749910224662237
17.77	-0.5439121763068564
17.78	0.9264494499135695
17.79	-0.33745480143639395
17.8	0.3896845152984747
17.81	-0.08196013869089902
17.82	0.5409813030680263
17.83	-0.3125283233172503
17.84	1.2307468534619608
17.85	0.8319787649457158
17.86	0.40688604561704167
17.87	0.8404957130148772
17.88	-0.3703023086769304
17.89	0.5498837203325243
17.9	-0.2330406898305753
17.91	0.29194013562650933
17.92	0.20875815786855617
17.93	0.17521052573744608
17.94	-0.2584224829521023
17.95	0.9399276842666764
17.96	0.40999937995410385
17.97	0.4633307183387692
17.98	0.34904829426653977
17.99	0.28786694716035105
18.0	0.1385152535239586
18.01	0.633294568558961
18.02	1.2509904977267192
18.03	0.2994162071563903
18.04	1.058586244572646
18.05	0.8611690677574466
18.06	0.3164379268832276
18.07	1.1220726196944784
18.08	0.5653496108231586
18.09	0.6299062912313886
18.1	0.9728756780111817
18.11	1.1254279757776646
18.12	-0.29973883613555286
18.13	0.15408626725723587
18.14	0.48380389738150575
18.15	0.6810615037298228
18.16	0.6828641682201534
18.17	1.2017670711814519
18.18	0.6737390541341133
18.19	0.4696221846664244
18.2	1.4993477954478815
18.21	0.2973640513653377
18.22	0.8834770199738474
18.23	0.9327185438561095
18.24	0.8933851937412074
18.25	1.093175852690062
18.26	0.3251865060542447
18.27	-0.0071092540561567
18.28	-0.4157978463952886
18.29	0.7603872602166868
18.3	0.9224747011088523
18.31	0.8493877584154286
18.32	0.08988417933818427
18.33	0.6194223562100756
18.34	0.43432654748598737
18.35	0.11324817408593668
18.36	0.4469264659723213
18.37	-0.554343207863241
18.38	0.8293480473191395
18.39	0.5586128164084188
18.4	0.19838247698489136
18.41	0.7957852542924904
18.42	0.8685404435598871
18.43	0.920660419627227
18.44	0.30786078815888573
18.45	0.4487008704294039
18.46	1.433770952967186
18.47	0.778516000030011
18.48	0.3871737171657057
18.49	0.18497296675020053
18.5	0.7255881430243549
18.51	1.6441228202435676
18.52	0.1664497482649589
18.53	0.3143982648312068
18.54	0.9608952548375006
18.55	0.4306708082849432
18.56	-0.18893744862441297
18.57	0.277236089751168
18.58	0.4262037882141814
18.59	1.2258972273035957
18.6	-0.2134456030957702
18.61	1.0457640146622076
18.62	0.21583377912524676
18.63	1.4425540612805192
18.64	0.38203279107337995
18.65	0.17232508962415033
18.66	1.1245835112863274
18.67	-0.32427701267155284
18.68	0.5485880687499769
18.69	-0.3731203245959648
18.7	0.46293028119002905
18.71	0.8279451739370385
18.72	0.5128920132023695
18.73	0.24150741522103591
18.74	0.2001864216828756
18.75	0.37472965544445813
18.76	-0.134451032776556
18.77	0.5094908434732359
18.78	1.2245343101039667
18.79	0.7871023569222975
18.8	0.5884227146265251
18.81	0.5959322087129478
18.82	-0.23470970768112343
18.83	-0.07764730306745804
18.84	0.3122302241020959
18.85	0.2790416496863514
18.86	0.27038716011354846
18.87	1.345192270803898
18.88	0.30367106509225006
18.89	0.6678921247174645
18.9	0.6473315766729871
18.91	0.8383382226380415
18.92	1.0085603154049676
18.93	0.82215069811048
18.94	1.1331759160103125
18.95	0.13748054130622417
18.96	0.18399270534471135
18.97	0.8260142778801065
18.98	0.42744334428601194
18.99	-0.01810342508448337
19.0	0.5342407355447503
19.01	0.17790643953843333
19.02	2.1825156147130547
19.03	-0.2866234129633711
19.04	0.09944756234674457
19.05	0.7888137254710921
19.06	0.03446812953186246
19.07	0.5163943739254213
19.08	0.3791010483029733
19.09	0.5930172346532065
19.1	0.24143527621713
19.11	1.0238974419452158
19.12	0.7883047200274353
19.13	0.9776998146055422
19.14	-0.47443301026216467
19.15	0.3721483181954176
19.16	0.8673753565251003
19.17	0.35964817076115
19.18	0.4588309765352774
19.19	0.6088420737912726
19.2	0.00655723572480349
19.21	0.21696710859008583
19.22	0.6787931641278473
19.23	0.9288836355680443
19.24	1.0145879873913133
19.25	1.7182841547377743
19.26	-0.04586510660250298
19.27	-0.33320261137102714
19.28	0.2026828941666009
19.29	1.3150285786950535
19.3	0.8270712428711972
19.31	0.6918836814523455
19.32	-0.2840120077896353
19.33	0.635112609968179
19.34	1.644983803700237
19.35	0.6110566270510679
19.36	0.28167869008392105
19.37	0.14437409619158675
19.38	-0.1527613290709181
19.39	0.5459281535468836
19.4	1.09445560531884
19.41	0.6036287000560474
19.42	0.6847871178788215
19.43	0.7871190548783231
19.44	0.8675672412866291
19.45	0.5990273181562639
19.46	0.33980959292649804
19.47	0.37462228890037896
19.48	0.26910777380113104
19.49	1.1025021448136338
19.5	0.948776712065485
19.51	-0.1280589968618212
19.52	0.770119924069427
19.53	0.07297267727563467
19.54	0.2259644484908338
19.55	0.9514325898981517
19.56	0.035978187934518624
19.57	0.11659612664561542
19.58	0.45500463059659935
19.59	0.6486489878574999
19.6	0.7151626921288273
19.61	1.0499718260875701
19.62	0.3118450957484302
19.63	0.42501581373730274
19.64	0.9116608146736687
19.65	-0.02599719963718905
19.66	0.355026752461229
19.67	0.6609399793011878
19.68	1.4931706394534148
19.69	0.7955097252684716
19.7	0.4553412509845899
19.71	0.8138212286159496
19.72	0.7891545017284198
19.73	0.09298004055752307
19.74	0.6155946084179184
19.75	0.35475992158428155
19.76	0.46801152758905595
19.77	1.328867894011179
19.78	0.13859756058755818
19.79	0.4412083898883256
19.8	0.9526746787074665
19.81	0.8886157756303481
19.82	1.1027785636369118
19.83	1.5818530980856134
19.84	1.5302297516241308
19.85	1.6672261349315896
19.86	0.7664949750822749
19.87	0.14524807911366988
19.88	0.09716734324430165
19.89	0.22778968018562717
19.9	0.4020382208154169
19.91	0.2934980784570692
19.92	-0.17336771946900176
19.93	0.3439348114428743
19.94	-0.04885578006253216
19.95	0.3521889144206548
19.96	-0.3092247931037361
19.97	0.7278870958034992
19.98	1.2187010549706914
19.99	0.4742437821593369
20.0	0.8684168823569587
