10.01	4.84549416336351
10.02	1.3435024510432068
10.03	3.354340008395346
10.04	2.856544481070588
10.05	3.0162271959906146
10.06	2.4384121636572798
10.07	1.9816240184152905
10.08	6.387085772371798
10.09	2.6907474504518576
10.1	3.9988580510690603
10.11	4.459022364612679
10.12	3.859353714846588
10.13	1.697342474661385
10.14	4.771137159340641
10.15	3.604585895998711
10.16	2.7037666571704095
10.17	3.108457692980902
10.18	3.7781594747694305
10.19	3.3294220332278575
10.2	0.5678814794560572
10.21	-0.900092734401182
10.22	5.072079819589188
10.23	-0.44476969528973065
10.24	2.5903651658337514
10.25	2.3845423095467595
10.26	3.4728424216823024
10.27	0.6853283945428472
10.28	1.811140442865411
10.29	1.793016258417195
10.3	-0.8392797215614507
10.31	1.905378534438865
10.32	1.3536540132186519
10.33	2.1005110875893465
10.34	0.8136910677502763
10.35	1.3748378528764027
10.36	1.6104633530592822
10.37	3.24235535577065
10.38	0.08250849909652236
10.39	2.0301221364756064
10.4	2.5897669910834775
10.41	0.7132855816199908
10.42	0.6915560636135945
10.43	-0.4763421018865052
10.44	0.5938126961683887
10.45	-1.4382814247370257
10.46	-0.37400164084763626
10.47	0.3883358259077526
10.48	-0.23063294193718628
10.49	-0.1162854223929712
10.5	0.23188002273534572
10.51	-1.6471469972744175
10.52	-0.48667800788739096
10.53	-0.014036400113151241
10.54	-0.21604233693172434
10.55	-0.23587755772450517
10.56	0.5743809083557601
10.57	-1.3109472237717772
10.58	0.6089885210676879
10.59	0.009978463169742243
10.6	-2.882093169703794
10.61	-0.18601274749611832
10.62	1.4900936885490292
10.63	-0.19939736293754232
10.64	-1.3121679986442607
10.65	-1.4969577008892436
10.66	1.3773907522543662
10.67	-1.431901809068166
10.68	3.8367795415310066
10.69	-0.3259834196042009
10.7	0.3523805115084447
10.71	2.2918380316476634
10.72	0.46683451636070117
10.73	1.0317584845507295
10.74	-0.4852783327562804
10.75	1.63243067569371
10.76	-0.6867872994352208
10.77	1.897374656275724
10.78	0.0564790217135438
10.79	1.8162382842356586
10.8	3.1605599739362726
10.81	-1.0566394371580277
10.82	0.2533729137308536
10.83	-0.46311316423825677
10.84	-0.5516164318146172
10.85	0.6408060863522578
10.86	1.9441607554213327
10.87	-0.027804723782939966
10.88	1.614933160434922
10.89	1.2121761382948804
10.9	2.7216377420330984
10.91	0.26375156757332796
10.92	0.5440129719844053
10.93	1.104582424292691
10.94	0.9413230323688674
10.95	4.1045797041919565
10.96	1.2799236195827697
10.97	0.19812169641549815
10.98	-0.012206901650955615
10.99	-0.5564339044201975
11.0	2.9975546641505812
11.01	0.5570005659596028
11.02	2.1176281432442883
11.03	0.8329867572870444
11.04	3.7709707884489854
11.05	0.6396962771623946
11.06	-1.5774758104322884
11.07	-0.1088295555542611
11.08	1.3228797645238748
11.09	-2.444782792728602
11.1	1.0364226247308341
11.11	1.636917198847958
11.12	-0.8235464709427244
11.13	-0.23628163936818591
11.14	2.2474682539770154
11.15	1.7903699621676106
11.16	0.16320967644456252
11.17	-0.2266732892557175
11.18	2.7953136141662447
11.19	2.3807249159949793
11.2	0.294297777290633
11.21	1.8460615530155788
11.22	0.43908429396706783
11.23	1.1710742331928632
11.24	1.0019359753183046
11.25	2.6539352300237393
11.26	-0.07053688260639857
11.27	1.4860187613649767
11.28	0.5663583362035356
11.29	-0.7077138489305688
11.3	2.522553196281641
11.31	0.7639141675059081
11.32	1.703233114976898
11.33	2.1757211376464354
11.34	2.4502882513129705
11.35	2.2947764377564392
11.36	0.6588426035573429
11.37	0.8096277992217462
11.38	4.567457451258332
11.39	-1.5680634218925305
11.4	1.1647539211132214
11.41	0.3592020300466967
11.42	-2.245127683016104
11.43	1.3764277776213965
11.44	1.0342176086311028
11.45	0.8267340860388845
11.46	0.9660011841545029
11.47	3.9654122884628067
11.48	3.7342992822341596
11.49	2.7498464246269596
11.5	2.7670818343542773
11.51	1.641767626661336
11.52	5.577122688160181
11.53	1.988063256150145
11.54	1.6617344345623013
11.55	2.8277216178261138
11.56	3.8437584936361002
11.57	3.3701220412661566
11.58	1.1423193988485953
11.59	1.6641584275708496
11.6	1.2868670464417684
11.61	2.492675697834988
11.62	1.2230214237788393
11.63	2.7049296641610576
11.64	4.8568063421180945
11.65	1.6751583671548635
11.66	1.0959542923441679
11.67	1.9888225985981898
11.68	0.6109536609420654
11.69	6.977678581693478
11.7	3.7867484409493097
11.71	2.206956319942052
11.72	2.2374973255670114
11.73	2.575093166686395
11.74	3.5585078365761853
11.75	3.559958509638295
11.76	2.683569719339172
11.77	4.265485465692871
11.78	5.9760579183978795
11.79	1.8264523011239118
11.8	4.113833008855641
11.81	0.36494902248940075
11.82	3.3039814988663356
11.83	3.1737899666969818
11.84	3.7399227546246907
11.85	1.938010048054776
11.86	0.5236342040259327
11.87	3.368000345227613
11.88	6.386700910818864
11.89	4.497931046684046
11.9	2.3631630488959217
11.91	3.5610563650491596
11.92	2.4335855539941154
11.93	5.819258739882063
11.94	0.8453220569464357
11.95	1.5456213983437923
11.96	0.12654151123421498
11.97	3.526273098551145
11.98	2.1727713031094247
11.99	4.330822528262022
12.0	1.6265035435171173
12.01	0.12532779256390247
12.02	2.292643285023501
12.03	3.3981733049390437
12.04	-0.10543590908141809
12.05	0.691820962482776
12.06	-0.3810934781139417
12.07	0.5397236759083857
12.08	2.755331217321795
12.09	-0.06852098167138632
12.1	1.4783582657431285
12.11	2.202253042093569
12.12	3.0649481395277958
12.13	2.5622517461610204
12.14	1.0772092243657196
12.15	2.7606409339029265
12.16	3.903651841009058
12.17	0.17543492656748216
12.18	1.199938831437903
12.19	2.473911913732711
12.2	0.13088050434968945
12.21	1.0285228861601325
12.22	0.41644180322355506
12.23	3.605525440159532
12.24	0.6589201203519348
12.25	2.868867259529077
12.26	1.1348917438142905
12.27	1.8779778849186344
12.28	0.20955101573940116
12.29	2.849953275213345
12.3	2.389934014727876
12.31	0.6927859241684254
12.32	2.286412363466601
12.33	2.280373234767321
12.34	0.9614941242465971
12.35	-0.4714155782984626
12.36	3.1366250835297924
12.37	2.3641671858282534
12.38	1.8881911497760175
12.39	4.715856577574821
12.4	2.2553816449601634
12.41	1.6045921175550342
12.42	1.6812856628001167
12.43	-0.4578172276415262
12.44	2.9534644641696777
12.45	3.6758349519789304
12.46	-0.16342131518163394
12.47	1.8643020675361066
12.48	1.807494633684538
12.49	1.3489631443766057
12.5	2.569309646998998
12.51	0.26716900678694344
12.52	0.15764736296677473
12.53	2.944753431513748
12.54	3.0534224423262595
12.55	2.897276464446994
12.56	0.3263939177613453
12.57	1.3507069040856035
12.58	3.7908888576916633
12.59	2.490759352501848
12.6	2.5559691940009563
12.61	2.603580687869611
12.62	2.0006906711629604
12.63	1.729660802407667
12.64	4.801587121097277
12.65	3.893019670500501
12.66	6.9043659559312385
12.67	1.361235670683653
12.68	1.5822819004052713
12.69	1.5889472395884017
12.7	2.8988058702050834
12.71	1.060760738888468
12.72	0.5837650933554528
12.73	2.346449937731483
12.74	3.3551317983378306
12.75	2.8689641121264353
12.76	4.773348553845561
12.77	3.2531753127024245
12.78	2.9935317027491113
12.79	2.0325955792301644
12.8	7.335820790246263
12.81	1.5298579754388235
12.82	3.9306675320402595
12.83	5.160954397977842
12.84	6.298494234218859
12.85	4.589363077949748
12.86	3.795947389447515
12.87	3.1275096104459545
12.88	2.973939105840868
12.89	1.427759460587772
12.9	3.8091986281447836
12.91	3.17033787092481
12.92	1.6186750139565391
12.93	6.528773779830679
12.94	4.2028611250010455
12.95	4.376786721977175
12.96	2.8565755279635914
12.97	3.780985717649958
12.98	5.540989467085952
12.99	2.6030372391426013
13.0	2.180032871724621
13.01	3.348138632962886
13.02	2.2449357605390023
13.03	4.662014775835864
13.04	4.853866027690762
13.05	2.993652873416898
13.06	2.3404041245008713
13.07	2.1382451490124663
13.08	7.631245970937549
13.09	1.0059543006896035
13.1	4.174378840029339
13.11	4.220473286218667
13.12	2.2607507997759084
13.13	5.052607118426824
13.14	3.053667874405264
13.15	4.97583722958039
13.16	2.2138983966725423
13.17	2.438192463267631
13.18	2.6390441746536575
13.19	1.4370819279653109
13.2	1.6488552951084887
13.21	0.909338418202535
13.22	4.391977523194916
13.23	3.496469452214904
13.24	3.8689805461050693
13.25	1.5359010823623673
13.26	0.7176040784444488
13.27	2.6064625599864377
13.28	2.1819225268950238
13.29	0.8007453242042768
13.3	2.9181920985883707
13.31	0.6423781933898121
13.32	3.0344172751862124
13.33	3.694395640864369
13.34	-0.5004148469826535
13.35	0.8935519271537249
13.36	1.3308831770457812
13.37	3.942399472506847
13.38	4.114433585898633
13.39	1.4618902432143053
13.4	2.0205149880608415
13.41	1.5733360989812133
13.42	1.0187178727067536
13.43	2.7241950618353448
13.44	-0.03922636308037308
13.45	2.048068910204915
13.46	2.9280438322856295
13.47	0.1307809547998815
13.48	3.1517408710577337
13.49	2.7330756645754386
13.5	1.7066191074538162
13.51	2.603520888652258
13.52	2.266242668107187
13.53	3.755604808688778
13.54	2.868928333585086
13.55	2.3634638903062224
13.56	-0.1864223886013643
13.57	2.2637371141619376
13.58	0.6039918635577939
13.59	1.6869192927885353
13.6	1.031114218093061
13.61	1.6412221593886307
13.62	1.2867413886404666
13.63	1.5241708827370308
13.64	0.2657653583830264
13.65	2.137564038732191
13.66	5.246755124085965
13.67	3.353399727325999
13.68	3.511037155841456
13.69	1.1702378821463044
13.7	2.5027383371277776
13.71	4.253781750084807
13.72	-0.08794651738394954
13.73	2.2753623717572977
13.74	2.7451853211686283
13.75	3.1150342375896574
13.76	2.405138516127131
13.77	3.8207611780635222
13.78	4.344451736938694
13.79	2.8193736733903774
13.8	0.9638010690451182
13.81	3.23847329247445
13.82	0.6284568768251821
13.83	3.5551838551884667
13.84	1.955840393589965
13.85	2.218696782402613
13.86	5.712822799474644
13.87	-0.36256344617875325
13.88	1.3702108304115015
13.89	5.802085033395944
13.9	3.732376463418533
13.91	2.9641858187675574
13.92	1.4155064551178709
13.93	3.0563329387810145
13.94	4.016442762796183
13.95	0.7996528254292887
13.96	2.04513848734167
13.97	2.3054478274616095
13.98	-1.7045400276212728
13.99	2.0220691532065005
14.0	4.456771662363138
14.01	0.6856770987207821
14.02	1.0787370599669912
14.03	2.9269771856436444
14.04	-1.5175014805263942
14.05	-0.11743851760477209
14.06	2.35511384678834
14.07	2.547521809875447
14.08	2.0797662232225567
14.09	1.2160752464078444
14.1	1.7284244904058181
14.11	3.314908418002538
14.12	2.680068430618914
14.13	2.856394255852031
14.14	5.083390371843826
14.15	1.288090433706972
14.16	1.4974398848352377
14.17	1.9449135058458404
14.18	2.232746678556617
14.19	2.23057200508418
14.2	1.191204112154891
14.21	2.935383614604315
14.22	1.0180097270404884
14.23	3.1061954647296783
14.24	1.3590737250883853
14.25	1.6298034217554511
14.26	1.4867250491693258
14.27	0.1938815548123114
14.28	0.5203039023740276
14.29	2.222675186907732
14.3	0.8682178816068244
14.31	2.1900972941833827
14.32	2.010509887179156
14.33	1.5265337168323971
14.34	-1.4668625039855125
14.35	0.228979498294255
14.36	1.9435837654368635
14.37	2.8497067462611456
14.38	-0.053022201505456
14.39	1.238814891818306
14.4	1.4156211702047388
14.41	1.9946381178568537
14.42	1.9453799556466782
14.43	1.6569190479529592
14.44	3.660456646160343
14.45	-0.7558117729222757
14.46	3.0689765020483994
14.47	1.2892290381689508
14.48	2.4631304460170904
14.49	-1.4578832344389665
14.5	1.0359236531198626
14.51	0.25407609490196514
14.52	1.8456491166603421
14.53	0.5138490208524742
14.54	0.47910967515246083
14.55	-0.16569143839837253
14.56	1.4401490010877005
14.57	0.8832915698190247
14.58	-0.5707882640237016
14.59	4.742525405023672
14.6	2.611128711948659
14.61	1.0487847512051132
14.62	2.7174056846954215
14.63	2.096933005308647
14.64	1.819002985776053
14.65	3.440385417937045
14.66	2.398548188024116
14.67	2.3435718461392137
14.68	3.622148478352885
14.69	3.441327691092086
14.7	4.233575321480409
14.71	4.591351065055781
14.72	1.2915745746433298
14.73	0.29851436835433454
14.74	1.0483764564652456
14.75	1.473297594636838
14.76	2.3288588015983813
14.77	2.9378183745224336
14.78	1.9804389542003062
14.79	1.956802452472747
14.8	1.3141120474630879
14.81	3.0899412214056046
14.82	1.924886904504151
14.83	3.634744545954885
14.84	3.657727041627364
14.85	0.03869550568418534
14.86	5.994470830396085
14.87	0.9891315606674118
14.88	3.025638877396423
14.89	1.9780559494076257
14.9	2.53399246114819
14.91	4.999114164908672
14.92	1.0273954006030885
14.93	1.2956476336207152
14.94	4.942867381577204
14.95	2.200428371710777
14.96	3.470616336699003
14.97	0.6779624272254894
14.98	3.2777406677037817
14.99	4.879364155910621
15.0	1.2997551436670405
15.01	0.7893172021524777
15.02	4.972227337724566
15.03	3.5253700891129025
15.04	-1.1945426724373636
15.05	-0.7689891422654858
15.06	2.4356883627024817
15.07	-2.4211874868623973
15.08	1.892755224508429
15.09	2.1314174045576726
15.1	1.2647087013704867
15.11	-0.054366020768407575
15.12	1.646441913901644
15.13	0.39794039746402
15.14	3.830117996841861
15.15	2.8342764436141903
15.16	4.723098916512676
15.17	-1.450180234407912
15.18	-0.21147352989189439
15.19	2.799092993943881
15.2	2.859288447436051
15.21	0.6065553200707671
15.22	-0.18589394180959462
15.23	1.7652083822959035
15.24	1.3818816992076528
15.25	1.626705816908409
15.26	-1.796024075687803
15.27	4.108274207247312
15.28	0.48292263213325415
15.29	2.5549690707673722
15.3	0.5850654213845294
15.31	2.0885573565000968
15.32	2.03969253817966
15.33	0.7554554085787117
15.34	-0.37300075341715444
15.35	0.4082522621918232
15.36	2.961700852826377
15.37	2.193727284005034
15.38	1.6964188387845076
15.39	0.7513621287399914
15.4	0.8464487187947831
15.41	2.0392898744570633
15.42	3.336055532374595
15.43	2.2998473714686103
15.44	2.336614704171581
15.45	0.7264775751753371
15.46	4.488154232150636
15.47	1.1057691531318996
15.48	-1.6544017907005755
15.49	1.724323290118566
15.5	1.8329051956285092
15.51	1.3072410349655659
15.52	-0.06884803482347146
15.53	0.48926337059145875
15.54	2.731017700660274
15.55	2.1248197046585733
15.56	0.7342226923922585
15.57	1.5349273307306748
15.58	2.761839046660885
15.59	1.7990475065399383
15.6	1.3753766428400636
15.61	-0.45397120616317876
15.62	-2.4702045974719473
15.63	0.09920340634130542
15.64	3.339155239400152
15.65	1.1838866928724858
15.66	-0.9781813997845654
15.67	2.145135565076428
15.68	1.7490277283818059
15.69	1.1327623415401613
15.7	-0.06984370190358846
15.71	0.5793386252901371
15.72	3.6043063823915347
15.73	1.233986468255492
15.74	-0.31636915448188474
15.75	0.468386309459765
15.76	0.5677191757888681
15.77	3.812198676623697
15.78	3.47697486230091
15.79	-0.07139688468335748
15.8	-0.2707182831150585
15.81	0.7661650546889458
15.82	2.849180114552
15.83	3.7522338358918024
15.84	0.6007050399344067
15.85	5.727406666317795
15.86	1.4391104631092972
15.87	2.646499785773595
15.88	0.02340999284580536
15.89	1.278364134956484
15.9	1.8849115030456358
15.91	4.738738736883869
15.92	-0.9558997954340034
15.93	3.153497736047462
15.94	3.369636842816878
15.95	0.5802175572144719
15.96	2.1693741892215064
15.97	2.6261712631731577
15.98	1.799143156921485
15.99	1.6662411733393254
16.0	2.5468250949102305
16.01	-0.3011702176068285
16.02	0.7285044873456484
16.03	2.8676457060083687
16.04	0.7717306496016435
16.05	2.2756352274621605
16.06	0.5730022978958698
16.07	4.145878139809603
16.08	3.3004533525031867
16.09	2.7375432005694194
16.1	0.7563660108331874
16.11	3.089856405676561
16.12	3.843013603503204
16.13	3.919500758160294
16.14	-0.7786015927981753
16.15	2.1338834980516714
16.16	0.2736891300376243
16.17	1.3556582031093434
16.18	4.401289476593399
16.19	1.8531743105500704
16.2	3.5023357822467127
16.21	2.601544916177346
16.22	-0.2849231524880247
16.23	2.610205889090902
16.24	2.1462419277544558
16.25	-1.7268707058966533
16.26	1.4045142280452692
16.27	2.3451045322821518
16.28	-1.344862296146797
16.29	-0.5239570396408924
16.3	2.7443159309771232
16.31	4.366146971599332
16.32	0.2160565292945107
16.33	2.921455101940108
16.34	1.7583277156330301
16.35	2.10306988669362
16.36	2.1575337602621447
16.37	1.785697737128318
16.38	0.827350829573842
16.39	1.2123130653331264
16.4	1.762086228314066
16.41	3.070884855583695
16.42	0.5285381164675651
16.43	3.149494471626121
16.44	0.4135365587683959
16.45	-1.5365763543991104
16.46	0.7908593380500192
16.47	3.25331680513305
16.48	-0.4614956754277135
16.49	-0.5700358836768475
16.5	-0.0644499202445612
16.51	1.64130089465594
16.52	1.4438000161161664
16.53	1.2640388511738492
16.54	2.8778561792395285
16.55	-1.4822578403394269
16.56	-0.3366719299448906
16.57	1.4804013508065212
16.58	1.300068993700204
16.59	0.6550295164431523
16.6	-1.0639805989188773
16.61	1.385176396197961
16.62	-2.0407023823517223
16.63	2.1597930425641367
16.64	2.223024146364801
16.65	3.185723578757022
16.66	-0.4197733374474304
16.67	0.619075157854286
16.68	0.9876382885960084
16.69	0.5390231405663946
16.7	-0.11832012004691062
16.71	-2.798839184618573
16.72	3.7363268161987513
16.73	0.10039607873476508
16.74	4.347817922959102
16.75	2.001078570215695
16.76	0.5442004771930358
16.77	3.8393687916794805
16.78	0.9834039130306783
16.79	-0.9938747464054203
16.8	2.143273456762738
16.81	-2.0211764119743743
16.82	0.8059170277603642
16.83	3.5789210829189013
16.84	0.4913166036895016
16.85	1.8362416687503256
16.86	1.1733493179016377
16.87	2.5283307815064258
16.88	2.443048887754075
16.89	4.33816687633264
16.9	0.3926407188644394
16.91	5.3713662091375936
16.92	4.378052988723851
16.93	3.3213808234593922
16.94	2.0180046832509486
16.95	-1.240288502257444
16.96	3.255337856109743
16.97	2.8519293997171715
16.98	3.8856897203738265
16.99	0.7695745638785881
17.0	-0.0394303579048767
17.01	1.5293322079408267
17.02	2.039164480575853
17.03	1.6018522482469433
17.04	1.4854906205663292
17.05	2.644943841366401
17.06	1.5378895171864402
17.07	1.0667048953502767
17.08	0.6362798169631096
17.09	0.5861524949814534
17.1	2.7779559263933153
17.11	0.017157605006832277
17.12	1.3215061124110068
17.13	1.8552028660142328
17.14	4.109158925413967
17.15	-0.5131874975589061
17.16	-0.013561437435813284
17.17	0.8762730845097961
17.18	1.1655790132069603
17.19	2.528341211641445
17.2	0.2625751942692496
17.21	1.0124871220558445
17.22	1.5429326145048137
17.23	5.11966348532496
17.24	2.711325792643768
17.25	1.9080567280285452
17.26	3.220257287319244
17.27	2.0373022920191843
17.28	1.4027478223756782
17.29	1.6293239571205085
17.3	0.6950180970231634
17.31	2.981163128311552
17.32	3.364896392276511
17.33	1.1346811009010345
17.34	0.64983867144966
17.35	4.067315032659474
17.36	2.556176412525549
17.37	-2.188815442468961
17.38	2.17897380503348
17.39	2.628056946375167
17.4	4.873628979674318
17.41	1.9534140602866572
17.42	3.96987894459188
17.43	1.5842410191786347
17.44	2.150972804606332
17.45	3.3388400391287387
17.46	2.3875624874098005
17.47	0.44583365781364837
17.48	3.0962563100034326
17.49	4.8849911206996355
17.5	4.1254511338066
17.51	3.404883295111855
17.52	2.4936705498425105
17.53	5.458196563284494
17.54	4.306542203684873
17.55	5.4410707641362155
17.56	2.083664231179906
17.57	2.526448863511478
17.58	1.6074179394279964
17.59	5.950569613868328
17.6	4.319948720233182
17.61	3.2540361930207156
17.62	3.4511146646476014
17.63	0.7227335725060775
17.64	2.3910889725871822
17.65	5.449419499664143
17.66	2.2676145236958187
17.67	4.766287635512053
17.68	4.7999206285252045
17.69	3.3486090895151057
17.7	5.0481826046331015
17.71	5.265284003260445
17.72	4.6354275864790395
17.73	6.701404277723018
17.74	3.0335076380041235
17.75	4.505094244729261
17.76	3.2038400231007964
17.77	3.1648682867867555
17.78	1.4050832774177935
17.79	5.388798969099408
17.8	1.4583299933309397
17.81	1.5695407418907905
17.82	5.824716364998622
17.83	3.9613652654034617
17.84	1.8361820913765954
17.85	5.17634660619585
17.86	7.961988183885262
17.87	3.7180473474357023
17.88	3.9225444626968935
17.89	3.4585760721496626
17.9	2.724014293648234
17.91	3.8211582964960007
17.92	4.6204515026168185
17.93	6.74000192898716
17.94	2.985953124786706
17.95	5.662906398692811
17.96	4.373831050826439
17.97	0.9785463713973095
17.98	4.851535733659489
17.99	6.956292808408696
18.0	4.473955431477241
18.01	6.672818656283022
18.02	6.087021686260086
18.03	4.948565231086958
18.04	6.3297596429485665
18.05	4.536161486830956
18.06	6.894260642315802
18.07	5.580448079486566
18.08	5.081545022937849
18.09	4.824870833138494
18.1	6.552459989312595
18.11	1.2267681816761162
18.12	2.255021254512993
18.13	5.102806888877451
18.14	4.813178886165602
18.15	7.813122683989269
18.16	3.21375659641933
18.17	2.721590584053175
18.18	2.60255206666144
18.19	3.7839761430697587
18.2	5.790869889844254
18.21	2.348379029078917
18.22	4.555498282989029
18.23	3.663815289412056
18.24	3.8577159966887327
18.25	4.394461600982724
18.26	1.527103458319532
18.27	2.281123639502808
18.28	3.382192245702642
18.29	4.092710890386824
18.3	5.351867909804963
18.31	5.9847492380926175
18.32	4.064146106023881
18.33	2.8901426665763967
18.34	2.663776919560096
18.35	4.016350467594606
18.36	5.2355807937869105
18.37	2.9130698014311585
18.38	3.2079998457601064
18.39	0.9132629200519484
18.4	3.790790160130388
18.41	4.338745411377684
18.42	4.767594391980273
18.43	4.880658839530551
18.44	1.7751452538741452
18.45	1.8671305769292321
18.46	5.737182891970916
18.47	3.5889709163466295
18.48	1.1216775054808643
18.49	3.678705641325888
18.5	3.5323284424015826
18.51	1.4468028001569349
18.52	1.734737097694549
18.53	1.4739828073071637
18.54	2.712560354755248
18.55	0.6486617706768585
18.56	2.7268221113760958
18.57	3.3422090590720646
18.58	5.738439005265564
18.59	0.5962011822933357
18.6	0.9815067722871387
18.61	2.8230491834033957
18.62	4.204039343910304
18.63	2.415836467170771
18.64	5.567188611508962
18.65	3.3206296387634118
18.66	1.4285832015675652
18.67	4.551691143914648
18.68	3.580206555618634
18.69	3.7163103627356033
18.7	1.8446888823858134
18.71	3.146578123673149
18.72	4.179625049248414
18.73	2.8612217552204084
18.74	1.2183885616412615
18.75	3.789146948360769
18.76	1.1819733124890346
18.77	3.5021946125239296
18.78	3.3723861200150402
18.79	4.1135316507939415
18.8	2.3817392653466127
18.81	3.4402427513604033
18.82	3.455947363472584
18.83	0.816830654772321
18.84	3.963826737365988
18.85	3.671363862774288
18.86	3.3956393283854265
18.87	2.8997095451659822
18.88	3.72067070578178
18.89	1.5033444628331225
18.9	2.8511035917020093
18.91	1.2788375724918977
18.92	3.6873809501659207
18.93	0.9487774150648909
18.94	1.088166469126612
18.95	3.6354486411638236
18.96	0.7376925258204949
18.97	0.8265416915386019
18.98	0.3324709286490397
18.99	2.4557922863107238
19.0	0.698087887683857
19.01	4.036432478839072
19.02	4.662440444961789
19.03	1.0438003620663778
19.04	3.1822830312403143
19.05	3.9145956439487497
19.06	4.7526201094169345
19.07	3.250580871239192
19.08	4.4671776525388704
19.09	2.5228002185160867
19.1	4.205314680463582
19.11	0.7276215587228809
19.12	2.126742569048716
19.13	1.4598092468362638
19.14	1.7383434364736339
19.15	4.1442920415619495
19.16	2.594647766889077
19.17	0.839840670082975
19.18	2.169340421149814
19.19	2.3583453911507126
19.2	2.423608366096962
19.21	1.9621875711013683
19.22	5.3856905341714025
19.23	4.665820619754586
19.24	2.6586250211716163
19.25	3.202720806438388
19.26	0.34446057540512154
19.27	4.664010179455856
19.28	2.6644716711881347
19.29	4.032785974420216
19.3	2.957255258623357
19.31	5.663252534405709
19.32	0.18877404196846248
19.33	-1.4429316667423708
19.34	4.774901357744491
19.35	2.4042782305997474
19.36	2.567191109618061
19.37	1.6265882674325138
19.38	4.187736735455799
19.39	3.4108836225557915
19.4	3.147755251934088
19.41	1.9350864756795494
19.42	2.874904236908794
19.43	3.8016938402906537
19.44	3.446369075316001
19.45	2.875984015937558
19.46	4.656917290246739
19.47	2.0422137775667064
19.48	3.5237887982861302
19.49	4.3689570083230596
19.5	1.2273931618706047
19.51	1.2268836132384877
19.52	3.0639843550778316
19.53	3.1140276607489485
19.54	2.8975193145242604
19.55	4.352963220559633
19.56	5.004165587448378
19.57	4.141820656208988
19.58	4.152182347416447
19.59	4.1103886546856385
19.6	4.092959370945469
19.61	2.7345762598983994
19.62	4.124571662174057
19.63	5.4942314729957165
19.64	2.6514383117672953
19.65	3.2880652482662236
19.66	4.430938930990813
19.67	4.52618381753023
19.68	3.096530821343911
19.69	3.858814565542453
19.7	3.2935486012243502
19.71	3.467484040880564
19.72	1.967404549660909
19.73	1.9660587071686308
19.74	1.8815757186539201
19.75	3.2197393910271646
19.76	2.7320184041711415
19.77	4.288557085418861
19.78	1.983404260222393
19.79	4.868175613005006
19.8	0.14387392176909763
19.81	3.575830391251768
19.82	4.522020502418922
19.83	3.589975785843216
19.84	2.6466617365032605
19.85	5.599619655609549
19.86	4.516263750300955
19.87	2.143408167187027
19.88	5.495790347451157
19.89	0.996730174399274
19.9	2.934038282094691
19.91	3.4527348490360112
19.92	3.137049542591284
19.93	4.826552315186511
19.94	4.9579444807109425
19.95	6.328893093671199
19.96	1.4159560877007875
19.97	4.164131338474992
19.98	1.516664528142786
19.99	1.8365206482096705
20.0	3.156809352641378
